# freq_cm-1_unscaled gapiso785
135.7700 6.586381e+13
258.1400 1.010738e+14
340.2900 5.110995e+13
489.4300 5.481421e+12
639.7000 5.687061e+12
663.1900 2.484020e+14
678.6900 4.559532e+12
734.0700 4.069576e+13
819.0500 1.534758e+13
949.0600 2.183166e+13
974.0400 3.837292e+13
1002.4400 4.921659e+13
1063.1800 1.315397e+12
1087.2900 3.610259e+13
1125.3900 1.147687e+14
1240.7100 6.600038e+13
1284.7400 7.787437e+13
1336.4800 4.172515e+14
1415.6600 5.841045e+13
1451.8500 8.015632e+13
1476.1500 5.178730e+13
1492.2600 9.812134e+13
1520.8000 1.337923e+14
1597.5900 1.370646e+14
3025.8700 5.986367e+14
3077.4700 1.372942e+14
3100.2700 1.077421e+14
3239.2200 1.691195e+14
3259.7800 1.818127e+14
3652.7500 2.228711e+14
