# freq_cm-1_unscaled gapiso785
16.1900 5.149848e+16
23.1400 2.192778e+16
38.0500 3.090307e+15
48.0600 1.515455e+15
99.6800 1.645744e+14
124.8900 2.467778e+14
178.4900 9.810339e+13
196.3700 1.594617e+14
224.7300 4.259122e+13
233.1400 1.899697e+14
272.3800 2.302551e+14
317.1600 1.116448e+14
325.1300 1.860492e+14
379.8600 1.117800e+14
425.6000 1.863537e+14
458.5300 3.858679e+13
512.6100 7.199577e+13
519.4500 3.480246e+13
569.0800 9.637524e+13
587.7600 1.691343e+13
618.9200 1.783550e+14
655.4900 1.682096e+14
713.1600 4.237272e+13
734.7700 1.152368e+14
747.0700 1.802090e+14
761.8400 9.524510e+12
835.7300 1.513821e+14
896.4200 2.863421e+14
909.3500 1.606314e+14
933.9100 2.664228e+14
968.2000 1.381144e+14
1003.5700 1.251829e+14
1060.2800 1.207008e+14
1082.4700 2.075795e+14
1087.4800 2.765440e+14
1110.0700 4.937660e+13
1141.6700 1.977127e+13
1155.3500 7.003681e+13
1179.8000 8.651472e+13
1191.8600 6.375508e+13
1252.6000 5.234819e+13
1275.0600 6.138844e+13
1285.3300 1.976072e+14
1325.6700 7.358773e+13
1336.0100 1.895327e+14
1350.5400 6.542094e+13
1361.6300 1.287483e+14
1391.7600 2.404059e+13
1410.8700 7.583651e+13
1416.2800 4.163370e+13
1466.6300 2.156510e+14
1487.1200 5.913859e+12
1501.7700 1.033957e+14
1537.1600 7.893559e+13
1617.0400 2.696618e+14
1639.2300 3.739039e+14
1639.6600 3.201053e+13
1748.1600 2.476814e+14
2989.3200 8.034902e+14
3010.2400 2.039031e+15
3019.4800 4.596489e+13
3044.7200 2.390290e+14
3052.6300 3.757099e+14
3073.1500 8.173783e+14
3089.6700 1.093003e+13
3486.7900 5.148572e+14
3523.3900 2.807721e+14
3546.9400 5.274808e+14
3559.7100 1.455926e+14
3581.4100 4.462396e+14
3644.4800 1.136444e+14
3718.7900 3.735765e+14
