# freq_cm-1_unscaled gapiso785
36.6300 1.277693e+15
41.1100 4.060680e+15
203.0200 8.038791e+13
251.5000 7.158892e+13
305.5100 1.220929e+14
427.4200 3.142434e+14
553.7800 6.425345e+13
580.0100 4.309512e+13
616.7700 8.409271e+13
635.7700 1.143016e+14
734.8600 1.284166e+14
768.5200 3.010687e+13
838.6900 4.663937e+14
872.6100 6.258046e+13
915.5000 1.185770e+14
924.6400 3.990523e+14
939.6100 8.561981e+13
978.9500 1.821486e+14
1042.4200 1.440015e+14
1103.4600 1.174374e+14
1127.0700 5.423067e+13
1155.7900 1.830003e+13
1189.7900 1.446839e+13
1202.0200 1.120314e+14
1237.4700 5.672818e+13
1288.0300 1.398574e+14
1321.0900 1.996838e+13
1329.7700 3.052399e+13
1345.4400 3.323051e+13
1356.1500 3.909835e+13
1363.8500 5.307706e+13
1448.7800 2.644577e+13
1475.7700 1.135216e+14
1487.3000 5.935328e+13
1514.5200 1.081459e+14
1733.0100 2.926392e+14
2967.0400 1.017461e+15
3043.2100 9.309327e+14
3046.3500 5.221825e+14
3052.4200 2.276927e+14
3067.1800 8.451263e+14
3095.4200 5.761981e+14
3110.0000 4.014909e+14
3553.9500 3.298550e+14
3716.5500 2.968769e+14
