# freq_cm-1_unscaled gapiso785
67.7500 9.219875e+14
230.9500 6.683812e+13
286.5600 1.342540e+14
494.9500 2.246332e+14
571.5900 5.080416e+13
666.9600 7.666925e+13
862.5600 3.992563e+14
921.1700 8.734824e+12
990.1600 1.753533e+14
1092.9900 9.471816e+13
1098.5800 1.746649e+13
1303.2900 7.615700e+13
1328.3500 1.312965e+14
1368.5100 1.789139e+14
1446.6900 6.955082e+13
1464.4500 8.495478e+13
1615.4400 3.530814e+13
1640.4100 4.770206e+13
1643.2400 8.271915e+13
3106.9800 6.401991e+14
3163.0200 1.556187e+14
3204.1100 2.192431e+14
3478.5100 3.075183e+14
3529.1400 6.965661e+13
