# freq_cm-1_unscaled gapiso785
37.0700 1.016266e+15
41.4700 7.517123e+15
76.1100 5.029687e+14
114.7600 3.265150e+14
162.7900 1.988194e+13
186.9200 1.015358e+14
217.5500 1.158465e+14
225.3100 2.775728e+14
258.8600 2.701796e+14
314.8000 1.538411e+14
336.3100 5.613069e+13
466.5900 3.629833e+14
519.7000 9.985111e+13
628.7300 1.264336e+14
677.5500 1.168394e+15
725.2300 3.444316e+14
753.8500 3.551330e+14
803.1000 5.093487e+14
831.1800 2.130793e+14
884.5500 8.833382e+13
955.3000 1.493007e+14
976.0900 4.108418e+13
982.9200 8.472430e+13
1016.2800 7.467375e+13
1066.8300 6.667642e+13
1095.0200 4.791432e+13
1136.8400 8.394405e+13
1204.0000 6.511141e+12
1281.7200 1.897967e+13
1296.3000 9.188461e+13
1336.3100 1.299573e+14
1351.6500 8.226051e+13
1355.8900 3.620463e+14
1386.8300 5.689387e+13
1390.4200 6.204756e+13
1436.7700 6.423926e+13
1452.2100 1.349855e+14
1455.1200 2.433694e+14
1466.5300 9.233275e+13
1473.1700 3.053529e+13
1611.1300 3.177533e+13
1637.6800 3.731802e+13
1643.3400 9.851839e+13
3039.6900 9.204109e+14
3043.7800 1.687460e+15
3052.0400 1.256876e+14
3090.9900 4.639215e+14
3106.5500 4.509500e+14
3109.3600 2.644977e+14
3123.6000 2.974349e+14
3131.0000 2.865800e+14
3197.8600 2.373610e+14
3477.5500 3.617060e+14
3529.2900 7.466635e+13
