# freq_cm-1_unscaled int785
39.8100 9.744786e+14
186.3100 9.272569e+12
429.2600 3.840526e+13
518.1300 2.220787e+13
543.7200 7.508332e+13
663.5600 1.257125e+13
839.6600 2.754201e+14
980.6500 7.425149e+13
1055.7100 1.777420e+12
1115.5900 1.063744e+14
1335.0400 8.889056e+13
1399.0500 1.392808e+13
1472.3200 6.635693e+13
1489.1200 5.705555e+13
1620.6200 2.176554e+13
1760.3900 1.054503e+14
3042.9400 4.043989e+14
3113.8900 1.509495e+14
3118.8700 1.527094e+14
3591.4100 2.668360e+14
3725.4900 8.992993e+13
