# freq_cm-1_unscaled int785
473.8500 1.020514e+12
626.0800 1.286391e+11
634.6600 9.688280e+12
688.1200 1.472874e+14
725.1300 1.849332e+11
835.0100 5.398078e+13
879.5100 6.517257e+13
882.4200 6.211757e+12
898.5800 3.015236e+13
1033.5200 4.023102e+12
1063.1300 4.542272e+13
1089.1300 2.904268e+13
1158.9100 6.540124e+13
1169.3600 7.736069e+14
1300.8600 7.166986e+12
1411.3400 5.815602e+14
1445.5000 6.295836e+13
1488.7900 2.625144e+14
1569.8000 3.780716e+12
3228.1800 2.412892e+14
3237.9700 9.200570e+13
3257.2400 3.483320e+13
3260.7800 5.550030e+14
3669.4800 1.898913e+14
