# freq_cm-1_unscaled gapiso785
29.2600 3.108056e+15
57.1000 7.344137e+14
181.3200 4.864514e+13
256.2700 4.417708e+13
345.8300 1.229503e+14
488.9300 1.105946e+14
500.6100 3.917002e+13
577.4800 5.807680e+13
615.9400 1.270195e+13
665.5200 3.527523e+13
735.6300 1.394159e+14
777.1300 1.431620e+14
834.1400 2.746643e+13
870.2400 6.801417e+13
907.7600 2.264651e+14
924.9600 4.162041e+13
953.0300 1.669916e+13
989.5600 6.657753e+13
1069.0700 4.465768e+13
1105.7000 1.336785e+13
1129.2200 3.075011e+13
1146.2700 1.923896e+13
1204.1000 1.971774e+12
1215.0100 2.959473e+13
1240.0000 3.515471e+13
1256.5300 5.446805e+13
1311.9500 2.261541e+13
1317.9800 1.143888e+13
1335.0600 7.182858e+12
1351.3200 1.682864e+13
1363.5300 1.204665e+13
1448.2800 4.772048e+12
1494.3500 5.044430e+13
1513.6500 1.817309e+13
1529.0000 3.977058e+13
1802.7200 4.977740e+13
2932.1500 3.203734e+14
3018.7200 2.083816e+14
3055.7400 1.535164e+14
3073.1300 1.196311e+14
3077.9400 5.876354e+14
3093.1800 1.081921e+14
3120.2400 8.592635e+13
3552.0500 1.202140e+14
3750.7800 1.893713e+14
