#Wave		#Intensity
3199.989258	31.916132
3199.284180	49.647316
3198.579102	39.002560
3197.874023	56.722195
3197.168945	35.445866
3196.463867	49.616501
3195.757813	53.152267
3195.052734	56.686920
3194.346680	28.339043
3193.640625	49.585587
3192.934570	24.788921
3192.228516	42.488651
3191.522461	14.160667
3190.816406	38.935738
3190.109375	42.468689
3189.403320	42.462025
3188.696289	42.455357
3187.990234	56.598244
3187.283203	38.905170
3186.576172	49.507874
3185.869141	28.285753
3185.162109	45.957096
3184.455078	45.949841
3183.747070	53.010662
3183.040039	45.935307
3182.332031	45.928032
3181.624023	60.050217
3180.916016	38.849857
3180.208008	24.718712
3179.500000	38.837517
3178.791992	17.650608
3178.083984	45.884274
3177.375977	31.760975
3176.666992	45.869648
3175.958008	28.222969
3175.250000	45.854996
3174.541016	28.213947
3173.832031	35.261791
3173.123047	31.730528
3172.413086	52.875732
3171.704102	28.195868
3170.995117	49.334843
3170.285156	28.186808
3169.575195	42.273411
3168.865234	31.699953
3168.155273	52.824741
3167.445313	38.731895
3166.735352	52.807697
3166.025391	28.159555
3165.315430	42.232506
3164.604492	28.150448
3163.893555	45.737068
3163.183594	45.729656
3162.472656	45.722237
3161.761719	28.132195
3161.050781	31.643576
3160.338867	42.184574
3159.627930	38.662899
3158.916992	38.656605
3158.205078	17.568319
3157.493164	49.183270
3156.782227	56.200275
3156.070313	38.631378
3155.358398	31.602322
3154.645508	35.107944
3153.933594	31.591976
3153.221680	42.115730
3152.508789	38.599754
3151.795898	59.644371
3151.083984	35.079163
3150.371094	59.624767
3149.658203	56.108196
3148.945313	56.098957
3148.231445	38.561680
3147.518555	52.575436
3146.804688	35.044506
3146.091797	45.550331
3145.377930	52.549389
3144.664063	66.551552
3143.950195	28.017067
3143.236328	42.018639
3142.522461	31.508755
3141.808594	42.004704
3141.093750	41.997730
3140.379883	52.488438
3139.665039	38.485123
3138.950195	55.969044
3138.235352	31.477346
3137.520508	31.472101
3136.805664	45.452122
3136.089844	52.436005
3135.375000	52.427246
3134.659180	52.418488
3133.944336	59.397682
3133.228516	48.907555
3132.512695	38.420929
3131.796875	52.383396
3131.081055	55.866253
3130.364258	62.838985
3129.648438	55.847496
3128.932617	38.388702
3128.215820	62.807312
3127.499023	59.308033
3126.782227	52.321804
3126.065430	31.387793
3125.348633	31.382502
3124.631836	52.295341
3123.914063	45.314976
3123.197266	59.248035
3122.479492	17.422945
3121.761719	41.807995
3121.043945	66.184784
3120.326172	52.242294
3119.608398	31.340061
3118.890625	62.669491
3118.171875	34.810474
3117.454102	45.245930
3116.735352	55.677830
3116.016602	66.106178
3115.298828	41.744164
3114.579102	48.693230
3113.860352	45.207436
3113.141602	34.769020
3112.422852	38.239395
3111.703125	41.708584
3110.983398	45.176579
3110.264648	66.016014
3109.544922	62.530792
3108.825195	52.100071
3108.104492	69.454865
3107.384766	31.249332
3106.665039	59.016392
3105.944336	41.651482
3105.224609	58.996132
3104.503906	48.576702
3103.783203	58.975853
3103.062500	38.154282
3102.341797	45.083664
3101.620117	41.608521
3100.899414	45.068127
3100.177734	48.526539
3099.457031	65.846077
3098.735352	65.834709
3098.013672	62.358952
3097.291992	34.637875
3096.570313	51.947823
3095.847656	62.326599
3095.125977	65.777794
3094.403320	72.689178
3093.680664	51.911839
3092.958984	41.522266
3092.236328	62.272587
3091.513672	55.343800
3090.790039	79.542885
3090.067383	51.866776
3089.343750	82.972397
3088.621094	51.848724
3087.897461	58.751652
3087.173828	51.830658
3086.450195	62.185944
3085.726563	44.904236
3085.002930	62.164242
3084.278320	41.435589
3083.554688	65.594879
3082.830078	44.872860
3082.105469	58.669628
3081.381836	55.208809
3080.657227	72.448868
3079.931641	58.638805
3079.207031	55.179787
3078.482422	68.962631
3077.756836	51.712894
3077.031250	62.044575
3076.306641	79.265251
3075.581055	37.902802
3074.854492	62.011856
3074.128906	44.778458
3073.403320	65.433914
3072.676758	44.762684
3071.951172	65.410851
3071.224609	82.609657
3070.498047	58.504848
3069.771484	61.935375
3069.044922	61.924435
3068.318359	51.594574
3067.590820	75.658661
3066.864258	58.453167
3066.136719	61.880630
3065.409180	65.306877
3064.682617	61.858707
3063.954102	44.667812
3063.226563	82.449028
3062.499023	44.651962
3061.771484	61.814816
3061.042969	65.237381
3060.314453	61.792850
3059.585938	44.620235
3058.857422	51.475723
3058.128906	61.759876
3057.400391	61.748875
3056.671875	85.747047
3055.942383	61.726868
3055.212891	82.287811
3054.484375	68.560936
3053.754883	61.693829
3053.025391	75.390099
3052.295898	58.245575
3051.565430	54.809566
3050.835938	71.924683
3050.105469	92.458046
3049.375000	71.898941
3048.645508	65.039772
3047.915039	75.295708
3047.184570	78.704124
3046.453125	71.847397
3045.722656	61.572433
3044.991211	58.141304
3044.260742	78.647629
3043.529297	78.633499
3042.797852	82.037590
3042.066406	82.022835
3041.334961	78.591072
3040.602539	88.826088
3039.871094	78.562767
3039.138672	51.227352
3038.407227	68.290825
3037.674805	88.762054
3036.942383	58.026257
3036.209961	92.142715
3035.476563	71.653610
3034.744141	88.697960
3034.010742	78.449394
3033.278320	57.973850
3032.544922	81.830627
3031.811523	81.815811
3031.078125	68.167496
3030.344727	98.824966
3029.610352	68.142792
3028.876953	85.163048
3028.142578	71.523987
3027.408203	91.942719
3026.673828	88.521355
3025.939453	74.889084
3025.205078	78.278900
3024.470703	95.278732
3023.735352	91.859207
3023.000977	81.637772
3022.265625	91.825775
3021.530273	81.608047
3020.794922	91.792328
3020.059570	108.771080
3019.324219	54.375626
3018.587891	84.946411
3017.852539	108.711571
3017.116211	125.674805
3016.379883	78.107910
3015.643555	105.256638
3014.907227	84.868874
3014.170898	112.006424
3013.434570	95.018372
3012.697266	101.786766
3011.959961	101.768127
3011.223633	118.707741
3010.486328	108.512901
3009.749023	98.321793
3009.010742	98.303764
3008.273438	108.453224
3007.536133	118.598938
3006.797852	115.189247
3006.059570	115.168091
3005.321289	101.600235
3004.583008	121.897873
3003.844727	128.646317
3003.106445	108.313812
3002.367188	118.446434
3001.628906	121.808189
3000.889648	148.849258
3000.150391	108.234062
2999.411133	121.740875
2998.671875	125.099503
2997.932617	141.978638
2997.192383	114.913887
2996.453125	145.305435
2995.712891	138.521469
2994.972656	158.763565
2994.232422	145.224930
2993.492188	135.067993
2992.751953	145.171234
2992.010742	135.018036
2991.270508	151.867172
2990.529297	172.084259
2989.788086	151.810944
2989.046875	172.020523
2988.305664	148.382355
2987.564453	158.469940
2986.822266	178.667007
2986.081055	158.411163
2985.338867	134.792984
2984.596680	175.198349
2983.854492	165.060089
2983.112305	195.340942
2982.370117	202.039276
2981.627930	225.568573
2980.884766	208.696274
2980.141602	208.657440
2979.399414	208.618607
2978.656250	222.036514
2977.913086	228.722290
2977.168945	235.405533
2976.425781	258.897827
2975.681641	275.657959
2974.938477	255.440216
2974.194336	265.473846
2973.450195	305.741913
2972.706055	322.480682
2971.961914	292.193542
2971.216797	285.423096
2970.472656	352.515564
2969.727539	386.016296
2968.982422	375.876007
2968.237305	362.384033
2967.492188	436.121368
2966.747070	399.144043
2966.001953	432.604523
2965.255859	442.582184
2964.509766	452.556030
2963.764648	422.306427
2963.018555	438.982300
2962.272461	489.155670
2961.525391	492.413605
2960.779297	442.084320
2960.032227	485.531738
2959.286133	502.179871
2958.539063	508.779968
2957.791992	532.110596
2957.044922	538.702515
2956.297852	478.384888
2955.549805	545.189270
2954.802734	531.710327
2954.054688	538.297119
2953.306641	538.195740
2952.558594	568.174194
2951.810547	517.943542
2951.062500	537.891541
2950.314453	507.727325
2949.565430	541.028381
2948.816406	457.449982
2948.067383	520.793640
2947.319336	460.615082
2946.569336	517.259827
2945.820313	517.162109
2945.071289	513.728455
2944.321289	463.602325
2943.571289	486.857117
2942.822266	456.758972
2942.072266	490.006317
2941.321289	406.594940
2940.571289	476.492340
2939.821289	449.750244
2939.070313	486.304413
2938.320313	399.626495
2937.569336	416.198700
2936.818359	416.119781
2936.066406	389.414246
2935.315430	419.289612
2934.564453	379.285278
2933.812500	375.886841
2933.060547	362.512238
2932.309570	362.443390
2931.556641	369.023590
2930.804688	319.094879
2930.052734	302.417847
2929.299805	318.973541
2928.547852	315.590820
2927.794922	315.530792
2927.041992	268.980286
2926.289063	322.050873
2925.536133	252.280457
2924.783203	278.783173
2924.029297	235.593246
2923.275391	252.136246
2922.522461	268.672913
2921.768555	242.091141
2921.014648	242.044952
2920.259766	218.793396
2919.505859	205.493942
2918.750977	248.533920
2917.997070	215.354919
2917.242188	185.501099
2916.487305	202.025070
2915.732422	195.363953
2914.977539	218.500931
2914.221680	198.599213
2913.466797	182.014435
2912.710938	165.436005
2911.955078	175.328598
2911.199219	201.754639
2910.443359	185.181900
2909.687500	175.227859
2908.930664	165.277618
2908.174805	165.245926
2907.417969	191.648514
2906.661133	188.308105
2905.904297	178.362915
2905.147461	194.840607
2904.389648	158.483948
2903.632813	168.356873
2902.875000	145.221161
2902.117188	204.590500
2901.359375	155.062988
2900.601563	194.616119
2899.843750	178.088974
2899.085938	184.649338
2898.327148	174.723785
2897.568359	168.098083
2896.810547	154.884094
2896.051758	184.507217
2895.291992	174.589264
2894.533203	161.381622
2893.774414	174.521988
2893.014648	167.903870
2892.254883	171.163101
2891.496094	141.511414
2890.736328	138.193787
2889.975586	161.194977
2889.215820	144.718567
2888.455078	144.690628
2887.695313	157.813843
2886.934570	157.783356
2886.173828	174.185455
2885.413086	161.008255
2884.652344	170.832870
2883.890625	157.661377
2883.129883	157.630890
2882.368164	154.317047
2881.606445	167.417999
2880.844727	137.846954
2880.083008	147.664566
2879.321289	150.916763
2878.558594	147.607361
2877.796875	127.901588
2877.034180	140.992371
2876.271484	137.686768
2875.508789	134.382446
2874.746094	114.694473
2873.983398	117.948563
2873.219727	147.407089
2872.456055	137.553238
2871.693359	150.624298
2870.929688	180.059280
2870.165039	124.380424
2869.401367	127.628784
2868.637695	124.332077
2867.873047	143.935471
2867.109375	153.719345
2866.344727	156.959427
2865.580078	117.696663
2864.814453	134.017334
2864.049805	127.455078
2863.285156	137.232590
2862.519531	130.672241
2861.753906	114.315933
2860.988281	130.621323
2860.222656	163.244827
2859.457031	143.627426
2858.690430	159.917526
2857.924805	101.152580
2857.158203	123.969284
2856.391602	130.468521
2855.625000	133.704117
2854.858398	130.417572
2854.091797	140.171494
2853.324219	120.589119
2852.557617	146.633774
2851.790039	127.057770
2851.022461	166.119980
2850.254883	130.264694
2849.487305	130.239212
2848.718750	133.469070
2847.951172	130.188232
2847.182617	130.162750
2846.414063	130.137253
2845.645508	110.595001
2844.876953	139.842743
2844.108398	123.557739
2843.338867	149.540573
2842.570313	139.760529
2841.800781	146.232330
2841.031250	152.701584
2840.261719	136.429962
2839.491211	142.898575
2838.721680	142.870514
2837.951172	152.581711
2837.181641	146.060181
2836.411133	165.502350
2835.640625	146.002792
2834.870117	175.168915
2834.098633	142.702164
2833.328125	129.703720
2832.556641	142.646027
2831.785156	119.928741
2831.013672	145.830566
2830.242188	139.321777
2829.470703	113.379120
2828.699219	136.028152
2827.926758	148.953857
2827.154297	110.074631
2826.381836	142.421448
2825.609375	119.739876
2824.836914	139.129715
2824.064453	106.752907
2823.291016	155.246323
2822.518555	129.346405
2821.745117	129.320862
2820.971680	122.830566
2820.198242	126.038048
2819.423828	132.475372
2818.650391	142.140594
2817.875977	167.951141
2817.102539	132.396835
2816.328125	132.370651
2815.553711	154.939865
2814.778320	132.318283
2814.003906	154.878555
2813.228516	158.073898
2812.454102	135.465088
2811.678711	148.337143
2810.903320	132.187347
2810.127930	164.395584
2809.351563	128.912155
2808.576172	144.997437
2807.799805	125.639526
2807.023438	135.277267
2806.247070	144.911179
2805.470703	148.102036
2804.694336	131.977783
2803.916992	144.824905
2803.140625	141.578445
2802.363281	144.767380
2801.585938	135.089386
2800.808594	141.494080
2800.031250	138.250824
2799.252930	151.081314
2798.475586	125.340416
2797.697266	125.315483
2796.918945	144.566010
2796.140625	144.537247
2795.362305	128.451965
2794.583984	186.218262
2793.804688	128.400803
2793.026367	166.887802
2792.247070	150.810837
2791.467773	153.988876
2790.688477	121.883553
2789.908203	163.547928
2789.128906	137.865845
2788.348633	137.838333
2787.569336	137.810822
2786.789063	160.213165
2786.007813	144.163055
2785.227539	150.540222
2784.447266	121.689056
2783.666016	144.076660
2782.884766	137.645737
2782.104492	166.422028
2781.323242	166.388748
2780.541016	143.961456
2779.759766	156.726669
2778.977539	137.508118
2778.196289	127.888916
2777.414063	143.846222
2776.631836	153.405243
2775.849609	153.374512
2775.066406	153.343765
2774.284180	162.895096
2773.500977	137.315384
2772.717773	137.287842
2771.934570	162.797104
2771.151367	146.807144
2770.368164	159.540955
2769.583984	143.558029
2768.800781	146.718735
2768.016602	149.878174
2767.232422	140.283279
2766.448242	162.568405
2765.664063	156.161774
2764.878906	184.807388
2764.094727	162.470352
2763.309570	146.512405
2762.524414	156.036163
2761.739258	136.902130
2760.954102	162.339600
2760.167969	140.029495
2759.382813	143.183136
2758.596680	171.785141
2757.810547	149.486557
2757.024414	178.075729
2756.238281	171.681259
2755.452148	158.932068
2754.665039	158.899994
2753.877930	155.690567
2753.090820	158.835861
2752.303711	146.099487
2751.516602	171.473450
2750.729492	187.312775
2749.941406	171.404160
2749.154297	174.543030
2748.366211	196.717804
2747.578125	180.816895
2746.790039	145.892883
2746.000977	171.230911
2745.212891	142.663544
2744.423828	158.482956
2743.634766	167.957901
2742.845703	148.913635
2742.056641	174.225327
2741.267578	148.853287
2740.477539	155.156006
2739.688477	145.627121
2738.898438	158.258240
2738.108398	148.732559
2737.318359	148.702362
2736.528320	158.161896
2735.737305	180.267944
2734.946289	139.125931
2734.156250	170.710770
2733.365234	161.194077
2732.574219	154.841248
2731.782227	148.490997
2730.991211	161.095749
2730.199219	154.746780
2729.407227	157.872742
2728.616211	154.683792
2727.823242	164.120804
2727.031250	164.087372
2726.239258	176.673477
2725.446289	170.328979
2724.653320	186.062241
2723.860352	148.188858
2723.067383	138.701691
2722.274414	160.735062
2721.481445	157.551239
2720.687500	176.421356
2719.893555	195.283768
2719.099609	176.349304
2718.305664	154.274109
2717.511719	157.390381
2716.717773	154.211044
2715.922852	157.326035
2715.127930	151.002090
2714.333008	147.825958
2713.538086	176.097000
2712.743164	179.204895
2711.947266	166.594986
2711.152344	175.988831
2710.356445	147.674652
2709.560547	141.361633
2708.764648	169.599182
2707.968750	153.863983
2707.171875	160.111298
2706.375977	172.633606
2705.579102	160.045578
2704.782227	169.425232
2703.985352	178.801010
2703.188477	153.674545
2702.390625	163.049667
2701.593750	172.420929
2700.795898	159.848343
2699.998047	175.483643
2699.200195	181.713516
2698.402344	187.940811
2697.603516	169.111908
2696.804688	190.994476
2696.006836	169.042236
2695.208008	159.618103
2694.409180	156.456070
2693.609375	159.552292
2692.810547	159.519379
2692.010742	193.885513
2691.210938	171.959702
2690.411133	178.175995
2689.611328	171.888702
2688.811523	209.348434
2688.011719	184.313507
2687.210938	203.015274
2686.410156	140.519974
2685.609375	181.077164
2684.808594	174.796951
2684.007813	187.243683
2683.206055	159.124176
2682.404297	177.807831
2681.603516	180.889786
2680.801758	202.679306
2679.999023	180.814819
2679.197266	152.725662
2678.395508	158.926392
2677.592773	177.586761
2676.790039	152.630615
2675.987305	177.513031
2675.184570	168.135300
2674.380859	186.778198
2673.578125	164.953110
2672.774414	192.923904
2671.970703	152.440399
2671.166992	143.077545
2670.363281	211.461929
2669.559570	152.345245
2668.754883	177.181046
2667.950195	208.222046
2667.146484	161.571503
2666.340820	201.922272
2665.536133	220.515259
2664.731445	170.786057
2663.925781	167.645859
2663.120117	186.234299
2662.314453	167.575867
2661.508789	167.540878
2660.703125	192.321548
2659.897461	198.483978
2659.090820	192.241150
2658.284180	235.601151
2657.477539	207.657562
2656.670898	189.021790
2655.864258	161.099594
2655.090820	173.836304
2655.056641	207.527161
2654.285156	186.253189
2654.250000	167.225662
2653.479492	183.119446
2653.442383	232.209183
2652.673828	201.709213
2652.634766	154.773666
2651.868164	220.292953
2651.827148	207.353210
2651.062500	167.519669
2651.018555	191.838837
2650.256836	189.204559
2650.210938	188.705048
2649.450195	189.173920
2649.402344	213.408447
2648.644531	179.841125
2648.593750	176.256912
2647.837891	182.912155
2647.785156	185.494614
2647.031250	189.081863
2646.976563	222.546753
2646.224609	223.142319
2646.166992	210.138855
2645.417969	192.119064
2645.358398	225.542801
2644.610352	223.069687
2644.548828	213.139435
2643.803711	173.470367
2643.739258	200.741272
2642.997070	216.802582
2642.929688	188.348297
2642.189453	182.703766
2642.120117	225.352951
2641.381836	204.347076
2641.309570	200.614471
2640.574219	201.217987
2640.500000	191.315002
2639.766602	210.470505
2639.689453	203.614975
2638.958984	191.868134
2638.878906	206.656448
2638.150391	182.554245
2638.068359	231.283035
2637.342773	216.554230
2637.256836	215.818604
2636.534180	204.146149
2636.446289	225.020462
2635.725586	191.742111
2635.634766	181.827438
2634.916992	191.710556
2634.823242	206.438370
2634.108398	219.503342
2634.011719	166.348007
2633.299805	191.647369
2633.200195	212.510834
2632.491211	210.159195
2632.388672	234.020386
2631.681641	191.584091
2631.576172	187.792404
2630.873047	219.358414
2630.763672	190.830566
2630.063477	203.876892
2629.952148	190.790161
2629.253906	219.285797
2629.138672	236.898880
2628.444336	225.425491
2628.326172	184.557404
2627.634766	250.088150
2627.513672	206.045410
2626.825195	219.176682
2626.700195	199.852417
2626.014648	209.880814
2625.886719	209.032013
2625.205078	219.103821
2625.073242	205.914307
2624.394531	166.614594
2624.259766	215.088669
2623.583984	212.860962
2623.446289	190.466644
2622.773438	222.078766
2622.631836	202.711731
2621.962891	240.545181
2621.818359	242.588226
2621.152344	209.671036
2621.003906	181.134964
2620.341797	212.718872
2620.189453	217.929611
2619.530273	218.848022
2619.375000	190.264236
2618.718750	218.811371
2618.559570	190.223724
2617.908203	191.042709
2617.745117	208.588043
2617.096680	215.657211
2616.929688	226.944519
2616.284180	212.540710
2616.114258	174.771362
2615.472656	221.744370
2615.298828	248.306335
2614.661133	190.914444
2614.483398	214.539963
2613.848633	221.669785
2613.666992	223.686783
2613.037109	243.180069
2612.851563	202.194199
2612.224609	203.128860
2612.035156	241.968643
2611.412109	240.020905
2611.218750	214.356796
2610.599609	255.363754
2610.402344	205.126236
2609.787109	212.254486
2609.584961	174.473068
2608.973633	187.613556
2608.768555	189.737137
2608.161133	199.882263
2607.951172	220.292755
2607.347656	230.594330
2607.133789	208.009735
2606.535156	230.555267
2606.316406	204.906876
2605.721680	209.001328
2605.499023	220.151260
2604.908203	181.308609
2604.680664	213.990082
2604.093750	202.785355
2603.863281	198.662476
2603.280273	224.254776
2603.044922	174.174347
2602.466797	221.145172
2602.226563	235.237671
2601.652344	236.462219
2601.408203	189.371490
2600.837891	199.576965
2600.589844	241.244110
2600.023438	187.263367
2599.770508	207.608551
2599.208984	208.716995
2598.951172	201.459106
2598.394531	211.750214
2598.132813	210.571060
2597.580078	190.235794
2597.313477	213.576874
2596.764648	199.406647
2596.493164	176.925613
2595.950195	199.372528
2595.673828	213.484940
2595.134766	230.005829
2594.853516	189.045944
2594.319336	199.304230
2594.034180	213.392990
2593.503906	232.992661
2593.213867	204.203552
2592.688477	190.040344
2592.392578	198.065201
2591.872070	217.589462
2591.572266	210.208481
2591.056641	214.487961
2590.751953	228.438171
2590.240234	235.896164
2589.930664	213.162918
2589.423828	214.414154
2589.109375	222.250458
2588.608398	232.752411
2588.288086	234.377914
2587.791992	211.278259
2587.466797	225.197617
2586.974609	214.303299
2586.644531	188.638275
2586.158203	226.510086
2585.823242	228.142105
2585.340820	201.987610
2585.000977	188.556641
2584.524414	198.892807
2584.178711	206.759277
2583.707031	214.155197
2583.356445	227.993927
2582.889648	238.588776
2582.534180	218.826736
2582.072266	189.614624
2581.710938	218.779282
2581.254883	217.101700
2580.888672	230.883606
2580.437500	217.064026
2580.065430	233.870773
2579.619141	207.856216
2579.242188	212.563644
2578.800781	232.269547
2578.417969	242.877106
2577.983398	223.062225
2577.594727	212.471298
2577.165039	235.243881
2576.770508	218.494400
2576.346680	229.093765
2575.947266	209.344925
2575.527344	219.891708
2575.123047	218.399353
2574.708984	225.960419
2574.298828	203.188492
2573.889648	201.497101
2573.473633	254.688293
2573.071289	213.671753
2572.649414	209.162674
2572.251953	210.582504
2571.824219	224.270493
2571.432617	204.442932
2570.999023	221.191559
2570.613281	250.169968
2570.173828	248.407547
2569.793945	219.622986
2569.348633	251.382034
2568.973633	216.534744
2568.522461	236.186951
2568.154297	237.841553
2567.697266	187.697342
2567.333984	189.020386
2566.871094	230.030319
2566.513672	237.758102
2566.044922	223.927917
2565.693359	249.906937
2565.218750	242.031281
2564.873047	216.344818
2564.392578	205.681564
2564.052734	268.098541
2563.565430	220.756866
2563.231445	243.683060
2562.738281	217.685104
2562.411133	237.549164
2561.911133	187.409988
2561.589844	222.282486
2561.083984	211.545517
2560.768555	237.465439
2560.256836	223.584778
2559.947266	225.247986
2559.428711	223.535721
2559.125977	225.208237
2558.601563	232.546906
2558.304688	249.510986
2557.773438	202.301559
2557.482422	228.170944
2556.945313	274.707428
2556.660156	234.214066
2556.117188	232.393631
2555.838867	246.337433
2555.288086	220.272766
2555.016602	243.253159
2554.459961	244.358459
2554.194336	234.089676
2553.630859	223.191910
2553.371094	221.889832
2552.801758	211.080978
2552.548828	246.162842
2551.972656	214.049240
2551.726563	252.196167
2551.142578	220.030273
2550.903320	258.227295
2550.313477	241.075882
2550.080078	230.844559
2549.483398	225.958755
2549.256836	221.692841
2548.653320	222.896744
2548.433594	261.125916
2547.823242	201.767334
2547.610352	276.258453
2546.993164	228.819824
2546.786133	239.786041
2546.163086	216.728745
2545.962891	242.778015
2545.332031	246.775360
2545.138672	248.803085
2544.500977	237.694366
2544.314453	233.590469
2543.669922	234.633606
2543.490234	242.648056
2542.838867	231.574173
2542.666016	266.865143
2542.006836	234.529633
2541.841797	254.689377
2541.175781	234.477615
2541.016602	260.706757
2540.343750	225.409225
2540.192383	287.938477
2539.511719	255.407074
2539.367188	260.613403
2538.679688	231.317383
2538.541992	254.507004
2537.847656	264.303986
2537.716797	221.139038
2537.014648	240.222931
2536.891602	242.300659
2536.181641	258.182220
2536.065430	290.708588
2535.348633	240.116043
2535.240234	245.241318
2534.515625	246.064148
2534.414063	275.468506
2533.682617	237.009003
2533.587891	266.339203
2532.848633	257.952301
2532.761719	257.213165
2532.015625	245.899673
2531.935547	278.345306
2531.181641	254.839142
2531.109375	245.020737
2530.347656	227.805313
2530.282227	290.342590
2529.513672	254.725357
2529.456055	257.027802
2528.678711	239.687943
2528.628906	263.028046
2527.843750	272.584076
2527.801758	247.866730
2527.009766	245.570282
2526.974609	259.910828
2526.174805	248.509430
2526.147461	247.777145
2525.338867	239.473526
2525.319336	262.837952
2524.503906	245.405380
2524.492188	214.461121
2523.667969	254.326614
2523.664063	274.822937
2522.835938	238.539322
2522.833008	233.329742
2522.007813	259.628662
2521.997070	227.295914
2521.179688	238.452835
2521.160156	257.145538
2520.351563	247.463089
2520.324219	227.193863
2519.522461	280.608398
2519.488281	239.097702
2518.694336	253.406708
2518.651367	253.984192
2517.865234	256.376862
2517.814453	250.939682
2517.036133	283.471069
2516.977539	241.923096
2516.207031	277.389282
2516.139648	238.882584
2515.377930	247.193268
2515.302734	217.931244
2514.548828	283.316284
2514.464844	274.591156
2513.718750	244.089752
2513.626953	271.545227
2512.888672	268.148468
2512.789063	265.517273
2512.058594	271.111908
2511.951172	274.405334
2511.229492	262.027008
2511.112305	247.505402
2510.398438	292.091705
2510.274414	250.430771
2509.568359	246.877762
2509.435547	286.141876
2508.738281	288.974792
2508.596680	241.377579
2507.907227	264.845093
2507.757813	253.240128
2507.076172	267.805695
2506.917969	271.054474
2506.245117	279.790649
2506.078125	279.926910
2505.414063	279.739380
2505.239258	264.977081
2504.583008	237.584534
2504.399414	264.916962
2503.751953	246.561508
2503.558594	249.977219
2502.919922	243.509964
2502.718750	246.945206
2502.087891	282.539948
2501.877930	276.634766
2501.255859	282.488037
2501.037109	246.832947
2500.423828	282.436127
2500.196289	270.562500
2499.591797	270.367859
2499.355469	276.445984
2498.759766	276.325195
2498.514648	240.720703
2497.926758	276.274353
2497.672852	249.579407
2497.094727	285.230774
2496.831055	285.168579
2496.261719	276.172607
2495.989258	258.375061
2495.428711	273.120392
2495.147461	285.038452
2494.595703	276.070770
2494.305664	287.941803
2493.762695	276.019867
2493.462891	231.487930
2492.928711	266.969910
2492.620117	275.941742
2492.095703	287.914368
2491.777344	269.945740
2491.261719	293.858307
2490.934570	255.055145
2490.427734	296.801971
2490.091797	287.612579
2489.593750	293.749634
2489.248047	251.973892
2488.759766	281.707733
2488.404297	302.299347
2487.924805	296.637268
2487.560547	257.784393
2487.090820	290.590759
2486.716797	272.537018
2486.255859	272.565552
2485.873047	281.359467
2485.420898	287.488403
2485.028320	272.411804
2484.585938	281.446838
2484.184570	263.468201
2483.750977	287.381744
2483.339844	257.488312
2482.916016	275.356384
2482.494141	316.608124
2482.080078	305.229706
2481.649414	272.161102
2481.245117	293.205444
2480.803711	304.631866
2480.409180	278.194244
2479.958984	286.820160
2479.573242	293.096405
2479.113281	283.797729
2478.737305	305.002747
2478.267578	268.954498
2477.900391	295.976990
2477.420898	283.666656
2477.064453	272.008972
2476.575195	304.280334
2476.227539	301.843842
2475.728516	283.535492
2475.391602	292.823578
2474.881836	253.941757
2474.554688	316.668488
2474.035156	301.116974
2473.717773	274.793060
2473.187500	250.872681
2472.879883	277.728088
2472.340820	274.420593
2472.042969	265.733154
2471.493164	277.307007
2471.205078	292.550385
2470.645508	268.394440
2470.368164	259.664551
2469.797852	288.973053
2469.530273	283.488739
2468.949219	280.061829
2468.692383	268.518036
2468.101563	291.786041
2467.854492	316.195374
2467.252930	300.558075
2467.015625	265.435089
2466.404297	285.758301
2466.177734	316.076935
2465.555664	297.472809
2465.338867	268.316925
2464.707031	306.237244
2464.500000	268.266602
2463.857422	256.119476
2463.661133	318.879364
2463.007813	279.605408
2462.822266	271.145569
2462.158203	314.850433
2461.983398	250.241241
2461.308594	276.532928
2461.143555	291.893280
2460.458984	241.174454
2460.304688	288.860504
2459.608398	285.224976
2459.464844	291.783569
2458.757813	293.977539
2458.625000	276.844574
2457.907227	261.578705
2457.785156	291.673828
2457.056641	279.147766
2456.944336	264.837585
2456.205078	290.833130
2456.104492	306.439728
2455.354492	287.827850
2455.263672	294.483673
2454.502930	293.632904
2454.422852	279.558044
2453.651367	302.370819
2453.582031	288.425720
2452.799805	290.559937
2452.741211	300.262939
2451.947266	290.491577
2451.900391	294.261597
2451.095703	340.293823
2451.059570	261.516479
2450.243164	287.421875
2450.217773	255.524658
2449.390625	260.964447
2449.375977	276.270966
2448.537109	252.108414
2448.534180	267.308472
2447.692383	276.166534
2447.684570	272.564514
2446.850586	282.052246
2446.831055	269.570038
2446.008789	290.904083
2445.977539	278.294556
2445.166016	311.623932
2445.124023	263.585144
2444.323242	272.990204
2444.270508	286.946991
2443.480469	255.138153
2443.416016	263.460358
2442.637695	302.548370
2442.562500	260.471283
2441.794922	317.319000
2441.708008	245.779770
2440.952148	308.363678
2440.853516	228.169922
2440.108398	284.589386
2439.998047	295.380646
2439.264648	290.463165
2439.143555	289.462769
2438.421875	281.517975
2438.288086	242.623199
2437.577148	287.390045
2437.432617	271.790253
2436.733398	299.184296
2436.577148	257.116638
2435.889648	310.974060
2435.720703	280.424072
2435.044922	263.537384
2434.865234	259.914520
2434.201172	293.092529
2434.008789	280.290375
2433.356445	287.116821
2433.152344	283.142487
2432.511719	290.021545
2432.295898	250.973587
2431.666992	257.419037
2431.438477	291.760010
2430.821289	289.911011
2430.582031	285.856445
2429.976563	289.855743
2429.724609	247.877380
2429.130859	283.886169
2428.867188	262.395538
2428.285156	277.918823
2428.008789	268.162292
2427.439453	295.601868
2427.151367	268.097992
2426.593750	283.723602
2426.292969	253.466614
2425.747070	277.759644
2425.434570	267.969299
2424.901367	310.204132
2424.576172	270.816956
2424.054688	292.422272
2423.717773	262.017914
2423.208008	259.881195
2422.858398	256.133636
2422.361328	289.357788
2422.000000	267.711609
2421.514648	286.350342
2421.140625	241.464249
2420.667969	277.441010
2420.281250	229.772018
2419.820313	268.535065
2419.420898	238.440002
2418.973633	292.086578
2418.561523	273.267670
2418.125977	277.281555
2417.701172	281.920868
2417.278320	283.126862
2416.840820	252.795731
2416.430664	259.483185
2415.979492	246.924591
2415.582031	250.589081
2415.119141	258.481995
2414.734375	280.016388
2414.257813	272.937317
2413.885742	297.644470
2413.396484	252.550949
2413.037109	276.962433
2412.188477	273.963348
2411.339844	268.020142
2410.491211	288.581573
2409.641602	273.805328
2408.791992	285.526947
2407.942383	267.813934
2407.092773	261.877472
2406.243164	317.722687
2405.393555	279.424408
2404.542969	273.489075
2403.693359	267.555969
2402.842773	243.987488
2401.992188	299.782196
2401.141602	308.539734
2400.290039	279.101074
2399.439453	302.545868
2398.587891	290.740326
2397.736328	273.066895
2396.884766	278.885376
2396.033203	308.182098
2395.180664	281.711945
2394.329102	272.855621
2393.476563	266.936066
2392.624023	258.085968
2391.771484	258.035950
2390.918945	290.234192
2390.066406	293.109009
2389.212891	290.121613
2388.359375	278.345520
2387.505859	292.938416
2386.652344	228.447586
2385.798828	278.183411
2384.945313	307.406128
2384.090820	283.929504
2383.236328	280.947784
2382.381836	321.856720
2381.527344	286.689301
2380.672852	263.234833
2379.818359	260.259338
2378.962891	289.445587
2378.107422	271.850464
2377.251953	263.029816
2376.396484	265.900513
2375.541016	292.141418
2374.684570	318.372009
2373.829102	283.266602
2372.972656	300.729553
2372.116211	306.509094
2371.259766	297.693542
2370.403320	277.209412
2369.545898	326.751465
2368.688477	265.433655
2367.832031	279.963165
2366.974609	256.582703
2366.116211	317.750488
2365.258789	247.738571
2364.401367	303.056091
2363.542969	288.429565
2362.684570	282.547333
2361.826172	299.965698
2360.967773	288.260040
2360.108398	270.736633
2359.250000	282.325806
2358.390625	291.000427
2357.531250	288.033875
2356.671875	305.430511
2355.812500	308.278809
2354.953125	279.141052
2354.092773	287.807648
2353.232422	319.723419
2352.372070	296.412506
2351.511719	307.975922
2350.651367	270.152130
2349.790039	302.046143
2348.929688	342.638733
2348.068359	290.314636
2347.207031	298.965179
2346.345703	330.828278
2345.484375	322.058777
2344.622070	316.193573
2343.759766	330.632660
2342.897461	292.871124
2342.035156	316.006470
2341.172852	310.146973
2340.310547	292.697754
2339.447266	295.537354
2338.584961	304.169525
2337.721680	301.213135
2336.858398	333.006378
2335.994141	309.779449
2335.130859	318.401855
2334.266602	289.398956
2333.403320	295.128540
2332.539063	283.498718
2331.674805	323.934387
2330.809570	323.870239
2329.945313	274.656921
2329.080078	294.836365
2328.214844	320.787720
2327.349609	303.387665
2326.484375	294.660980
2325.619141	288.826019
2324.752930	326.308624
2323.887695	314.695374
2323.021484	346.384827
2322.155273	334.772156
2321.289063	328.934845
2320.421875	340.408752
2319.555664	354.762329
2318.688477	357.575439
2317.821289	348.855011
2316.954102	325.725403
2316.085938	331.424469
2315.218750	302.544708
2314.350586	339.934937
2313.483398	360.028839
2312.615234	308.123291
2311.746094	316.699127
2310.877930	282.093872
2310.008789	307.939056
2309.140625	307.877625
2308.271484	290.555481
2307.402344	345.145538
2306.533203	350.827911
2305.663086	287.506439
2304.793945	307.570465
2303.923828	316.130768
2303.053711	321.814270
2302.183594	347.604828
2301.312500	310.196838
2300.442383	341.722595
2299.571289	330.170044
2298.700195	318.622101
2297.829102	341.517487
2296.958008	327.102509
2296.086914	298.349548
2295.214844	318.366974
2294.343750	315.435608
2293.471680	318.239410
2292.599609	343.973633
2291.726563	369.697479
2290.854492	297.990906
2289.981445	332.307800
2289.108398	320.784515
2288.235352	312.129395
2287.362305	386.504639
2286.489258	340.628265
2285.615234	340.559845
2284.742188	360.520294
2283.868164	320.398071
2282.994141	323.193787
2282.119141	371.741089
2281.245117	325.922760
2280.370117	337.290771
2279.496094	320.075958
2278.621094	342.869476
2277.746094	325.660400
2276.870117	359.867950
2275.995117	374.073029
2275.119141	336.883392
2274.243164	359.650421
2273.367188	353.870331
2272.491211	328.119995
2271.614258	336.611725
2270.738281	336.543793
2269.861328	319.366943
2268.984375	373.469849
2268.107422	367.693726
2267.230469	322.023254
2266.352539	304.863068
2265.474609	358.925079
2264.597656	384.484833
2263.719727	310.373138
2262.840820	344.472961
2261.962891	381.405304
2261.083984	350.025055
2260.206055	358.489685
2259.327148	341.349609
2258.447266	358.344513
2257.568359	415.140503
2256.689453	326.927979
2255.809570	392.234039
2254.929688	352.370758
2254.049805	357.981537
2253.169922	383.473877
2252.289063	357.836334
2251.409180	366.281891
2250.528320	337.819366
2249.647461	349.103760
2248.766602	346.195190
2247.885742	340.450684
2247.003906	348.891052
2246.122070	374.343597
2245.240234	348.749268
2244.358398	371.356598
2243.476563	368.446869
2242.594727	331.534729
2241.711914	362.630859
2240.829102	356.892090
2239.946289	356.819427
2239.063477	396.385315
2238.180664	370.827850
2237.296875	373.582458
2236.413086	328.232819
2235.530273	325.336914
2234.645508	356.383423
2233.761719	364.794312
2232.877930	353.410767
2231.993164	342.031799
2231.108398	370.223328
2230.223633	364.496643
2229.338867	322.047516
2228.454102	375.645386
2227.568359	367.097168
2226.682617	352.905914
2225.796875	364.124451
2224.911133	400.737213
2224.025391	335.760406
2223.138672	355.438293
2222.252930	369.467377
2221.366211	355.292816
2220.479492	349.581665
2219.592773	346.691467
2218.705078	338.166290
2217.818359	343.731964
2216.930664	380.281219
2216.042969	385.835907
2215.155273	377.309570
2214.266602	385.677704
2213.378906	388.413177
2212.490234	385.519470
2211.601563	354.492584
2210.712891	402.238373
2209.824219	368.408447
2208.934570	385.202972
2208.044922	326.090271
2207.156250	337.265442
2206.266602	362.485840
2205.375977	379.267639
2204.486328	365.145599
2203.595703	365.070496
2202.706055	390.264282
2201.815430	384.569824
2200.923828	401.329651
2200.033203	353.546326
2199.141602	373.110931
2198.250977	361.815002
2197.359375	370.153015
2196.467773	389.702026
2195.575195	386.818634
2194.683594	369.924164
2193.791016	327.819672
2192.898438	392.181946
2192.005859	366.894531
2191.113281	372.419067
2190.220703	380.740875
2189.327148	361.069336
2188.433594	377.785187
2187.540039	380.504974
2186.646484	363.642822
2185.752930	338.397583
2184.858398	374.676849
2183.963867	352.235199
2183.069336	340.982574
2182.174805	304.585327
2181.280273	352.016571
2180.384766	360.323303
2179.490234	365.833923
2178.594727	365.758148
2177.699219	382.431183
2176.803711	393.515472
2175.907227	382.272644
2175.010742	384.983124
2174.115234	390.481567
2173.218750	418.286316
2172.321289	365.227570
2171.424805	393.025940
2170.527344	395.731171
2169.630859	367.786377
2168.733398	373.281342
2167.834961	381.559082
2166.937500	398.186920
2166.039063	378.616547
2165.141602	423.071655
2164.243164	436.897583
2163.344727	370.033691
2162.445313	414.462769
2161.546875	355.974426
2160.647461	383.705017
2159.748047	364.165863
2158.848633	364.089996
2157.949219	394.580200
2157.048828	358.381927
2156.149414	358.307220
2155.249023	388.779449
2154.348633	385.921936
2153.448242	369.186371
2152.546875	405.187683
2151.645508	349.609528
2150.745117	391.148010
2149.843750	379.972229
2148.941406	427.032806
2148.040039	410.309418
2147.137695	401.908295
2146.236328	399.053040
2145.333984	415.593323
2144.430664	387.805939
2143.528320	387.724792
2142.625977	398.719177
2141.722656	406.940582
2140.819336	384.713593
2139.916016	401.235840
2139.011719	379.019257
2138.108398	392.769745
2137.204102	392.687378
2136.299805	364.956787
2135.395508	378.701477
2134.491211	422.840637
2133.585938	389.594879
2132.681641	386.750580
2131.776367	389.431274
2130.871094	394.872162
2129.964844	411.353790
2129.059570	397.466400
2128.153320	386.344452
2127.247070	435.925598
2126.340820	375.148193
2125.434570	375.069244
2124.528320	416.349548
2123.621094	402.478394
2122.713867	399.637512
2121.806641	421.597656
2120.899414	449.058411
2119.991211	421.419983
2119.083984	429.592560
2118.175781	382.697266
2117.267578	407.390289
2116.359375	412.808441
2115.450195	409.969849
2114.541992	404.381500
2113.632813	398.795502
2112.723633	428.958313
2111.814453	390.379547
2110.904297	437.022766
2109.995117	428.686401
2109.084961	447.827606
2108.174805	425.758270
2107.264648	428.414429
2106.353516	384.393127
2105.443359	389.801910
2104.532227	384.230377
2103.621094	373.173309
2102.709961	438.934387
2101.797852	414.156525
2100.886719	444.232666
2099.974609	392.048157
2099.062500	419.375122
2098.150391	452.171326
2097.238281	364.400146
2096.325195	408.151062
2095.412109	416.280457
2094.499023	410.715820
2093.585938	435.266235
2092.672852	429.699829
2091.758789	432.344849
2090.845703	443.195984
2089.931641	426.690521
2089.017578	423.865112
2088.102539	434.711029
2087.188477	407.283966
2086.273438	407.197205
2085.358398	407.110443
2084.443359	467.121124
2083.527344	423.323639
2082.612305	453.269257
2081.696289	439.522797
2080.780273	425.782166
2079.864258	436.606415
2078.948242	436.513214
2078.031250	425.509491
2077.114258	460.870117
2076.197266	392.610138
2075.280273	485.206024
2074.363281	395.167572
2073.445313	455.026672
2072.528320	454.929321
2071.610352	441.214233
2070.692383	427.504974
2069.773438	490.028107
2068.855469	457.261597
2067.936523	446.278748
2067.017578	443.462463
2066.098633	446.087402
2065.178711	437.833344
2064.259766	462.209290
2063.339844	424.053955
2062.419922	423.962921
2061.500000	426.588989
2060.580078	429.213898
2059.659180	420.973785
2058.738281	431.744781
2057.817383	450.655487
2056.896484	439.701721
2055.975586	434.179840
2055.053711	472.068970
2054.131836	452.980133
2053.209961	450.170685
2052.288086	450.073700
2051.366211	431.001770
2050.443359	452.589813
2049.520508	466.039856
2048.597656	449.685638
2047.674805	446.880219
2046.751953	398.043701
2045.828125	490.002411
2044.904297	419.524658
2043.980469	451.906342
2043.056641	468.041290
2042.131836	465.235229
2041.208008	429.979065
2040.283203	448.811829
2039.358398	491.964325
2038.433594	435.104980
2037.507813	451.222321
2036.582031	461.929932
2035.657227	459.129059
2034.730469	488.731415
2033.804688	483.226257
2032.878906	499.315430
2031.952148	445.238739
2031.101563	472.551270
2031.025391	488.307343
2030.175781	472.551270
2030.098633	434.256409
2029.250000	448.172913
2029.171875	450.342010
2028.324219	402.207642
2028.244141	474.508820
2027.397461	426.429871
2027.316406	512.142456
2026.470703	426.357635
2026.388672	455.438171
2025.544922	453.265442
2025.460938	463.422028
2024.618164	480.164001
2024.533203	503.727112
2023.690430	442.323151
2023.604492	479.379181
2022.763672	455.731110
2022.676758	479.274780
2021.836914	436.780334
2021.748047	441.482819
2020.909180	450.184509
2020.818359	476.374542
2019.981445	455.498260
2019.889648	470.889099
2019.053711	463.504913
2018.959961	481.547241
2018.125977	425.705048
2018.031250	457.235596
2017.198242	417.550659
2017.101563	459.824860
2016.269531	474.040924
2016.170898	505.428070
2015.341797	430.872498
2015.241211	499.941986
2014.413086	508.880920
2014.310547	475.647308
2013.484375	446.876953
2013.379883	494.350159
2012.555664	471.024323
2012.449219	504.986481
2011.625977	452.105652
2011.518555	499.505005
2010.697266	503.150116
2010.587891	488.656036
2009.767578	478.851898
2009.656250	526.129761
2008.838867	524.494568
2008.724609	464.288391
2007.909180	481.376099
2007.792969	499.067780
2006.979492	470.537872
2006.861328	496.275879
2006.048828	475.833252
2005.928711	469.347260
2005.119141	446.184540
2004.996094	479.969940
2004.188477	524.041748
2004.064453	485.226288
2003.258789	462.151672
2003.130859	493.160461
2002.328125	472.817444
2002.198242	460.896637
2001.397461	443.189484
2001.264648	468.832581
2000.465820	488.766571
2000.332031	543.726318
1999.535156	480.626465
1999.398438	460.592987
1998.603516	502.019684
1998.464844	527.423706
1997.672852	464.354492
1997.530273	481.803986
1996.741211	534.048889
1996.595703	476.345795
1995.808594	469.559113
1995.662109	489.618530
1994.876953	528.497192
1994.727539	508.235199
1993.945313	482.806519
1993.791992	524.169250
1993.012695	485.403961
1992.857422	489.295105
1992.080078	504.088318
1991.921875	451.763123
1991.148438	504.000122
1990.986328	486.406860
1990.214844	469.066864
1990.050781	494.315491
1989.282227	493.103882
1989.115234	526.263062
1988.349609	498.376251
1988.178711	470.060181
1987.416016	549.189209
1987.243164	493.988220
1986.482422	474.094696
1986.306641	480.531006
1985.549805	498.113617
1985.370117	512.453125
1984.615234	495.348419
1984.432617	458.971130
1983.681641	503.292450
1983.496094	570.919189
1982.748047	500.527130
1982.558594	528.116760
1981.813477	548.609436
1981.621094	493.333221
1980.878906	508.377502
1980.683594	474.561462
1979.944336	559.116455
1979.745117	522.435059
1979.009766	540.294556
1978.807617	546.303345
1978.075195	505.433685
1977.869141	503.553406
1977.140625	486.627747
1976.930664	556.716003
1976.205078	518.621155
1975.991211	519.308777
1975.269531	483.782410
1975.052734	529.843628
1974.333984	534.471313
1974.113281	516.416321
1973.398438	547.735840
1973.173828	561.544556
1972.462891	499.553162
1972.234375	516.186890
1971.526367	456.729401
1971.294922	516.072144
1970.590820	536.761780
1970.354492	492.021210
1969.654297	533.996216
1969.415039	529.137512
1968.717773	501.866974
1968.474609	555.603638
1967.781250	515.122559
1967.533203	539.533142
1966.843750	491.013672
1966.592773	515.498108
1965.907227	552.291687
1965.651367	539.292786
1964.969727	506.843781
1964.709961	528.548462
1964.032227	525.422913
1963.768555	504.531708
1963.094727	471.996002
1962.827148	499.109497
1962.157227	477.243774
1961.885742	491.035339
1961.219727	493.152313
1960.943359	504.193970
1960.281250	554.363647
1960.000977	522.652771
1959.343750	519.622620
1959.058594	511.926117
1958.405273	559.493042
1958.115234	517.115417
1957.466797	498.125671
1957.172852	516.999756
1956.528320	545.975342
1956.229492	546.041626
1955.588867	476.643829
1955.286133	522.068542
1954.650391	569.739685
1954.342773	574.941650
1953.710938	535.032837
1953.398438	511.239105
1952.771484	561.550049
1952.455078	497.882935
1951.832031	510.891663
1951.510742	529.543945
1950.892578	561.347229
1950.566406	532.072327
1949.952148	558.585754
1949.622070	502.841034
1949.012695	553.165771
1948.676758	547.709106
1948.072266	550.406677
1947.731445	579.330200
1947.131836	582.208801
1946.786133	518.370789
1946.191406	518.311096
1945.840820	552.628296
1945.250000	581.997620
1944.895508	573.652527
1944.309570	504.837769
1943.949219	518.021179
1943.368164	518.028870
1943.002930	586.606201
1942.426758	525.902893
1942.056641	541.563904
1941.485352	528.462830
1941.110352	538.800781
1940.543945	533.676819
1940.164063	549.241638
1939.602539	565.435120
1939.216797	543.837830
1938.660156	533.482361
1938.269531	514.681824
1937.718750	581.150879
1937.322266	546.231262
1936.776367	551.859924
1936.374023	525.002319
1935.833984	570.327942
1935.426758	545.984619
1934.891602	543.701660
1934.478516	577.505371
1933.948242	591.333130
1933.530273	551.010681
1933.005859	479.873169
1932.582031	529.799500
1932.062500	567.259949
1931.632813	566.572754
1931.119141	524.751831
1930.684570	558.540588
1930.175781	585.600464
1929.735352	532.073853
1929.231445	537.805786
1928.786133	553.020752
1928.288086	577.439087
1927.835938	555.528198
1927.343750	550.849854
1926.886719	563.298950
1926.399414	593.113892
1925.936523	560.539490
1925.455078	600.946777
1924.986328	576.198547
1924.510742	539.958496
1924.036133	552.393677
1923.566406	561.030029
1923.084961	565.417419
1922.621094	537.113708
1922.134766	591.581421
1921.676758	558.177795
1921.183594	515.216003
1920.731445	597.748352
1920.232422	586.056274
1919.786133	552.682922
1919.280273	517.609009
1918.839844	571.088318
1918.329102	533.252258
1917.894531	563.052429
1917.376953	606.666077
1916.948242	570.877136
1916.424805	569.768555
1916.002930	568.129028
1915.472656	553.888245
1915.056641	575.949707
1914.519531	569.508728
1914.109375	562.635559
1913.567383	592.993530
1913.163086	620.633057
1912.614258	577.118530
1912.216797	583.550903
1911.661133	521.910645
1911.269531	572.882507
1910.707031	555.878235
1910.322266	578.055115
1909.753906	592.451721
1909.375000	604.337952
1908.799805	605.420532
1908.427734	559.370422
1907.845703	573.838745
1907.479492	612.027283
1906.891602	597.284363
1906.532227	564.437317
1905.936523	560.480530
1905.583984	588.065735
1904.982422	581.299805
1904.635742	569.500061
1904.027344	526.191345
1903.687500	569.393860
1903.072266	570.564148
1902.739258	564.016418
1902.116211	614.916504
1901.790039	542.830261
1901.161133	572.918213
1900.840820	592.786377
1900.205078	549.247437
1899.891602	597.943726
1899.249023	580.499512
1898.942383	613.633606
1898.292969	588.208801
1897.993164	563.489319
1897.335938	541.027588
1897.043945	568.649048
1896.379883	616.681763
1896.093750	615.921021
1895.422852	616.539734
1895.143555	610.542236
1894.465820	535.430176
1894.193359	555.173462
1893.507813	577.086731
1893.243164	555.069275
1892.550781	603.060181
1892.292969	578.636536
1891.592773	584.650635
1891.342773	610.083862
1890.634766	568.859009
1890.391602	638.890076
1889.675781	605.251404
1889.440430	596.710938
1888.717773	594.678528
1888.489258	580.829468
1887.758789	610.186890
1887.538086	617.507813
1886.799805	612.652771
1886.585938	609.509827
1885.840820	583.840210
1885.634766	604.141479
1884.881836	544.617615
1884.682617	575.139282
1883.921875	614.832458
1883.730469	606.539246
1882.961914	583.434509
1882.778320	622.175964
1882.001953	596.319275
1881.825195	553.815674
1881.041992	632.628601
1880.873047	595.698547
1880.081055	598.645264
1879.919922	527.368958
1879.120117	569.882019
1878.966797	603.342834
1878.159180	587.960754
1878.013672	569.133057
1877.198242	567.016113
1877.060547	603.114258
1876.237305	574.685364
1876.106445	629.217346
1875.275391	605.748962
1875.153320	602.885559
1874.313477	639.397217
1874.199219	610.633362
1873.351563	686.022522
1873.245117	584.315002
1872.388672	571.552124
1872.291016	599.922485
1871.426758	579.210938
1871.335938	612.904663
1870.463867	633.607544
1870.381836	586.600586
1869.500977	573.748230
1869.426758	555.069946
1868.538086	591.783020
1868.471680	565.435303
1867.574219	596.834534
1867.516602	549.624023
1866.610352	560.374451
1866.561523	622.788574
1865.646484	596.555359
1865.605469	604.355957
1864.682617	645.684875
1864.650391	625.166809
1863.718750	572.943481
1863.694336	619.816956
1862.753906	606.503906
1862.738281	604.010010
1861.789063	629.683289
1861.781250	614.351624
1860.825195	606.392944
1860.824219	575.131287
1859.868164	629.796326
1859.858398	647.518311
1858.911133	624.450317
1858.893555	598.166443
1857.955078	611.269409
1857.927734	590.259338
1856.997070	605.928833
1856.961914	592.708801
1856.040039	600.590210
1855.996094	657.260376
1855.082031	616.139587
1855.029297	638.996460
1854.125000	597.749573
1854.062500	646.605225
1853.166992	600.244629
1853.095703	633.523865
1852.208984	647.096008
1852.128906	604.937256
1851.250000	670.450500
1851.161133	568.610291
1850.291992	652.063904
1850.194336	656.331543
1849.333008	607.606689
1849.226563	635.509583
1848.374023	633.562317
1848.258789	606.949036
1847.415039	675.148376
1847.290039	624.880615
1846.456055	630.712097
1846.322266	650.548279
1845.496094	612.350403
1845.353516	645.232422
1844.537109	620.048096
1844.383789	709.587646
1843.577148	625.138000
1843.415039	629.448608
1842.617188	635.434326
1842.446289	686.039490
1841.657227	648.330383
1841.476563	667.827393
1840.696289	640.395447
1840.506836	621.267212
1839.736328	676.709961
1839.536133	654.624084
1838.775391	608.921204
1838.566406	687.965027
1837.814453	699.863831
1837.595703	631.128723
1836.853516	639.900330
1836.625000	695.364197
1835.892578	644.977905
1835.654297	628.253662
1834.930664	689.056580
1834.682617	646.123413
1833.968750	644.728027
1833.711914	602.218567
1833.006836	652.400696
1832.740234	635.523621
1832.044922	704.248169
1831.767578	666.240295
1831.083008	665.138611
1830.795898	691.798767
1830.121094	657.216370
1829.823242	699.346924
1829.158203	672.671875
1828.850586	706.891357
1828.195313	651.767761
1827.877930	652.754517
1827.232422	636.063965
1826.905273	696.276184
1826.269531	651.514343
1825.931641	706.384216
1825.305664	641.006897
1824.958008	683.102539
1824.342773	690.180786
1823.984375	652.129578
1823.378906	674.481384
1823.010742	734.111633
1822.415039	658.788086
1822.036133	667.214111
1821.450195	666.439148
1821.062500	649.094788
1820.486328	653.346008
1820.086914	713.063293
1819.521484	642.849976
1819.112305	659.040344
1818.557617	640.132874
1818.137695	666.573120
1817.592773	642.599060
1817.162109	648.470825
1816.626953	655.426636
1816.186523	679.064819
1815.662109	686.379883
1815.210938	681.463135
1814.697266	670.708069
1814.234375	686.421448
1813.731445	665.398682
1813.257813	665.770630
1812.765625	665.268494
1812.281250	660.489868
1811.799805	724.664307
1811.304688	691.043457
1810.833008	623.606750
1810.328125	693.435242
1809.867188	644.181152
1809.350586	657.453064
1808.900391	700.959351
1808.373047	670.081848
1807.933594	630.998352
1807.395508	675.033508
1806.966797	672.243347
1806.416992	639.081482
1806.000000	682.451599
1805.439453	682.373596
1805.032227	677.148560
1804.460938	692.428467
1804.065430	710.607910
1803.482422	646.280029
1803.097656	669.131958
1802.502930	735.507751
1802.129883	648.336304
1801.524414	712.350037
1801.161133	686.946411
1800.544922	678.993042
1800.193359	702.303223
1799.564453	689.035767
1799.224609	753.794800
1798.584961	732.241272
1798.255859	758.808350
1797.604492	726.961426
1797.287109	735.434631
1796.625000	731.884521
1796.318359	704.330139
1795.643555	711.310059
1795.348633	719.667969
1794.663086	741.723022
1794.379883	750.473389
1793.681641	731.348938
1793.410156	706.491882
1792.701172	726.075012
1792.440430	724.397949
1791.719727	725.897522
1791.470703	711.367798
1790.737305	738.451843
1790.500000	796.265320
1789.755859	735.725342
1789.530273	762.614746
1788.773438	733.000061
1788.559570	741.856873
1787.791016	788.799744
1787.588867	785.491638
1786.807617	704.657898
1786.617188	793.060852
1785.825195	775.696472
1785.646484	774.883301
1784.841797	762.792786
1784.674805	748.991333
1783.858398	742.269226
1783.704102	787.443115
1782.875000	795.455994
1782.732422	789.859924
1781.890625	764.771057
1781.759766	745.973816
1780.906250	838.246948
1780.788086	807.549377
1779.921875	807.566284
1779.815430	799.675293
1778.937500	769.283875
1778.843750	786.662598
1777.952148	784.323669
1777.871094	760.803589
1776.966797	776.517212
1776.897461	817.187439
1775.981445	852.435791
1775.924805	765.639832
1774.996094	806.570190
1774.951172	798.881409
1774.009766	768.334412
1773.978516	806.427246
1773.024414	801.100952
1773.004883	808.834534
1772.038086	826.247620
1772.030273	806.106323
1771.056641	790.545593
1771.050781	795.636414
1770.082031	798.086792
1770.064453	805.572144
1769.108398	844.110046
1769.077148	805.372253
1768.133789	836.246338
1768.089844	789.980408
1767.159180	830.950256
1767.102539	797.378235
1766.183594	887.195801
1766.114258	804.772217
1765.208984	843.436951
1765.125977	774.210815
1764.233398	822.763550
1764.137695	824.607483
1763.257813	781.597412
1763.149414	801.642517
1762.282227	853.180176
1762.160156	783.745239
1761.305664	832.516968
1761.170898	826.518616
1760.330078	827.228394
1760.181641	884.432190
1759.353516	801.457275
1759.192383	810.948059
1758.376953	847.377930
1758.202148	770.334412
1757.400391	813.934326
1757.212891	747.416260
1756.422852	895.660278
1756.221680	774.997864
1755.446289	823.842468
1755.231445	817.708252
1754.468750	821.119385
1754.240234	822.549622
1753.491211	792.822449
1753.250000	766.847778
1752.513672	838.689087
1751.535156	784.835144
1750.557617	838.352661
1749.579102	871.405151
1748.600586	832.906311
1747.622070	842.956665
1746.643555	840.233398
1745.664063	811.977295
1744.684570	880.741638
1743.705078	888.221558
1742.725586	857.420715
1741.746094	811.324097
1740.765625	849.423096
1739.785156	874.755066
1738.804688	849.080872
1737.824219	894.796814
1736.843750	917.555298
1735.862305	922.466736
1734.880859	914.637390
1733.899414	939.925049
1732.917969	955.015564
1731.935547	942.091675
1730.954102	959.721130
1729.971680	944.256165
1728.989258	954.243896
1728.006836	895.535828
1727.023438	964.032410
1726.041016	971.466675
1725.057617	1019.579224
1724.074219	1024.456909
1723.090820	1011.541626
1722.106445	1016.418762
1721.122070	1036.536987
1720.138672	1005.846619
1719.153320	985.326599
1718.168945	1023.211487
1717.184570	1050.927002
1716.199219	1005.030396
1715.213867	1053.037598
1714.228516	1035.065308
1713.243164	1047.536987
1712.256836	1024.500977
1711.270508	1034.434082
1710.285156	1024.084229
1709.297852	1026.410278
1708.311523	1079.411743
1707.325195	1028.525635
1706.337891	1063.775391
1705.350586	1020.509827
1704.363281	1050.682983
1703.375000	1050.468872
1702.387695	992.047729
1701.399414	1037.389282
1700.411133	1011.880554
1699.422852	1057.199341
1698.434570	1003.881409
1697.445313	980.923035
1696.456055	963.029175
1695.466797	1020.956055
1694.477539	1056.119751
1693.487305	985.173401
1692.498047	1027.906494
1691.507813	1020.121033
1690.517578	954.274292
1689.527344	989.415161
1688.536133	963.977539
1687.545898	986.486877
1686.554688	920.700562
1685.563477	998.692261
1684.571289	945.537415
1683.580078	910.050598
1682.587891	972.873840
1681.595703	856.759644
1680.603516	932.164673
1679.611328	886.633972
1678.618164	904.080139
1677.625000	919.001221
1676.631836	888.604797
1675.638672	893.455627
1674.645508	837.914185
1673.651367	913.214050
1672.657227	865.236877
1671.663086	854.999939
1670.668945	927.735291
1669.674805	867.216125
1668.679688	874.576904
1667.684570	869.371399
1666.689453	891.801208
1665.694336	846.408569
1664.698242	924.077454
1663.703125	888.738953
1662.707031	865.965088
1661.710938	848.219666
1660.713867	827.972412
1659.717773	847.869324
1658.720703	847.694092
1657.723633	809.907104
1656.726563	834.809021
1655.729492	859.700500
1654.731445	887.087524
1653.733398	844.312561
1652.735352	864.176697
1651.737305	846.467407
1650.739258	821.253845
1649.740234	856.130005
1648.741211	855.952576
1647.742188	850.770630
1646.743164	883.117004
1645.743164	795.390808
1644.744141	877.749268
1643.744141	862.565979
1642.743164	832.390869
1641.743164	872.204529
1640.743164	882.017944
1639.742188	871.842224
1638.741211	914.120239
1637.740234	873.976990
1636.738281	871.298767
1635.737305	913.550232
1634.735352	828.512512
1633.733398	858.280151
1632.730469	912.980103
1631.728516	895.332275
1630.725586	892.652405
1629.722656	865.044312
1628.719727	894.772888
1627.716797	847.240662
1626.712891	891.908569
1625.709961	879.268372
1624.706055	901.497925
1623.701172	866.452515
1622.697266	886.186035
1621.692383	833.736938
1620.688477	918.163269
1619.682617	890.606506
1618.677734	927.728516
1617.672852	882.774292
1616.666992	922.368469
1615.661133	894.833496
1614.655273	949.319153
1613.649414	944.151367
1612.642578	919.112915
1611.635742	966.108337
1610.628906	908.795959
1609.622070	955.773682
1608.615234	977.911560
1607.607422	997.558594
1606.599609	997.349548
1605.591797	982.257751
1604.583984	989.491577
1603.575195	1028.954590
1602.567383	969.245422
1601.558594	986.390564
1600.549805	983.705688
1599.540039	998.363098
1598.531250	973.385376
1597.521484	955.846863
1596.511719	935.839905
1595.500977	997.524353
1594.491211	881.002502
1593.480469	932.775574
1592.469727	910.316223
1591.458984	939.802673
1590.448242	912.405823
1589.436523	931.990723
1588.425781	897.192017
1587.414063	943.953674
1586.402344	933.872559
1585.389648	926.265625
1584.376953	866.801880
1583.365234	925.875183
1582.352539	938.022278
1581.338867	893.401184
1580.326172	851.266235
1579.312500	942.362549
1578.298828	907.634033
1577.285156	887.715393
1576.270508	922.042847
1575.256836	847.903015
1574.242188	904.403076
1573.227539	904.211914
1572.212891	891.704407
1571.197266	925.994324
1570.182617	893.789429
1569.166992	883.753540
1568.150391	881.105286
1567.134766	912.907410
1566.119141	888.112671
1565.102539	910.061218
1564.085938	892.654663
1563.068359	880.172607
1562.051758	926.689209
1561.034180	872.426880
1560.016602	852.585693
1558.999023	916.273804
1557.981445	928.359253
1556.962891	915.884949
1555.944336	913.235596
1554.925781	910.587280
1553.907227	900.578308
1552.888672	961.721252
1551.869141	912.459900
1550.849609	946.598572
1549.830078	936.590088
1548.810547	963.355042
1547.790039	884.725708
1546.769531	960.494995
1545.749023	901.497253
1544.728516	977.230530
1543.708008	959.881714
1542.686523	981.710693
1541.665039	964.368164
1540.643555	934.797302
1539.622070	959.063965
1538.599609	914.830261
1537.577148	912.189636
1536.554688	902.214905
1535.532227	882.466431
1534.508789	933.601746
1533.486328	882.089722
1532.462891	955.189636
1531.439453	940.331116
1530.415039	896.176086
1529.391602	930.163879
1528.367188	883.588867
1527.342773	963.930908
1526.318359	890.530518
1525.292969	883.022156
1524.267578	985.261414
1523.242188	914.341492
1522.216797	928.772095
1521.191406	931.010437
1520.165039	950.304504
1519.138672	891.633179
1518.112305	930.412292
1517.085938	983.785339
1516.059570	898.363831
1515.032227	954.154724
1514.004883	985.586182
1512.977539	1012.138000
1511.949219	1031.380859
1510.921875	992.247803
1509.893555	1030.938110
1508.865234	984.528931
1507.835938	974.595764
1506.807617	1008.404846
1505.778320	971.747620
1504.749023	1005.542542
1503.719727	1002.898010
1502.689453	1048.810547
1501.660156	978.193848
1500.629883	1033.798706
1499.599609	1079.674683
1498.568359	1064.887939
1497.538086	1052.532715
1496.506836	1054.730713
1495.475586	1047.230957
1494.444336	1129.408447
1493.412109	1117.049561
1492.379883	1097.427979
1491.347656	1123.833984
1490.315430	1133.277588
1489.283203	1091.875977
1488.250000	1178.777832
1487.216797	1132.543945
1486.183594	1224.238281
1485.150391	1161.081909
1484.116211	1204.362183
1483.083008	1153.326538
1482.048828	1232.849854
1481.013672	1176.996216
1479.979492	1183.990479
1478.944336	1166.823853
1477.909180	1222.122437
1476.874023	1173.563110
1475.838867	1209.522217
1474.802734	1173.054932
1473.766602	1211.411621
1472.730469	1199.085815
1471.694336	1215.710815
1470.657227	1188.919678
1469.621094	1205.539429
1468.583984	1183.582886
1467.545898	1195.376343
1466.508789	1149.336182
1465.470703	1190.039551
1464.432617	1139.203369
1463.394531	1184.706909
1462.356445	1165.190186
1461.317383	1164.937012
1460.278320	1176.715698
1459.239258	1130.748657
1458.200195	1140.124146
1457.160156	1120.637695
1456.121094	1098.755371
1455.081055	1115.342529
1454.040039	1093.470703
1453.000000	1179.730103
1451.958984	1068.972534
1450.917969	1023.108093
1449.876953	1102.122681
1448.835938	1106.683716
1447.793945	1111.242676
1446.751953	1113.399780
1445.709961	1086.767456
1444.667969	1062.545044
1443.625000	1117.467163
1442.582031	1119.620605
1441.539063	1133.757813
1440.496094	1095.167358
1439.453125	1130.866577
1438.409180	1233.620850
1437.365234	1118.397949
1436.321289	1197.166382
1435.276367	1192.116943
1434.232422	1160.743408
1433.187500	1196.380737
1432.142578	1265.493774
1431.096680	1296.308960
1430.051758	1312.763306
1429.005859	1314.866455
1427.959961	1209.411987
1426.914063	1264.108154
1425.867188	1311.612793
1424.820313	1335.210815
1423.773438	1354.022339
1422.726563	1382.375488
1421.679688	1377.297974
1420.631836	1343.584961
1419.583984	1348.061768
1418.536133	1445.568115
1417.487305	1345.084595
1416.439453	1454.470215
1415.390625	1482.756714
1414.341797	1410.930664
1413.291992	1517.846558
1412.243164	1541.335327
1411.193359	1476.688599
1410.143555	1485.888428
1409.092773	1430.804932
1408.042969	1509.035767
1406.992188	1396.859253
1405.941406	1420.342773
1404.890625	1355.807129
1403.838867	1317.458740
1402.788086	1224.443237
1401.736328	1252.697510
1400.683594	1254.797485
1399.631836	1268.776367
1398.579102	1280.373413
1397.526367	1185.093140
1396.473633	1201.452148
1395.420898	1258.159790
1394.367188	1227.027954
1393.313477	1207.773804
1392.259766	1190.900513
1391.206055	1188.265137
1390.151367	1209.343506
1389.096680	1228.041504
1388.041992	1244.361084
1386.987305	1260.673096
1385.931641	1286.454468
1384.876953	1328.804810
1383.821289	1281.147949
1382.764648	1299.804443
1381.708984	1237.972412
1380.652344	1268.462646
1379.595703	1199.566772
1378.539063	1296.285156
1377.481445	1307.822021
1376.424805	1312.260254
1375.367188	1300.149048
1374.309570	1323.493774
1373.250977	1356.279419
1372.192383	1294.557129
1371.133789	1317.887085
1370.075195	1303.426025
1369.016602	1272.446045
1367.957031	1328.807983
1366.897461	1271.879150
1365.837891	1252.722290
1364.778320	1276.029419
1363.717773	1242.731201
1362.657227	1181.156372
1361.596680	1190.321167
1360.536133	1220.690552
1359.474609	1215.705933
1358.414063	1135.347656
1357.352539	1116.254272
1356.290039	1163.093628
1355.228516	1174.603149
1354.166016	1186.107422
1353.103516	1183.489258
1352.041016	1157.348755
1350.977539	1187.663208
1349.914063	1152.128052
1348.850586	1177.728271
1347.787109	1198.616455
1346.723633	1160.752686
1345.659180	1151.095703
1344.594727	1174.324097
1343.530273	1174.060669
1342.464844	1234.834717
1341.399414	1178.227905
1340.333984	1180.309814
1339.268555	1163.622681
1338.203125	1240.762329
1337.136719	1280.347656
1336.070313	1352.737305
1335.003906	1265.708618
1333.936523	1256.050293
1332.870117	1225.310547
1331.802734	1194.584595
1330.735352	1313.747070
1329.666992	1268.967163
1328.599609	1278.044067
1327.531250	1284.776733
1326.461914	1268.109253
1325.393555	1214.022583
1324.324219	1267.537109
1323.255859	1271.927246
1322.185547	1295.015869
1321.116211	1224.611938
1320.045898	1257.046509
1318.975586	1291.802246
1317.905273	1300.852051
1316.834961	1232.844849
1315.763672	1216.225098
1314.692383	1234.620850
1313.621094	1213.341309
1312.549805	1178.074219
1311.477539	1215.124023
1311.475586	1198.308838
1310.405273	1154.222778
1310.403320	1140.025269
1309.333008	1195.923340
1309.330078	1144.483643
1308.260742	1121.069580
1308.257813	1200.211304
1307.187500	1106.834229
1307.184570	1181.355835
1306.114258	1039.023315
1306.111328	1106.594849
1305.041016	1087.698975
1305.038086	1106.396606
1303.967773	1099.094849
1303.964844	1096.882813
1302.893555	1103.501343
1302.891602	1103.671265
1301.819336	1086.957886
1301.817383	1049.928955
1300.745117	1079.729858
1300.743164	1038.102295
1299.670898	1028.301880
1299.668945	1100.748901
1298.595703	1037.371704
1298.594727	1067.976196
1297.520508	979.000244
1297.519531	1053.825806
1296.445313	1062.473389
1296.445313	1030.376587
1295.370117	1097.629639
1295.370117	1029.690430
1294.294922	1104.406494
1294.293945	1066.637085
1293.219727	994.948425
1293.217773	1036.191162
1292.143555	1036.604370
1292.141602	1082.410400
1291.067383	1082.892700
1291.065430	1089.130249
1289.992188	1080.372925
1289.988281	1121.385864
1288.916016	1154.511597
1288.911133	1109.524048
1287.838867	1163.592163
1287.833984	1090.705566
1286.762695	1112.294067
1286.756836	1143.819214
1285.685547	1081.909668
1285.678711	1092.526978
1284.608398	1162.957275
1284.600586	1143.296631
1283.531250	1104.724121
1283.522461	1085.072021
1282.454102	1113.804321
1282.444336	1101.049927
1281.376953	1074.161011
1281.365234	1100.798096
1280.298828	1094.841064
1280.286133	1095.912231
1279.220703	1110.875000
1279.207031	1070.180908
1278.142578	1080.528198
1278.126953	1028.250000
1277.064453	1020.054504
1277.047852	1021.068420
1275.985352	1091.721924
1275.967773	1018.519592
1274.907227	1082.251831
1274.887695	1004.400391
1273.828125	1010.225281
1273.806641	1011.111267
1272.749023	1051.738647
1272.726563	1008.566101
1271.669922	1030.699707
1271.645508	982.894958
1270.589844	965.668945
1270.563477	1056.658569
1269.509766	993.275085
1269.482422	1014.806458
1268.429688	1006.981506
1268.400391	984.528992
1267.349609	1009.110291
1267.318359	1030.514038
1266.269531	1006.610046
1266.236328	988.696472
1265.189453	1048.069214
1265.154297	933.040833
1264.108398	1006.238098
1264.071289	965.151794
1263.027344	1008.364746
1262.988281	976.471863
1261.946289	1010.490417
1261.905273	1020.097351
1260.865234	989.496094
1260.821289	1010.632813
1259.783203	982.378235
1259.738281	987.331421
1258.701172	1053.838501
1258.654297	977.878540
1257.619141	1055.953491
1257.569336	1003.016663
1256.537109	1007.243225
1256.485352	984.343201
1255.455078	1011.675476
1255.400391	1018.686829
1254.372070	997.631226
1254.315430	1057.622803
1253.290039	1008.989990
1253.230469	928.373718
1252.207031	1036.503540
1252.144531	1045.618530
1251.124023	962.453003
1251.058594	1043.074219
1250.040039	987.657043
1249.972656	1026.718628
1248.957031	1056.687988
1248.886719	998.862793
1247.873047	1035.729736
1247.800781	957.213745
1246.789063	1049.373901
1246.713867	1053.611450
1245.705078	1081.459839
1245.626953	1071.766846
1244.620117	1078.951782
1244.539063	1002.536682
1243.536133	1090.274658
1243.452148	1078.166748
1242.451172	1092.374756
1242.364258	1011.265198
1241.366211	1062.215698
1241.276367	1001.839417
1240.280273	1020.549133
1240.187500	1003.904175
1239.195313	1075.636230
1239.099609	1040.418823
1238.109375	1052.405273
1238.010742	1035.584717
1237.023438	1084.441162
1236.921875	1111.101074
1235.937500	1019.781128
1235.832031	1044.284058
1234.851563	1035.699707
1234.743164	1011.916809
1233.765625	1088.430176
1233.653320	1052.974609
1232.678711	1039.910278
1232.563477	1103.187134
1231.591797	1062.716309
1231.472656	999.745544
1230.504883	1034.917603
1230.381836	978.880554
1229.416992	1064.613770
1229.291016	990.112122
1228.330078	1073.608032
1228.200195	996.755493
1227.242188	1048.121094
1227.109375	982.777893
1226.154297	1031.835815
1226.017578	1016.903442
1225.066406	1022.449524
1224.925781	986.898865
1223.978516	1008.472229
1223.833984	936.304871
1222.889648	1019.764465
1222.741211	947.529785
1221.800781	998.903687
1221.648438	990.783875
1220.711914	1003.305481
1220.555664	1020.291687
1219.623047	987.046265
1219.462891	1013.191711
1218.533203	1030.463623
1218.369141	992.375488
1217.444336	1005.026855
1217.276367	1005.859436
1216.354492	1048.423950
1216.181641	1033.050049
1215.264648	1091.804199
1215.087891	1032.807983
1214.173828	1018.211182
1213.993164	1062.263672
1213.083984	1112.022583
1212.899414	1066.582397
1211.993164	1049.915405
1211.803711	1100.582764
1210.902344	1210.151245
1210.708984	1084.344727
1209.811523	1132.008057
1209.613281	1136.582886
1208.720703	1074.514282
1208.517578	1058.736206
1207.628906	1143.027344
1207.421875	1067.612305
1206.537109	1094.713867
1206.326172	1131.220581
1205.445313	1147.168091
1205.229492	1121.833984
1204.353516	1085.136230
1204.132813	1155.764282
1203.261719	1034.572388
1203.036133	1139.538696
1202.168945	1119.045532
1201.938477	1107.370850
1201.076172	1160.014038
1200.840820	1068.383911
1199.983398	1134.627563
1199.743164	1072.687012
1198.890625	1100.102173
1198.645508	1065.603394
1197.796875	1081.596680
1197.546875	1049.417236
1196.703125	1117.967651
1196.449219	1090.135010
1195.609375	1072.036011
1195.350586	1076.225708
1194.515625	1101.538452
1194.250977	1028.201172
1193.421875	1019.068848
1193.151367	1066.620361
1192.327148	1080.552368
1192.052734	1036.810059
1191.232422	1039.230713
1190.952148	1013.833191
1190.137695	1016.193665
1189.852539	1036.319580
1189.042969	1047.960693
1188.751953	995.176636
1187.948242	981.559326
1187.651367	960.867676
1186.852539	1004.191406
1186.550781	962.911011
1185.756836	988.023743
1185.449219	946.789429
1184.661133	951.329956
1184.348633	1007.853333
1183.564453	960.268738
1183.247070	948.609802
1182.468750	1023.935425
1182.144531	934.771423
1181.372070	989.535583
1181.042969	900.524658
1180.275391	959.708252
1179.940430	936.595276
1179.178711	954.962952
1178.837891	977.183105
1178.081055	931.989746
1177.734375	929.349915
1176.984375	995.599182
1176.631836	906.467163
1175.886719	924.792603
1175.528320	892.657654
1174.789063	913.225159
1174.424805	933.216736
1173.690430	960.862122
1173.320313	908.084351
1172.592773	917.421143
1172.215820	939.564087
1171.494141	887.653198
1171.111328	898.597595
1170.395508	980.778564
1170.006836	911.960815
1169.296875	905.506714
1168.902344	923.055115
1168.198242	841.637756
1167.796875	870.812195
1167.098633	916.523010
1166.691406	920.352966
1165.999023	868.593262
1165.584961	904.307678
1164.899414	934.350159
1164.479492	854.366394
1163.799805	934.166626
1163.373047	928.731750
1162.699219	902.168518
1162.266602	894.622253
1161.598633	908.807129
1161.159180	896.666626
1160.498047	951.788147
1160.051758	853.548584
1159.397461	901.636047
1158.944336	903.009583
1158.296875	924.165222
1157.836914	907.307007
1157.195313	894.470093
1156.729492	940.935974
1156.093750	867.056335
1155.621094	924.918823
1154.992188	925.887878
1154.512695	933.718201
1153.890625	925.705078
1153.403320	861.339722
1152.788086	955.011902
1152.294922	967.083618
1151.686523	925.339294
1151.185547	928.537598
1150.583984	938.761597
1150.076172	892.263184
1149.480469	902.302368
1148.965820	898.806335
1148.377930	949.723267
1147.856445	905.346191
1147.274414	978.995667
1146.746094	884.864014
1146.170898	928.955261
1145.634766	983.695557
1145.067383	1030.709351
1144.524414	927.196411
1143.963867	946.705566
1143.413086	922.472778
1142.860352	889.907715
1142.301758	971.736694
1141.755859	941.801758
1141.190430	931.022705
1140.651367	961.986084
1140.078125	933.046021
1139.546875	945.953491
1138.965820	995.757751
1138.441406	911.826355
1137.853516	982.033569
1137.335938	963.674255
1136.740234	943.602478
1136.231445	1008.716309
1135.627930	936.635620
1135.125000	981.380371
1134.514648	972.338013
1134.019531	974.402344
1133.400391	990.062683
1132.913086	974.208008
1132.287109	917.998718
1131.807617	1021.471375
1131.172852	967.142944
1130.701172	962.521973
1130.058594	975.881775
1129.593750	1000.732544
1128.943359	1022.744873
1128.487305	1032.152100
1127.829102	997.830872
1127.379883	980.009644
1126.713867	957.236389
1126.272461	1006.905212
1125.598633	983.898254
1125.165039	918.673523
1124.482422	1075.526733
1124.057617	997.475159
1123.366211	1046.143066
1122.949219	1006.300415
1122.250000	1027.971436
1121.840820	979.028748
1121.133789	1038.916138
1120.732422	1012.663025
1120.016602	1018.516296
1119.624023	985.400757
1118.899414	971.270813
1118.514648	1021.274414
1117.782227	979.983337
1117.406250	966.972900
1116.665039	950.664795
1116.296875	980.299927
1115.546875	921.360413
1115.187500	1020.658813
1114.428711	963.614685
1114.077148	1004.684937
1113.310547	987.966370
1112.966797	1029.256958
1112.191406	916.215088
1111.857422	981.762939
1111.072266	927.161316
1110.746094	1004.078125
1109.953125	902.364807
1109.635742	943.103027
1108.833984	951.270203
1108.524414	929.410461
1107.713867	937.642029
1107.414063	962.971985
1106.593750	939.643860
1106.302734	902.041626
1105.473633	905.942322
1105.190430	953.587097
1104.352539	925.797302
1104.079102	890.434387
1103.231445	943.412048
1102.966797	908.239380
1102.110352	882.977051
1101.854492	896.817383
1100.989258	929.572815
1100.742188	982.029785
1099.867188	902.600220
1099.629883	968.350464
1098.745117	882.325012
1098.516602	941.198792
1097.623047	868.742310
1097.403320	884.862061
1096.500000	906.386963
1096.290039	880.191895
1095.376953	919.522034
1095.176758	895.727905
1094.253906	937.102173
1094.062500	922.479858
1093.130859	939.096069
1092.948242	933.512695
1092.006836	923.290405
1091.833984	917.618164
1090.882813	907.492371
1090.719727	906.216187
1089.758789	918.386292
1089.604492	939.671753
1088.634766	895.927490
1088.490234	941.722839
1087.509766	955.715637
1087.375000	881.004211
1086.384766	935.480408
1086.258789	914.444153
1085.258789	913.033508
1085.143555	896.331299
1084.133789	939.458313
1084.027344	996.965454
1083.007813	932.563904
1082.911133	882.526550
1081.880859	945.651306
1081.794922	989.840576
1080.754883	907.688416
1080.678711	953.814575
1079.627930	942.962463
1079.561523	917.803223
1078.500977	898.364197
1078.444336	942.234741
1077.374023	878.181885
1077.327148	933.091736
1076.246094	846.924072
1076.209961	908.292114
1075.118164	806.815552
1075.092773	876.792419
1073.990234	881.957458
1073.974609	847.541687
1072.861328	928.261230
1072.856445	905.499023
1071.738281	900.842957
1071.732422	854.938843
1070.619141	869.370056
1070.603516	874.654114
1069.500000	920.583740
1069.474609	865.580505
1068.380859	862.311829
1068.344727	863.150818
1067.261719	891.170593
1067.214844	911.613220
1066.142578	864.191101
1066.084961	845.021973
1065.022461	913.130737
1064.954102	873.560425
1063.902344	852.675598
1063.824219	853.442505
1062.782227	841.342041
1062.692383	893.016357
1061.662109	894.718323
1061.561523	844.174805
1060.541016	916.841919
1060.429688	881.521423
1059.419922	860.895813
1059.297852	892.343811
1058.298828	851.799316
1058.166016	911.993408
1057.177734	851.623901
1057.033203	856.572510
1056.056641	820.243591
1055.900391	876.220886
1054.934570	844.587646
1054.767578	871.587097
1053.812500	882.289612
1053.634766	858.131531
1052.689453	913.293335
1052.500977	873.353210
1051.567383	850.746521
1051.367188	842.264587
1050.444336	883.970276
1050.233398	855.277893
1049.321289	903.823242
1049.098633	877.099548
1048.198242	899.185120
1047.963867	901.113220
1047.075195	850.043884
1046.829102	850.224304
1045.951172	914.386963
1045.693359	841.200806
1044.827148	863.038330
1044.557617	880.615479
1043.703125	914.008667
1043.421875	864.985535
1042.579102	900.479065
1042.286133	840.561584
1041.454102	886.954895
1041.149414	901.944641
1040.329102	897.883606
1040.012695	952.299744
1039.204102	891.031433
1038.875977	861.909241
1038.079102	848.637024
1037.738281	899.059448
1036.953125	932.862854
1036.600586	909.819031
1035.827148	846.064331
1035.462891	942.543579
1034.701172	905.833557
1034.325195	922.535034
1033.575195	887.887695
1033.186523	926.691956
1032.448242	885.484009
1032.047852	864.984741
1031.322266	916.363159
1030.908203	888.907288
1030.195313	900.644287
1029.769531	888.680420
1029.067383	873.842468
1028.629883	897.228333
1027.940430	878.095459
1027.490234	881.647034
1026.812500	948.855164
1026.349609	947.199341
1025.684570	899.894775
1025.208984	907.500488
1024.556641	919.651611
1024.068359	887.544922
1023.427734	977.064697
1022.926758	963.999329
1022.299805	941.419312
1021.786133	834.521851
1021.170898	947.866943
1020.644531	836.497559
1020.041992	865.744507
1019.501953	866.932007
1018.912109	927.547913
1018.360352	862.332031
1017.782227	931.780762
1017.217773	851.169983
1016.653320	986.906006
1016.074219	896.889343
1015.522461	858.384583
1014.931641	927.276184
1014.392578	902.442505
1013.788086	924.851013
1013.261719	884.562561
1012.644531	902.754333
1012.131836	897.643188
1011.500000	861.001221
1011.000000	890.823914
1010.356445	852.040283
1009.869141	921.577698
1009.210938	856.188660
1008.737305	877.193604
1008.066406	869.069031
1007.606445	890.264404
1006.920898	871.027466
1006.473633	837.070740
1005.775391	811.875732
1005.341797	900.932068
1004.629883	833.484558
1004.209961	891.912292
1003.484375	817.999451
1003.077148	880.688965
1002.337891	896.295044
1001.944336	909.192261
1001.190430	854.638855
1000.810547	856.049805
1000.043945	887.111633
999.677734	930.868958
998.896484	902.134766
998.543945	864.511780
997.749023	880.115356
997.410156	877.559631
996.601563	858.107178
996.276367	910.442017
995.453125	881.835022
995.141602	894.822510
994.304688	888.135925
994.006836	888.023682
993.155273	846.556030
992.872070	896.649048
992.006836	909.429810
991.737305	892.054993
990.857422	824.363647
990.602539	896.271423
989.708008	845.893799
989.466797	880.670837
988.331055	937.716736
987.195313	924.314514
986.058594	946.122375
984.921875	855.730103
983.785156	930.327576
982.648438	910.341125
981.511719	989.292236
980.374023	938.530090
979.236328	927.344177
978.098633	960.103638
976.959961	940.131409
975.822266	1021.188354
974.683594	1020.972229
973.544922	1060.269165
972.405273	1110.522949
971.265625	1053.237305
970.126953	1024.494873
968.986328	1118.590210
967.846680	1111.774414
966.706055	1032.612671
965.565430	1100.343018
964.424805	1163.661621
963.284180	1095.493774
962.142578	1088.689453
961.000977	1075.317749
959.859375	991.884766
958.717773	1077.049683
957.575195	1004.594849
956.432617	1010.945618
955.290039	947.286316
954.146484	927.399231
953.003906	894.399780
951.860352	986.035034
950.716797	900.576172
949.572266	974.687683
948.428711	869.603088
947.284180	910.922424
946.138672	926.015991
944.994141	897.432373
943.848633	881.959229
942.704102	927.605469
941.557617	870.671753
940.412109	872.667297
939.265625	929.191956
938.119141	926.812439
936.972656	898.270630
935.826172	891.539001
934.678711	917.500122
933.531250	917.303650
932.383789	912.750305
931.236328	871.173950
930.087891	934.133789
928.939453	940.464478
927.791016	942.439270
926.641602	900.891785
925.493164	955.088440
924.343750	954.883362
923.194336	943.804993
922.043945	900.118225
920.893555	932.530823
919.743164	954.062988
918.592773	875.637146
917.442383	862.414856
916.291016	901.322815
915.139648	922.842773
913.988281	913.960388
912.835938	950.661377
911.684570	939.606628
910.532227	885.166077
909.378906	991.259033
908.226563	928.156250
907.073242	966.982239
905.919922	953.767700
904.766602	1009.908752
903.612305	966.356384
902.458984	955.316467
901.304688	996.260010
900.149414	1041.516357
898.995117	987.170105
897.839844	1060.545532
896.684570	1060.316284
895.529297	1101.192261
894.373047	1094.465088
893.216797	1208.841064
892.060547	1173.986816
890.904297	1210.479248
889.747070	1270.727905
888.590820	1326.629028
887.432617	1369.544800
886.275391	1345.491211
885.117188	1416.453979
883.959961	1496.020752
882.801758	1534.545410
881.642578	1674.470825
880.483398	1561.924805
879.325195	1775.117310
878.165039	1625.938965
877.005859	1591.090454
875.845703	1461.415771
874.685547	1450.322998
873.525391	1333.662231
872.365234	1391.532104
871.204102	1320.160278
870.042969	1246.666260
868.881836	1235.631470
867.719727	1177.253052
866.558594	1131.810181
865.396484	1088.538330
864.233398	1049.586792
863.071289	1062.259888
861.908203	1049.129150
860.745117	1008.061951
859.582031	1018.586548
858.417969	973.246826
857.253906	940.814636
856.089844	944.904236
854.925781	912.492188
853.760742	980.983093
852.596680	1006.521912
851.430664	967.680481
850.265625	1006.081787
849.099609	1025.163940
847.933594	1001.353149
846.767578	992.558960
845.601563	1007.344727
844.434570	1060.694580
843.267578	1028.327026
842.100586	1017.392273
840.933594	1092.118652
839.765625	1119.711426
838.597656	1076.656494
837.429688	1162.020386
836.260742	1266.602417
835.091797	1281.297974
833.922852	1458.519775
832.753906	1554.415039
831.583984	1733.636597
830.414063	2023.912598
829.244141	2273.463379
828.074219	2407.547119
826.903320	2586.422852
825.733398	2598.665771
824.561523	2679.217773
823.390625	2678.628418
822.218750	2654.565918
821.046875	2547.310303
819.875000	2401.708252
818.703125	2290.290039
817.530273	2134.148193
816.357422	2018.574341
815.184570	1873.216187
814.010742	1732.183105
812.836914	1655.116211
811.663086	1531.230347
810.489258	1432.949463
809.314453	1355.999023
808.139648	1411.034302
806.964844	1334.122314
805.790039	1263.626099
804.614258	1197.414673
803.438477	1246.056763
802.262695	1256.410767
801.086914	1166.864624
799.910156	1251.605225
798.733398	1193.966919
797.556641	1161.842285
796.378906	1184.944214
795.201172	1159.204834
794.023438	1146.212402
792.845703	1099.271240
791.666992	1075.689209
790.489258	1064.844849
789.309570	1113.385620
788.130859	1019.847107
786.951172	1059.896973
785.771484	1061.781128
784.591797	1014.930725
783.412109	1078.256958
782.231445	1075.899658
781.050781	1026.959473
779.870117	1037.316162
778.688477	1015.920715
777.506836	1047.435303
776.325195	1007.006836
775.143555	953.905640
773.960938	1029.819824
772.778320	1059.188721
771.595703	1065.294067
770.413086	1029.132446
769.229492	997.212158
768.045898	1020.225037
766.862305	1005.215149
765.677734	1095.778198
764.494141	1091.312256
763.309570	1114.283203
762.124023	1189.991577
760.939453	1202.382813
759.753906	1221.095337
758.568359	1262.992920
757.381836	1361.788452
756.196289	1416.281006
755.009766	1293.753418
753.822266	1282.931274
752.635742	1324.767578
751.448242	1259.195557
750.260742	1197.863037
749.073242	1277.575073
747.884766	1184.701660
746.696289	1218.097290
745.507813	1228.341309
744.319336	1221.757813
743.129883	1240.405762
741.940430	1195.987793
740.750977	1288.183228
739.561523	1336.216919
738.371094	1384.228882
737.180664	1379.718506
735.990234	1482.287476
734.798828	1356.009888
733.607422	1443.847412
732.416016	1489.682617
731.224609	1497.738892
730.032227	1470.139038
728.839844	1515.937012
727.647461	1435.938599
726.454102	1471.244385
725.260742	1466.723022
724.067383	1426.591187
722.874023	1390.666016
721.679688	1352.662964
720.486328	1293.742432
719.291016	1285.079468
718.096680	1234.570435
716.901367	1200.820190
715.706055	1175.451172
714.510742	1127.091553
713.315430	1137.290649
712.119141	1139.124390
710.922852	1174.391968
709.725586	1090.559448
708.529297	1146.708984
707.332031	1167.332764
706.134766	1164.981567
704.936523	1198.115601
703.738281	1131.066284
702.540039	1222.610962
701.341797	1213.991211
700.143555	1261.681763
698.944336	1250.971802
697.745117	1227.759766
696.544922	1264.994263
695.345703	1275.125854
694.145508	1337.329468
692.944336	1305.787964
691.744141	1365.874023
690.542969	1334.339966
689.341797	1298.657715
688.140625	1339.977783
686.938477	1356.316040
685.736328	1372.646851
684.534180	1351.542725
683.331055	1453.098633
682.128906	1377.948364
680.925781	1373.479980
679.721680	1450.032593
678.518555	1406.087646
677.314453	1387.080322
676.110352	1430.361206
674.905273	1432.111816
673.701172	1419.336060
672.496094	1425.237305
671.290039	1406.246338
670.084961	1422.515625
668.878906	1471.948120
667.672852	1442.595459
666.466797	1392.533936
665.259766	1454.369507
664.052734	1385.686157
662.845703	1410.220215
661.637695	1387.125366
660.429688	1390.948975
659.221680	1372.007446
658.013672	1319.971680
656.804688	1350.697388
655.595703	1259.398315
654.386719	1302.528564
653.177734	1316.700562
651.967773	1293.667847
650.757813	1241.720215
649.547852	1338.520630
648.336914	1265.934814
647.125977	1224.352051
645.915039	1273.613037
644.703125	1232.047241
643.492188	1254.461304
642.280273	1272.739502
641.067383	1295.133789
639.855469	1286.589966
638.642578	1238.883911
637.429688	1246.843750
636.215820	1326.914917
635.001953	1258.632324
633.788086	1309.830933
632.574219	1309.530762
631.359375	1348.342773
630.144531	1343.917358
628.929688	1353.896973
627.714844	1355.643433
626.499023	1357.388916
625.283203	1367.358154
624.067383	1393.768311
622.850586	1461.270874
621.633789	1508.194580
620.416992	1442.110718
619.200195	1417.133423
617.982422	1509.208008
616.764648	1527.336670
615.546875	1506.461304
614.328125	1510.218384
613.109375	1431.915527
611.890625	1462.350464
610.670898	1494.821777
609.452148	1486.277222
608.232422	1506.430420
607.011719	1473.297607
605.791992	1477.055176
604.571289	1564.784790
603.350586	1511.184204
602.128906	1557.921143
600.907227	1561.655029
599.685547	1426.241455
598.463867	1477.056641
597.241211	1501.259155
596.018555	1435.477295
594.795898	1365.637085
593.573242	1395.979736
592.349609	1318.006836
591.125977	1374.904419
589.901367	1366.416382
588.677734	1321.176025
587.453125	1378.032959
586.227539	1271.578857
585.002930	1320.258301
583.777344	1334.233154
582.551758	1327.804932
581.325195	1327.497070
580.099609	1255.834839
578.873047	1273.887573
577.645508	1324.535522
576.418945	1285.519897
575.191406	1295.405396
573.963867	1309.358887
572.735352	1298.875366
571.507813	1341.316528
570.279297	1298.271606
569.049805	1310.176392
567.821289	1275.294312
566.591797	1309.566895
565.362305	1319.427246
564.131836	1321.152588
562.901367	1288.331787
561.670898	1346.947998
560.440430	1314.136230
559.208984	1271.186279
557.977539	1266.829590
556.746094	1311.187622
555.513672	1345.378662
554.281250	1324.777222
553.048828	1320.411499
551.816406	1226.823975
550.583008	1311.685547
549.349609	1276.922485
548.116211	1329.310181
546.881836	1262.144287
545.647461	1326.663208
544.413086	1336.477783
543.177734	1305.797729
541.943359	1301.444092
540.707031	1256.621460
539.471680	1280.604004
538.235352	1314.688232
536.999023	1296.181030
535.762695	1259.487549
534.525391	1285.467651
533.289063	1234.648560
532.050781	1313.147827
530.813477	1254.266846
529.575195	1320.608643
528.336914	1287.997681
527.098633	1322.006836
525.859375	1277.303345
524.620117	1236.655518
523.380859	1304.939697
522.140625	1300.599976
520.900391	1302.309937
519.660156	1328.204834
518.419922	1285.576904
517.178711	1301.390503
515.937500	1262.816895
514.696289	1290.709595
513.454102	1252.156250
512.211914	1290.101196
510.969727	1289.796875
509.726563	1345.819946
508.483398	1293.210815
507.240234	1327.088135
505.997070	1379.041626
504.752930	1346.559326
503.508789	1326.147949
502.263672	1386.099731
501.019531	1375.730225
499.774414	1401.507446
498.528320	1409.205566
497.283203	1378.767944
496.037109	1384.460938
494.791016	1323.953491
493.543945	1355.728027
492.297852	1337.361450
491.050781	1383.149414
489.802734	1394.846069
488.554688	1378.486328
487.306641	1378.159180
486.058594	1425.895996
484.810547	1417.548706
483.561523	1519.299438
482.311523	1484.917480
481.062500	1516.576782
479.812500	1486.211914
478.562500	1479.859009
477.312500	1531.489746
476.061523	1555.111572
474.810547	1612.694458
473.558594	1658.262207
472.307617	1715.792725
471.055664	1765.307739
469.803711	1850.735474
468.550781	1954.086304
467.297852	2023.463623
466.044922	2106.772949
464.791016	2291.765381
463.538086	2345.058838
462.284180	2575.758789
461.029297	2690.745850
459.774414	2923.244873
458.519531	3024.147705
457.264648	3276.372314
456.009766	3207.886230
454.753906	3308.647461
453.497070	3019.263672
452.241211	2885.223389
450.984375	2610.004150
449.727539	2460.214355
448.469727	2226.984131
447.211914	1958.083374
445.954102	1888.053589
444.696289	1676.984009
443.437500	1630.892578
442.178711	1535.173096
440.919922	1467.296631
439.660156	1443.123535
438.400391	1502.313354
437.140625	1490.047485
435.879883	1404.393921
434.620117	1441.735352
433.358398	1397.769775
432.097656	1518.345703
430.835938	1412.949951
429.574219	1363.078857
428.311523	1333.039063
427.049805	1352.520142
425.787109	1316.557617
424.523438	1306.343262
423.260742	1304.048950
421.997070	1343.300903
420.732422	1303.418823
419.468750	1330.787231
418.204102	1271.157837
416.938477	1255.038818
415.673828	1227.071533
414.408203	1256.406738
413.142578	1337.077515
411.875977	1265.670654
410.609375	1265.363892
409.342773	1296.634155
408.076172	1268.696289
406.808594	1299.950195
405.541016	1331.188721
404.273438	1295.375732
403.004883	1344.340332
401.736328	1257.303101
400.466797	1333.835693
399.198242	1357.148193
397.928711	1427.711182
396.658203	1393.894409
395.388672	1456.540527
394.118164	1420.765015
392.847656	1408.614746
391.576172	1410.238159
390.304688	1457.087280
389.033203	1474.424927
387.760742	1493.719238
386.489258	1479.599976
385.215820	1483.167358
383.943359	1616.355591
382.669922	1586.507935
381.396484	1635.195435
380.123047	1579.844238
378.848633	1679.522583
377.574219	1708.535034
376.298828	1745.377441
375.024414	1693.973633
373.749023	1848.409180
372.472656	1816.601318
371.197266	1910.196045
369.920898	1919.520630
368.643555	2022.834595
367.367188	2051.703613
366.089844	2023.797974
364.812500	2052.652100
363.534180	2124.529785
362.255859	2124.007080
360.977539	2197.786621
359.698242	2201.155029
358.418945	2245.563232
357.139648	2311.441650
355.860352	2365.566895
354.580078	2370.842041
353.299805	2444.449707
352.018555	2451.654053
350.737305	2493.980957
349.456055	2667.002686
348.174805	2658.541504
346.892578	2802.185791
345.610352	2807.341064
344.327148	2833.933105
343.043945	2977.426025
341.760742	2972.792480
340.477539	2966.212891
339.193359	3097.882080
337.909180	3060.127441
336.625000	3180.030273
335.339844	3204.534668
334.054688	3279.601318
332.768555	3311.846680
331.483398	3318.800293
330.197266	3387.949707
328.910156	3422.085693
327.624023	3462.032227
326.336914	3554.400391
325.048828	3619.536377
323.760742	3488.565186
322.472656	3722.537354
321.184570	3717.728027
319.895508	3854.531494
318.606445	3886.538574
317.317383	3916.590332
316.027344	4004.778809
314.737305	4137.495117
313.447266	4409.641113
312.156250	4582.864746
310.866211	4647.557617
309.574219	4938.729004
308.283203	5216.205566
306.991211	5423.880371
305.698242	5672.076172
304.406250	5846.651855
303.113281	6181.625488
301.819336	6448.771484
300.526367	6737.041016
299.232422	7007.775391
297.937500	7500.509277
296.643555	7931.197754
295.348633	8211.077148
294.052734	8656.807617
292.757813	9102.312500
291.461914	9489.715820
290.166016	10085.221680
288.869141	10643.790039
287.572266	10951.468750
286.275391	11733.092773
284.977539	12098.139648
283.679688	12545.829102
282.381836	12962.477539
281.083008	13515.608398
279.784180	14028.036133
278.485352	14411.272461
277.185547	14830.864258
275.885742	15242.547852
274.585938	15659.788086
273.285156	15957.625977
271.984375	16066.965820
270.683594	16629.695313
269.381836	16615.865234
268.080078	16769.113281
266.777344	17072.037109
265.475586	17106.080078
264.172852	17276.347656
262.869141	17235.496094
261.565430	17146.710938
260.261719	17061.802734
258.958008	17134.128906
257.653320	16811.613281
256.348633	16579.312500
255.043945	16280.084961
253.738281	16065.267578
252.432617	15475.305664
251.125977	15383.297852
249.819336	14937.324219
248.512695	14526.010742
247.206055	14160.807617
245.898438	13681.063477
244.590820	13386.988281
243.282227	12922.972656
241.973633	12764.892578
240.665039	12276.437500
239.356445	11973.466797
238.046875	11582.828125
236.736328	11253.465820
235.426758	10979.607422
234.116211	10711.611328
232.805664	10327.413086
231.494141	10214.160156
230.182617	9807.409180
228.871094	9778.197266
227.558594	9251.736328
226.246094	9081.729492
224.933594	8850.873047
223.620117	8534.464844
222.306641	8397.125000
220.992188	8223.702148
219.678711	8126.458008
218.363281	7774.425293
217.048828	7481.513672
215.733398	7523.289063
214.417969	7367.412109
213.102539	7209.714355
211.786133	6979.923828
210.468750	6936.334473
209.152344	6744.697754
207.834961	6752.430664
206.517578	6657.702148
205.199219	6629.410645
203.880859	6563.206055
202.562500	6491.347168
201.243164	6408.152344
199.923828	6484.166504
198.604492	6438.901367
197.284180	6475.093750
195.963867	6458.252441
194.642578	6486.847168
193.322266	6536.241211
192.000000	6494.798340
190.678711	6481.746582
189.356445	6561.353027
188.034180	6650.368164
186.710938	6518.218750
185.387695	6646.873047
184.064453	6705.568848
182.740234	6698.138672
181.416016	6724.693359
180.091797	6715.371582
178.766602	6751.339355
177.441406	6604.304688
176.116211	6804.353516
174.790039	6738.452637
173.463867	6819.607910
172.136719	6817.804688
170.809570	6665.287598
169.482422	6678.590820
168.155273	6710.714355
166.827148	6656.228027
165.498047	6705.274414
164.169922	6854.008789
162.840820	6822.094238
161.510742	6793.956055
160.180664	7068.498535
158.850586	7320.339844
157.520508	7371.001465
156.189453	7601.962891
154.858398	7814.020020
153.526367	8080.407715
152.194336	8448.004883
150.862305	8597.739258
149.529297	8758.647461
148.196289	9103.258789
146.863281	9220.819336
145.529297	9570.741211
144.195313	9688.108398
142.860352	9754.829102
141.526367	9733.485352
140.190430	10075.396484
138.855469	10042.742188
137.519531	10135.487305
136.183594	10044.831055
134.846680	10066.445313
133.509766	10215.198242
132.171875	10175.060547
130.834961	10103.170898
129.496094	10064.949219
128.158203	9823.146484
126.819336	9700.983398
125.480469	9528.479492
124.140625	9484.844727
122.800781	9239.718750
121.460938	9175.663086
120.120117	9219.799805
118.779297	8984.259766
117.437500	8890.496094
116.095703	8804.235352
114.753906	9120.388672
113.411133	8959.615234
112.068359	9282.997070
110.725586	9194.853516
109.381836	9155.135742
108.038086	9013.121094
106.694336	8886.059570
105.349609	8299.823242
104.003906	7706.469727
102.659180	7234.225098
101.313477	6561.598633
99.966797	5698.041504
98.621094	4769.969238
