#Wave		#Intensity
3199.989258	63.832264
3199.284180	46.101078
3198.579102	42.548248
3197.874023	60.267334
3197.168945	67.347145
3196.463867	42.528431
3195.757813	70.869690
3195.052734	60.229855
3194.346680	60.220467
3193.640625	35.418278
3192.934570	77.908035
3192.228516	46.029373
3191.522461	56.642670
3190.816406	49.554573
3190.109375	70.781151
3189.403320	56.616035
3188.696289	81.372765
3187.990234	53.060852
3187.283203	60.126171
3186.576172	45.971596
3185.869141	60.107227
3185.162109	42.421936
3184.455078	67.157455
3183.747070	42.408531
3183.040039	63.602734
3182.332031	70.658508
3181.624023	52.985485
3180.916016	35.318050
3180.208008	67.093643
3179.500000	42.368198
3178.791992	52.951824
3178.083984	38.825157
3177.375977	45.876965
3176.666992	49.398079
3175.958008	63.501678
3175.250000	45.854996
3174.541016	45.847664
3173.832031	45.840328
3173.123047	63.461056
3172.413086	42.300587
3171.704102	38.769318
3170.995117	63.430511
3170.285156	38.756859
3169.575195	52.841763
3168.865234	17.611084
3168.155273	52.824741
3167.445313	77.463791
3166.735352	49.287186
3166.025391	52.799168
3165.315430	59.829380
3164.604492	52.782089
3163.893555	56.291775
3163.183594	52.764988
3162.472656	77.376099
3161.761719	70.330482
3161.050781	63.287151
3160.338867	49.215336
3159.627930	73.810989
3158.916992	38.656605
3158.205078	73.786942
3157.493164	52.696362
3156.782227	73.762863
3156.070313	70.238869
3155.358398	63.204643
3154.645508	52.661919
3153.933594	38.612415
3153.221680	70.192886
3152.508789	59.654163
3151.795898	66.661354
3151.083984	59.634575
3150.371094	56.117428
3149.658203	66.628487
3148.945313	52.592773
3148.231445	77.123360
3147.518555	70.100578
3146.804688	77.097908
3146.091797	56.061947
3145.377930	59.555973
3144.664063	63.048836
3143.950195	63.038399
3143.236328	45.520191
3142.522461	66.518478
3141.808594	66.507446
3141.093750	52.497162
3140.379883	52.488438
3139.665039	83.967537
3138.950195	45.474850
3138.235352	87.437073
3137.520508	59.447300
3136.805664	73.422653
3136.089844	62.923203
3135.375000	69.903000
3134.659180	52.418488
3133.944336	55.903702
3133.228516	69.867935
3132.512695	69.856232
3131.796875	73.336754
3131.081055	73.324455
3130.364258	62.838985
3129.648438	73.299835
3128.932617	52.348228
3128.215820	76.764488
3127.499023	73.262863
3126.782227	80.226768
3126.065430	45.337925
3125.348633	73.225838
3124.631836	90.645256
3123.914063	83.658417
3123.197266	55.762856
3122.479492	59.238014
3121.761719	73.163994
3121.043945	69.668198
3120.326172	55.725113
3119.608398	80.091270
3118.890625	80.077682
3118.171875	62.658852
3117.454102	83.530945
3116.735352	76.557014
3116.016602	73.064720
3115.298828	97.403046
3114.579102	55.649406
3113.860352	90.414871
3113.141602	55.630432
3112.422852	69.526176
3111.703125	48.660011
3110.983398	72.977547
3110.264648	72.965073
3109.544922	69.478653
3108.825195	86.833450
3108.104492	90.291321
3107.384766	79.859406
3106.665039	76.374153
3105.944336	55.535309
3105.224609	79.818298
3104.503906	93.683640
3103.783203	65.914192
3103.062500	76.308563
3102.341797	58.955559
3101.620117	107.488678
3100.899414	93.603035
3100.177734	100.519257
3099.457031	48.518166
3098.735352	110.879509
3098.013672	72.752106
3097.291992	103.913620
3096.570313	86.579704
3095.847656	62.326599
3095.125977	86.549728
3094.403320	79.611954
3093.680664	72.676575
3092.958984	76.124153
3092.236328	83.030121
3091.513672	86.474686
3090.790039	83.001274
3090.067383	79.529053
3089.343750	100.258316
3088.621094	110.610611
3087.897461	89.855469
3087.173828	89.839806
3086.450195	93.278915
3085.726563	86.354301
3085.002930	58.710670
3084.278320	93.230072
3083.554688	65.594879
3082.830078	107.004517
3082.105469	100.083481
3081.381836	82.813210
3080.657227	79.348763
3079.931641	110.378929
3079.207031	82.769684
3078.482422	106.892082
3077.756836	96.530739
3077.031250	124.089149
3076.306641	106.835770
3075.581055	99.925568
3074.854492	86.127579
3074.128906	117.112892
3073.403320	92.985039
3072.676758	99.855217
3071.951172	72.296204
3071.224609	110.146217
3070.498047	92.919464
3069.771484	72.257935
3069.044922	86.006157
3068.318359	116.947701
3067.590820	85.975746
3066.864258	82.522118
3066.136719	68.756256
3065.409180	120.302139
3064.682617	75.605087
3063.954102	96.207596
3063.226563	92.755157
3062.499023	89.303925
3061.771484	68.683128
3061.042969	106.439941
3060.314453	116.719826
3059.585938	102.969772
3058.857422	106.383163
3058.128906	106.364227
3057.400391	96.053802
3056.671875	89.176926
3055.942383	106.307381
3055.212891	109.717079
3054.484375	109.697502
3053.754883	99.395615
3053.025391	92.524216
3052.295898	99.360100
3051.565430	95.916740
3050.835938	89.049614
3050.105469	102.731163
3049.375000	92.441490
3048.645508	92.424934
3047.915039	112.943565
3047.184570	95.813721
3046.453125	102.639145
3045.722656	116.303490
3044.991211	102.602295
3044.260742	129.939560
3043.529297	129.916214
3042.797852	99.128754
3042.066406	99.110924
3041.334961	82.008072
3040.602539	105.908020
3039.871094	99.057404
3039.138672	109.285019
3038.407227	92.192612
3037.674805	105.831688
3036.942383	122.879135
3036.209961	78.491943
3035.476563	112.598526
3034.744141	112.578186
3034.010742	119.379517
3033.278320	115.947701
3032.544922	115.926720
3031.811523	105.678764
3031.078125	112.476372
3030.344727	105.640480
3029.610352	102.214195
3028.876953	109.008705
3028.142578	115.800735
3027.408203	112.374435
3026.673828	108.949364
3025.939453	102.121475
3025.205078	108.909775
3024.470703	125.904037
3023.735352	136.087723
3023.000977	122.456657
3022.265625	119.033417
3021.530273	122.412071
3020.794922	118.990059
3020.059570	118.968369
3019.324219	135.939056
3018.587891	135.914261
3017.852539	122.300514
3017.116211	135.864655
3016.379883	139.235840
3015.643555	129.024277
3014.907227	132.395447
3014.170898	145.947769
3013.434570	162.888641
3012.697266	149.287262
3011.959961	156.044464
3011.223633	145.840942
3010.486328	162.769363
3009.749023	152.568298
3009.010742	162.709686
3008.273438	149.123184
3007.536133	189.758301
3006.797852	159.232193
3006.059570	152.428360
3005.321289	135.466980
3004.583008	162.530502
3003.844727	165.886047
3003.106445	192.933975
3002.367188	172.593369
3001.628906	206.397202
3000.889648	179.295700
3000.150391	186.027298
2999.411133	182.611313
2998.671875	182.577652
2997.932617	179.163528
2997.192383	168.991013
2996.453125	195.993393
2995.712891	195.957199
2994.972656	192.543045
2994.232422	192.507477
2993.492188	209.355377
2992.751953	172.179840
2992.010742	192.400696
2991.270508	188.990265
2990.529297	209.200485
2989.788086	192.293854
2989.046875	172.020523
2988.305664	229.318176
2987.564453	229.275665
2986.822266	198.893463
2986.081055	235.931519
2985.338867	188.710175
2984.596680	245.951523
2983.854492	242.537262
2983.112305	269.435791
2982.370117	259.283722
2981.627930	252.502136
2980.884766	286.115845
2980.141602	252.408188
2979.399414	292.739014
2978.656250	289.320313
2977.913086	299.357117
2977.168945	363.197113
2976.425781	272.347076
2975.681641	292.466370
2974.938477	339.466614
2974.194336	342.763702
2973.450195	369.578125
2972.706055	359.431610
2971.961914	386.232819
2971.216797	416.381927
2970.472656	396.160370
2969.727539	446.436249
2968.982422	399.368256
2968.237305	506.666565
2967.492188	462.959625
2966.747070	523.247681
2966.001953	566.745483
2965.255859	549.874817
2964.509766	512.896851
2963.764648	559.723633
2963.018555	546.214600
2962.272461	539.411377
2961.525391	579.507202
2960.779297	619.587891
2960.032227	582.638062
2959.286133	662.877441
2958.539063	585.766418
2957.791992	615.775818
2957.044922	695.963501
2956.297852	682.451172
2955.549805	635.496704
2954.802734	705.603027
2954.054688	708.813599
2953.306641	695.308777
2952.558594	678.466797
2951.810547	731.804077
2951.062500	671.529175
2950.314453	708.145996
2949.565430	761.447327
2948.816406	707.878845
2948.067383	691.053101
2947.319336	710.949402
2946.569336	684.117798
2945.820313	690.661621
2945.071289	670.515747
2944.321289	670.388977
2943.571289	640.250488
2942.822266	726.813538
2942.072266	626.674744
2941.321289	643.219849
2940.571289	556.463074
2939.821289	616.324402
2939.070313	542.928894
2938.320313	539.495789
2937.569336	569.359802
2936.818359	542.620178
2936.066406	475.950745
2935.315430	529.103577
2934.564453	598.871460
2933.812500	488.985535
2933.060547	485.566864
2932.309570	495.450134
2931.556641	475.408752
2930.804688	455.374969
2930.052734	501.814209
2929.299805	508.364044
2928.547852	428.539124
2927.794922	455.028595
2927.041992	408.451569
2926.289063	431.614563
2925.536133	355.184326
2924.783203	404.899384
2924.029297	381.594696
2923.275391	325.123047
2922.522461	338.328857
2921.768555	348.213287
2921.014648	344.831146
2920.259766	367.970703
2919.505859	324.813019
2918.750977	324.750977
2917.997070	291.557434
2917.242188	288.189209
2916.487305	288.134125
2915.732422	324.502838
2914.977539	268.160217
2914.221680	281.348877
2913.466797	274.676331
2912.710938	304.402252
2911.955078	281.187378
2911.199219	307.593140
2910.443359	294.306946
2909.687500	257.882507
2908.930664	257.833069
2908.174805	287.527924
2907.417969	247.821350
2906.661133	284.113983
2905.904297	274.150421
2905.147461	241.073959
2904.389648	247.631180
2903.632813	300.401459
2902.875000	264.038483
2902.117188	270.587433
2901.359375	263.937012
2900.601563	244.094788
2899.843750	230.856079
2899.085938	247.298218
2898.327148	270.327362
2897.568359	296.643677
2896.810547	240.564651
2896.051758	273.466034
2895.291992	253.648544
2894.533203	227.251663
2893.774414	273.308014
2893.014648	230.456299
2892.254883	250.161453
2891.496094	256.695129
2890.736328	259.935944
2889.975586	213.830063
2889.215820	223.655975
2888.455078	233.478058
2887.695313	233.432968
2886.934570	203.803497
2886.173828	276.067505
2885.413086	223.440018
2884.652344	249.678802
2883.890625	236.492065
2883.129883	259.434174
2882.368164	183.867111
2881.606445	219.941299
2880.844727	242.873215
2880.083008	232.981873
2879.321289	203.409561
2878.558594	203.370148
2877.796875	226.287430
2877.034180	216.406891
2876.271484	216.364929
2875.508789	219.600586
2874.746094	203.173065
2873.983398	232.620789
2873.219727	209.645645
2872.456055	219.430176
2871.693359	222.662003
2870.929688	196.428314
2870.165039	202.936478
2869.401367	202.897034
2868.637695	242.120361
2867.873047	193.004379
2867.109375	202.778702
2866.344727	219.089203
2865.580078	222.315918
2864.814453	179.779343
2864.049805	228.765533
2863.285156	222.186096
2862.519531	215.609192
2861.753906	251.495056
2860.988281	235.118378
2860.222656	199.158676
2859.457031	212.176880
2858.690430	212.135498
2857.924805	231.672028
2857.158203	228.364471
2856.391602	238.105042
2855.625000	195.664566
2854.858398	211.928543
2854.091797	234.705765
2853.324219	202.068253
2852.557617	221.579941
2851.790039	254.115540
2851.022461	254.065842
2850.254883	240.989685
2849.487305	221.406662
2848.718750	201.831268
2847.951172	195.282364
2847.182617	224.530746
2846.414063	230.993637
2845.645508	234.201187
2844.876953	221.146667
2844.108398	234.109406
2843.338867	214.558228
2842.570313	230.767380
2841.800781	217.723694
2841.031250	211.183044
2840.261719	224.134933
2839.491211	253.320190
2838.721680	237.035172
2837.951172	214.263687
2837.181641	253.170990
2836.411133	240.140671
2835.640625	233.604462
2834.870117	201.119858
2834.098633	191.350616
2833.328125	252.922256
2832.556641	201.001221
2831.785156	259.305389
2831.013672	200.922119
2830.242188	233.282974
2829.470703	233.237045
2828.699219	233.191101
2827.926758	216.954529
2827.154297	258.999146
2826.381836	213.632172
2825.609375	242.715973
2824.836914	226.490234
2824.064453	262.029846
2823.291016	249.040970
2822.518555	245.758163
2821.745117	210.146408
2820.971680	239.196365
2820.198242	219.758652
2819.423828	232.639664
2818.650391	226.132767
2817.875977	235.777557
2817.102539	216.355804
2816.328125	209.855911
2815.553711	235.637711
2814.778320	200.091064
2814.003906	245.224380
2813.228516	238.723846
2812.454102	196.746918
2811.678711	245.078751
2810.903320	238.582047
2810.127930	254.651993
2809.351563	238.487503
2808.576172	254.551041
2807.799805	219.063782
2807.023438	244.787430
2806.247070	260.840118
2805.470703	238.251083
2804.694336	241.422775
2803.916992	234.938171
2803.140625	225.238449
2802.363281	199.457291
2801.585938	209.066895
2800.808594	250.830414
2800.031250	253.995697
2799.252930	218.585739
2798.475586	215.328400
2797.697266	273.123474
2796.918945	247.368515
2796.140625	221.623764
2795.362305	253.692642
2794.583984	247.220795
2793.804688	250.381577
2793.026367	253.541077
2792.247070	221.403137
2791.467773	256.648132
2790.688477	266.219330
2789.908203	256.545776
2789.128906	275.731689
2788.348633	269.265594
2787.569336	230.753021
2786.789063	230.706955
2786.007813	246.679001
2785.227539	217.802872
2784.447266	217.759354
2783.666016	243.329468
2782.884766	236.878708
2782.104492	249.633041
2781.323242	262.382263
2780.541016	262.329773
2779.759766	239.887756
2778.977539	262.224792
2778.196289	262.172272
2777.414063	252.530045
2776.631836	236.499741
2775.849609	230.061752
2775.066406	255.572952
2774.284180	271.491821
2773.500977	261.857239
2772.717773	242.648285
2771.934570	284.096924
2771.151367	239.359467
2770.368164	258.456360
2769.583984	239.263382
2768.800781	283.868866
2768.016602	235.978394
2767.232422	251.872269
2766.448242	277.322571
2765.664063	245.397079
2764.878906	280.397400
2764.094727	251.669769
2763.309570	264.359344
2762.524414	242.015274
2761.739258	241.966553
2760.954102	299.214172
2760.167969	248.234100
2759.382813	257.729645
2758.596680	270.402527
2757.810547	270.348022
2757.024414	263.933685
2756.238281	282.956146
2755.452148	286.077728
2754.665039	270.130005
2753.877930	251.011337
2753.090820	270.020966
2752.303711	260.438202
2751.516602	269.911926
2750.729492	298.430511
2749.941406	269.802856
2749.154297	285.615875
2748.366211	260.175171
2747.578125	279.155914
2746.790039	225.182495
2746.000977	231.478821
2745.212891	278.986481
2744.423828	288.438965
2743.634766	269.366455
2742.845703	262.975128
2742.056641	262.921844
2741.267578	259.701477
2740.477539	262.815277
2739.688477	253.264542
2738.898438	246.882843
2738.108398	313.287720
2737.318359	278.421448
2736.528320	268.875214
2735.737305	271.983215
2734.946289	265.604065
2734.156250	303.485809
2733.365234	268.656799
2732.574219	284.402313
2731.782227	281.185089
2730.991211	246.381744
2730.199219	268.438293
2729.407227	249.438934
2728.616211	293.583527
2727.823242	299.836090
2727.031250	268.219727
2726.239258	252.390671
2725.446289	274.418915
2724.653320	264.902191
2723.860352	293.224762
2723.067383	252.184891
2722.274414	289.953461
2721.481445	264.686066
2720.687500	296.135864
2719.893555	267.727753
2719.099609	296.014893
2718.305664	292.805969
2717.511719	267.563660
2716.717773	251.773132
2715.922852	270.600769
2715.127930	270.545410
2714.333008	292.506683
2713.538086	264.145508
2712.743164	264.091431
2711.947266	289.183746
2711.152344	273.411224
2710.356445	276.497223
2709.560547	276.440521
2708.764648	241.835876
2707.968750	257.486664
2707.171875	248.015533
2706.375977	266.797394
2705.579102	304.400421
2704.782227	282.375366
2703.985352	269.769928
2703.188477	288.531799
2702.390625	291.608063
2701.593750	272.738556
2700.795898	269.548187
2699.998047	256.958191
2699.200195	297.634216
2698.402344	266.249481
2697.603516	291.248291
2696.804688	278.664063
2696.006836	284.867493
2695.208008	309.846893
2694.409180	247.200607
2693.609375	306.590668
2692.810547	268.993469
2692.010742	322.100128
2691.210938	256.376282
2690.411133	293.834106
2689.611328	284.397675
2688.811523	321.834137
2688.011719	290.528076
2687.210938	302.961243
2686.410156	287.285278
2685.609375	290.347870
2684.808594	333.987030
2684.007813	280.865540
2683.206055	287.047546
2682.404297	324.421326
2681.603516	296.285004
2680.801758	274.396606
2679.999023	305.514679
2679.197266	327.269287
2678.395508	299.155548
2677.592773	308.440155
2676.790039	277.227020
2675.987305	305.197845
2675.184570	283.339142
2674.380859	289.506195
2673.578125	305.007629
2672.774414	280.050812
2671.970703	317.324921
2671.166992	279.934326
2670.363281	301.644226
2669.559570	301.581421
2668.754883	292.193298
2667.950195	310.779175
2667.146484	313.821564
2666.340820	279.584686
2665.536133	326.114105
2664.731445	279.468079
2663.925781	273.200653
2663.120117	307.286591
2662.314453	341.358246
2661.508789	291.645233
2660.703125	303.992126
2659.897461	282.219391
2659.090820	306.965698
2658.284180	347.201691
2657.477539	328.532867
2656.670898	281.983337
2655.864258	306.708862
2655.090820	282.484009
2655.056641	297.352356
2654.285156	316.630402
2654.250000	266.322357
2653.479492	294.853333
2653.442383	334.381226
2652.673828	288.599335
2652.634766	346.693024
2651.868164	313.374481
2651.827148	315.672058
2651.062500	322.630463
2651.018555	293.946625
2650.256836	334.985138
2650.210938	278.417297
2649.450195	303.918762
2649.402344	327.844849
2648.644531	310.070923
2648.593750	330.868225
2647.837891	362.724121
2647.785156	299.882965
2647.031250	371.964325
2646.976563	324.547333
2646.224609	334.713470
2646.166992	327.569397
2645.417969	325.362946
2645.358398	327.500488
2644.610352	325.309937
2644.548828	308.897736
2643.803711	306.670807
2643.739258	327.362701
2642.997070	291.134888
2642.929688	376.696594
2642.189453	328.247437
2642.120117	348.834015
2641.381836	297.232117
2641.309570	354.933289
2640.574219	331.235779
2640.500000	339.429840
2639.766602	365.228241
2639.689453	342.443359
2638.958984	318.748657
2638.878906	339.286713
2638.150391	346.543640
2638.068359	348.466461
2637.342773	334.112244
2637.256836	286.730438
2636.534180	364.988556
2636.446289	305.164734
2635.725586	361.835938
2635.634766	360.573059
2634.916992	352.500061
2634.823242	338.928680
2634.108398	327.709198
2634.011719	363.501190
2633.299805	352.383850
2633.200195	366.504181
2632.491211	330.691681
2632.388672	354.109802
2631.681641	367.717834
2631.576172	354.034882
2630.873047	330.582397
2630.763672	317.024994
2630.063477	327.438660
2629.952148	326.189636
2629.253906	308.853241
2629.138672	347.656799
2628.444336	355.122345
2628.326172	329.127380
2627.634766	385.938507
2627.513672	338.283508
2626.825195	398.222412
2626.700195	316.689209
2626.014648	333.340118
2625.886719	341.214020
2625.205078	345.628540
2625.073242	350.361664
2624.394531	339.400116
2624.259766	362.578033
2623.583984	354.768280
2623.446289	387.077393
2622.773438	320.780426
2622.631836	334.781494
2621.962891	351.566040
2621.818359	383.842133
2621.152344	354.590698
2621.003906	349.989594
2620.341797	354.531433
2620.189453	371.401154
2619.530273	335.977936
2619.375000	386.666016
2618.718750	332.839844
2618.559570	377.379333
2617.908203	323.540070
2617.745117	368.096558
2617.096680	372.778900
2616.929688	349.617218
2616.284180	348.073914
2616.114258	325.013397
2615.472656	332.616547
2615.298828	340.271667
2614.661133	332.560638
2614.483398	355.523346
2613.848633	372.528412
2613.666992	333.998077
2613.037109	335.526947
2612.851563	349.244537
2612.224609	323.159546
2612.035156	333.855469
2611.412109	310.796295
2611.218750	401.153442
2610.599609	326.127197
2610.402344	336.774414
2609.787109	356.833649
2609.584961	370.372650
2608.973633	319.865723
2608.768555	376.414001
2608.161133	325.961853
2607.951172	354.916107
2607.347656	359.727173
2607.133789	339.545288
2606.535156	347.369934
2606.316406	351.705841
2605.721680	384.193604
2605.499023	327.169250
2604.908203	347.252106
2604.680664	342.384125
2604.093750	322.613068
2603.863281	320.916321
2603.280273	344.062134
2603.044922	348.348694
2602.466797	353.217987
2602.226563	336.053802
2601.652344	347.015991
2601.408203	348.199188
2600.837891	359.238525
2600.589844	329.802094
2600.023438	331.548279
2599.770508	323.625092
2599.208984	310.006134
2598.951172	360.184479
2598.394531	337.572784
2598.132813	384.521057
2597.580078	340.583435
2597.313477	363.080688
2596.764648	355.864166
2596.493164	356.901672
2595.950195	383.408691
2595.673828	341.575897
2595.134766	343.475372
2594.853516	371.993622
2594.319336	367.946259
2594.034180	350.574188
2593.503906	398.540100
2593.213867	313.924866
2592.688477	355.559357
2592.392578	374.800293
2591.872070	327.916534
2591.572266	368.626465
2591.056641	309.475464
2590.751953	301.538391
2590.240234	370.693970
2589.930664	353.241425
2589.423828	330.810394
2589.109375	353.165131
2588.608398	376.691406
2588.288086	371.352020
2587.791992	321.510406
2587.466797	365.185333
2586.974609	364.315582
2586.644531	352.936127
2586.158203	370.374603
2585.823242	343.734100
2585.340820	397.854401
2585.000977	349.742157
2584.524414	358.007050
2584.178711	364.869324
2583.707031	397.716797
2583.356445	355.670532
2582.889648	364.000824
2582.534180	373.829010
2582.072266	348.646271
2581.710938	352.477753
2581.254883	336.354736
2580.888672	331.135681
2580.437500	382.154999
2580.065430	376.623077
2579.619141	345.408142
2579.242188	318.845459
2578.800781	385.078461
2578.417969	394.675293
2577.983398	372.788910
2577.594727	352.095276
2577.165039	354.393372
2576.770508	330.776245
2576.346680	357.386261
2575.947266	324.636322
2575.527344	348.161865
2575.123047	382.198853
2574.708984	372.529327
2574.298828	400.311646
2573.889648	375.517334
2573.473633	382.032440
2573.071289	369.346893
2572.649414	348.604431
2572.251953	393.697723
2571.824219	375.804596
2571.432617	353.960876
2570.999023	360.572540
2570.613281	381.356659
2570.173828	363.523254
2569.793945	341.635773
2569.348633	381.616089
2568.973633	356.824860
2568.522461	381.532776
2568.154297	353.713074
2567.697266	372.367310
2567.333984	371.943329
2566.871094	408.606506
2566.513672	381.022614
2566.044922	332.865814
2565.693359	356.574524
2565.218750	381.199280
2564.873047	420.501190
2564.392578	378.091125
2564.052734	405.194397
2563.565430	390.104584
2563.231445	365.524597
2562.738281	408.159576
2562.411133	368.505737
2561.911133	356.683502
2561.589844	395.845520
2561.083984	347.539063
2560.768555	395.775726
2560.256836	359.548492
2559.947266	447.452087
2559.428711	362.490356
2559.125977	392.592712
2558.601563	395.631744
2558.304688	401.651825
2557.773438	398.564270
2557.482422	371.158051
2556.945313	407.532990
2556.660156	383.259399
2556.117188	374.244293
2555.838867	392.315186
2555.288086	374.161957
2555.016602	374.001740
2554.459961	380.113159
2554.194336	373.935455
2553.630859	389.077789
2553.371094	382.987915
2552.801758	367.884003
2552.548828	395.076172
2551.972656	352.729034
2551.726563	367.659485
2551.142578	361.693604
2550.903320	437.467438
2550.313477	379.694489
2550.080078	394.865692
2549.483398	355.508453
2549.256836	406.943024
2548.653320	379.526886
2548.433594	337.034607
2547.823242	391.488861
2547.610352	388.583313
2546.993164	388.391541
2546.786133	382.443573
2546.163086	391.315796
2545.962891	403.618469
2545.332031	406.276489
2545.138672	382.307190
2544.500977	400.169006
2544.314453	351.902527
2543.669922	409.104736
2543.490234	391.269989
2542.838867	396.984283
2542.666016	436.688446
2542.006836	363.821594
2541.841797	418.418274
2541.175781	387.789917
2541.016602	391.060150
2540.343750	378.687500
2540.192383	400.082916
2539.511719	426.680054
2539.367188	396.980865
2538.679688	390.535828
2538.541992	445.387238
2537.847656	366.421417
2537.716797	402.897156
2537.014648	369.342743
2536.891602	457.342499
2536.181641	450.317810
2536.065430	417.893616
2535.348633	426.205994
2535.240234	417.818542
2534.515625	378.098572
2534.414063	411.689178
2533.682617	408.015503
2533.587891	420.694885
2532.848633	398.926239
2532.761719	420.619171
2532.015625	413.831146
2531.935547	414.492462
2531.181641	407.742615
2531.109375	411.392822
2530.347656	362.690033
2530.282227	381.074646
2529.513672	371.599335
2529.456055	393.101349
2528.678711	377.508514
2528.628906	411.170288
2527.843750	425.350983
2527.801758	402.027740
2527.009766	416.271576
2526.974609	395.910675
2526.174805	404.202087
2526.147461	410.947449
2525.338867	413.091827
2525.319336	389.725250
2524.503906	412.999298
2524.492188	410.798767
2523.667969	377.001801
2523.664063	407.704376
2522.835938	437.825348
2522.833008	370.934448
2522.007813	434.727051
2521.997070	403.749329
2521.179688	443.703369
2521.160156	376.748108
2520.351563	401.373077
2520.324219	388.621094
2519.522461	425.438538
2519.488281	385.545044
2518.694336	422.344513
2518.651367	439.243256
2517.865234	410.202942
2517.814453	412.258057
2517.036133	416.159668
2516.977539	376.324799
2516.207031	431.159424
2516.139648	424.016571
2515.377930	379.833557
2515.302734	388.096741
2514.548828	367.708374
2514.464844	411.886749
2513.718750	418.870056
2513.626953	411.793854
2512.888672	367.574310
2512.789063	411.700928
2512.058594	412.692566
2511.951172	375.815979
2511.229492	403.581818
2511.112305	399.587036
2510.398438	421.575653
2510.274414	408.440674
2509.568359	406.445099
2509.435547	399.406372
2508.738281	379.279388
2508.596680	414.215851
2507.907227	406.296448
2507.757813	381.349823
2507.076172	424.276428
2506.917969	408.071045
2506.245117	415.173218
2506.078125	434.780060
2505.414063	415.097168
2505.239258	384.067902
2504.583008	418.028473
2504.399414	348.261627
2503.751953	432.986053
2503.558594	410.676880
2502.919922	438.919220
2502.718750	413.558838
2502.087891	417.798431
2501.877930	422.388550
2501.255859	402.695740
2501.037109	410.396942
2500.423828	393.607819
2500.196289	404.357147
2499.591797	414.564056
2499.355469	398.320038
2498.759766	441.519623
2498.514648	404.173035
2497.926758	414.411530
2497.672852	454.591064
2497.094727	417.337646
2496.831055	403.988800
2496.261719	414.258911
2495.989258	430.625092
2495.428711	471.207672
2495.147461	374.112946
2494.595703	393.100800
2494.305664	394.806824
2493.762695	456.032806
2493.462891	406.587769
2492.928711	416.953033
2492.620117	391.659241
2492.095703	440.868896
2491.777344	421.233978
2491.261719	404.804779
2490.934570	400.377258
2490.427734	413.723969
2490.091797	403.250641
2489.593750	431.632111
2489.248047	450.588623
2488.759766	392.592682
2488.404297	423.811829
2487.924805	443.457733
2487.560547	447.418915
2487.090820	425.400909
2486.716797	414.730255
2486.255859	389.379364
2485.873047	385.018188
2485.420898	440.216583
2485.028320	453.032654
2484.585938	404.205566
2484.184570	393.722137
2483.750977	392.156342
2483.339844	429.147186
2482.916016	404.055542
2482.494141	491.186432
2482.080078	445.874786
2481.649414	399.366821
2481.245117	412.881104
2480.803711	411.105133
2480.409180	445.709045
2479.958984	422.837952
2479.573242	436.653839
2479.113281	425.696625
2478.737305	430.592133
2478.267578	437.420502
2477.900391	430.511963
2477.420898	413.680542
2477.064453	436.410004
2476.575195	449.035065
2476.227539	376.557648
2475.728516	398.721771
2475.391602	394.415436
2474.881836	407.487946
2474.554688	430.191132
2474.035156	410.345703
2473.717773	451.019043
2473.187500	422.056396
2472.879883	453.921173
2472.340820	457.367645
2472.042969	435.921814
2471.493164	430.710876
2471.205078	465.692444
2470.645508	454.205994
2470.368164	438.743561
2469.797852	448.203094
2469.530273	456.566040
2468.949219	495.267212
2468.692383	417.694702
2468.101563	468.626038
2467.854492	486.224945
2467.252930	465.570343
2467.015625	486.133911
2466.404297	456.624054
2466.177734	450.260559
2465.555664	485.970428
2465.338867	447.194855
2464.707031	403.408661
2464.500000	456.053253
2463.857422	418.034088
2463.661133	423.185699
2463.007813	429.709351
2462.822266	452.902496
2462.158203	444.321655
2461.983398	464.733734
2461.308594	444.217804
2461.143555	491.452972
2460.458984	420.584717
2460.304688	452.647369
2459.608398	438.129089
2459.464844	488.290894
2458.757813	432.146973
2458.625000	473.314941
2457.907227	423.228485
2457.785156	413.700623
2457.056641	417.252472
2456.944336	490.991028
2456.205078	396.590637
2456.104492	458.171997
2455.354492	469.923035
2455.263672	428.339874
2454.502930	437.513031
2454.422852	455.025360
2453.651367	449.152771
2453.582031	481.700714
2452.799805	451.982117
2452.741211	454.853760
2451.947266	434.270233
2451.900391	496.380676
2451.095703	428.300842
2451.059570	463.597412
2450.243164	404.736938
2450.217773	436.768890
2449.390625	469.149567
2449.375977	484.216888
2448.537109	407.477539
2448.534180	463.334686
2447.692383	454.338501
2447.684570	430.827789
2446.850586	436.438721
2446.831055	427.795898
2446.008789	457.134979
2445.977539	456.988983
2445.166016	418.466431
2445.124023	486.168121
2444.323242	474.765594
2444.270508	439.204590
2443.480469	465.775482
2443.416016	427.391235
2442.637695	483.484161
2442.562500	418.510040
2441.794922	441.874115
2441.708008	424.262695
2440.952148	483.300781
2440.853516	450.489349
2440.108398	417.990662
2439.998047	421.136780
2439.264648	426.803040
2439.143555	423.960602
2438.421875	444.502045
2438.288086	382.935425
2437.577148	465.157074
2437.432617	432.526428
2436.733398	482.842010
2436.577148	435.345245
2435.889648	447.210297
2435.720703	473.215637
2435.044922	494.502716
2434.865234	446.819366
2434.201172	482.566498
2434.008789	420.435577
2433.356445	426.235260
2433.152344	437.849182
2432.511719	509.017395
2432.295898	417.316559
2431.666992	476.373169
2431.438477	417.216827
2430.821289	467.407562
2430.582031	475.455109
2429.976563	458.445282
2429.724609	414.101013
2429.130859	455.400696
2428.867188	469.396484
2428.285156	452.357239
2428.008789	422.647095
2427.439453	422.710693
2427.151367	448.772736
2426.593750	443.318146
2426.292969	445.751648
2425.747070	440.278564
2425.434570	413.604797
2424.901367	454.966064
2424.576172	422.241455
2424.054688	448.971558
2423.717773	439.607819
2423.208008	463.651672
2422.858398	424.949005
2422.361328	457.657715
2422.000000	389.927795
2421.514648	478.234589
2421.140625	442.199585
2420.667969	525.367004
2420.281250	474.086548
2419.820313	433.787415
2419.420898	441.986328
2418.973633	534.016846
2418.561523	418.622803
2418.125977	463.119202
2417.701172	424.334503
2417.278320	474.827362
2416.840820	453.288879
2416.430664	527.812378
2415.979492	427.034271
2415.582031	430.423584
2415.119141	447.260956
2414.734375	448.026215
2414.257813	432.634674
2413.885742	483.303864
2413.396484	423.821136
2413.037109	477.318207
2412.188477	483.118195
2411.339844	485.970581
2410.491211	462.319458
2409.641602	468.118805
2408.791992	456.254425
2407.942383	426.736481
2407.092773	494.330505
2406.243164	438.339630
2405.393555	476.492157
2404.542969	426.407684
2403.693359	470.428101
2402.842773	464.458130
2401.992188	490.819855
2401.141602	467.217316
2400.290039	452.437561
2399.439453	461.162170
2398.587891	484.567200
2397.736328	449.239105
2396.884766	437.409668
2396.033203	454.935486
2395.180664	451.912933
2394.329102	487.032623
2393.476563	486.938324
2392.624023	451.650452
2391.771484	475.020752
2390.918945	448.543732
2390.066406	483.629852
2389.212891	504.049683
2388.359375	471.722382
2387.505859	468.701447
2386.652344	448.108734
2385.798828	448.021698
2384.945313	450.862335
2384.090820	444.920471
2383.236328	479.952454
2382.381836	500.340881
2381.527344	526.572144
2380.672852	473.822723
2379.818359	529.291443
2378.962891	491.180359
2378.107422	488.161560
2377.251953	490.988983
2376.396484	493.815277
2375.541016	514.168884
2374.684570	502.385193
2373.829102	487.685822
2372.972656	449.634460
2372.116211	472.899750
2371.259766	464.051697
2370.403320	487.304993
2369.545898	501.796875
2368.688477	519.199890
2367.832031	481.186707
2366.974609	486.923981
2366.116211	463.507568
2365.258789	489.648010
2364.401367	477.896118
2363.542969	466.148804
2362.684570	471.883209
2361.826172	512.562744
2360.967773	445.492767
2360.108398	509.450623
2359.250000	486.066101
2358.390625	485.970734
2357.531250	442.233856
2356.671875	494.506531
2355.812500	459.509918
2354.953125	473.958252
2354.092773	476.772247
2353.232422	526.090332
2352.372070	520.174866
2351.511719	522.977966
2350.651367	476.397308
2349.790039	511.155029
2348.929688	482.017212
2348.068359	484.825439
2347.207031	473.119629
2346.345703	510.752441
2345.484375	493.243195
2344.622070	501.848511
2343.759766	490.148407
2342.897461	466.854004
2342.035156	516.047302
2341.172852	489.858276
2340.310547	515.843567
2339.447266	524.433960
2338.584961	518.536621
2337.721680	521.330444
2336.858398	495.166016
2335.994141	518.229187
2335.130859	494.970184
2334.266602	503.554199
2333.403320	512.134827
2332.539063	549.640381
2331.674805	529.285645
2330.809570	506.047241
2329.945313	520.402588
2329.080078	549.204956
2328.214844	502.856445
2327.349609	528.761353
2326.484375	491.101654
2325.619141	557.434204
2324.752930	545.772827
2323.887695	493.696411
2323.021484	583.081116
2322.155273	559.877563
2321.289063	571.307922
2320.421875	611.581848
2319.555664	602.807495
2318.688477	519.061157
2317.821289	547.788879
2316.954102	530.384705
2316.085938	547.570862
2315.218750	478.308807
2314.350586	547.352844
2313.483398	561.644958
2312.615234	521.217896
2311.746094	538.388489
2310.877930	546.916687
2310.008789	555.441467
2309.140625	555.330688
2308.271484	569.603821
2307.402344	503.337250
2306.533203	514.739319
2305.663086	503.136292
2304.793945	511.659271
2303.923828	520.178772
2303.053711	497.088104
2302.183594	519.970886
2301.312500	537.100037
2300.442383	545.607483
2299.571289	554.111511
2298.700195	522.425415
2297.829102	522.320862
2296.958008	556.648132
2296.086914	576.617859
2295.214844	544.952515
2294.343750	487.491364
2293.471680	524.664978
2292.599609	533.159119
2291.726563	564.576782
2290.854492	561.598267
2289.981445	518.514709
2289.108398	564.237061
2288.235352	549.805908
2287.362305	541.106506
2286.489258	543.860229
2285.615234	555.198364
2284.742188	557.948059
2283.868164	520.646851
2282.994141	537.702942
2282.119141	554.752075
2281.245117	574.653259
2280.370117	597.404785
2279.496094	540.128174
2278.621094	557.162903
2277.746094	568.477356
2276.870117	556.938477
2275.995117	573.959412
2275.119141	551.004211
2274.243164	533.766907
2273.367188	619.273071
2272.491211	564.937012
2271.614258	561.970398
2270.738281	556.152893
2269.861328	598.812988
2268.984375	550.226563
2268.107422	541.564392
2267.230469	567.102905
2266.352539	615.424500
2265.474609	638.089050
2264.597656	563.911072
2263.719727	549.559753
2262.840820	557.989258
2261.962891	563.569031
2261.083984	583.375122
2260.206055	566.186096
2259.327148	585.983521
2258.447266	540.360779
2257.568359	526.034180
2256.689453	537.299011
2255.809570	568.455139
2254.929688	545.606323
2254.049805	596.635925
2253.169922	570.949951
2252.289063	579.354065
2251.409180	539.484985
2250.528320	584.796570
2249.647461	536.427734
2248.766602	573.208435
2247.885742	550.395325
2247.003906	538.937439
2246.122070	618.234131
2245.240234	578.413391
2244.358398	629.321899
2243.476563	583.846558
2242.594727	552.557861
2241.711914	648.769287
2240.829102	557.997925
2239.946289	611.690430
2239.063477	563.433411
2238.180664	585.964600
2237.296875	585.845215
2236.413086	605.532959
2235.530273	636.528748
2234.645508	625.085205
2233.761719	593.851196
2232.877930	613.521057
2231.993164	525.767883
2231.108398	587.835510
2230.223633	627.273254
2229.338867	601.720398
2228.454102	601.597473
2227.568359	595.826904
2226.682617	581.588928
2225.796875	618.164734
2224.911133	609.572083
2224.025391	615.090454
2223.138672	572.650574
2222.252930	606.377747
2221.366211	645.730591
2220.479492	623.044739
2219.592773	603.186768
2218.705078	574.882690
2217.818359	588.852295
2216.930664	591.548523
2216.042969	639.304749
2215.155273	571.595825
2214.266602	568.663452
2213.378906	548.844727
2212.490234	554.360107
2211.601563	585.194092
2210.712891	607.576843
2209.824219	613.076660
2208.934570	598.892212
2208.044922	593.146973
2207.156250	587.403992
2206.266602	595.713135
2205.375977	606.828247
2204.486328	623.556335
2203.595703	567.263367
2202.706055	617.684509
2201.815430	625.978638
2200.923828	597.784729
2200.033203	631.332764
2199.141602	597.538574
2198.250977	577.782104
2197.359375	656.180359
2196.467773	571.936768
2195.575195	594.243164
2194.683594	627.750061
2193.791016	593.998047
2192.898438	557.458618
2192.005859	590.952209
2191.113281	604.830994
2190.220703	590.708252
2189.327148	643.767029
2188.433594	632.440430
2187.540039	607.129272
2186.646484	618.192810
2185.752930	573.318176
2184.858398	564.811340
2183.963867	606.627319
2183.069336	589.732178
2182.174805	567.255249
2181.280273	606.250793
2180.384766	628.470886
2179.490234	544.561951
2178.594727	586.329895
2177.699219	678.326843
2176.803711	608.414001
2175.907227	627.820068
2175.010742	622.110413
2174.115234	588.511536
2173.218750	633.006653
2172.321289	588.267334
2171.424805	624.381653
2170.527344	649.333557
2169.630859	585.114685
2168.733398	607.278625
2167.834961	637.788574
2166.937500	648.794067
2166.039063	643.091309
2165.141602	651.307678
2164.243164	645.606628
2163.344727	603.739197
2162.445313	642.556335
2161.546875	622.955261
2160.647461	639.508362
2159.748047	625.475708
2158.848633	644.800598
2157.949219	639.108765
2157.048828	625.084778
2156.149414	627.731995
2155.249023	630.378113
2154.348633	602.482422
2153.448242	574.598328
2152.546875	605.006287
2151.645508	640.950806
2150.745117	668.557922
2149.843750	649.003662
2148.941406	651.640991
2148.040039	645.960083
2147.137695	643.053284
2146.236328	623.520386
2145.333984	570.748169
2144.430664	686.970520
2143.528320	578.817749
2142.625977	631.305359
2141.722656	600.721863
2140.819336	642.111877
2139.916016	669.648804
2139.011719	647.375977
2138.108398	627.878418
2137.204102	655.400818
2136.299805	685.676392
2135.395508	655.125916
2134.491211	605.242493
2133.585938	657.614014
2132.681641	668.526001
2131.776367	671.147522
2130.871094	662.722534
2129.964844	596.324951
2129.059570	626.561646
2128.153320	665.064331
2127.247070	675.960571
2126.340820	664.784668
2125.434570	661.886902
2124.528320	625.902954
2123.621094	634.041260
2122.713867	655.956726
2121.806641	669.596252
2120.899414	666.700256
2119.991211	691.349121
2119.083984	649.896423
2118.175781	674.538330
2117.267578	682.653992
2116.359375	641.229126
2115.450195	624.584900
2114.541992	687.723633
2113.632813	646.323730
2112.723633	714.930542
2111.814453	643.301514
2110.904297	687.142700
2109.995117	676.005493
2109.084961	656.630676
2108.174805	634.517151
2107.264648	661.845398
2106.353516	683.670654
2105.443359	650.584900
2104.532227	642.213623
2103.621094	664.028931
2102.709961	696.808350
2101.797852	759.744080
2100.886719	696.512939
2099.974609	663.466125
2099.062500	660.584351
2098.150391	709.771973
2097.238281	635.645325
2096.325195	646.467468
2095.412109	668.239685
2094.499023	690.002563
2093.585938	659.743164
2092.672852	695.183167
2091.758789	645.780884
2090.845703	670.265564
2089.931641	656.446960
2089.017578	694.591858
2088.102539	688.975952
2087.188477	721.630615
2086.273438	685.949646
2085.358398	721.323181
2084.443359	732.096252
2083.527344	718.284607
2082.612305	666.251221
2081.696289	685.218750
2080.780273	731.471924
2079.864258	739.502136
2078.948242	706.605774
2078.031250	700.999573
2077.114258	714.485046
2076.197266	687.067749
2075.280273	678.743286
2074.363281	684.048706
2073.445313	686.627075
2072.528320	705.549072
2071.610352	680.886169
2070.692383	710.692932
2069.773438	707.818359
2068.855469	666.839844
2067.936523	685.745422
2067.017578	666.554016
2066.098633	690.891479
2065.178711	726.096252
2064.259766	677.000671
2063.339844	685.010254
2062.419922	717.475708
2061.500000	714.604492
2060.580078	690.002075
2059.659180	708.865540
2058.738281	727.720764
2057.817383	781.860107
2056.896484	724.693542
2055.975586	740.819397
2055.053711	713.529541
2054.131836	718.800781
2053.209961	705.086609
2052.288086	715.779846
2051.366211	715.625610
2050.443359	753.412964
2049.520508	742.412354
2048.597656	742.252197
2047.674805	758.342163
2046.751953	739.223999
2045.828125	755.307556
2044.904297	768.677490
2043.980469	717.096863
2043.056641	725.058167
2042.131836	705.967407
2041.208008	686.884827
2040.283203	721.884094
2039.358398	778.492981
2038.433594	705.356506
2037.507813	718.713379
2036.582031	721.259033
2035.657227	685.992798
2034.730469	750.648254
2033.804688	734.287903
2032.878906	769.215637
2031.952148	725.874023
2031.101563	677.773560
2031.025391	712.227295
2030.175781	666.972351
2030.098633	690.494690
2029.250000	718.156616
2029.171875	730.794556
2028.324219	691.041321
2028.244141	711.763184
2027.397461	682.827576
2027.316406	781.691101
2026.470703	763.665894
2026.388672	757.267029
2025.544922	693.388184
2025.460938	727.464844
2024.618164	714.850891
2024.533203	711.144165
2023.690430	647.302185
2023.604492	727.148193
2022.763672	787.417053
2022.676758	767.378174
2021.836914	698.309265
2021.748047	802.206543
2020.909180	735.930359
2020.818359	742.821350
2019.981445	751.976440
2019.889648	729.205444
2019.053711	681.783386
2018.959961	766.709290
2018.125977	719.387695
2018.031250	755.783569
2017.198242	681.550415
2017.101563	699.148926
2016.269531	624.872131
2016.170898	763.518982
2015.341797	719.018494
2015.241211	806.358032
2014.413086	678.507874
2014.310547	714.814575
2013.484375	748.384277
2013.379883	714.658386
2012.555664	691.732849
2012.449219	797.771179
2011.625977	772.347168
2011.518555	730.458923
2010.697266	739.926636
2010.587891	775.942810
2009.767578	737.109070
2009.656250	783.825989
2008.838867	675.118652
2008.724609	807.808105
2007.909180	680.380737
2007.792969	772.750122
2006.979492	672.196960
2006.861328	764.533081
2006.048828	725.847351
2005.928711	750.955627
2005.119141	693.467529
2004.996094	788.330505
2004.188477	792.781128
2004.064453	731.860596
2003.258789	728.157593
2003.130859	822.827515
2002.328125	711.912659
2002.198242	739.578308
2001.397461	760.137085
2001.264648	755.490173
2000.465820	692.866882
2000.332031	795.501099
1999.535156	738.392639
1999.398438	789.970520
1998.603516	708.733643
1998.464844	800.505981
1997.672852	748.872314
1997.530273	781.593140
1996.741211	724.588928
1996.595703	802.830017
1995.808594	740.561768
1995.662109	786.600281
1994.876953	727.018982
1994.727539	823.875977
1993.945313	745.667847
1993.791992	807.648560
1993.012695	721.401489
1992.857422	842.229309
1992.080078	761.495117
1991.921875	826.004761
1991.148438	718.468262
1990.986328	780.389038
1990.214844	729.063965
1990.050781	785.560852
1989.282227	755.735291
1989.115234	758.673645
1988.349609	750.243835
1988.178711	790.555725
1987.416016	747.433167
1987.243164	779.700317
1986.482422	736.587830
1986.306641	848.938110
1985.549805	768.594666
1985.370117	814.053162
1984.615234	739.006287
1984.432617	784.520386
1983.681641	746.907410
1983.496094	792.350464
1982.748047	802.984680
1982.558594	768.169861
1981.813477	730.587158
1981.621094	794.666504
1980.878906	767.917603
1980.683594	706.510010
1979.944336	754.405945
1979.745117	775.656128
1979.009766	743.573730
1978.807617	810.127930
1978.075195	740.767883
1977.869141	783.305298
1977.140625	764.700745
1976.930664	836.405823
1976.205078	759.218628
1975.991211	766.979126
1975.269531	769.775330
1975.052734	740.183594
1974.333984	710.846863
1974.113281	785.272217
1973.398438	788.205200
1973.173828	777.113770
1972.462891	772.036682
1972.234375	763.637268
1971.526367	779.912170
1971.294922	782.088684
1970.590820	715.682434
1970.354492	819.148804
1969.654297	760.944580
1969.415039	810.989624
1968.717773	739.452942
1968.474609	856.001770
1967.781250	717.968811
1967.533203	757.472656
1966.843750	776.548767
1966.592773	789.190430
1965.907227	787.082336
1965.651367	828.863770
1964.969727	802.947205
1964.709961	794.150696
1964.032227	797.469360
1963.768555	844.426758
1963.094727	786.659973
1962.827148	854.857727
1962.157227	783.852905
1961.885742	820.161743
1961.219727	837.026123
1960.943359	827.939575
1960.281250	818.219482
1960.000977	825.101563
1959.343750	839.390381
1959.058594	830.222107
1958.405273	751.319214
1958.115234	853.903381
1957.466797	759.175476
1957.172852	803.338074
1956.528320	764.365479
1956.229492	832.315918
1955.588867	777.541931
1955.286133	784.427917
1954.650391	819.999146
1954.342773	831.943237
1953.710938	803.880188
1953.398438	863.543762
1952.771484	817.041992
1952.455078	865.998535
1951.832031	822.216248
1951.510742	841.974915
1950.892578	814.086487
1950.566406	868.257263
1949.952148	816.599182
1949.622070	854.829773
1949.012695	805.813660
1948.676758	833.470398
1948.072266	776.419067
1947.731445	857.091248
1947.131836	816.155701
1946.786133	804.003723
1946.191406	818.665771
1945.840820	851.417786
1945.250000	797.257019
1944.895508	827.434265
1944.309570	815.711548
1943.949219	808.747314
1943.368164	796.967468
1943.002930	840.273743
1942.426758	804.790833
1942.056641	882.352966
1941.485352	817.922363
1941.110352	813.483459
1940.543945	788.567261
1940.164063	821.221924
1939.602539	841.516113
1939.216797	805.196838
1938.660156	764.392639
1938.269531	892.115173
1937.718750	867.745850
1937.322266	849.693115
1936.776367	811.870789
1936.374023	838.948425
1935.833984	811.722534
1935.426758	822.933350
1934.891602	832.791809
1934.478516	867.576538
1933.948242	827.336060
1933.530273	870.016846
1933.005859	829.835876
1932.582031	861.912598
1932.062500	827.033203
1931.632813	859.082397
1931.119141	866.635559
1930.684570	856.253296
1930.175781	861.177124
1929.735352	895.569824
1929.231445	874.265564
1928.786133	816.363953
1928.288086	911.188293
1927.835938	850.405762
1927.343750	903.075989
1926.886719	876.535278
1926.399414	865.840332
1925.936523	852.651672
1925.455078	894.801819
1924.986328	899.816895
1924.510742	831.112610
1924.036133	891.721252
1923.566406	830.959534
1923.084961	920.447021
1922.621094	833.452271
1922.134766	865.023499
1921.676758	764.518372
1921.183594	835.911621
1920.731445	944.230835
1920.232422	822.581238
1919.786133	830.346619
1919.280273	825.021423
1918.839844	851.344604
1918.329102	851.102173
1917.894531	808.892212
1917.376953	879.797119
1916.948242	811.385559
1916.424805	879.596619
1916.002930	824.447693
1915.472656	895.146423
1915.056641	877.134399
1914.519531	863.448669
1914.109375	850.557068
1913.567383	858.003906
1913.163086	908.501160
1912.614258	860.431213
1912.216797	866.084534
1911.661133	852.366638
1911.269531	858.003723
1910.707031	875.770447
1910.322266	918.553345
1909.753906	880.813171
1909.375000	836.572632
1908.799805	830.815125
1908.427734	860.163940
1907.845703	854.207397
1907.479492	825.709229
1906.891602	914.264160
1906.532227	830.830566
1905.936523	898.340332
1905.583984	820.127563
1904.982422	898.134399
1904.635742	880.615845
1904.027344	869.131897
1903.687500	827.729919
1903.072266	882.018860
1902.739258	890.829651
1902.116211	900.133057
1901.790039	872.217590
1901.161133	858.069336
1900.840820	866.785400
1900.205078	899.719604
1899.891602	866.623352
1899.249023	868.134460
1898.942383	892.797424
1898.292969	896.691650
1897.993164	850.500244
1897.335938	870.348755
1897.043945	824.014587
1896.379883	862.309204
1896.093750	887.031616
1895.422852	846.435852
1895.143555	955.288086
1894.465820	859.300110
1894.193359	852.493896
1893.507813	911.327087
1893.243164	883.901794
1892.550781	885.010376
1892.292969	833.762634
1891.592773	918.736755
1891.342773	846.754272
1890.634766	884.601868
1890.391602	872.886841
1889.675781	952.227417
1889.440430	862.207886
1888.717773	910.275513
1888.489258	817.366394
1887.758789	863.127563
1887.538086	798.818604
1886.799805	826.429443
1886.585938	866.975220
1885.840820	891.398926
1885.634766	843.171387
1884.881836	885.980835
1884.682617	882.405457
1883.921875	867.539001
1883.730469	855.981750
1882.961914	872.547119
1882.778320	868.946167
1882.001953	887.968872
1881.825195	881.905579
1881.041992	882.555969
1880.873047	816.133240
1880.081055	845.911804
1879.919922	855.334778
1879.120117	882.146179
1878.966797	776.476013
1878.159180	871.534729
1878.013672	841.897278
1877.198242	837.519226
1877.060547	862.715637
1876.237305	951.741394
1876.106445	873.039063
1875.275391	917.722717
1875.153320	901.707092
1874.313477	901.913940
1874.199219	880.570068
1873.351563	914.696655
1873.245117	906.605286
1872.388672	914.483459
1872.291016	848.798584
1871.426758	903.880737
1871.335938	830.302490
1870.463867	919.250305
1870.381836	843.238342
1869.500977	887.881897
1869.426758	858.787476
1868.538086	895.461121
1868.471680	861.241699
1867.574219	895.251831
1867.516602	863.694946
1866.610352	900.231140
1866.561523	816.428711
1865.646484	954.488586
1865.605469	873.830750
1864.682617	933.520264
1864.650391	884.127075
1863.718750	899.599060
1863.694336	844.729431
1862.753906	886.428772
1862.738281	836.723816
1861.789063	919.907715
1861.781250	886.234924
1860.825195	888.679321
1860.824219	870.468933
1859.868164	961.680664
1859.858398	878.034851
1858.911133	888.339294
1858.893555	932.207397
1857.955078	911.679626
1857.927734	913.866394
1856.997070	919.340271
1856.961914	895.533813
1856.040039	864.327637
1855.996094	931.550110
1855.082031	874.604919
1855.029297	897.699463
1854.125000	869.216675
1854.062500	933.697998
1853.166992	892.537659
1853.095703	933.478027
1852.208984	928.895935
1852.128906	866.042725
1851.250000	920.891174
1851.161133	922.699463
1850.291992	970.271057
1850.194336	912.145752
1849.333008	930.968201
1849.226563	906.763672
1848.374023	904.716553
1848.258789	942.708130
1847.415039	967.104431
1847.290039	921.828064
1846.456055	888.730713
1846.322266	924.191589
1845.496094	953.703186
1845.353516	949.782166
1844.537109	885.782959
1844.383789	952.137634
1843.577148	914.264343
1843.415039	957.071472
1842.617188	942.734558
1842.446289	992.951965
1841.657227	945.156311
1841.476563	984.980957
1840.696289	986.625488
1840.506836	982.169373
1839.736328	960.407593
1839.536133	932.968201
1838.775391	1007.062012
1838.566406	945.629822
1837.814453	957.434509
1837.595703	984.045593
1836.853516	952.046814
1836.625000	976.085266
1835.892578	941.459656
1835.654297	970.703369
1834.930664	954.278381
1834.682617	975.620605
1833.968750	964.492310
1833.711914	995.976868
1833.006836	961.706177
1832.740234	972.582703
1832.044922	969.315796
1831.767578	956.916565
1831.083008	950.940308
1830.795898	954.116455
1830.121094	896.204163
1829.823242	930.748474
1829.158203	911.613281
1828.850586	992.218445
1828.195313	978.949951
1827.877930	997.121033
1827.232422	942.413147
1826.905273	922.373230
1826.269531	996.739075
1825.931641	947.839172
1825.305664	986.164429
1824.958008	929.635803
1824.342773	985.972534
1823.984375	924.278198
1823.378906	1024.692871
1823.010742	962.558960
1822.415039	1003.744080
1822.036133	1013.652161
1821.450195	928.347107
1821.062500	1021.105652
1820.486328	1005.945374
1820.086914	1028.555298
1819.521484	899.471558
1819.112305	953.941711
1818.557617	930.395569
1818.137695	969.094788
1817.592773	940.578430
1817.162109	997.055969
1816.626953	950.757202
1816.186523	996.815918
1815.662109	947.981323
1815.210938	924.842834
1814.697266	932.258362
1814.234375	975.845398
1813.731445	970.912537
1813.257813	1044.747803
1812.765625	978.488342
1812.281250	967.694458
1811.799805	936.887390
1811.304688	985.376770
1810.833008	972.930054
1810.328125	954.433044
1809.867188	983.087708
1809.350586	992.575073
1808.900391	985.481628
1808.373047	969.316833
1807.933594	1000.804749
1807.395508	997.208618
1806.966797	938.555176
1806.416992	1017.417725
1806.000000	997.826965
1805.439453	1024.838257
1805.032227	992.462036
1804.460938	1034.810059
1804.065430	1012.939331
1803.482422	1006.459839
1803.097656	937.818176
1802.502930	1006.215515
1802.129883	1009.958191
1801.524414	1000.864563
1801.161133	1043.332153
1800.544922	964.884827
1800.193359	994.068909
1799.564453	967.202087
1799.224609	939.661987
1798.584961	1035.853516
1798.255859	983.353638
1797.604492	1099.369751
1797.287109	980.579468
1796.625000	986.896545
1796.318359	998.445984
1795.643555	984.106384
1795.348633	982.772400
1794.663086	1019.550537
1794.379883	1070.262817
1793.681641	1039.687622
1793.410156	1044.267212
1792.701172	1016.505005
1792.440430	1054.372803
1791.719727	1031.538574
1791.470703	1015.503296
1790.737305	1036.379028
1790.500000	1020.456543
1789.755859	1053.945679
1789.530273	1064.053711
1788.773438	1063.868042
1788.559570	1007.173706
1787.791016	1061.062866
1787.588867	1040.454468
1786.807617	1035.363770
1786.617188	1086.596313
1785.825195	979.157837
1785.646484	1032.319580
1784.841797	1024.684937
1784.674805	1034.689087
1783.858398	1077.815552
1783.704102	1065.364258
1782.875000	1059.760864
1782.732422	1041.997559
1781.890625	1092.530151
1781.759766	1039.218750
1780.906250	1104.961914
1780.788086	1077.589844
1779.921875	1074.215454
1779.815430	1077.375977
1778.937500	1073.950684
1778.843750	1046.312622
1777.952148	1002.614441
1777.871094	1092.369995
1776.966797	1053.119751
1776.897461	1097.292603
1775.981445	1161.951172
1775.924805	1086.797485
1774.996094	1042.453979
1774.951172	1073.737671
1774.009766	1120.804565
1773.978516	1114.615967
1773.024414	1041.938232
1773.004883	1091.284668
1772.038086	1092.370361
1772.030273	1088.500244
1771.056641	1106.250488
1771.050781	1099.701294
1770.082031	1118.861206
1770.064453	1091.828857
1769.108398	1100.678467
1769.077148	1083.960205
1768.133789	1074.807373
1768.089844	1129.266846
1767.159180	1087.416382
1767.102539	1085.953247
1766.183594	1128.225830
1766.114258	997.107666
1765.208984	1125.437134
1765.125977	1077.822876
1764.233398	1112.396851
1764.137695	1072.495605
1763.257813	1045.546753
1763.149414	1062.113159
1762.282227	1065.834717
1762.160156	1074.489502
1761.305664	1162.962158
1761.170898	1150.048828
1760.330078	1085.897339
1760.181641	1061.318604
1759.353516	1062.635010
1759.192383	1098.948242
1758.376953	1098.263184
1758.202148	1096.147949
1757.400391	1146.674805
1757.212891	1116.074219
1756.422852	1097.823608
1756.221680	1153.661255
1755.446289	1031.082275
1755.231445	1054.944580
1754.468750	1115.289917
1754.240234	1102.620239
1753.491211	1099.721436
1753.250000	1064.505859
1752.513672	1091.830078
1751.535156	1163.192139
1750.557617	1178.294434
1749.579102	1116.727417
1748.600586	1182.931274
1747.622070	1136.714233
1746.643555	1105.839111
1745.664063	1192.432007
1744.684570	1128.370483
1743.705078	1100.067505
1742.725586	1173.849731
1741.746094	1216.986206
1740.765625	1155.521484
1739.785156	1165.489990
1738.804688	1132.107910
1737.824219	1101.288330
1736.843750	1131.651489
1735.862305	1156.905762
1734.880859	1291.702393
1733.899414	1087.663940
1732.917969	1107.817993
1731.935547	1155.971924
1730.954102	1199.015015
1729.971680	1155.504883
1728.989258	1203.619629
1728.006836	1277.156128
1727.023438	1175.152954
1726.041016	1205.432495
1725.057617	1240.784668
1724.074219	1258.328003
1723.090820	1143.702881
1722.106445	1179.045776
1721.122070	1257.563232
1720.138672	1203.967896
1719.153320	1213.881714
1718.168945	1277.110107
1717.184570	1236.235352
1716.199219	1208.066895
1715.213867	1235.733398
1714.228516	1268.462280
1713.243164	1263.131714
1712.256836	1278.090332
1711.270508	1260.082764
1710.285156	1231.942993
1709.297852	1246.898315
1708.311523	1304.922607
1707.325195	1281.857056
1706.337891	1306.923950
1705.350586	1223.092407
1704.363281	1288.669067
1703.375000	1258.031372
1702.387695	1257.774780
1701.399414	1211.974243
1700.411133	1264.850708
1699.422852	1246.888184
1698.434570	1274.448975
1697.445313	1301.998291
1696.456055	1304.260010
1695.466797	1286.303589
1694.477539	1243.088379
1693.487305	1270.621094
1692.498047	1272.886719
1691.507813	1270.101196
1690.517578	1262.267578
1689.527344	1277.153320
1688.536133	1279.415161
1687.545898	1311.951904
1686.554688	1230.963989
1685.563477	1273.584839
1684.571289	1275.845093
1683.580078	1235.248779
1682.587891	1255.158447
1681.595703	1212.062866
1680.603516	1221.891479
1679.611328	1166.225952
1678.618164	1196.206299
1677.625000	1198.478271
1676.631836	1208.301147
1675.638672	1180.368164
1674.645508	1165.027832
1673.651367	1132.083496
1672.657227	1134.365723
1671.663086	1176.882202
1670.668945	1174.125732
1669.674805	1171.370239
1668.679688	1168.615723
1667.684570	1213.602295
1666.689453	1248.521729
1665.694336	1137.753906
1664.698242	1129.985962
1663.703125	1195.027466
1662.707031	1177.210571
1661.710938	1197.043701
1660.713867	1149.125366
1659.717773	1153.904907
1658.720703	1123.570923
1657.723633	1133.368530
1656.726563	1188.286743
1655.729492	1213.105103
1654.731445	1210.348267
1653.733398	1165.000977
1652.735352	1137.206421
1651.737305	1189.562134
1650.739258	1206.842529
1649.740234	1131.493408
1648.741211	1203.839722
1647.742188	1183.572144
1646.743164	1168.316284
1645.743164	1218.098511
1644.744141	1157.828735
1643.744141	1195.091431
1642.743164	1187.344360
1641.743164	1094.629150
1640.743164	1149.371826
1639.742188	1166.619873
1638.741211	1221.324585
1637.740234	1141.164307
1636.738281	1213.327148
1635.737305	1203.090698
1634.735352	1172.894165
1633.733398	1207.580200
1632.730469	1179.889526
1631.728516	1162.186157
1630.725586	1209.319580
1629.722656	1141.758789
1628.719727	1173.922119
1627.716797	1235.974609
1626.712891	1238.208252
1625.709961	1230.477539
1624.706055	1150.530518
1623.701172	1187.637573
1622.697266	1217.261108
1621.692383	1207.052002
1620.688477	1234.170654
1619.682617	1261.277832
1618.677734	1136.654053
1617.672852	1203.557007
1616.666992	1203.305542
1615.661133	1210.510864
1614.655273	1262.445435
1613.649414	1147.889282
1612.642578	1224.655884
1611.635742	1241.784546
1610.628906	1263.871948
1609.622070	1223.886841
1608.615234	1178.954346
1607.607422	1208.485229
1606.599609	1218.155762
1605.591797	1245.185303
1604.583984	1262.283813
1603.575195	1165.322021
1602.567383	1239.444214
1601.558594	1239.184204
1600.549805	1290.958862
1599.540039	1228.754639
1598.531250	1213.635742
1597.521484	1240.619873
1596.511719	1223.028809
1595.500977	1212.870850
1594.491211	1242.312500
1593.480469	1276.690186
1592.469727	1298.684814
1591.458984	1241.528809
1590.448242	1280.829834
1589.436523	1238.534058
1588.425781	1213.557251
1587.414063	1215.772827
1586.402344	1188.340454
1585.389648	1207.850342
1584.376953	1229.821533
1583.365234	1172.775146
1582.352539	1221.897461
1581.338867	1236.447510
1580.326172	1241.121460
1579.312500	1255.661011
1578.298828	1196.202515
1577.285156	1225.540405
1576.270508	1254.865845
1575.256836	1168.331543
1574.242188	1224.763794
1573.227539	1165.373901
1572.212891	1165.127563
1571.197266	1228.912720
1570.182617	1186.794800
1569.166992	1211.160767
1568.150391	1114.918091
1567.134766	1235.254761
1566.119141	1161.188843
1565.102539	1173.241089
1564.085938	1261.520264
1563.068359	1182.578247
1562.051758	1187.243774
1561.034180	1184.534546
1560.016602	1169.541138
1558.999023	1218.423096
1557.981445	1242.724365
1556.962891	1193.351440
1555.944336	1220.102417
1554.925781	1249.296265
1553.907227	1197.499268
1552.888672	1194.791504
1551.869141	1275.481567
1550.849609	1243.330200
1549.830078	1247.969482
1548.810547	1267.314453
1547.790039	1230.283447
1546.769531	1171.215820
1545.749023	1234.659302
1544.728516	1175.615723
1543.708008	1246.377075
1542.686523	1265.696899
1541.665039	1223.817383
1540.643555	1191.744141
1539.622070	1213.509521
1538.599609	1198.574341
1537.577148	1188.536621
1536.554688	1229.848511
1535.532227	1178.251587
1534.508789	1190.219971
1533.486328	1216.843994
1532.462891	1233.684814
1531.439453	1260.287964
1530.415039	1220.948364
1529.391602	1157.211792
1528.367188	1225.308350
1527.342773	1215.285034
1526.318359	1261.381592
1525.292969	1234.279541
1524.267578	1263.280762
1523.242188	1202.054321
1522.216797	1262.739990
1521.191406	1272.218506
1520.165039	1232.959229
1519.138672	1261.928955
1518.112305	1239.737793
1517.085938	1297.914795
1516.059570	1222.164307
1515.032227	1277.885864
1514.004883	1194.871216
1512.977539	1218.945068
1511.949219	1303.821045
1510.921875	1194.102173
1509.893555	1288.672607
1508.865234	1230.053345
1507.835938	1263.814941
1506.807617	1282.982544
1505.778320	1287.565552
1504.749023	1263.000366
1503.719727	1287.011963
1502.689453	1277.023926
1501.660156	1354.422241
1500.629883	1317.729370
1499.599609	1230.101318
1498.568359	1353.547852
1497.538086	1278.075439
1496.506836	1343.266235
1495.475586	1292.069702
1494.444336	1347.534546
1493.412109	1318.166870
1492.379883	1339.685913
1491.347656	1358.773438
1490.315430	1288.255737
1489.283203	1377.555176
1488.250000	1377.257813
1487.216797	1294.681641
1486.183594	1369.404785
1485.150391	1386.041504
1484.116211	1424.436401
1483.083008	1358.845947
1482.048828	1438.324829
1481.013672	1317.172241
1479.979492	1382.127686
1478.944336	1345.591919
1477.909180	1328.393921
1476.874023	1342.594849
1475.838867	1383.345825
1474.802734	1373.391479
1473.766602	1322.417358
1472.730469	1302.829712
1471.694336	1403.856567
1470.657227	1345.673828
1469.621094	1345.381958
1468.583984	1412.585815
1467.545898	1354.438477
1466.508789	1366.192139
1465.470703	1430.938232
1464.432617	1331.880493
1463.394531	1331.591309
1462.356445	1312.042603
1461.317383	1432.102295
1460.278320	1364.412598
1459.239258	1356.898438
1458.200195	1351.792725
1457.160156	1310.617065
1456.121094	1348.800293
1455.081055	1427.830688
1454.040039	1372.245605
1453.000000	1371.946777
1451.958984	1350.028320
1450.917969	1364.144165
1449.876953	1426.276489
1448.835938	1394.757568
1447.793945	1430.454834
1446.751953	1437.341553
1445.709961	1434.629028
1444.667969	1441.511475
1443.625000	1424.410889
1442.582031	1416.907471
1441.539063	1404.613281
1440.496094	1461.820801
1439.453125	1430.354614
1438.409180	1487.531128
1437.365234	1477.626465
1436.321289	1568.287964
1435.276367	1606.245850
1434.232422	1603.501221
1433.187500	1469.155640
1432.142578	1547.777832
1431.096680	1607.231812
1430.051758	1614.053345
1429.005859	1558.714355
1427.959961	1587.054443
1426.914063	1663.174438
1425.867188	1557.689575
1424.820313	1655.279297
1423.773438	1647.752075
1422.726563	1745.278809
1421.679688	1599.288818
1420.631836	1680.077759
1419.583984	1729.813721
1418.536133	1753.287964
1417.487305	1702.819824
1416.439453	1723.904907
1415.390625	1702.071167
1414.341797	1675.480225
1413.291992	1746.595825
1412.243164	1729.535522
1411.193359	1764.881104
1410.143555	1688.293091
1409.092773	1780.768921
1408.042969	1737.533325
1406.992188	1639.584473
1405.941406	1722.492676
1404.890625	1634.104370
1403.838867	1640.878296
1402.788086	1600.097778
1401.736328	1514.171387
1400.683594	1575.626465
1399.631836	1596.662354
1398.579102	1510.793213
1397.526367	1493.834839
1396.473633	1555.239380
1395.420898	1467.061890
1394.367188	1478.604248
1393.313477	1580.309204
1392.259766	1575.214966
1391.206055	1570.122803
1390.151367	1636.170532
1389.096680	1597.876465
1388.041992	1609.373657
1386.987305	1620.865479
1385.931641	1625.244507
1384.876953	1608.303833
1383.821289	1605.579102
1382.764648	1633.633911
1381.708984	1616.702026
1380.652344	1604.510498
1379.595703	1613.618408
1378.539063	1651.107788
1377.481445	1690.945313
1376.424805	1593.627808
1375.367188	1628.732178
1374.309570	1533.834839
1373.250977	1531.130737
1372.192383	1630.008057
1371.133789	1551.705688
1370.075195	1574.973145
1369.016602	1484.913818
1367.957031	1477.502319
1366.897461	1479.532837
1365.837891	1526.386597
1364.778320	1502.459839
1363.717773	1525.706055
1362.657227	1475.856079
1361.596680	1409.528809
1360.536133	1456.345093
1359.474609	1479.580078
1358.414063	1436.850708
1357.352539	1398.850220
1356.290039	1471.525269
1355.228516	1409.994629
1354.166016	1468.513916
1353.103516	1421.128174
1352.041016	1420.810181
1350.977539	1401.677734
1349.914063	1474.253662
1348.850586	1466.871216
1347.787109	1445.390503
1346.723633	1430.968384
1345.659180	1458.837646
1344.594727	1409.188965
1343.530273	1399.480347
1342.464844	1432.032593
1341.399414	1410.587524
1340.333984	1431.389648
1339.268555	1510.832642
1338.203125	1451.856079
1337.136719	1484.359131
1336.070313	1331.637329
1335.003906	1479.003906
1333.936523	1459.924194
1332.870117	1569.709595
1331.802734	1482.690308
1330.735352	1501.090698
1329.666992	1575.673218
1328.599609	1610.429199
1327.531250	1518.797974
1326.461914	1551.211060
1325.393555	1562.557007
1324.324219	1587.929321
1323.255859	1489.370728
1322.185547	1479.684082
1321.116211	1486.361084
1320.045898	1535.092163
1318.975586	1497.369385
1317.905273	1520.385498
1316.834961	1442.988892
1315.763672	1487.016113
1314.692383	1440.002075
1313.621094	1402.342529
1312.549805	1434.684448
1311.477539	1478.672974
1311.475586	1452.424927
1310.405273	1371.076782
1310.403320	1429.111450
1309.333008	1415.059448
1309.330078	1419.532593
1308.260742	1393.762207
1308.257813	1388.982422
1307.187500	1365.483887
1307.184570	1358.442749
1306.114258	1355.855469
1306.111328	1395.474365
1305.041016	1357.876831
1305.038086	1353.297729
1303.967773	1324.968262
1303.964844	1376.343384
1302.893555	1392.181030
1302.891602	1369.111206
1301.819336	1382.554565
1301.817383	1287.385132
1300.745117	1317.084229
1300.743164	1356.981201
1299.670898	1347.028931
1299.668945	1400.953125
1298.595703	1332.766846
1298.594727	1342.532227
1297.520508	1341.765259
1297.519531	1393.469360
1296.445313	1422.830811
1296.445313	1390.892090
1295.370117	1374.362549
1295.370117	1378.344116
1294.294922	1329.937988
1294.293945	1378.030151
1293.219727	1327.372803
1293.217773	1310.340454
1292.143555	1431.722656
1292.141602	1368.110962
1291.067383	1419.844238
1291.065430	1453.721924
1289.992188	1359.178833
1289.988281	1372.130493
1288.916016	1437.912842
1288.911133	1383.423218
1287.838867	1421.393921
1287.833984	1420.237915
1286.762695	1481.510620
1286.756836	1422.233643
1285.685547	1393.016724
1285.678711	1486.857300
1284.608398	1418.297119
1284.600586	1428.541016
1283.531250	1452.851440
1283.522461	1476.903687
1282.454102	1450.266113
1282.444336	1383.845947
1281.376953	1424.481323
1281.365234	1367.307129
1280.298828	1356.953369
1280.286133	1415.649902
1279.220703	1419.322510
1279.207031	1422.275024
1278.142578	1370.369507
1278.126953	1373.315918
1277.064453	1314.479248
1277.047852	1345.217163
1275.985352	1288.741699
1275.967773	1395.834839
1274.907227	1399.743286
1274.887695	1333.029053
1273.828125	1355.462769
1273.806641	1365.115967
1272.749023	1304.248535
1272.726563	1320.851440
1271.669922	1366.545654
1271.645508	1285.857910
1270.589844	1313.031860
1270.563477	1324.869507
1269.509766	1386.880615
1269.482422	1329.188477
1268.429688	1354.216431
1268.400391	1301.149780
1267.349609	1309.991821
1267.318359	1298.540161
1266.269531	1325.948364
1266.236328	1321.341919
1265.189453	1358.094116
1265.154297	1295.633423
1264.108398	1279.194702
1264.071289	1323.043091
1263.027344	1295.147339
1262.988281	1385.066528
1261.946289	1371.214722
1261.905273	1278.583496
1260.865234	1350.153564
1260.821289	1292.133301
1259.783203	1278.247437
1259.738281	1287.221802
1258.701172	1375.074341
1258.654297	1286.925049
1257.619141	1296.257935
1257.569336	1249.735718
1256.537109	1265.984619
1256.485352	1281.720825
1255.455078	1293.466309
1255.400391	1276.815552
1254.372070	1309.390991
1254.315430	1281.129150
1253.290039	1311.456055
1253.230469	1294.655151
1252.207031	1297.360840
1252.144531	1319.690430
1251.124023	1324.815308
1251.058594	1307.872314
1250.040039	1292.261597
1249.972656	1335.194580
1248.957031	1312.784790
1248.886719	1304.965942
1247.873047	1324.073242
1247.800781	1309.265869
1246.789063	1300.762329
1246.713867	1352.671509
1245.705078	1383.530762
1245.626953	1308.659546
1244.620117	1261.082642
1244.539063	1271.566040
1243.536133	1276.981323
1243.452148	1291.961060
1242.451172	1385.057495
1242.364258	1296.258057
1241.366211	1294.935425
1241.276367	1305.148560
1240.280273	1322.336792
1240.187500	1339.304688
1239.195313	1333.604614
1239.099609	1313.729736
1238.109375	1328.748047
1238.010742	1347.867554
1237.023438	1360.731812
1236.921875	1246.545166
1235.937500	1344.361572
1235.832031	1358.716797
1234.851563	1327.997192
1234.743164	1326.276489
1233.765625	1382.973633
1233.653320	1312.203613
1232.678711	1387.313843
1232.563477	1284.375854
1231.591797	1338.746582
1231.472656	1345.987671
1230.504883	1269.498901
1230.381836	1251.683350
1229.416992	1269.258789
1229.291016	1260.559326
1228.330078	1337.986938
1228.200195	1312.967529
1227.242188	1266.479614
1227.109375	1333.279053
1226.154297	1353.566406
1226.017578	1312.355103
1225.066406	1286.678101
1224.925781	1279.991821
1223.978516	1304.811401
1223.833984	1341.502808
1222.889648	1345.905396
1222.741211	1293.126343
1221.800781	1343.353271
1221.648438	1244.772339
1220.711914	1317.842896
1220.555664	1331.411987
1219.623047	1251.023804
1219.462891	1328.813599
1218.533203	1315.046021
1218.369141	1330.789185
1217.444336	1312.500854
1217.276367	1293.901001
1216.354492	1344.368530
1216.181641	1353.021240
1215.264648	1371.636475
1215.087891	1307.004883
1214.173828	1449.345581
1213.993164	1354.671753
1213.083984	1398.626343
1212.899414	1388.612671
1211.993164	1423.575195
1211.803711	1443.087769
1210.902344	1494.353394
1210.708984	1476.991577
1209.811523	1471.152100
1209.613281	1367.094727
1208.720703	1445.668457
1208.517578	1426.099365
1207.628906	1461.425659
1207.421875	1450.857788
1206.537109	1454.274780
1206.326172	1432.271240
1205.445313	1449.416016
1205.229492	1468.416870
1204.353516	1494.923950
1204.132813	1506.824829
1203.261719	1458.014526
1203.036133	1449.493286
1202.168945	1498.926025
1201.938477	1426.366577
1201.076172	1530.669434
1200.840820	1508.038696
1199.983398	1518.936890
1199.743164	1443.914185
1198.890625	1436.308105
1198.645508	1395.758301
1197.796875	1449.751099
1197.546875	1386.323486
1196.703125	1431.181519
1196.449219	1351.858521
1195.609375	1506.336304
1195.350586	1410.697632
1194.515625	1414.631348
1194.250977	1410.364502
1193.421875	1402.933350
1193.151367	1430.499390
1192.327148	1439.213379
1192.052734	1375.592285
1191.232422	1356.710083
1190.952148	1316.164551
1190.137695	1420.387573
1189.852539	1309.035278
1189.042969	1356.184448
1188.751953	1345.078979
1187.948242	1330.811768
1187.651367	1328.859497
1186.852539	1321.424561
1186.550781	1324.002686
1185.756836	1302.913574
1185.449219	1362.286987
1184.661133	1268.439941
1184.348633	1266.626465
1183.564453	1329.778320
1183.247070	1311.713989
1182.468750	1288.471069
1182.144531	1211.572754
1181.372070	1301.900513
1181.042969	1229.431641
1180.275391	1274.291870
1179.940430	1256.353027
1179.178711	1214.785767
1178.837891	1256.054321
1178.081055	1271.516602
1177.734375	1201.354736
1176.984375	1266.712036
1176.631836	1287.183350
1175.886719	1241.408813
1175.528320	1196.251831
1174.789063	1181.954712
1174.424805	1223.148071
1173.690430	1229.539185
1173.320313	1240.973145
1172.592773	1242.957642
1172.215820	1179.549072
1171.494141	1235.886353
1171.111328	1201.902588
1170.395508	1208.337402
1170.006836	1240.085693
1169.296875	1219.476440
1168.902344	1230.740234
1168.198242	1244.259033
1167.796875	1234.969971
1167.098633	1230.369629
1166.691406	1221.107178
1165.999023	1234.675781
1165.584961	1211.772217
1164.899414	1241.253418
1164.479492	1161.757446
1163.799805	1159.184814
1163.373047	1172.778076
1162.699219	1286.214966
1162.266602	1167.979004
1161.598633	1199.625366
1161.159180	1235.457520
1160.498047	1247.092407
1160.051758	1196.774536
1159.397461	1265.015869
1158.944336	1230.350586
1158.296875	1217.082397
1157.836914	1207.485718
1157.195313	1298.570801
1156.729492	1168.836548
1156.093750	1234.760864
1155.621094	1213.673950
1154.992188	1286.711792
1154.512695	1208.871826
1153.890625	1241.080078
1153.403320	1206.326660
1152.788086	1327.035522
1152.294922	1246.613525
1151.686523	1258.733643
1151.185547	1239.552612
1150.583984	1233.541748
1150.076172	1203.203369
1149.480469	1278.639526
1148.965820	1223.187500
1148.377930	1251.186646
1147.856445	1216.136719
1147.274414	1266.802246
1146.746094	1220.346802
1146.170898	1264.285400
1145.634766	1258.319946
1145.067383	1250.442993
1144.524414	1280.521240
1143.963867	1252.459717
1143.413086	1205.964478
1142.860352	1311.085449
1142.301758	1230.416626
1141.755859	1240.642700
1141.190430	1227.870483
1140.651367	1217.761230
1140.078125	1241.063599
1139.546875	1233.360474
1138.965820	1276.727783
1138.441406	1246.690674
1137.853516	1253.946777
1137.335938	1262.277588
1136.740234	1186.243042
1136.231445	1277.858032
1135.627930	1316.231323
1135.125000	1277.603516
1134.514648	1306.930054
1134.019531	1207.264160
1133.400391	1234.772095
1132.913086	1351.685425
1132.287109	1308.541016
1131.807617	1233.901245
1131.172852	1254.368652
1130.701172	1296.919312
1130.058594	1269.768066
1129.593750	1346.357910
1128.943359	1260.488159
1128.487305	1316.727905
1127.829102	1242.243408
1127.379883	1262.270508
1126.713867	1284.535034
1126.272461	1295.882568
1125.598633	1306.634766
1125.165039	1275.308472
1124.482422	1306.316772
1124.057617	1324.701172
1123.366211	1375.442871
1122.949219	1310.898071
1122.250000	1276.565918
1121.840820	1339.961060
1121.133789	1305.362305
1120.732422	1308.117065
1120.016602	1336.382935
1119.624023	1294.325073
1118.899414	1273.394287
1118.514648	1287.301758
1117.782227	1308.881836
1117.406250	1395.235962
1116.665039	1395.799683
1116.296875	1322.841553
1115.546875	1297.060791
1115.187500	1270.754028
1114.428711	1265.442993
1114.077148	1322.309570
1113.310547	1287.485596
1112.966797	1344.565430
1112.191406	1305.047852
1111.857422	1278.993896
1111.072266	1246.640991
1110.746094	1280.987549
1109.953125	1335.678589
1109.635742	1321.244507
1108.833984	1261.661255
1108.524414	1253.466431
1107.713867	1232.329468
1107.414063	1266.713135
1106.593750	1209.707764
1106.302734	1257.459595
1105.473633	1151.394653
1105.190430	1243.711426
1104.352539	1182.343506
1104.079102	1268.194458
1103.231445	1188.743774
1102.966797	1236.464478
1102.110352	1183.991943
1101.854492	1245.205078
1100.989258	1148.033569
1100.742188	1188.772949
1099.867188	1192.323730
1099.629883	1172.805054
1098.745117	1151.924316
1098.516602	1228.724976
1097.623047	1205.101440
1097.403320	1156.609009
1096.500000	1191.442383
1096.290039	1194.546143
1095.376953	1213.412842
1095.176758	1100.016724
1094.253906	1090.688965
1094.062500	1196.306030
1093.130859	1143.827881
1092.948242	1220.747437
1092.006836	1105.723633
1091.833984	1175.628174
1090.882813	1205.541382
1090.719727	1155.201294
1089.758789	1183.006104
1089.604492	1119.083984
1088.634766	1067.109741
1088.490234	1125.583008
1087.509766	1182.420288
1087.375000	1143.287964
1086.384766	1148.796631
1086.258789	1181.157104
1085.258789	1164.062256
1085.143555	1178.675659
1084.133789	1150.447754
1084.027344	1176.195190
1083.007813	1154.602905
1082.911133	1236.433105
1081.880859	1118.798706
1081.794922	1121.968628
1080.754883	1140.713623
1080.678711	1132.934692
1079.627930	1213.648193
1079.561523	1155.088867
1078.500977	1191.164429
1078.444336	1127.995972
1077.374023	1153.168213
1077.327148	1118.815063
1076.246094	1170.617554
1076.209961	1147.669678
1075.118164	1154.810181
1075.092773	1163.091919
1073.990234	1085.827026
1073.974609	1169.562866
1072.861328	1145.372437
1072.856445	1117.900024
1071.738281	1191.437500
1071.732422	1147.301392
1070.619141	1173.314331
1070.603516	1173.586548
1069.500000	1097.103394
1069.474609	1166.651978
1068.380859	1161.663574
1068.344727	1153.080933
1067.261719	1190.460938
1067.214844	1112.964722
1066.142578	1212.547241
1066.084961	1086.140869
1065.022461	1201.135376
1064.954102	1174.330566
1063.902344	1089.281860
1063.824219	1176.247192
1062.782227	1118.069946
1062.692383	1133.953857
1061.662109	1149.077148
1061.561523	1204.385498
1060.541016	1162.225464
1060.429688	1157.687256
1059.419922	1206.592407
1059.297852	1148.561279
1058.298828	1163.977051
1058.166016	1161.521851
1057.177734	1206.095703
1057.033203	1147.983765
1056.056641	1214.762939
1055.900391	1101.345581
1054.934570	1087.490234
1054.767578	1134.166504
1053.812500	1167.474121
1053.634766	1129.468750
1052.689453	1218.466919
1052.500977	1138.005737
1051.567383	1171.446777
1051.367188	1184.021118
1050.444336	1182.338135
1050.233398	1205.765503
1049.321289	1162.058472
1049.098633	1110.698975
1048.198242	1192.978271
1047.963867	1136.856812
1047.075195	1194.957031
1046.829102	1176.217041
1045.951172	1147.989502
1045.693359	1178.121460
1044.827148	1163.322266
1044.557617	1149.203247
1043.703125	1154.186157
1043.421875	1140.108154
1042.579102	1162.840820
1042.286133	1177.226318
1041.454102	1198.167114
1041.149414	1157.128906
1040.329102	1202.363892
1040.012695	1165.632446
1039.204102	1184.338501
1038.875977	1198.317749
1038.079102	1184.093018
1037.738281	1145.256714
1036.953125	1157.194214
1036.600586	1195.510986
1035.827148	1141.409546
1035.462891	1234.754028
1034.701172	1227.759644
1034.325195	1247.618774
1033.575195	1169.791992
1033.186523	1196.794067
1032.448242	1240.565308
1032.047852	1176.730469
1031.322266	1260.276611
1030.908203	1222.521851
1030.195313	1240.049683
1029.769531	1224.404175
1029.067383	1242.009644
1028.629883	1178.023560
1027.940430	1170.793945
1027.490234	1186.495117
1026.812500	1174.984131
1026.349609	1155.495483
1025.684570	1225.718750
1025.208984	1188.080322
1024.556641	1167.846680
1024.068359	1196.541992
1023.427734	1231.854736
1022.926758	1283.871826
1022.299805	1211.661987
1021.786133	1158.692993
1021.170898	1237.985107
1020.644531	1219.709839
1020.041992	1166.873047
1019.501953	1228.153687
1018.912109	1168.843140
1018.360352	1197.197021
1017.782227	1221.717285
1017.217773	1129.058350
1016.653320	1174.993408
1016.074219	1155.018433
1015.522461	1210.145264
1014.931641	1161.282227
1014.392578	1236.434692
1013.788086	1182.847290
1013.261719	1198.582275
1012.644531	1106.037964
1012.131836	1138.636108
1011.500000	1127.605713
1011.000000	1175.975952
1010.356445	1258.397949
1009.869141	1188.989990
1009.210938	1199.100952
1008.737305	1219.674683
1008.066406	1190.056885
1007.606445	1188.491943
1006.920898	1170.102051
1006.473633	1201.494629
1005.775391	1195.989014
1005.341797	1201.242798
1004.629883	1208.770874
1004.209961	1260.598877
1003.484375	1158.287231
1003.077148	1216.189575
1002.337891	1142.721680
1001.944336	1196.073364
1001.190430	1194.750244
1000.810547	1209.060059
1000.043945	1115.973389
999.677734	1233.070557
998.896484	1135.295288
998.543945	1210.757568
997.749023	1167.677856
997.410156	1173.019409
996.601563	1173.908081
996.276367	1168.363770
995.453125	1134.410034
995.141602	1128.446167
994.304688	1149.352295
994.006836	1216.349976
993.155273	1212.163818
992.872070	1251.343140
992.006836	1205.320801
991.737305	1226.850952
990.857422	1168.029785
990.602539	1239.805420
989.708008	1202.517456
989.466797	1193.308960
988.331055	1252.490234
987.195313	1217.014160
986.058594	1152.949097
984.921875	1256.097412
983.785156	1203.047729
982.648438	1180.804810
981.511719	1154.174316
980.374023	1224.265259
979.236328	1188.846436
978.098633	1239.126831
976.959961	1241.061279
975.822266	1229.818237
974.683594	1260.296875
973.544922	1299.543213
972.405273	1270.736694
971.265625	1257.302002
970.126953	1338.205322
968.986328	1337.921631
967.846680	1265.273804
966.706055	1238.696777
965.565430	1339.262085
964.424805	1295.148804
963.284180	1312.401611
962.142578	1290.217529
961.000977	1278.993042
959.859375	1254.635620
958.717773	1199.640747
957.575195	1302.252563
956.432617	1251.646973
955.290039	1159.495972
954.146484	1218.305176
953.003906	1141.507813
951.860352	1219.972412
950.716797	1191.296143
949.572266	1132.036377
948.428711	1166.753906
947.284180	1153.398193
946.138672	1179.359985
944.994141	1176.924683
943.848633	1185.405640
942.704102	1156.778564
941.557617	1154.349243
940.412109	1167.192505
939.265625	1223.654175
938.119141	1208.127319
936.972656	1122.838257
935.826172	1222.868896
934.678711	1187.737671
933.531250	1202.735352
932.383789	1209.012939
931.236328	1130.348145
930.087891	1223.737061
928.939453	1243.067627
927.791016	1155.739624
926.641602	1203.365112
925.493164	1163.946045
924.343750	1181.097168
923.194336	1187.367554
922.043945	1232.770630
920.893555	1186.857422
919.743164	1214.854736
918.592773	1214.593506
917.442383	1157.851685
916.291016	1205.383545
915.139648	1207.295532
913.988281	1183.155396
912.835938	1169.877808
911.684570	1200.005737
910.532227	1193.238525
909.378906	1219.010010
908.226563	1266.456177
907.073242	1281.359863
905.919922	1224.724487
904.766602	1215.791382
903.612305	1280.530518
902.458984	1241.261475
901.304688	1243.159180
900.149414	1242.890625
898.995117	1311.897095
897.839844	1289.969727
896.684570	1348.116333
895.529297	1326.190308
894.373047	1425.400269
893.216797	1474.829346
892.060547	1480.996216
890.904297	1493.644897
889.747070	1655.403931
888.590820	1605.350708
887.432617	1715.171143
886.275391	1701.841187
885.117188	1831.025757
883.959961	1916.979004
882.801758	1998.578125
881.642578	2002.459961
880.483398	2077.532715
879.325195	2146.101807
878.165039	2009.781250
877.005859	2022.280273
875.845703	1896.822754
874.685547	1915.805542
873.525391	1803.352661
872.365234	1738.338013
871.204102	1705.655762
870.042969	1604.087036
868.881836	1642.485840
867.719727	1568.953247
866.558594	1456.721558
865.396484	1432.740234
864.233398	1359.301025
863.071289	1290.194214
861.908203	1285.613159
860.745117	1250.942505
859.582031	1254.967407
858.417969	1252.545044
857.253906	1226.495850
856.089844	1299.243286
854.925781	1256.018677
853.760742	1247.157959
852.596680	1272.638550
851.430664	1242.321533
850.265625	1314.985352
849.099609	1261.080322
847.933594	1325.131226
846.767578	1305.547363
845.601563	1354.557129
844.434570	1367.117432
843.267578	1353.963867
842.100586	1289.410889
840.933594	1394.057251
839.765625	1376.624146
838.597656	1476.924438
837.429688	1498.000488
836.260742	1611.067017
835.091797	1756.169678
833.922852	1860.575195
832.753906	2026.940186
831.583984	2319.353516
830.414063	2579.580322
829.244141	2805.505127
828.074219	3155.232422
826.903320	3276.277832
825.733398	3333.210693
824.561523	3464.837158
823.390625	3525.971436
822.218750	3279.797363
821.046875	3238.540039
819.875000	2992.537109
818.703125	2870.326172
817.530273	2701.264648
816.357422	2476.856934
815.184570	2327.135498
814.010742	2124.214844
812.836914	1998.068237
811.663086	1882.625366
810.489258	1811.946411
809.314453	1741.298462
808.139648	1672.809814
806.964844	1640.523560
805.790039	1589.105591
804.614258	1522.822266
803.438477	1528.864868
802.262695	1609.311279
801.086914	1485.680054
799.910156	1532.100708
798.733398	1455.279907
797.556641	1491.066284
796.378906	1467.377075
795.201172	1413.975098
794.023438	1403.048828
792.845703	1445.180908
791.666992	1417.278931
790.489258	1402.116333
789.309570	1378.477417
788.130859	1401.494629
786.951172	1331.230591
785.771484	1417.827515
784.591797	1425.988281
783.412109	1304.923950
782.231445	1289.808838
781.050781	1403.864258
779.870117	1350.628052
778.688477	1371.492920
777.506836	1345.795776
776.325195	1288.376465
775.143555	1302.895508
773.960938	1347.012695
772.778320	1260.032959
771.595703	1308.367065
770.413086	1267.924927
769.229492	1295.108154
768.045898	1275.809326
766.862305	1328.320068
765.677734	1330.135376
764.494141	1386.832031
763.309570	1401.295532
762.124023	1417.862305
760.939453	1518.799438
759.753906	1550.095093
758.568359	1602.461792
757.381836	1659.020874
756.196289	1658.650513
755.009766	1628.780762
753.822266	1607.350708
752.635742	1560.656250
751.448242	1585.575562
750.260742	1467.329468
749.073242	1498.572388
747.884766	1502.445801
746.696289	1504.213501
745.507813	1508.083496
744.319336	1381.574707
743.129883	1433.824951
741.940430	1458.726807
740.750977	1380.646606
739.561523	1380.337280
738.371094	1432.540405
737.180664	1428.019165
735.990234	1459.192383
734.798828	1429.477905
733.607422	1448.044678
732.416016	1414.149414
731.224609	1382.366943
730.032227	1442.875366
728.839844	1383.842896
727.647461	1431.745972
726.454102	1410.466431
725.260742	1447.865234
724.067383	1470.583008
722.874023	1480.724243
721.679688	1409.198364
720.486328	1446.563232
719.291016	1446.237671
718.096680	1424.987183
716.901367	1458.138794
715.706055	1392.972290
714.510742	1332.017212
713.315430	1365.166870
712.119141	1400.391479
710.922852	1370.820557
709.725586	1383.046631
708.529297	1426.597778
707.332031	1409.569946
706.134766	1423.866333
704.936523	1477.815063
703.738281	1442.005127
702.540039	1487.579590
701.341797	1543.562744
700.143555	1520.274292
698.944336	1542.865234
697.745117	1561.276855
696.544922	1577.595825
695.345703	1527.234131
694.145508	1616.460571
692.944336	1584.855835
691.744141	1547.018799
690.542969	1546.668579
689.341797	1652.458618
688.140625	1562.613770
686.938477	1620.506470
685.736328	1613.899902
684.534180	1615.613403
683.331055	1629.798828
682.128906	1677.231323
680.925781	1666.461426
679.721680	1699.321777
678.518555	1707.243896
677.314453	1706.856201
676.110352	1708.544678
674.905273	1695.703369
673.701172	1728.518921
672.496094	1703.231201
671.290039	1721.510986
670.084961	1706.604004
668.878906	1664.752563
667.672852	1705.827759
666.466797	1663.995117
665.259766	1676.046875
664.052734	1681.879150
662.845703	1644.221558
661.637695	1662.479980
660.429688	1672.450562
659.221680	1603.779419
658.013672	1549.621826
656.804688	1574.089844
655.595703	1569.594971
654.386719	1596.114380
653.177734	1498.599609
651.967773	1498.257446
650.757813	1547.501587
649.547852	1522.360718
648.336914	1449.732788
647.125977	1519.600464
645.915039	1475.904907
644.703125	1471.440063
643.492188	1506.178955
642.280273	1476.955322
641.067383	1517.863770
639.855469	1507.207153
638.642578	1539.843994
637.429688	1463.238159
636.215820	1535.017944
635.001953	1516.126709
633.788086	1536.374146
632.574219	1571.025146
631.359375	1552.138062
630.144531	1549.723999
628.929688	1609.038696
627.714844	1616.897949
626.499023	1620.640137
625.283203	1581.200684
624.067383	1609.617432
622.850586	1592.805786
621.633789	1645.863647
620.416992	1624.942383
619.200195	1721.098267
617.982422	1622.141968
616.764648	1658.720459
615.546875	1699.386841
614.328125	1645.645630
613.109375	1671.935669
611.890625	1667.448730
610.670898	1654.761597
609.452148	1711.781372
608.232422	1627.354736
607.011719	1651.568726
605.791992	1761.813354
604.571289	1656.951416
603.350586	1703.665771
602.128906	1715.555786
600.907227	1698.785889
599.685547	1647.237183
598.463867	1671.406250
597.241211	1542.165405
596.018555	1590.885132
594.795898	1604.828003
593.573242	1608.544678
592.349609	1559.130493
591.125977	1575.113403
589.901367	1476.710083
588.677734	1482.494263
587.453125	1463.777222
586.227539	1481.807739
585.002930	1503.910889
583.777344	1530.083862
582.551758	1503.213867
581.325195	1568.118652
580.099609	1526.981079
578.873047	1487.900635
577.645508	1550.725464
576.418945	1576.850098
575.191406	1550.005493
573.963867	1539.463867
572.735352	1532.998657
571.507813	1559.102417
570.279297	1554.670166
569.049805	1578.721802
567.821289	1517.335815
566.591797	1470.212524
565.362305	1541.025879
564.131836	1491.886108
562.901367	1471.218018
561.670898	1466.812134
560.440430	1527.404053
559.208984	1512.833618
557.977539	1526.692139
556.746094	1443.118286
555.513672	1418.430908
554.281250	1531.710205
553.048828	1466.447754
551.816406	1484.355591
550.583008	1516.446289
549.349609	1455.286255
548.116211	1485.342041
546.881836	1450.554199
545.647461	1478.571289
544.413086	1460.000732
543.177734	1530.516357
541.943359	1467.413696
540.707031	1527.776489
539.471680	1472.795776
538.235352	1569.535522
536.999023	1494.349243
535.762695	1473.782471
534.525391	1447.161621
533.289063	1424.594482
532.050781	1519.211060
530.813477	1438.064453
529.575195	1403.399048
528.336914	1499.972168
527.098633	1459.253296
525.859375	1471.017578
524.620117	1474.706665
523.380859	1460.241577
522.140625	1478.046143
520.900391	1507.937866
519.660156	1515.644897
518.419922	1462.897827
517.178711	1518.960449
515.937500	1468.251099
514.696289	1552.475952
513.454102	1588.346069
512.211914	1469.225952
510.969727	1501.074097
509.726563	1615.386230
508.483398	1627.072388
507.240234	1572.398315
505.997070	1602.181030
504.752930	1627.929932
503.508789	1687.824707
502.263672	1675.372803
501.019531	1666.943237
499.774414	1650.485840
498.528320	1690.243652
497.283203	1613.579956
496.037109	1573.068726
494.791016	1616.828003
493.543945	1624.467041
492.297852	1718.318970
491.050781	1619.688110
489.802734	1693.455322
488.554688	1703.071777
487.306641	1712.683350
486.058594	1736.308838
484.810547	1705.863770
483.561523	1789.530518
482.311523	1789.105347
481.062500	1770.673340
479.812500	1732.246948
478.562500	1783.830078
477.312500	1887.371094
476.061523	1866.933350
474.810547	1874.482544
473.558594	2011.891724
472.307617	2041.373901
471.055664	2164.698730
469.803711	2138.228516
468.550781	2295.402832
467.297852	2348.734375
466.044922	2545.684082
464.791016	2634.832275
463.538086	2767.807617
462.284180	3040.272705
461.029297	3282.709961
459.774414	3479.199463
458.519531	3761.258789
457.264648	3750.400635
456.009766	3996.416992
454.753906	3909.857666
453.497070	3759.650146
452.241211	3527.931641
450.984375	3178.953125
449.727539	2941.517578
448.469727	2640.566895
447.211914	2502.768311
445.954102	2235.853027
444.696289	2130.008057
443.437500	1972.565552
442.178711	1910.525879
440.919922	1876.313110
439.660156	1838.146362
438.400391	1774.198364
437.140625	1738.058105
435.879883	1815.000610
434.620117	1749.120361
433.358398	1744.733887
432.097656	1635.294067
430.835938	1704.259399
429.574219	1687.998779
428.311523	1717.302856
427.049805	1691.145264
425.787109	1672.919067
424.523438	1690.328979
423.260742	1735.433838
421.997070	1632.140259
420.732422	1590.210449
419.468750	1585.871216
418.204102	1595.372314
416.938477	1585.104126
415.673828	1568.912720
414.408203	1542.851685
413.142578	1674.803223
411.875977	1567.772949
410.609375	1585.159424
409.342773	1655.823486
408.076172	1525.197876
406.808594	1550.471680
405.541016	1575.733032
404.273438	1571.407104
403.004883	1634.102783
401.736328	1712.533447
400.466797	1664.831909
399.198242	1650.638794
397.928711	1634.483154
396.658203	1732.524170
395.388672	1747.848633
394.118164	1808.425293
392.847656	1825.690552
391.576172	1811.477417
390.304688	1846.430542
389.033203	1838.116455
387.760742	1831.771484
386.489258	1864.728149
385.215820	1878.023926
383.943359	1881.492920
382.669922	1941.901489
381.396484	2006.206177
380.123047	2003.752808
378.848633	1964.021240
377.574219	1983.156128
376.298828	2057.192139
375.024414	2056.687988
373.749023	2113.027588
372.472656	2214.411621
371.197266	2239.337646
369.920898	2330.846436
368.643555	2330.274170
367.367188	2331.659424
366.089844	2407.419189
364.812500	2467.487305
363.534180	2482.530762
362.255859	2505.389648
360.977539	2579.075195
359.698242	2564.756104
358.418945	2634.481445
357.139648	2715.895020
355.860352	2697.644775
354.580078	2704.791016
353.299805	2864.223389
352.018555	2824.477051
350.737305	2796.458984
349.456055	2879.660645
348.174805	2982.325684
346.892578	3073.239258
345.610352	3115.368896
344.327148	3171.120605
343.043945	3314.530029
341.760742	3179.290527
340.477539	3353.787598
339.193359	3456.153809
337.909180	3463.083252
336.625000	3637.378418
335.339844	3620.910156
334.054688	3723.106201
332.768555	3704.678711
331.483398	3785.415527
330.197266	3800.023926
328.910156	3795.192139
327.624023	3873.901367
326.336914	3849.629150
325.048828	3858.379150
323.760742	3937.011963
322.472656	4165.049805
321.184570	4204.758301
319.895508	4304.582520
318.606445	4328.719727
317.317383	4548.673828
316.027344	4648.334961
314.737305	4866.159668
313.447266	5000.563965
312.156250	5318.912109
310.866211	5561.577637
309.574219	5780.888184
308.283203	6058.153320
306.991211	6312.058105
305.698242	6738.008301
304.406250	7059.305176
303.113281	7378.505371
301.819336	7610.555664
300.526367	7896.600586
299.232422	8313.883789
297.937500	8771.520508
296.643555	9053.190430
295.348633	9377.192383
294.052734	9926.859375
292.757813	10088.380859
291.461914	10811.214844
290.166016	11134.440430
288.869141	11417.007813
287.572266	12005.940430
286.275391	12588.791016
284.977539	12969.036133
283.679688	13680.405273
282.381836	14233.497070
281.083008	14861.393555
279.784180	15229.120117
278.485352	15814.105469
277.185547	16466.126953
275.885742	16769.687500
274.585938	17371.134766
273.285156	17853.085938
271.984375	18209.867188
270.683594	18704.804688
269.381836	18746.152344
268.080078	19284.865234
266.777344	19567.947266
265.475586	19651.261719
264.172852	19615.552734
262.869141	19957.798828
261.565430	19793.517578
260.261719	19838.324219
258.958008	19867.767578
257.653320	19810.949219
256.348633	19591.294922
255.043945	19400.482422
253.738281	18972.296875
252.432617	18779.818359
251.125977	18692.707031
249.819336	18081.318359
248.512695	17952.335938
247.206055	17515.488281
245.898438	17103.718750
244.590820	16816.412109
243.282227	16601.873047
241.973633	16163.895508
240.665039	15601.982422
239.356445	15162.572266
238.046875	15009.756836
236.736328	14675.695313
235.426758	14427.669922
234.116211	13800.141602
232.805664	13489.527344
231.494141	13167.629883
230.182617	12737.242188
228.871094	12638.667969
227.558594	12347.714844
226.246094	11925.483398
224.933594	11749.114258
223.620117	11626.138672
222.306641	11467.062500
220.992188	11231.956055
219.678711	10932.292969
218.363281	11013.135742
217.048828	10711.778320
215.733398	10670.981445
214.417969	10430.674805
213.102539	10217.086914
211.786133	10309.395508
210.468750	10078.856445
209.152344	9930.063477
207.834961	9866.747070
206.517578	9850.894531
205.199219	9804.699219
203.880859	9692.154297
202.562500	9467.811523
201.243164	9719.315430
199.923828	9855.099609
198.604492	9598.679688
197.284180	9687.074219
195.963867	9688.325195
194.642578	9685.788086
193.322266	9904.657227
192.000000	10008.005859
190.678711	10154.798828
189.356445	10159.697266
188.034180	10121.112305
186.710938	10237.515625
185.387695	10204.593750
184.064453	10447.464844
182.740234	10310.639648
181.416016	10387.215820
180.091797	10376.928711
178.766602	10393.061523
177.441406	10060.199219
176.116211	10100.919922
174.790039	10405.573242
173.463867	10108.777344
172.136719	9996.808594
170.809570	9935.762695
169.482422	9686.405273
168.155273	9783.633789
166.827148	9683.155273
165.498047	9733.281250
164.169922	9553.844727
162.840820	9801.470703
161.510742	9716.127930
160.180664	10050.050781
158.850586	9979.718750
157.520508	10311.510742
156.189453	10545.446289
154.858398	10871.271484
153.526367	11146.231445
152.194336	11505.502930
150.862305	11678.815430
149.529297	12185.945313
148.196289	12417.115234
146.863281	12595.661133
145.529297	12665.392578
144.195313	13179.201172
142.860352	13110.100586
141.526367	13400.632813
140.190430	13580.534180
138.855469	13458.959961
137.519531	13548.915039
136.183594	13651.915039
134.846680	13805.357422
133.509766	13738.067383
132.171875	13513.781250
130.834961	13369.975586
129.496094	13368.240234
128.158203	13181.583008
126.819336	13178.025391
125.480469	13069.922852
124.140625	13032.796875
122.800781	12734.467773
121.460938	12680.658203
120.120117	12638.063477
118.779297	12671.926758
117.437500	12659.172852
116.095703	12512.262695
114.753906	12624.362305
113.411133	12740.122070
112.068359	12772.034180
110.725586	12807.648438
109.381836	12819.049805
108.038086	12787.655273
106.694336	12213.217773
105.349609	11650.245117
104.003906	10940.733398
102.659180	10237.180664
101.313477	9195.898438
99.966797	8092.036133
98.621094	6921.932617
