#Wave		#Intensity
3199.956055	10.638624
3199.250977	21.277248
3198.545898	42.547901
3197.840820	10.635325
3197.134766	31.901022
3196.429688	7.088014
3195.724609	17.717279
3195.018555	42.514847
3194.312500	24.796461
3193.606445	49.585186
3192.901367	35.412457
3192.195313	14.162768
3191.488281	31.861244
3190.782227	63.712505
3190.076172	35.390289
3189.369141	28.307789
3188.663086	7.075836
3187.956055	60.135147
3187.249023	14.147220
3186.541992	31.826231
3185.834961	17.678453
3185.127930	31.816195
3184.420898	49.484039
3183.712891	70.680313
3183.005859	21.200739
3182.297852	38.861866
3181.590820	17.661684
3180.882813	35.317764
3180.174805	45.905804
3179.466797	28.245237
3178.757813	42.361115
3178.049805	28.236248
3177.341797	56.463497
3176.632813	14.113623
3175.924805	21.167055
3175.215820	31.745510
3174.506836	35.267147
3173.797852	45.839954
3173.088867	35.255856
3172.379883	45.825264
3171.669922	17.622274
3170.960938	38.762775
3170.250977	66.943123
3169.541016	49.318577
3168.832031	35.221886
3168.122070	35.216209
3167.412109	35.210529
3166.701172	42.245815
3165.991211	70.398315
3165.281250	52.790203
3164.570313	42.225327
3163.860352	35.182076
3163.149414	24.623461
3162.438477	63.307201
3161.727539	17.582479
3161.016602	63.286640
3160.305664	38.668880
3159.593750	35.147808
3158.882813	63.255749
3158.170898	28.109083
3157.458984	38.643684
3156.748047	28.099909
3156.036133	35.119148
3155.324219	24.579384
3154.611328	56.172256
3153.899414	-10.530573
3153.187500	42.115387
3152.474609	38.599442
3151.761719	42.101566
3151.049805	63.141975
3150.336914	24.551176
3149.624023	42.080807
3148.911133	42.073875
3148.197266	45.572521
3147.484375	42.060005
3146.770508	28.035378
3146.057617	45.549961
3145.343750	42.039169
3144.629883	42.032215
3143.916016	38.523155
3143.202148	45.519821
3142.488281	35.009441
3141.774414	35.003635
3141.059570	48.996952
3140.344727	31.492807
3139.630859	45.482048
3138.916016	66.462700
3138.201172	62.954182
3137.486328	31.471846
3136.771484	20.977732
3136.055664	52.435577
3135.340820	48.931702
3134.625000	48.923523
3133.910156	66.385109
3133.194336	59.387260
3132.478516	31.435049
3131.762695	41.906376
3131.046875	24.441286
3130.330078	45.383343
3129.614258	31.413961
3128.897461	59.327511
3128.181641	27.914133
3127.464844	52.330193
3126.748047	52.321381
3126.031250	38.362549
3125.314453	6.973832
3124.596680	34.863277
3123.879883	62.743305
3123.162109	31.366352
3122.445313	55.752975
3121.727539	24.387798
3121.009766	34.833813
3120.291992	27.862329
3119.574219	0.000000
3118.856445	55.705761
3118.137695	48.734264
3117.419922	45.245560
3116.701172	55.677376
3115.982422	41.750931
3115.263672	41.743824
3114.544922	45.214775
3113.826172	52.162003
3113.107422	34.768738
3112.387695	6.952561
3111.668945	6.951374
3110.949219	66.026772
3110.229492	59.066483
3109.509766	76.425903
3108.790039	34.733101
3108.070313	27.781719
3107.350586	27.776958
3106.629883	34.715244
3105.910156	59.005783
3105.189453	41.643990
3104.468750	20.818417
3103.748047	24.283978
3103.027344	79.776489
3102.306641	41.615349
3101.585938	41.608181
3100.864258	52.001263
3100.143555	20.796919
3099.421875	51.983326
3098.700195	48.509392
3097.978516	51.965370
3097.256836	20.782555
3096.535156	48.484241
3095.813477	48.475849
3095.090820	58.853336
3094.369141	79.611305
3093.646484	24.225327
3092.923828	38.061768
3092.201172	55.352962
3091.478516	76.097099
3090.755859	44.958656
3090.032227	76.070648
3089.309570	65.685951
3088.585938	79.500725
3087.863281	55.295223
3087.139648	51.830235
3086.416016	55.275944
3085.692383	17.270720
3084.967773	48.349571
3084.244141	48.341125
3083.519531	44.880344
3082.795898	58.679417
3082.071289	48.315773
3081.346680	51.757835
3080.622070	44.848934
3079.897461	37.942448
3079.171875	44.833214
3078.447266	37.929138
3077.721680	93.082458
3076.997070	65.490967
3076.271484	48.248020
3075.545898	24.119768
3074.820313	55.121201
3074.094727	68.889374
3073.368164	17.219311
3072.642578	58.535339
3071.916016	48.197079
3071.189453	55.072659
3070.463867	82.594406
3069.737305	65.375694
3069.009766	41.282619
3068.283203	82.550644
3067.556641	61.902035
3066.829102	37.822327
3066.102539	44.691204
3065.375000	65.306343
3064.647461	65.294769
3063.919922	92.770851
3063.192383	68.706963
3062.463867	48.086338
3061.736328	27.473028
3061.007813	72.103889
3060.279297	102.987244
3059.551758	48.052166
3058.823242	44.611931
3058.094727	92.639053
3057.365234	41.165581
3056.636719	58.307514
3055.907227	61.726364
3055.178711	24.000416
3054.449219	71.988396
3053.719727	54.838512
3052.990234	78.816284
3052.260742	47.966553
3051.530273	113.043808
3050.800781	47.949402
3050.070313	44.516476
3049.340820	75.322083
3048.610352	65.039238
3047.879883	51.337566
3047.149414	47.906471
3046.417969	68.425537
3045.687500	54.730606
3044.957031	75.241074
3044.225586	92.324730
3043.494141	64.957573
3042.762695	61.527691
3042.031250	71.769394
3041.299805	61.505554
3040.568359	37.579960
3039.835938	61.483402
3039.103516	71.717712
3038.372070	61.461239
3037.639648	64.864052
3036.907227	37.546097
3036.174805	40.951981
3035.441406	40.944584
3034.708984	61.405781
3033.975586	85.270386
3033.243164	71.614174
3032.509766	92.058708
3031.776367	78.406181
3031.042969	71.575287
3030.309570	47.708214
3029.575195	51.106678
3028.841797	71.536377
3028.107422	64.711647
3027.373047	81.726196
3026.638672	61.283516
3025.904297	91.908577
3025.169922	51.051041
3024.435547	108.889091
3023.700195	68.043304
3022.965820	81.637108
3022.230469	88.424103
3021.495117	64.605843
3020.759766	71.393448
3020.024414	71.380440
3019.289063	67.968971
3018.552734	81.547890
3017.817383	88.327431
3017.081055	101.897659
3016.344727	88.295174
3015.608398	129.023209
3014.872070	112.025993
3014.135742	71.276237
3013.398438	111.985023
3012.662109	74.643021
3011.924805	111.944031
3011.187500	88.182175
3010.451172	128.858017
3009.712891	115.272888
3008.975586	91.523445
3008.238281	91.506660
3007.500000	71.158783
3006.762695	81.309395
3006.024414	125.328957
3005.286133	84.666168
3004.547852	91.422661
3003.809570	108.332855
3003.071289	101.543373
3002.332031	104.908836
3001.592773	125.190727
3000.854492	84.572746
3000.115234	125.144608
2999.375977	128.503204
2998.636719	91.288078
2997.896484	91.271240
2997.157227	125.052322
2996.416992	128.408417
2995.677734	104.734886
2994.937500	128.360992
2994.197266	91.187004
2993.457031	135.066879
2992.715820	148.546097
2991.975586	141.767776
2991.234375	145.116333
2990.494141	111.347733
2989.752930	111.327110
2989.011719	145.035721
2988.270508	121.402748
2987.528320	178.698685
2986.787109	138.212967
2986.044922	148.298599
2985.303711	158.380463
2984.561523	141.505203
2983.819336	198.744186
2983.077148	195.339340
2982.334961	171.731979
2981.591797	181.800049
2980.849609	228.890808
2980.106445	191.828659
2979.363281	205.252106
2978.620117	232.127182
2977.876953	191.721527
2977.133789	245.492340
2976.389648	231.997452
2975.646484	255.485779
2974.902344	278.965332
2974.158203	245.309265
2973.414063	255.342789
2972.669922	268.731689
2971.925781	315.700775
2971.181641	322.357574
2970.436523	352.512695
2969.692383	302.097229
2968.947266	396.008972
2968.202148	359.025696
2967.457031	352.248993
2966.710938	355.537170
2965.965820	409.126526
2965.220703	388.932678
2964.474609	419.029938
2963.728516	506.093262
2962.982422	482.541473
2962.236328	519.304810
2961.490234	505.808472
2960.743164	502.364441
2959.997070	502.270111
2959.250000	539.001953
2958.502930	515.470215
2957.755859	548.839172
2957.008789	605.617126
2956.261719	518.524841
2955.514648	535.150757
2954.766602	585.210938
2954.018555	601.817932
2953.271484	588.333374
2952.523438	601.591248
2951.775391	561.379333
2951.026367	574.637207
2950.278320	637.994202
2949.529297	597.798035
2948.781250	540.921814
2948.032227	540.819763
2947.283203	530.704346
2946.534180	567.312561
2945.784180	590.560913
2945.035156	570.434082
2944.285156	566.991028
2943.536133	493.522339
2942.786133	496.762970
2942.036133	530.002502
2941.286133	469.913239
2940.535156	463.160095
2939.785156	493.055481
2939.034180	423.014740
2938.284180	436.255371
2937.533203	449.490906
2936.782227	456.063538
2936.031250	432.678955
2935.279297	369.371155
2934.528320	389.263275
2933.776367	389.189362
2933.025391	409.070099
2932.273438	369.090698
2931.521484	362.371552
2930.768555	368.950409
2930.016602	338.971069
2929.264648	338.906586
2928.511719	289.012390
2927.758789	295.600098
2927.005859	268.978088
2926.252930	268.926880
2925.500000	298.750732
2924.747070	285.418518
2923.993164	262.136810
2923.240234	262.086853
2922.486328	245.452255
2921.732422	238.772858
2920.978516	278.515198
2920.223633	195.586426
2919.469727	251.893738
2918.715820	228.649338
2917.960938	208.726898
2917.206055	231.874466
2916.451172	255.013168
2915.696289	211.918472
2914.941406	195.324982
2914.185547	221.767303
2913.430664	271.364746
2912.674805	198.521576
2911.918945	195.175507
2911.163086	138.911896
2910.407227	214.941513
2909.651367	178.532578
2908.894531	185.109406
2908.138672	171.854355
2907.381836	208.168228
2906.625000	198.217422
2905.868164	168.452484
2905.111328	161.815445
2904.353516	201.405045
2903.596680	207.968536
2902.838867	178.224503
2902.081055	201.289001
2901.323242	188.053574
2900.565430	197.913071
2899.807617	181.385422
2899.049805	141.783142
2898.291016	217.578781
2897.532227	184.576767
2896.773438	177.950470
2896.014648	171.326721
2895.255859	151.529053
2894.497070	227.249802
2893.738281	141.592148
2892.978516	164.610291
2892.218750	128.371277
2891.458984	157.964935
2890.699219	203.998672
2889.939453	115.138321
2889.179688	167.740601
2888.418945	167.708206
2887.659180	121.647163
2886.898438	138.059296
2886.137695	141.319107
2885.376953	138.005936
2884.616211	157.690582
2883.854492	131.383408
2883.093750	167.481445
2882.332031	154.315781
2881.570313	114.893761
2880.808594	124.717651
2880.046875	157.507584
2879.285156	157.477066
2878.522461	150.886292
2877.760742	154.136551
2876.998047	147.548935
2876.235352	134.407410
2875.472656	131.103760
2874.709961	160.570938
2873.946289	137.605530
2873.183594	117.924706
2872.419922	173.577667
2871.656250	127.702156
2870.892578	173.510239
2870.128906	127.652542
2869.365234	153.807785
2868.600586	140.690399
2867.836914	101.408241
2867.072266	117.741508
2866.307617	137.338364
2865.542969	143.850296
2864.778320	134.016220
2864.013672	98.041565
2863.248047	133.964035
2862.483398	120.870827
2861.717773	130.645706
2860.952148	127.354736
2860.186523	117.535301
2859.419922	127.305084
2858.654297	133.807449
2857.887695	110.940628
2857.122070	120.705948
2856.355469	110.897324
2855.588867	153.269318
2854.822266	84.770721
2854.054688	130.391022
2853.288086	149.920380
2852.520508	123.823059
2851.752930	104.251671
2850.985352	143.318008
2850.217773	136.776810
2849.450195	172.565536
2848.682617	120.446701
2847.914063	149.715240
2847.145508	152.939972
2846.377930	149.656616
2845.609375	139.869003
2844.839844	146.345856
2844.071289	123.556725
2843.302734	110.529083
2842.533203	110.507408
2841.763672	126.733643
2840.994141	136.455612
2840.224609	116.939003
2839.455078	133.154388
2838.684570	129.881210
2837.915039	129.855713
2837.144531	136.321716
2836.374023	103.843758
2835.603516	136.268143
2834.833008	126.509834
2834.062500	129.728165
2833.291016	145.915482
2832.520508	84.290138
2831.749023	110.203880
2830.977539	155.551331
2830.206055	145.800659
2829.433594	132.814453
2828.662109	100.400902
2827.889648	145.714523
2827.118164	132.735962
2826.345703	129.472977
2825.573242	139.156006
2824.799805	122.950829
2824.027344	135.866211
2823.254883	109.965233
2822.481445	126.111702
2821.708008	139.018784
2820.934570	132.526627
2820.161133	96.951546
2819.387695	138.936432
2818.613281	148.600311
2817.839844	106.583496
2817.065430	154.999893
2816.291016	125.912506
2815.516602	145.254929
2814.741211	83.908463
2813.966797	112.931351
2813.192383	125.812881
2812.416992	87.083984
2811.641602	161.234695
2810.866211	119.290039
2810.090820	138.606903
2809.314453	157.916092
2808.539063	132.107681
2807.762695	125.638489
2806.986328	122.392708
2806.209961	86.945992
2805.433594	151.320389
2804.657227	128.757751
2803.880859	125.513878
2803.103516	112.618294
2802.326172	131.898087
2801.548828	122.222717
2800.771484	157.571655
2799.994141	118.959023
2799.216797	125.364311
2798.438477	112.484062
2797.660156	131.740829
2796.881836	112.439301
2796.103516	128.476486
2795.325195	99.549454
2794.546875	109.161530
2793.767578	144.449722
2792.989258	128.374161
2792.209961	160.435730
2791.430664	105.866478
2790.651367	121.882545
2789.871094	147.512604
2789.091797	131.452393
2788.311523	118.604103
2787.531250	134.604813
2786.751953	137.782181
2785.970703	121.736679
2785.190430	86.479836
2784.410156	147.306580
2783.628906	163.285538
2782.847656	115.237335
2782.067383	112.013901
2781.285156	115.191254
2780.503906	127.964684
2779.722656	134.336029
2778.940430	134.309143
2778.159180	86.324310
2777.376953	131.058807
2776.594727	131.032562
2775.812500	140.592133
2775.029297	146.953232
2774.247070	134.147797
2773.463867	130.927536
2772.680664	156.442993
2771.897461	108.530510
2771.114258	172.337402
2770.331055	118.059334
2769.546875	102.084869
2768.763672	133.959488
2767.979492	121.177094
2767.195313	153.035049
2766.411133	137.066345
2765.626953	130.664886
2764.841797	101.961853
2764.056641	101.941345
2763.272461	181.546494
2762.487305	149.666107
2761.702148	105.063560
2760.916016	127.324127
2760.130859	178.217880
2759.344727	143.181946
2758.559570	149.515457
2757.773438	171.749100
2756.987305	124.016006
2756.201172	149.425049
2755.414063	143.037674
2754.627930	146.186798
2753.840820	190.639938
2753.053711	162.011246
2752.266602	196.915070
2751.479492	127.016319
2750.692383	142.864487
2749.904297	152.358002
2749.116211	155.500687
2748.328125	149.123566
2747.540039	187.159805
2746.751953	161.749466
2745.963867	171.229492
2745.174805	114.129883
2744.386719	158.481644
2743.597656	161.618530
2742.808594	114.060562
2742.019531	139.379105
2741.229492	117.181396
2740.440430	148.821869
2739.650391	151.957474
2738.861328	155.091782
2738.071289	145.566833
2737.280273	148.701141
2736.490234	104.385986
2735.700195	167.616165
2734.909180	151.772491
2734.118164	110.644958
2733.327148	148.550171
2732.536133	110.599976
2731.745117	142.171051
2730.953125	135.824707
2730.162109	167.377792
2729.370117	110.510002
2728.578125	176.780014
2727.786133	167.275589
2726.994141	135.686508
2726.201172	167.207443
2725.409180	154.556503
2724.616211	66.224998
2723.823242	167.105194
2723.030273	122.939117
2722.236328	173.340302
2721.443359	179.606918
2720.649414	144.916351
2719.856445	144.886749
2719.062500	144.857162
2718.268555	147.975983
2717.473633	138.502396
2716.679688	151.062622
2715.884766	147.885239
2715.089844	119.542336
2714.295898	147.824738
2713.500000	116.348846
2712.705078	144.620300
2711.910156	166.593613
2711.114258	128.847900
2710.318359	172.809326
2709.522461	160.208527
2708.726563	128.768677
2707.930664	166.422943
2707.134766	103.600571
2706.337891	160.077118
2705.541016	141.215515
2704.744141	125.499130
2703.947266	134.883850
2703.150391	153.673279
2702.352539	134.828415
2701.555664	144.205399
2700.757813	141.041489
2699.959961	134.745255
2699.162109	147.249390
2698.364258	144.086761
2697.565430	156.583801
2696.767578	169.075668
2695.968750	159.649673
2695.169922	178.395218
2694.371094	137.680206
2693.571289	140.780258
2692.772461	147.006836
2691.972656	137.595016
2691.173828	150.072678
2690.374023	171.922775
2689.573242	140.635040
2688.773438	199.972961
2687.973633	193.683762
2687.172852	171.780731
2686.372070	128.028244
2685.571289	174.831680
2684.770508	146.703369
2683.969727	156.035110
2683.167969	146.642639
2682.367188	155.970490
2681.565430	146.581894
2680.763672	143.433395
2679.961914	109.111481
2679.159180	115.322502
2678.357422	158.925064
2677.554688	93.465935
2676.751953	174.433533
2675.949219	143.254944
2675.146484	177.474686
2674.343750	161.873093
2673.540039	161.839447
2672.736328	127.577652
2671.932617	133.773117
2671.128906	143.076355
2670.325195	130.607758
2669.521484	130.580566
2668.716797	174.071152
2667.912109	177.142670
2667.107422	136.713211
2666.302734	173.962357
2665.498047	133.550385
2664.693359	158.363937
2663.887695	167.644470
2663.082031	155.193954
2662.276367	133.438934
2661.470703	161.334320
2660.665039	145.790924
2659.858398	158.165604
2659.052734	151.931259
2658.246094	176.699402
2657.439453	167.364410
2656.632813	145.638535
2655.826172	117.725655
2655.051758	161.418030
2655.018555	161.064514
2654.246094	173.834808
2654.210938	161.030777
2653.440430	155.184631
2653.404297	170.285324
2652.634766	121.024483
2652.596680	173.345062
2651.829102	176.853378
2651.788086	164.024307
2651.023438	176.824783
2650.980469	163.989899
2650.217773	114.762436
2650.171875	167.048981
2649.411133	182.969925
2649.364258	163.921066
2648.604492	148.832764
2648.555664	136.056839
2647.798828	179.810410
2647.747070	160.760651
2646.992188	164.282822
2646.938477	191.635880
2646.185547	136.363571
2646.128906	148.332077
2645.378906	192.117416
2645.320313	182.286499
2644.571289	145.613678
2644.510742	148.269684
2643.764648	145.589935
2643.701172	179.121490
2642.957031	179.634872
2642.891602	157.470215
2642.150391	139.349121
2642.081055	166.698059
2641.342773	188.864609
2641.271484	166.662933
2640.535156	160.973007
2640.460938	178.970612
2639.727539	170.232025
2639.651367	191.273071
2638.918945	170.204132
2638.840820	132.629150
2638.111328	142.329193
2638.029297	175.773651
2637.303711	151.586655
2637.218750	172.653458
2636.495117	173.213425
2636.408203	175.699448
2635.686523	151.536819
2635.596680	200.316696
2634.877930	179.340576
2634.785156	194.112076
2634.069336	179.311035
2633.973633	190.990555
2633.260742	179.281464
2633.162109	181.710648
2632.452148	169.980240
2632.349609	209.384918
2631.642578	132.871689
2631.538086	212.419159
2630.833984	185.371704
2630.725586	160.050110
2630.024414	203.875137
2629.913086	178.479630
2629.214844	151.336777
2629.100586	156.905746
2628.405273	185.279617
2628.288086	209.163315
2627.595703	142.024139
2627.474609	172.215637
2626.785156	169.783279
2626.662109	162.955231
2625.975586	182.100891
2625.848633	172.142578
2625.165039	191.328445
2625.035156	172.106049
2624.355469	178.954880
2624.221680	165.924164
2623.544922	185.094894
2623.407227	165.888916
2622.734375	169.642029
2622.593750	196.567322
2621.923828	141.858749
2621.779297	141.252731
2621.113281	163.418655
2620.964844	165.783157
2620.301758	191.137039
2620.150391	187.233734
2619.491211	160.281677
2619.335938	162.643875
2618.679688	172.582138
2618.521484	193.290237
2617.868164	203.366287
2617.706055	174.844406
2617.056641	169.443481
2616.890625	180.940735
2616.245117	138.612320
2616.076172	171.703766
2615.433594	172.466354
2615.259766	156.339722
2614.621094	197.071274
2614.444336	165.500870
2613.809570	181.644516
2613.628906	180.786453
2612.997070	166.222916
2612.812500	183.811386
2612.185547	156.961853
2611.996094	147.017700
2611.373047	169.244049
2611.179688	180.670654
2610.559570	169.215485
2610.363281	165.324249
2609.747070	163.034653
2609.546875	180.593430
2608.934570	166.082703
2608.729492	171.374054
2608.121094	159.904434
2607.912109	186.635361
2607.308594	159.877365
2607.095703	192.713287
2606.495117	162.924316
2606.277344	201.846878
2605.681641	196.705429
2605.459961	143.708664
2604.868164	156.723038
2604.642578	152.848785
2604.054688	175.131302
2603.824219	198.660828
2603.240234	184.317398
2603.005859	189.451218
2602.426758	172.000320
2602.187500	152.750458
2601.612305	202.680161
2601.369141	137.445908
2600.798828	175.012131
2600.550781	164.899673
2599.984375	178.052155
2599.731445	174.023361
2599.169922	196.437836
2598.913086	180.090729
2598.354492	196.404297
2598.093750	213.621033
2597.540039	202.507324
2597.274414	176.962219
2596.725586	171.795013
2596.455078	183.024963
2595.910156	187.101837
2595.634766	140.288940
2595.094727	199.336655
2594.815430	182.946167
2594.279297	180.905350
2593.995117	167.664520
2593.463867	220.727982
2593.174805	176.771744
2592.648438	186.973557
2592.354492	167.592239
2591.833008	165.489151
2591.533203	167.556076
2591.016602	180.781143
2590.712891	185.794830
2590.201172	125.605965
2589.891602	164.438599
2589.384766	165.403778
2589.070313	146.136078
2588.568359	180.687805
2588.249023	140.016815
2587.751953	199.028519
2587.427734	173.461578
2586.935547	174.502594
2586.606445	170.381546
2586.118164	153.046036
2585.784180	161.219070
2585.301758	156.079987
2584.961914	179.431442
2584.484375	208.070679
2584.139648	170.270935
2583.666992	165.204010
2583.317383	176.313828
2582.849609	189.645844
2582.495117	200.589493
2582.032227	174.321625
2581.671875	185.353119
2581.214844	195.695602
2580.849609	151.895844
2580.397461	168.146744
2580.026367	182.235443
2579.579102	204.797745
2579.203125	163.976303
2578.761719	207.818314
2578.379883	194.300064
2577.943359	201.670944
2577.555664	239.787033
2577.125000	186.360428
2576.732422	185.111755
2576.306641	192.437103
2575.908203	185.071503
2575.488281	216.835770
2575.083984	172.898041
2574.668945	164.888611
2574.259766	209.252075
2573.850586	198.442398
2573.434570	157.662872
2573.031250	222.827179
2572.610352	194.004333
2572.211914	167.854172
2571.785156	169.716797
2571.392578	158.670746
2570.959961	212.099731
2570.573242	204.405396
2570.134766	193.877441
2569.753906	204.369629
2569.309570	212.007172
2568.933594	198.234314
2568.484375	196.820816
2568.114258	189.051895
2567.658203	230.078690
2567.293945	201.213501
2566.832031	223.975021
2566.473633	216.418976
2566.005859	184.587692
2565.653320	192.000015
2565.179688	190.598038
2564.833008	191.966278
2564.353516	190.556335
2564.012695	201.072174
2563.526367	196.562698
2563.191406	219.312866
2562.699219	172.332596
2562.371094	188.819489
2561.872070	184.385696
2561.549805	197.921051
2561.044922	157.146790
2560.728516	203.974960
2560.217773	172.219269
2559.907227	228.289902
2559.389648	226.554581
2559.085938	185.643021
2558.562500	172.143677
2558.264648	170.396271
2557.734375	208.338684
2557.442383	176.450668
2556.906250	175.086777
2556.620117	197.711472
2556.078125	181.084427
2555.798828	176.388245
2555.249023	232.340576
2554.976563	188.519562
2554.420898	202.121979
2554.154297	215.847061
2553.591797	190.013153
2553.331055	212.769226
2552.762695	202.032959
2552.508789	188.419312
2551.933594	174.855667
2551.686523	209.655243
2551.103516	198.929810
2550.863281	191.390350
2550.274414	183.818817
2550.040039	185.281525
2549.444336	210.893082
2549.216797	203.469757
2548.614258	189.761856
2548.393555	191.288254
2547.784180	195.742798
2547.570313	194.289978
2546.954102	186.667252
2546.746094	233.713486
2546.123047	168.565399
2545.922852	179.047241
2545.292969	174.546967
2545.098633	163.844513
2544.461914	180.525864
2544.274414	191.117813
2543.630859	171.461594
2543.450195	200.182907
2542.799805	189.468185
2542.625977	239.570053
2541.967773	210.473541
2541.801758	212.239304
2541.136719	180.365891
2540.976563	190.981201
2540.304688	201.363892
2540.151367	178.823395
2539.472656	222.352539
2539.327148	181.821732
2538.640625	186.253998
2538.501953	251.474976
2537.807617	201.229752
2537.676758	239.312775
2536.975586	174.160172
2536.850586	215.039978
2536.142578	225.157013
2536.025391	205.916809
2535.309570	207.098358
2535.199219	227.073318
2534.476563	219.055283
2534.374023	157.409210
2533.643555	201.005951
2533.547852	214.885452
2532.809570	245.952454
2532.721680	239.054871
2531.976563	209.912598
2531.895508	229.935425
2531.142578	206.867691
2531.068359	238.968765
2530.308594	200.826691
2530.242188	199.608810
2529.473633	224.755783
2529.415039	214.691956
2528.639648	206.729126
2528.588867	187.443649
2527.804688	206.682907
2527.761719	193.455276
2526.969727	206.636688
2526.934570	187.375946
2526.134766	239.525146
2526.106445	214.536880
2525.299805	218.517761
2525.279297	187.308182
2524.464844	212.483368
2524.452148	193.315399
2523.628906	197.475479
2523.624023	202.340408
2522.795898	223.439972
2522.792969	254.267456
2521.967773	220.380554
2521.957031	200.377625
2521.139648	193.175308
2521.121094	230.233032
2520.311523	232.371857
2520.285156	212.245117
2519.482422	217.243332
2519.448242	209.208725
2518.654297	217.203873
2518.612305	188.245529
2517.825195	205.099701
2517.775391	212.102005
2516.996094	202.046768
2516.937500	212.054260
2516.166992	259.296448
2516.100586	217.978531
2515.337891	223.074921
2515.263672	211.958755
2514.507813	235.090195
2514.425781	253.696243
2513.678711	198.886215
2513.587891	241.703064
2512.848633	177.759811
2512.750000	193.915482
2512.018555	213.875320
2511.912109	208.784912
2511.188477	243.954056
2511.073242	205.755783
2510.358398	271.010559
2510.234375	190.802811
2509.528320	216.768829
2509.395508	217.585236
2508.697266	213.719070
2508.556641	226.475830
2507.867188	219.699142
2507.717773	235.362381
2507.036133	267.803345
2506.878906	253.180649
2506.205078	237.669571
2506.039063	229.299896
2505.374023	222.586395
2505.199219	193.520966
2504.542969	237.582474
2504.359375	220.266190
2503.710938	267.607117
2503.519531	229.143860
2502.879883	237.495316
2502.678711	249.918350
2502.047852	222.423126
2501.838867	255.810638
2501.215820	243.418442
2500.998047	226.013824
2500.383789	246.378326
2500.157227	234.881973
2499.551758	258.349274
2499.316406	205.103378
2498.719727	234.273682
2498.474609	190.197479
2497.886719	285.280823
2497.633789	219.865723
2497.053711	261.209076
2496.791992	219.815598
2496.221680	237.146149
2495.950195	228.674866
2495.388672	300.129669
2495.108398	231.591797
2494.554688	249.061691
2494.265625	219.665100
2493.721680	228.014420
2493.423828	264.131439
2492.888672	218.973419
2492.581055	210.663422
2492.054688	284.912781
2491.738281	258.077820
2491.220703	197.902847
2490.895508	240.224350
2490.387695	227.845993
2490.051758	257.959656
2489.552734	227.803864
2489.208984	210.470551
2488.718750	212.777390
2488.365234	207.458588
2487.884766	248.693726
2487.521484	210.374008
2487.049805	266.622192
2486.677734	216.250381
2486.215820	245.606400
2485.833008	213.239059
2485.380859	263.528748
2484.989258	233.916870
2484.545898	206.592163
2484.144531	245.704239
2483.710938	290.372772
2483.299805	239.728485
2482.875000	218.487396
2482.455078	257.426880
2482.040039	236.401352
2481.609375	257.367584
2481.204102	221.398102
2480.764648	245.477982
2480.368164	281.183136
2479.918945	260.205780
2479.532227	260.195557
2479.073242	251.277145
2478.696289	257.156952
2478.227539	254.174637
2477.860352	254.119446
2477.381836	260.025604
2477.023438	239.126694
2476.535156	227.469803
2476.187500	245.059189
2475.688477	268.765747
2475.350586	242.025543
2474.841797	233.270126
2474.513672	301.728668
2473.995117	295.210266
2473.676758	227.000992
2473.148438	242.016312
2472.839844	253.835297
2472.300781	236.058731
2472.001953	247.816406
2471.453125	259.604370
2471.165039	280.607117
2470.605469	212.354263
2470.327148	268.616150
2469.757813	244.740417
2469.489258	244.693405
2468.910156	235.839554
2468.651367	271.499207
2468.061523	259.363190
2467.813477	268.465424
2467.212891	223.943359
2466.975586	220.696915
2466.364258	229.783081
2466.136719	259.419373
2465.515625	229.729553
2465.297852	241.483124
2464.666992	247.343384
2464.458984	247.399277
2463.817383	267.892822
2463.620117	247.352875
2462.967773	267.830292
2462.781250	271.143219
2462.118164	235.400223
2461.942383	256.197144
2461.268555	194.159790
2461.102539	235.299683
2460.418945	252.936935
2460.263672	268.012543
2459.568359	267.579956
2459.423828	247.120682
2458.717773	232.240295
2458.583984	261.958191
2457.867188	238.064011
2457.744141	223.217819
2457.016602	208.624481
2456.903320	264.835297
2456.166016	252.640808
2456.063477	270.735657
2455.314453	193.841614
2455.222656	243.913635
2454.462891	211.413925
2454.382813	220.075699
2453.611328	243.656006
2453.541992	264.635742
2452.759766	220.119308
2452.701172	270.531586
2451.907227	214.199051
2451.859375	225.895828
2451.055664	252.284668
2451.018555	243.683701
2450.203125	249.292389
2450.176758	252.551254
2449.350586	225.776337
2449.334961	261.415436
2448.497070	234.517487
2448.493164	207.904785
2447.651367	264.286102
2447.644531	234.462128
2446.809570	201.888260
2446.791016	219.756332
2445.967773	207.786819
2445.937500	237.280746
2445.125000	237.425705
2445.083984	216.723724
2444.282227	246.282516
2444.230469	237.168488
2443.439453	234.369064
2443.375977	222.475754
2442.596680	255.087570
2442.522461	248.762619
2441.753906	222.417908
2441.667969	225.296234
2440.911133	201.620651
2440.813477	239.868927
2440.067383	254.942429
2439.958008	219.340225
2439.223633	222.291306
2439.103516	222.211960
2438.380859	222.249084
2438.248047	210.466553
2437.536133	228.132385
2437.392578	230.873642
2436.692383	254.748779
2436.537109	195.757629
2435.848633	242.853806
2435.680664	251.211136
2435.003906	207.274796
2434.825195	248.230896
2434.160156	233.879883
2433.968750	224.814346
2433.315430	248.635071
2433.112305	204.327911
2432.470703	221.953323
2432.255859	239.298386
2431.625000	218.952225
2431.398438	242.158768
2430.780273	227.785233
2430.541992	198.347702
2429.935547	212.953384
2429.684570	244.959106
2429.089844	221.784119
2428.827148	212.830154
2428.244141	218.785248
2427.968750	206.949600
2427.398438	218.743484
2427.111328	224.384476
2426.552734	257.122284
2426.252930	218.503876
2425.706055	224.569672
2425.394531	244.665573
2424.860352	186.120850
2424.536133	215.486938
2424.013672	215.622620
2423.677734	180.499695
2423.166992	218.534546
2422.818359	235.757385
2422.320313	209.634933
2421.959961	180.412827
2421.473633	209.594803
2421.100586	235.643845
2420.626953	259.729736
2420.240234	206.502228
2419.779297	197.710907
2419.380859	258.792450
2418.931641	227.176468
2418.520508	212.216721
2418.084961	253.680923
2417.661133	212.165451
2417.237305	250.683060
2416.799805	191.774460
2416.388672	232.943100
2415.939453	235.302628
2415.541016	221.106079
2415.079102	174.256042
2414.692383	224.011154
2414.217773	214.863739
2413.844727	223.968140
2413.356445	194.491623
2412.996094	244.549789
2412.147461	244.502808
2411.298828	229.729553
2410.449219	209.072586
2409.600586	167.814713
2408.750977	247.258301
2407.901367	229.552795
2407.051758	250.105515
2406.202148	235.348068
2405.352539	191.183456
2404.501953	211.731628
2403.651367	196.990036
2402.801758	217.529114
2401.950195	220.426147
2401.099609	252.706528
2400.249023	240.906204
2399.397461	220.298477
2398.546875	211.445663
2397.695313	229.021851
2396.843750	205.492691
2395.991211	208.387970
2395.139648	246.495819
2394.288086	237.646378
2393.435547	208.266983
2392.583008	199.428329
2391.730469	266.830322
2390.877930	216.940826
2390.024414	231.554077
2389.171875	231.509171
2388.318359	225.604385
2387.464844	210.913803
2386.611328	219.659225
2385.757813	245.970551
2384.903320	222.501541
2384.049805	222.458298
2383.195313	210.708984
2382.340820	207.742065
2381.486328	266.209167
2380.631836	213.510834
2379.776367	213.469269
2378.921875	228.046036
2378.066406	222.155411
2377.210938	201.654434
2376.355469	245.444489
2375.499023	219.104141
2374.643555	198.615677
2373.787109	224.859161
2372.930664	283.208832
2372.074219	262.719788
2371.217773	250.994324
2370.361328	265.535126
2369.503906	265.483246
2368.647461	221.678925
2367.790039	250.798141
2366.932617	262.411835
2366.075195	244.869781
2365.216797	250.650955
2364.359375	244.773926
2363.500977	221.418747
2362.642578	241.765198
2361.784180	262.103668
2360.925781	238.758743
2360.067383	259.089783
2359.208008	215.380707
2358.348633	212.428467
2357.490234	264.756104
2356.629883	244.342270
2355.770508	238.477753
2354.911133	226.800125
2354.050781	255.826782
2353.190430	244.150284
2352.330078	287.691956
2351.469727	241.148849
2350.609375	229.482056
2349.749023	214.915573
2348.887695	241.006500
2348.026367	255.474640
2347.165039	226.398834
2346.303711	252.472015
2345.442383	255.323654
2344.580078	243.669983
2343.717773	234.921143
2342.856445	249.373245
2341.994141	255.122269
2341.130859	231.883545
2340.268555	243.429657
2339.405273	252.073776
2338.542969	298.373199
2337.679688	202.737839
2336.816406	251.924362
2335.953125	231.608780
2335.088867	254.719254
2334.225586	243.093002
2333.361328	231.471329
2332.497070	237.211151
2331.632813	248.733154
2330.767578	219.767151
2329.903320	263.090118
2329.038086	260.147461
2328.172852	277.435608
2327.307617	260.044312
2326.442383	257.103912
2325.577148	262.829376
2324.710938	181.922684
2323.845703	262.725037
2322.979492	251.126801
2322.113281	259.734741
2321.246094	302.963654
2320.379883	300.018646
2319.512695	346.106537
2318.646484	305.666656
2317.779297	279.658173
2316.912109	276.720032
2316.043945	308.366150
2315.176758	247.796356
2314.308594	259.270142
2313.440430	282.260132
2312.572266	262.046478
2311.704102	241.840851
2310.835938	261.942017
2309.966797	293.546783
2309.098633	258.960205
2308.229492	218.633881
2307.360352	230.095001
2306.490234	287.561340
2305.621094	241.503296
2304.750977	247.203995
2303.881836	255.776276
2303.011719	252.851837
2302.141602	249.928558
2301.270508	261.367249
2300.400391	235.470642
2299.529297	261.262695
2298.658203	249.728653
2297.787109	298.466461
2296.916016	255.367264
2296.044922	258.184845
2295.172852	243.792404
2294.300781	281.021973
2293.428711	226.492722
2292.556641	275.176483
2291.684570	260.792053
2290.812500	246.413391
2289.939453	272.146240
2289.066406	243.450394
2288.193359	272.036987
2287.320313	277.708313
2286.447266	271.927734
2285.573242	240.393066
2284.699219	260.373474
2283.825195	257.460480
2282.951172	248.828430
2282.077148	260.216461
2281.203125	271.599915
2280.328125	274.403625
2279.453125	260.059418
2278.578125	251.435410
2277.703125	268.524658
2276.828125	274.182709
2275.952148	279.838440
2275.077148	259.797607
2274.201172	259.745239
2273.325195	276.815491
2272.448242	291.025604
2271.572266	259.588104
2270.695313	270.943909
2269.819336	270.889221
2268.942383	293.641632
2268.064453	273.630157
2267.187500	259.326172
2266.310547	296.312897
2265.432617	276.312897
2264.554688	290.497101
2263.676758	298.980682
2262.798828	287.532776
2261.919922	247.626633
2261.041992	313.027802
2260.163086	258.906921
2259.284180	273.077301
2258.405273	290.085876
2257.525391	272.966675
2256.646484	292.811157
2255.766602	258.644806
2254.886719	258.592377
2254.006836	258.539948
2253.126953	309.616913
2252.247070	266.954926
2251.366211	286.776337
2250.485352	281.040527
2249.604492	258.277740
2248.723633	292.276978
2247.842773	286.543488
2246.960938	292.158234
2246.080078	258.067932
2245.198242	286.368805
2244.316406	340.170990
2243.433594	297.589081
2242.551758	283.360535
2241.668945	246.473495
2240.786133	286.077637
2239.903320	288.851288
2239.020508	257.648193
2238.137695	288.733643
2237.253906	294.335114
2236.371094	314.082092
2235.487305	274.412201
2234.603516	265.871002
2233.718750	257.333252
2232.834961	305.344208
2231.950195	291.148468
2231.065430	313.697906
2230.180664	254.297729
2229.295898	299.445068
2228.411133	271.140137
2227.525391	341.679718
2226.639648	299.261566
2225.753906	330.249512
2224.868164	265.274414
2223.982422	256.755676
2223.095703	265.165894
2222.209961	265.111664
2221.323242	270.696899
2220.436523	298.833313
2219.549805	338.232605
2218.662109	293.074890
2217.775391	309.919556
2216.887695	326.757263
2216.000000	309.792511
2215.112305	250.598923
2214.223633	304.035217
2213.335938	306.787415
2212.447266	303.910492
2211.558594	326.355377
2210.669922	303.785736
2209.781250	269.976318
2208.891602	300.849304
2208.001953	241.754440
2207.113281	278.241547
2206.222656	286.614166
2205.333008	309.030182
2204.443359	289.305115
2203.552734	294.862030
2202.662109	300.416626
2201.771484	331.232391
2200.880859	294.680023
2199.990234	263.754456
2199.098633	280.532074
2198.208008	314.131195
2197.316406	308.458130
2196.424805	342.037598
2195.532227	269.088867
2194.640625	288.650391
2193.748047	305.401978
2192.855469	282.928772
2191.962891	288.471771
2191.070313	285.612091
2190.176758	279.954041
2189.284180	291.092102
2188.390625	305.023865
2187.497070	276.982788
2186.603516	276.925537
2185.708984	285.258240
2184.815430	307.567841
2183.920898	254.389847
2183.026367	290.671112
2182.131836	273.844940
2181.237305	262.613220
2180.341797	324.008789
2179.446289	329.526886
2178.551758	245.697968
2177.655273	321.016052
2176.759766	253.968735
2175.864258	315.302399
2174.967773	292.919342
2174.071289	331.906403
2173.174805	262.123779
2172.278320	289.949097
2171.381836	287.101532
2170.484375	323.270508
2169.586914	289.768524
2168.689453	270.208740
2167.791992	272.937683
2166.894531	303.510437
2165.996094	306.231262
2165.097656	283.900848
2164.199219	286.624542
2163.300781	286.564911
2162.402344	353.263794
2161.502930	297.569733
2160.604492	333.653595
2159.705078	252.967941
2158.805664	330.735321
2157.905273	344.559937
2157.005859	294.481781
2156.105469	274.977509
2155.205078	330.459595
2154.304688	322.061493
2153.404297	297.011993
2152.502930	305.275696
2151.602539	274.690765
2150.701172	302.374146
2149.799805	271.802551
2148.898438	293.929077
2147.996094	338.225037
2147.094727	307.665009
2146.192383	315.914215
2145.290039	318.618713
2144.387695	293.621918
2143.484375	274.174408
2142.582031	276.885864
2141.678711	315.583801
2140.775391	287.840698
2139.872070	318.218719
2138.968750	312.618958
2138.064453	315.319397
2137.160156	284.834106
2136.255859	331.775970
2135.351563	312.356842
2134.447266	339.927704
2133.542969	309.462677
2132.637695	342.547485
2131.732422	347.999329
2130.827148	320.313049
2129.921875	336.810181
2129.015625	325.698761
2128.109375	298.034485
2127.204102	286.935822
2126.296875	339.285431
2125.390625	325.424835
2124.484375	322.599091
2123.577148	347.341278
2122.669922	350.024231
2121.762695	352.706024
2120.855469	352.631714
2119.947266	289.207245
2119.040039	330.452881
2118.131836	349.655548
2117.223633	344.076569
2116.315430	363.268219
2115.406250	319.168335
2114.498047	343.858765
2113.588867	363.038208
2112.679688	338.214142
2111.770508	316.149658
2110.860352	332.574127
2109.951172	321.511963
2109.041016	326.938751
2108.130859	357.084412
2107.220703	346.023987
2106.309570	313.003052
2105.399414	384.308350
2104.488281	345.804260
2103.577148	318.292053
2102.666016	345.657776
2101.753906	378.497314
2100.842773	353.737701
2099.930664	315.280670
2099.018555	345.364685
2098.106445	353.512634
2097.194336	345.218109
2096.281250	315.013123
2095.368164	358.764832
2094.455078	342.260132
2093.541992	350.399902
2092.628906	413.274536
2091.714844	320.151245
2090.800781	347.440704
2089.887695	355.572296
2088.972656	330.885315
2088.058594	371.824982
2087.143555	358.078674
2086.229492	295.147034
2085.314453	366.122925
2084.399414	333.264740
2083.483398	300.420563
2082.568359	360.427795
2081.652344	313.942078
2080.736328	352.085968
2079.820313	422.958710
2078.903320	365.576569
2077.987305	330.039673
2077.070313	329.969177
2076.153320	340.804382
2075.236328	324.376434
2074.319336	359.735565
2073.401367	389.630157
2072.483398	348.685242
2071.565430	343.163574
2070.647461	381.211243
2069.729492	375.684875
2068.810547	370.160858
2067.892578	364.639160
2066.973633	345.516754
2066.053711	342.722656
2065.134766	364.404633
2064.215820	348.013306
2063.295898	350.656891
2062.375977	326.122437
2061.456055	364.091827
2060.535156	353.147522
2059.615234	399.242554
2058.694336	352.995728
2057.773438	344.775543
2056.852539	344.701355
2055.930664	401.612793
2055.009766	347.266022
2054.087891	358.040985
2053.166016	398.641571
2052.244141	341.619171
2051.321289	387.627075
2050.399414	360.442566
2049.476563	341.398254
2048.553711	376.540649
2047.630859	352.084320
2046.707031	362.839325
2045.783203	365.468140
2044.860352	343.736511
2043.936523	386.958252
2043.011719	359.820465
2042.087891	386.790955
2041.163086	392.115784
2040.238281	378.512634
2039.313477	389.243011
2038.388672	313.488983
2037.463867	383.670654
2036.538086	405.198090
2035.612305	388.905853
2034.686523	359.119904
2033.760742	388.737213
2032.833984	367.061035
2031.907227	393.965302
2031.056641	337.533508
2030.980469	399.275391
2030.130859	351.034851
2030.053711	377.610901
2029.204102	364.474609
2029.126953	361.349060
2028.278320	332.020721
2028.199219	401.711273
2027.351563	394.039185
2027.272461	398.928467
2026.425781	358.892670
2026.344727	417.705841
2025.499023	350.737885
2025.416992	406.837830
2024.572266	364.165985
2024.488281	382.505951
2023.645508	347.921692
2023.560547	344.719025
2022.717773	396.401520
2022.631836	385.031921
2021.791016	350.499481
2021.703125	411.867493
2020.863281	374.701019
2020.774414	387.555511
2019.935547	393.503754
2019.844727	387.471008
2019.007813	398.826141
2018.916016	392.766876
2018.080078	382.592163
2017.986328	384.612396
2017.152344	428.322205
2017.056641	416.796600
2016.223633	366.300964
2016.126953	416.705597
2015.295898	395.860474
2015.196289	387.048401
2014.367188	336.558350
2014.265625	389.651093
2013.438477	328.424591
2013.335938	402.999237
2012.509766	368.741364
2012.405273	373.364319
2011.581055	376.751251
2011.473633	333.000366
2010.651367	330.945953
2010.542969	400.049988
2009.722656	352.410217
2009.611328	448.280060
2008.792969	400.763947
2008.679688	381.088806
2007.863281	360.356445
2007.748047	375.639069
2006.933594	368.360535
2006.816406	407.747345
2006.002930	400.556488
2005.883789	378.156403
2005.073242	405.862915
2004.952148	412.931335
2004.142578	397.730591
2004.019531	399.436859
2003.212891	397.661743
2003.085938	444.912537
2002.282227	389.533508
2002.153320	375.145081
2001.351563	378.722046
2001.220703	409.889954
2000.419922	408.196899
2000.287109	396.407776
1999.489258	378.590546
1999.353516	415.065552
1998.557617	413.424164
1998.419922	393.556305
1997.625977	407.984009
1997.485352	422.913055
1996.695313	458.902069
1996.550781	396.059265
1995.762695	335.396271
1995.617188	395.972107
1994.831055	413.136108
1994.682617	401.234741
1993.899414	413.063995
1993.747070	414.517914
1992.966797	351.311218
1992.812500	385.015656
1992.034180	407.557007
1991.876953	414.335236
1991.101563	377.996613
1990.941406	440.969299
1990.168945	402.053619
1990.005859	432.856201
1989.236328	399.303253
1989.070313	424.746582
1988.303711	393.874359
1988.133789	405.957428
1987.370117	383.089447
1987.198242	421.888885
1986.436523	401.771454
1986.261719	387.090973
1985.502930	361.530731
1985.325195	440.385498
1984.569336	366.822205
1984.387695	408.267181
1983.635742	406.913544
1983.451172	400.173431
1982.702148	374.722717
1982.513672	389.415955
1981.767578	398.741699
1981.576172	421.329468
1980.833008	406.698242
1980.638672	413.238037
1979.898438	379.874664
1979.700195	426.473816
1978.963867	460.048553
1978.761719	463.687500
1978.029297	377.066101
1977.824219	412.963379
1977.093750	454.538208
1976.885742	402.217041
1976.159180	409.011902
1975.946289	447.400482
1975.223633	403.593750
1975.007813	412.688599
1974.288086	411.539124
1974.068359	412.596985
1973.352539	392.763031
1973.128906	423.150635
1972.416992	408.721527
1972.189453	462.967590
1971.480469	397.965210
1971.250000	391.040863
1970.543945	403.235229
1970.309570	409.570740
1969.608398	453.892578
1969.369141	396.184845
1968.671875	411.100006
1968.428711	481.164398
1967.734375	459.068726
1967.488281	401.324036
1966.797852	434.970032
1966.547852	446.406738
1965.861328	440.228424
1965.606445	454.277039
1964.923828	389.465820
1964.665039	419.647797
1963.986328	405.398712
1963.723633	448.763672
1963.048828	455.991913
1962.782227	443.353943
1962.111328	397.255096
1961.839844	448.563416
1961.173828	410.512207
1960.898438	514.803955
1960.235352	453.081512
1959.956055	397.955414
1959.296875	442.341339
1959.012695	461.525116
1958.358398	410.291107
1958.070313	421.644165
1957.419922	410.217346
1957.127930	453.364960
1956.481445	383.510834
1956.184570	432.058197
1955.542969	391.430145
1955.241211	461.112274
1954.603516	425.969666
1954.297852	487.503784
1953.664063	444.525665
1953.353516	450.310211
1952.725586	431.138702
1952.409180	460.802429
1951.785156	401.791290
1951.465820	428.926758
1950.845703	444.284912
1950.520508	439.418976
1949.906250	470.803650
1949.576172	441.966858
1948.965820	428.167633
1948.631836	457.743134
1948.025391	473.292175
1947.686523	449.704346
1947.084961	470.547974
1946.741211	494.563629
1946.144531	435.908905
1945.795898	523.537903
1945.204102	465.062286
1944.849609	481.123596
1944.262695	406.523499
1943.904297	433.442413
1943.322266	425.045380
1942.958008	478.264740
1942.380859	409.031799
1942.011719	443.814270
1941.439453	430.201935
1941.065430	454.278931
1940.498047	424.813446
1940.118164	475.301025
1939.555664	504.374084
1939.170898	446.154236
1938.614258	432.621002
1938.223633	480.365417
1937.671875	451.117493
1937.276367	477.618256
1936.729492	458.994598
1936.329102	432.661377
1935.787109	466.868774
1935.380859	501.140808
1934.844727	437.609467
1934.432617	461.472748
1933.901367	442.832825
1933.484375	508.823486
1932.958984	495.775970
1932.536133	469.171478
1932.015625	463.876495
1931.587891	471.700531
1931.072266	437.289124
1930.638672	442.613129
1930.128906	450.457703
1929.689453	479.388947
1929.185547	463.621368
1928.740234	408.178314
1928.241211	431.750916
1927.791016	479.171722
1927.297852	452.857941
1926.840820	442.212036
1926.353516	444.831268
1925.890625	457.901428
1925.409180	463.280670
1924.940430	434.118317
1924.464844	468.489075
1923.990234	468.215210
1923.519531	481.634521
1923.040039	423.401825
1922.575195	423.336914
1922.088867	478.519379
1921.629883	473.520844
1921.137695	462.638794
1920.684570	402.021729
1920.186523	473.045654
1919.739258	433.680206
1919.235352	467.683136
1918.793945	423.024445
1918.283203	446.561951
1917.847656	438.806732
1917.331055	441.207764
1916.902344	475.726532
1916.378906	438.481567
1915.956055	459.783875
1915.426758	493.507385
1915.009766	457.056763
1914.474609	472.399292
1914.063477	441.123322
1913.521484	440.805389
1913.116211	456.887329
1912.568359	469.560394
1912.169922	417.195404
1911.615234	495.679565
1911.222656	475.197662
1910.662109	490.322174
1910.275391	477.748901
1909.708008	469.238525
1909.328125	482.938110
1908.753906	476.993683
1908.380859	467.017181
1907.799805	503.086975
1907.432617	495.948547
1906.845703	508.211060
1906.485352	495.856201
1905.891602	529.046997
1905.537109	440.385956
1904.936523	494.885956
1904.588867	516.763794
1903.981445	460.740509
1903.640625	487.670746
1903.026367	463.252045
1902.692383	466.495209
1902.071289	502.395355
1901.743164	511.204346
1901.115234	502.279968
1900.793945	403.090973
1900.159180	489.087372
1899.845703	479.404205
1899.203125	522.967834
1898.895508	452.978546
1898.247070	522.847595
1897.946289	513.455139
1897.290039	533.181824
1896.997070	484.400269
1896.333984	491.250549
1896.046875	505.366425
1895.376953	496.362274
1895.096680	463.165680
1894.419922	485.800568
1894.146484	505.176880
1893.461914	530.079468
1893.196289	507.712677
1892.504883	462.080902
1892.246094	468.165192
1891.546875	488.074524
1891.294922	433.891815
1890.588867	440.992249
1890.344727	423.293610
1889.629883	503.502014
1889.393555	449.500549
1888.671875	474.695282
1888.442383	504.607361
1887.712891	500.661652
1887.491211	486.118652
1886.753906	503.152832
1886.539063	465.009644
1885.794922	513.462036
1885.587891	483.308716
1884.835938	497.708282
1884.635742	480.591370
1883.875977	502.803375
1883.683594	469.997894
1882.916016	463.617889
1882.731445	472.534332
1881.956055	434.866486
1881.778320	503.941376
1880.996094	502.453613
1880.826172	472.355713
1880.035156	460.692444
1879.873047	485.384857
1879.074219	512.629028
1878.919922	503.655426
1878.113281	520.314575
1877.966797	506.182770
1877.152344	486.381012
1877.013672	461.509247
1876.191406	483.667511
1876.059570	485.017181
1875.229492	530.350586
1875.106445	524.243469
1874.267578	501.636383
1874.152344	484.833160
1873.305664	470.336945
1873.198242	482.120880
1872.342773	478.021149
1872.244141	474.170135
1871.380859	509.077667
1871.289063	497.653046
1870.417969	540.119629
1870.334961	489.702209
1869.455078	514.032288
1869.379883	500.081940
1868.491211	513.912231
1868.424805	497.369019
1867.528320	503.412445
1867.469727	455.398560
1866.564453	479.946014
1866.513672	434.377899
1865.600586	508.364380
1865.558594	452.608704
1864.636719	531.583130
1864.602539	457.753845
1863.671875	489.978943
1863.646484	507.355988
1862.708008	487.272247
1862.690430	481.111725
1861.743164	526.026978
1861.734375	496.705231
1860.778320	491.382813
1860.778320	505.178345
1859.821289	506.968262
1859.812500	494.699554
1858.864258	491.194824
1858.847656	497.172821
1857.907227	530.284363
1857.881836	504.822510
1856.950195	553.688416
1856.916016	525.409607
1855.993164	517.025024
1855.949219	509.760345
1855.035156	540.422485
1854.983398	545.858459
1854.077148	532.488159
1854.016602	512.106750
1853.119141	566.312500
1853.049805	499.057159
1852.161133	511.409851
1852.083008	540.302368
1851.203125	495.659210
1851.115234	527.252075
1850.244141	508.605103
1850.147461	519.375793
1849.286133	537.192322
1849.179688	521.836487
1848.327148	529.267273
1848.211914	565.619751
1847.368164	539.592346
1847.244141	586.143127
1846.408203	492.576385
1846.275391	518.885010
1845.449219	497.692932
1845.306641	541.990356
1844.489258	471.544800
1844.337891	518.639404
1843.530273	546.990662
1843.369141	554.632080
1842.570313	588.552551
1842.399414	528.709900
1841.609375	554.590698
1841.429688	549.212219
1840.649414	518.038635
1840.459961	551.659729
1839.688477	515.335876
1839.490234	592.764526
1838.728516	515.236267
1838.519531	530.784729
1837.767578	543.755310
1837.549805	595.058838
1836.805664	577.465637
1836.579102	558.861755
1835.844727	566.951111
1835.607422	553.579163
1834.882813	507.036926
1834.636719	527.705627
1833.921875	499.139648
1833.665039	563.609741
1832.959961	532.832214
1832.693359	584.058960
1831.998047	561.314331
1831.721680	493.887970
1831.035156	550.812744
1830.749023	563.206543
1830.073242	540.315186
1829.777344	532.218811
1829.110352	540.210266
1828.804688	524.380127
1828.147461	524.525330
1827.832031	616.770325
1827.184570	565.961853
1826.858398	531.837158
1826.221680	537.299622
1825.885742	547.121765
1825.258789	581.312561
1824.912109	557.262878
1824.294922	550.063721
1823.938477	593.073181
1823.331055	547.362488
1822.963867	598.064575
1822.367188	549.849487
1821.990234	533.766479
1821.403320	544.556091
1821.015625	533.638306
1820.438477	552.227783
1820.041016	571.984436
1819.474609	554.712158
1819.066406	548.767944
1818.509766	541.645874
1818.090820	533.253662
1817.544922	546.722290
1817.115234	561.319519
1816.580078	546.615540
1816.139648	597.059143
1815.614258	525.788025
1815.164063	558.487305
1814.649414	559.349792
1814.187500	550.668945
1813.683594	533.349609
1813.211914	571.021179
1812.717773	541.010986
1812.235352	560.643311
1811.751953	556.433472
1811.257813	586.101929
1810.786133	564.087158
1810.281250	560.372498
1809.819336	641.588135
1809.303711	567.911499
1808.852539	576.798828
1808.326172	521.738403
1807.885742	563.755554
1807.348633	608.547485
1806.918945	563.644958
1806.371094	600.731140
1805.952148	571.289429
1805.392578	554.583252
1804.984375	540.163086
1804.414063	539.118408
1804.017578	591.737061
1803.435547	546.650940
1803.049805	547.701355
1802.456055	589.933228
1802.082031	555.342651
1801.477539	559.151428
1801.113281	560.398438
1800.498047	571.778442
1800.145508	578.362000
1799.518555	602.262878
1799.176758	557.596436
1798.538086	556.192200
1798.208008	521.353210
1797.558594	568.810303
1797.239258	583.181274
1796.578125	576.322021
1796.270508	606.285828
1795.597656	553.236206
1795.301758	562.315979
1794.616211	586.236267
1794.332031	569.941833
1793.635742	570.803772
1793.362305	541.466858
1792.654297	596.140381
1792.392578	561.983215
1791.672852	557.789917
1791.422852	590.223572
1790.690430	557.653442
1790.452148	538.569275
1789.708984	600.794556
1789.482422	569.379333
1788.726563	565.015747
1788.511719	587.297852
1787.744141	597.955688
1787.541016	561.428101
1786.760742	587.633606
1786.569336	589.640381
1785.778320	605.292114
1785.598633	592.098022
1784.794922	620.399170
1784.626953	584.259277
1783.811523	564.322876
1783.656250	630.463257
1782.828125	538.770447
1782.684570	542.862793
1781.843750	614.860229
1781.711914	599.345764
1780.859375	617.248962
1780.740234	655.806274
1779.875000	624.715454
1779.767578	645.391052
1778.890625	604.250488
1778.795898	586.135254
1777.905273	632.022095
1777.823242	583.448608
1776.919922	606.489990
1776.849609	668.134399
1775.934570	631.710083
1775.876953	632.032349
1774.949219	608.726746
1774.903320	629.337952
1773.962891	639.005005
1773.929688	626.644592
1772.977539	671.803284
1772.956055	654.764709
1771.991211	628.550781
1771.982422	631.529663
1771.008789	621.137207
1771.003906	625.861206
1770.034180	613.314941
1770.017578	615.573120
1769.060547	715.819153
1769.030273	650.876709
1768.085938	661.808350
1768.042969	638.055298
1767.110352	674.499634
1767.054688	622.708801
1766.135742	630.774963
1766.067383	657.983887
1765.160156	689.612183
1765.079102	660.350281
1764.185547	625.396973
1764.090820	607.067505
1763.209961	666.273560
1763.102539	642.319763
1762.233398	648.205933
1762.113281	657.328796
1761.257813	648.076355
1761.124023	657.164856
1760.281250	630.019470
1760.134766	677.216248
1759.305664	606.848572
1759.145508	654.310425
1758.329102	686.088135
1758.155273	644.044250
1757.351563	637.319946
1757.165039	626.207947
1756.375000	657.664429
1756.174805	633.624451
1755.397461	662.649719
1755.184570	694.036194
1754.420898	688.096741
1754.193359	678.723450
1753.443359	659.826721
1753.202148	655.850708
1752.464844	646.909607
1751.487305	672.344299
1750.509766	618.534912
1749.531250	695.073242
1748.552734	717.927856
1747.574219	705.011719
1746.594727	620.592102
1745.616211	668.981323
1744.636719	671.399658
1743.657227	681.473938
1742.677734	709.406921
1741.697266	688.853638
1740.717773	737.180115
1739.737305	696.227112
1738.756836	670.589172
1737.775391	703.594299
1736.794922	662.672607
1735.813477	718.599976
1734.833008	700.620972
1733.851563	764.159546
1732.869141	715.618286
1731.887695	718.019897
1730.905273	717.874878
1729.922852	717.729797
1728.940430	717.584717
1727.958008	730.160156
1726.975586	770.710022
1725.992188	717.149292
1725.008789	704.291260
1724.025391	716.858948
1723.041992	716.713745
1722.057617	752.142822
1721.074219	751.990356
1720.089844	739.137939
1719.105469	749.145935
1718.120117	784.539429
1717.135742	779.303284
1716.150391	804.524353
1715.165039	806.898376
1714.179688	821.955872
1713.194336	826.861633
1712.208008	788.655457
1711.222656	844.272888
1710.236328	816.217896
1709.250000	821.120483
1708.262695	813.351929
1707.276367	810.653015
1706.289063	825.684570
1705.301758	838.177612
1704.314453	924.086060
1703.327148	870.741882
1702.338867	875.625732
1701.350586	847.614990
1700.362305	900.565247
1699.374023	948.435486
1698.385742	885.025696
1697.396484	889.901184
1696.407227	925.105957
1695.417969	874.374939
1694.428711	896.935425
1693.439453	863.913208
1692.449219	906.670715
1691.458984	926.685425
1690.468750	840.662354
1689.478516	837.966248
1688.487305	898.358032
1687.497070	862.852539
1686.505859	867.720581
1685.514648	933.112793
1684.522461	890.057495
1683.531250	854.582458
1682.539063	861.968201
1681.546875	892.029602
1680.554688	846.498352
1679.562500	851.362122
1678.569336	883.925232
1677.576172	783.032043
1676.583008	825.664673
1675.589844	825.494934
1674.596680	807.711487
1673.602539	827.671082
1672.608398	782.227112
1671.614258	829.845093
1670.620117	834.702515
1669.625977	814.421448
1668.630859	786.609192
1667.635742	799.010132
1666.640625	811.405884
1665.645508	750.960754
1664.649414	808.560181
1663.654297	763.203674
1662.658203	770.576172
1661.662109	752.850586
1660.665039	755.204102
1659.668945	757.556580
1658.671875	784.987488
1657.674805	759.750916
1656.677734	802.211304
1655.679688	741.892029
1654.682617	736.726807
1653.684570	826.767151
1652.686523	829.100830
1651.688477	768.825562
1650.689453	883.841125
1649.691406	786.030090
1648.692383	803.386536
1647.693359	763.184143
1646.693359	775.534546
1645.694336	800.385742
1644.694336	792.717651
1643.694336	795.053345
1642.694336	804.886902
1641.694336	842.206726
1640.693359	814.547119
1639.692383	751.925659
1638.691406	734.286377
1637.690430	791.565979
1636.689453	778.918762
1635.687500	821.189026
1634.685547	753.639832
1633.683594	755.977966
1632.681641	798.226440
1631.678711	760.651184
1630.676758	805.374329
1629.673828	800.220764
1628.670898	762.668335
1627.666992	822.314026
1626.664063	847.056030
1625.660156	789.590515
1624.656250	821.799744
1623.652344	829.097656
1622.647461	784.117859
1621.643555	871.060242
1620.638672	818.625671
1619.633789	791.089905
1618.628906	818.283691
1617.623047	900.172607
1616.617188	847.775391
1615.611328	807.828186
1614.605469	844.935791
1613.599609	842.274475
1612.592773	911.652039
1611.586914	829.504211
1610.580078	878.991089
1609.572266	873.841980
1608.565430	826.501221
1607.557617	895.809082
1606.549805	898.102295
1605.541992	840.864258
1604.534180	895.245850
1603.526367	865.305481
1602.517578	850.250732
1601.508789	877.334106
1600.500000	857.327332
1599.490234	829.896973
1598.481445	879.258362
1597.471680	856.787292
1596.461914	891.267700
1595.452148	905.931702
1594.441406	843.873657
1593.430664	927.818420
1592.420898	826.203125
1591.409180	900.223511
1590.398438	815.964966
1589.387695	944.342407
1588.375977	823.036194
1587.364258	810.507507
1586.352539	889.394043
1585.339844	866.976440
1584.328125	847.037720
1583.315430	901.176636
1582.302734	873.833557
1581.289063	866.245422
1580.276367	774.768311
1579.262695	833.810303
1578.249023	865.697144
1577.235352	838.389954
1576.220703	830.816895
1575.207031	828.176514
1574.192383	852.644409
1573.177734	859.855530
1572.163086	835.041260
1571.147461	815.162842
1570.131836	805.141602
1569.117188	782.816040
1568.100586	822.028992
1567.084961	802.169861
1566.068359	836.441711
1565.052734	814.128113
1564.036133	801.660278
1563.018555	860.495789
1562.001953	816.068726
1560.984375	788.863037
1559.966797	820.636658
1558.949219	889.243896
1557.931641	785.905151
1556.913086	847.124207
1555.894531	837.124695
1554.875977	827.129395
1553.857422	841.676941
1552.837891	839.044800
1551.819336	875.658875
1550.799805	809.260559
1549.780273	848.317017
1548.759766	767.244995
1547.740234	867.562134
1546.719727	786.520325
1545.699219	827.997803
1544.678711	842.516602
1543.657227	834.991272
1542.636719	854.398499
1541.615234	890.930664
1540.593750	880.952454
1539.571289	927.249512
1538.549805	829.209961
1537.527344	804.577881
1536.504883	814.186279
1535.481445	782.234253
1534.458984	845.610291
1533.435547	808.778259
1532.412109	835.477661
1531.388672	796.220886
1530.365234	861.981384
1529.340820	842.266357
1528.316406	837.204712
1527.291992	832.145142
1526.267578	814.888672
1525.243164	839.107056
1524.217773	824.295044
1523.192383	850.939087
1522.166992	775.188293
1521.140625	833.514526
1520.115234	843.082642
1519.088867	840.465942
1518.062500	891.433716
1517.036133	801.144348
1516.008789	842.360229
1514.981445	883.558411
1513.954102	893.102966
1512.926758	895.344360
1511.899414	819.745422
1510.871094	863.344666
1509.842773	885.042236
1508.814453	877.559448
1507.786133	828.763123
1506.756836	889.331726
1505.727539	847.841736
1504.698242	847.659485
1503.668945	883.901733
1502.639648	937.122803
1501.609375	839.830872
1500.579102	888.184875
1499.548828	858.879150
1498.518555	853.842834
1497.487305	892.461670
1496.456055	904.392639
1495.424805	952.680237
1494.393555	947.627747
1493.361328	945.000366
1492.330078	935.106384
1491.297852	925.216614
1490.264648	905.644897
1489.232422	932.080322
1488.199219	929.458679
1487.166016	912.318420
1486.132813	921.799072
1485.099609	953.045654
1484.065430	991.533752
1483.032227	884.933960
1481.998047	894.411987
1480.962891	867.633667
1479.928711	879.527466
1478.893555	908.326355
1477.858398	908.129761
1476.823242	927.250916
1475.788086	919.807617
1474.751953	909.953735
1473.715820	938.714355
1472.679688	940.923584
1471.643555	923.834961
1470.606445	899.518921
1469.569336	880.035400
1468.532227	923.234131
1467.495117	903.753784
1466.458008	987.889648
1465.419922	886.498779
1464.381836	888.714722
1463.343750	886.113770
1462.305664	914.810059
1461.266602	912.204407
1460.227539	938.475952
1459.188477	940.677734
1458.149414	870.719421
1457.109375	916.220825
1456.069336	944.872559
1455.029297	891.784790
1453.989258	920.429199
1452.949219	913.020691
1451.908203	929.636963
1450.867188	999.081970
1449.826172	922.028564
1448.784180	914.625793
1447.743164	948.027344
1446.701172	983.813782
1445.659180	947.613831
1444.617188	997.775513
1443.574219	995.159729
1442.531250	1016.519531
1441.488281	1023.488342
1440.445313	977.733093
1439.401367	1006.270020
1438.358398	1070.724731
1437.314453	1099.228638
1436.269531	1046.313477
1435.225586	1089.172729
1434.180664	1112.867065
1433.135742	1069.554199
1432.090820	1129.125488
1431.045898	1124.094849
1430.000000	1128.630981
1428.954102	1118.821167
1427.908203	1161.598145
1426.862305	1087.265991
1425.816406	1225.593750
1424.769531	1153.668579
1423.722656	1217.892090
1422.674805	1205.687256
1421.627930	1238.840332
1420.580078	1202.771484
1419.532227	1262.155518
1418.484375	1218.941040
1417.436523	1235.367310
1416.387695	1165.949463
1415.338867	1232.440308
1414.290039	1215.486206
1413.241211	1296.233398
1412.191406	1234.009399
1411.141602	1259.936890
1410.091797	1242.990967
1409.041992	1299.853638
1407.991211	1278.145874
1406.940430	1208.854736
1405.889648	1196.692749
1404.838867	1087.013916
1403.788086	1127.201294
1402.736328	1041.361206
1401.684570	1057.770508
1400.632813	1116.949219
1399.580078	1047.799683
1398.528320	1066.571777
1397.475586	1106.709717
1396.421875	1068.474854
1395.369141	1099.098999
1394.315430	1015.789063
1393.261719	1048.783813
1392.208008	1074.646973
1391.154297	1072.037354
1390.099609	1048.087646
1389.045898	1085.786987
1387.990234	1090.286865
1386.935547	1123.220581
1385.880859	1118.233398
1384.825195	1158.251953
1383.769531	1122.473755
1382.712891	1179.046265
1381.657227	1143.279053
1380.600586	1161.957520
1379.543945	1154.601563
1378.487305	1095.208618
1377.429688	1092.600342
1376.373047	1212.942505
1375.315430	1137.028564
1374.257813	1188.769653
1373.199219	1115.257446
1372.140625	1110.284668
1371.082031	1128.931885
1370.023438	1088.539185
1368.964844	1071.771729
1367.905273	1043.210571
1366.845703	1054.776489
1365.786133	1082.851196
1364.726563	1092.044312
1363.666016	995.118652
1362.605469	1037.333008
1361.544922	1065.386108
1360.484375	1032.156982
1359.422852	1038.994507
1358.361328	1024.629639
1357.299805	996.141418
1356.238281	1033.589478
1355.176758	1023.942871
1354.114258	1070.781128
1353.051758	1002.309326
1351.988281	980.914246
1350.925781	990.101807
1349.862305	1046.310303
1348.798828	954.397461
1347.735352	987.086487
1346.670898	1040.907959
1345.607422	1019.532166
1344.542969	995.817322
1343.477539	993.245789
1342.413086	1018.846252
1341.347656	971.676636
1340.282227	1009.002747
1339.216797	1001.738159
1338.150391	1090.640747
1337.084961	975.493652
1336.018555	1090.150391
1334.952148	1043.027588
1333.884766	1063.883179
1332.817383	1089.414795
1331.750000	1098.538818
1330.682617	1091.266113
1329.615234	1119.115234
1328.546875	1104.818726
1327.478516	1146.693115
1326.410156	1188.548584
1325.341797	1162.549927
1324.272461	1120.192749
1323.203125	1185.406128
1322.133789	1100.986694
1321.063477	1135.793335
1319.994141	1063.105347
1318.923828	1069.873047
1317.853516	1071.966553
1316.782227	1118.422363
1315.711914	1034.131592
1314.640625	1082.908447
1313.569336	1033.663452
1312.497070	1061.422974
1311.425781	1002.875854
1311.421875	1072.405884
1310.353516	983.994629
1310.349609	986.147095
1309.281250	1023.402222
1309.277344	985.971008
1308.208008	997.532593
1308.204102	1081.344727
1307.135742	1043.909424
1307.130859	1015.909424
1306.062500	1025.035522
1306.057617	1022.716492
1304.988281	1017.815552
1304.984375	1034.179443
1303.915039	987.313049
1303.911133	996.732910
1302.840820	989.416809
1302.837891	943.000916
1301.767578	951.951843
1301.763672	917.223755
1300.692383	954.062439
1300.689453	986.885620
1299.618164	928.254517
1299.615234	935.510925
1298.542969	986.191467
1298.541016	977.223450
1297.468750	981.316284
1297.465820	979.373596
1296.392578	925.296143
1296.391602	976.871033
1295.317383	962.274841
1295.316406	969.718262
1294.241211	878.398621
1294.241211	981.168274
1293.166016	953.095337
1293.165039	926.987244
1292.089844	908.763000
1292.088867	996.458374
1291.013672	1001.549561
1291.012695	928.886841
1289.938477	966.517578
1289.935547	979.752075
1288.862305	975.633972
1288.858398	967.922729
1287.785156	1040.487183
1287.781250	1069.809448
1286.708984	1051.908569
1286.704102	1023.163208
1285.631836	1095.828979
1285.625977	1071.640381
1284.554688	1032.955688
1284.547852	1094.585938
1283.477539	1039.729980
1283.469727	1027.098999
1282.400391	983.850769
1282.391602	1038.453979
1281.323242	1053.270508
1281.312500	1061.390869
1280.245117	951.017761
1280.233398	977.739014
1279.166992	1027.375244
1279.154297	921.921875
1278.088867	1004.000183
1278.075195	917.079041
1277.010742	957.450745
1276.995117	977.067444
1275.931641	966.546692
1275.915039	932.862366
1274.853516	903.798767
1274.834961	962.733948
1273.774414	919.851929
1273.753906	920.865967
1272.695313	979.914124
1272.673828	916.028320
1271.615234	942.675476
1271.592773	915.818054
1270.536133	923.976257
1270.510742	943.353455
1269.456055	928.436768
1269.429688	954.694885
1268.375977	935.210327
1268.347656	892.076355
1267.295898	888.748840
1267.265625	947.324463
1266.215820	923.295166
1266.183594	910.146362
1265.134766	879.166382
1265.101563	907.627563
1264.054688	872.064392
1264.018555	914.345581
1262.973633	878.841309
1262.935547	893.359253
1261.892578	906.426331
1261.852539	920.848267
1260.810547	899.322815
1260.768555	872.181580
1259.729492	931.516479
1259.684570	865.060120
1258.647461	935.965698
1258.600586	927.130615
1257.565430	933.481323
1257.516602	908.470703
1256.483398	896.345154
1256.432617	961.281433
1255.401367	974.709595
1255.347656	940.317261
1254.318359	962.981689
1254.262695	868.670959
1253.235352	888.918274
1253.177734	935.275696
1252.152344	904.911743
1252.091797	928.150269
1251.069336	971.675476
1251.005859	934.843445
1249.986328	957.648621
1249.919922	893.190552
1248.902344	927.476746
1248.833984	978.139648
1247.818359	904.236145
1247.747070	954.903503
1246.734375	940.967651
1246.660156	929.377625
1245.650391	938.485718
1245.573242	915.362915
1244.566406	922.171875
1244.486328	908.252686
1243.481445	954.268982
1243.398438	928.731750
1242.396484	898.780396
1242.311523	873.356995
1241.311523	970.039795
1241.222656	916.812134
1240.226563	956.035400
1240.134766	928.085571
1239.141602	960.462219
1239.045898	893.419434
1238.055664	953.372986
1237.958008	867.954041
1236.969727	879.516724
1236.868164	941.212891
1235.883789	953.013977
1235.779297	922.633240
1234.797852	929.818970
1234.689453	858.170654
1233.710938	913.535889
1233.599609	926.792175
1232.624023	867.350159
1232.509766	940.337585
1231.537109	883.287903
1231.419922	864.450562
1230.450195	915.318054
1230.329102	822.985291
1229.363281	912.845520
1229.238281	850.296387
1228.275391	882.786682
1228.147461	861.555054
1227.188477	848.142151
1227.055664	875.099182
1226.100586	937.605408
1225.964844	863.443481
1225.011719	893.772827
1224.872070	876.980591
1223.923828	886.711609
1223.780273	858.461975
1222.834961	863.575745
1222.688477	853.684082
1221.747070	895.559875
1221.595703	869.501709
1220.657227	877.022583
1220.502930	878.448975
1219.568359	847.015015
1219.409180	837.075867
1218.479492	913.408569
1218.316406	887.184265
1217.389648	924.707275
1217.222656	932.697021
1216.299805	979.589844
1216.128906	895.910889
1215.209961	977.109192
1215.035156	982.529114
1214.120117	999.855042
1213.940430	1034.840454
1213.029297	958.393433
1212.845703	1032.313965
1211.938477	976.549133
1211.750977	1027.505127
1210.847656	1022.200867
1210.655273	997.587463
1209.756836	1051.794556
1209.560547	1008.764648
1208.666016	1047.010864
1208.464844	1042.753784
1207.574219	1003.288513
1207.369141	1015.134399
1206.482422	1009.966553
1206.272461	1042.263794
1205.390625	989.165039
1205.175781	1005.536621
1204.298828	1032.471680
1204.079102	1000.740845
1203.207031	1007.095764
1202.982422	1000.505310
1202.114258	1082.419678
1201.885742	975.206055
1201.021484	983.828552
1200.788086	1020.535950
1199.928711	1082.003052
1199.690430	926.920227
1198.835938	1042.913940
1198.591797	1049.654663
1197.742188	980.973267
1197.494141	949.246826
1196.648438	1031.080566
1196.395508	1026.401123
1195.554688	1042.310303
1195.296875	1010.231750
1194.460938	1003.258423
1194.197266	1032.740723
1193.367188	961.936584
1193.098633	1007.480286
1192.272461	1041.706055
1191.999023	1007.242126
1191.177734	1036.936401
1190.899414	970.633606
1190.083008	931.691895
1189.798828	924.951782
1188.988281	990.872314
1188.698242	927.004883
1187.893555	935.896057
1187.597656	897.255432
1186.797852	848.989685
1186.497070	901.584839
1185.702148	848.824890
1185.396484	812.823364
1184.606445	819.002502
1184.294922	842.139587
1183.509766	821.124207
1183.193359	760.242126
1182.414063	893.939148
1182.090820	825.858032
1181.317383	829.924805
1180.989258	784.832520
1180.220703	834.322327
1179.886719	818.662537
1179.124023	811.368530
1178.784180	764.054565
1178.026367	870.456055
1177.680664	834.140137
1176.929688	840.669189
1176.578125	813.546387
1175.832031	760.782410
1175.474609	817.883972
1174.734375	808.458069
1174.371094	770.122864
1173.635742	801.469421
1173.266602	812.965393
1172.538086	821.800781
1172.162109	869.371399
1171.439453	785.223816
1171.057617	783.153076
1170.340820	737.283264
1169.953125	794.280762
1169.242188	816.768005
1168.848633	809.927795
1168.142578	725.620972
1167.743164	741.879578
1167.043945	770.963257
1166.637695	802.757141
1165.944336	761.716858
1165.531250	793.522278
1164.844727	784.300659
1164.425781	843.057129
1163.744141	747.780396
1163.319336	813.479797
1162.644531	849.893311
1162.211914	736.474854
1161.543945	756.574402
1161.105469	743.074219
1160.443359	760.968628
1159.998047	781.282959
1159.342773	810.783020
1158.890625	812.700745
1158.241211	817.435242
1157.783203	762.852722
1157.140625	808.193298
1156.675781	780.721069
1156.039063	767.178284
1155.567383	771.510193
1154.937500	848.722107
1154.458984	769.069580
1153.835938	830.403625
1153.349609	807.216370
1152.733398	830.239624
1152.241211	798.005310
1151.630859	811.931763
1151.131836	806.828247
1150.528320	780.026001
1150.022461	779.596130
1149.425781	847.883728
1148.912109	837.976746
1148.323242	797.850220
1147.801758	758.952026
1147.219727	763.699585
1146.691406	788.039185
1146.116211	790.736938
1145.581055	805.857178
1145.012695	863.068848
1144.470703	814.664673
1143.909180	844.779053
1143.359375	816.718018
1142.804688	837.818237
1142.248047	816.520813
1141.700195	869.346802
1141.135742	852.304810
1140.595703	830.694946
1140.024414	865.588562
1139.491211	835.055847
1138.912109	840.654114
1138.386719	877.878662
1137.798828	858.428345
1137.281250	848.296326
1136.686523	822.274170
1136.175781	895.622559
1135.573242	871.489441
1135.070313	841.174744
1134.459961	842.085999
1133.963867	820.660156
1133.346680	835.146851
1132.858398	924.471191
1132.232422	808.010620
1131.751953	802.253784
1131.118164	845.961365
1130.645508	860.838501
1130.003906	879.406799
1129.539063	887.774170
1128.889648	832.093567
1128.431641	822.099731
1127.774414	852.072021
1127.325195	887.419250
1126.659180	860.831848
1126.217773	905.302612
1125.543945	896.481750
1125.109375	837.406555
1124.428711	950.039368
1124.001953	895.913269
1123.312500	853.483154
1122.893555	873.171204
1122.196289	859.993958
1121.786133	872.996155
1121.079102	886.652588
1120.677734	904.395996
1119.962891	870.767029
1119.568359	917.743896
1118.845703	899.647644
1118.459961	901.778564
1117.728516	872.579407
1117.350586	890.327454
1116.610352	874.603149
1116.241211	899.162659
1115.492188	843.081360
1115.131836	829.136169
1114.374023	867.468384
1114.021484	797.432495
1113.255859	829.257813
1112.912109	833.306885
1112.136719	820.116272
1111.801758	857.908081
1111.018555	759.594666
1110.691406	839.725098
1109.898438	808.546753
1109.580078	778.783691
1108.779297	806.115540
1108.469727	756.122986
1107.659180	752.338806
1107.358398	760.470276
1106.539063	767.777527
1106.247070	710.828674
1105.418945	760.894897
1105.134766	746.669189
1104.297852	745.092285
1104.023438	751.015442
1103.177734	771.672363
1102.911133	730.630798
1102.055664	769.252808
1101.798828	734.978271
1100.934570	742.313538
1100.686523	732.582397
1099.812500	766.645569
1099.574219	745.914490
1098.690430	708.526855
1098.460938	732.285767
1097.568359	703.897156
1097.347656	786.037048
1096.446289	714.858459
1096.234375	687.081665
1095.323242	756.984131
1095.121094	704.901611
1094.200195	681.117554
1094.006836	707.003052
1093.076172	734.357056
1092.892578	769.691467
1091.953125	700.803955
1091.778320	659.601563
1090.829102	676.164185
1090.664063	706.572327
1089.704102	720.470398
1089.548828	681.759766
1088.580078	738.077026
1088.434570	737.675476
1087.455078	733.449097
1087.319336	742.008850
1086.330078	735.489319
1086.203125	705.997620
1085.204102	701.984863
1085.087891	730.502686
1084.079102	688.485229
1083.971680	696.748596
1082.953125	786.010498
1082.855469	698.846497
1081.827148	721.440613
1081.739258	736.774414
1080.700195	741.234680
1080.623047	727.668152
1079.573242	714.425842
1079.505859	747.666321
1078.446289	740.866028
1078.388672	747.513672
1077.319336	729.593506
1077.271484	709.321594
1076.191406	711.675354
1076.154297	731.548157
1075.063477	704.848450
1075.036133	726.925171
1073.935547	686.945068
1073.918945	749.138855
1072.806641	713.358459
1072.800781	735.570862
1071.681641	746.596863
1071.677734	733.114014
1070.563477	746.443909
1070.548828	693.073608
1069.444336	697.134094
1069.419922	746.030151
1068.325195	755.073730
1068.290039	719.285339
1067.206055	714.716125
1067.160156	694.766418
1066.086914	727.967651
1066.030273	738.834045
1064.966797	743.446167
1064.899414	709.899109
1063.846680	700.883362
1063.768555	762.784485
1062.726563	727.519226
1062.637695	705.122375
1061.606445	749.681641
1061.506836	771.241211
1060.485352	711.604980
1060.375000	709.187012
1059.364258	764.985229
1059.243164	702.382629
1058.243164	751.448914
1058.111328	744.161743
1057.122070	720.083130
1056.978516	735.143982
1056.000000	697.645813
1055.845703	730.544800
1054.877930	719.786499
1054.712891	688.436768
1053.755859	697.358276
1053.580078	734.588745
1052.633789	728.399780
1052.446289	747.636047
1051.511719	770.563660
1051.312500	707.759949
1050.388672	716.966187
1050.177734	720.807068
1049.265625	761.341003
1049.043945	736.051270
1048.142578	776.763489
1047.909180	733.662048
1047.018555	763.251648
1046.774414	762.110718
1045.895508	783.116699
1045.638672	733.290894
1044.771484	738.468689
1044.502930	695.679443
1043.646484	753.882813
1043.367188	761.531982
1042.522461	747.056580
1042.231445	719.531311
1041.397461	722.449768
1041.094727	743.547119
1040.273438	748.969604
1039.958008	719.166260
1039.147461	762.146423
1038.821289	736.573425
1038.022461	719.779114
1037.683594	756.169800
1036.896484	737.398499
1036.545898	793.336853
1035.771484	732.804260
1035.408203	707.450073
1034.645508	781.495605
1034.269531	740.217346
1033.518555	759.136353
1033.131836	678.542725
1032.392578	727.909363
1031.992188	711.300293
1031.265625	774.352356
1030.853516	689.170776
1030.138672	716.515198
1029.713867	739.462708
1029.011719	767.376770
1028.574219	723.918030
1027.883789	727.304077
1027.434570	721.539917
1026.755859	718.284973
1026.294922	741.088562
1025.627930	738.083618
1025.154297	745.282959
1024.500000	773.385986
1024.012695	712.220459
1023.372070	724.482849
1022.872070	733.946899
1022.243164	764.203308
1021.730469	746.900696
1021.114258	721.966125
1020.588867	755.468201
1019.985352	766.098694
1019.447266	711.490295
1018.855469	750.442932
1018.304688	733.193970
1017.726563	743.646545
1017.162109	695.808228
1016.596680	743.491211
1016.019531	728.442017
1015.466797	765.458923
1014.875977	789.489258
1014.335938	743.180481
1013.732422	697.457703
1013.206055	765.138916
1012.588867	762.852722
1012.075195	771.611633
1011.445313	727.691895
1010.944336	764.818787
1010.300781	755.905273
1009.812500	764.658691
1009.156250	779.735596
1008.681641	762.289063
1008.010742	742.413513
1007.549805	801.892639
1006.866211	707.293579
1006.417969	808.350403
1005.720703	737.664856
1005.285156	735.312134
1004.574219	754.928955
1004.153320	792.557678
1003.428711	754.733459
1003.020508	818.877991
1002.282227	686.934753
1001.887695	743.676453
1001.135742	721.639526
1000.753906	769.995850
999.988281	743.248413
999.621094	816.156494
998.840820	732.160217
998.487305	721.154358
997.693359	775.539612
997.353516	714.388062
996.545898	762.270508
996.219727	742.895569
995.397461	753.362854
995.084961	762.575073
994.249023	774.934570
993.950195	777.839172
993.100586	742.089478
992.815430	749.035828
991.951172	728.842102
991.680664	735.662659
990.801758	715.601563
990.545898	744.316162
989.652344	724.112793
989.410156	726.546082
988.274414	772.617981
987.138672	732.841980
986.001953	754.690002
984.865234	769.929382
983.728516	730.178833
982.591797	723.428040
981.455078	773.838562
980.317383	758.289490
979.179688	766.919067
978.041992	810.697144
976.903320	817.115295
975.765625	838.903259
974.626953	807.987061
973.487305	803.425659
972.348633	827.397034
971.208984	785.531555
970.069336	820.465149
968.929688	833.450928
967.790039	868.359436
966.649414	874.752258
965.508789	905.253174
964.368164	876.572388
963.226563	893.913940
962.085938	852.104492
960.944336	930.764648
959.802734	875.827576
958.660156	849.372070
957.517578	811.984558
956.375977	875.268738
955.232422	805.075867
954.089844	769.908569
952.946289	800.359436
951.802734	819.865662
950.659180	780.345764
949.515625	777.993958
948.371094	780.012939
947.226563	666.255432
946.082031	711.976807
944.937500	687.806152
943.791992	681.110168
942.646484	731.163940
941.500977	733.189819
940.354492	750.486267
939.208984	676.165710
938.062500	721.816040
936.916016	699.859131
935.768555	741.125183
934.621094	725.711304
933.474609	740.807800
932.326172	729.757202
931.178711	709.999573
930.030273	783.880554
928.881836	737.995911
927.733398	766.132263
926.584961	742.031372
925.435547	744.047668
924.286133	783.039978
923.136719	800.268921
921.986328	780.529419
920.836914	791.230225
919.686523	806.272827
918.535156	769.162292
917.384766	703.827637
916.233398	805.752686
915.082031	807.750671
913.930664	807.576782
912.779297	761.823669
911.626953	822.418701
910.474609	791.868469
909.322266	750.486145
908.168945	785.021423
907.015625	750.162476
905.862305	821.532532
904.708984	862.531372
903.555664	790.844177
902.401367	833.997986
901.247070	842.480896
900.091797	879.108826
898.937500	865.929932
897.782227	885.221924
896.626953	895.849976
895.471680	899.983032
894.315430	962.513916
893.159180	970.955505
892.002930	994.527527
890.846680	1078.612549
889.689453	1106.472900
888.532227	1188.336426
887.375000	1220.480957
886.217773	1194.300293
885.059570	1360.300171
883.901367	1351.370117
882.743164	1422.299805
881.584961	1508.303101
880.425781	1451.885010
879.266602	1542.157959
878.107422	1505.164307
876.948242	1476.810181
875.788086	1360.094360
874.627930	1245.584229
873.467773	1182.832153
872.307617	1126.569458
871.146484	1085.406250
869.985352	999.045410
868.824219	1031.117554
867.662109	972.784180
866.500000	955.358643
865.337891	976.662842
864.175781	909.776062
863.013672	868.721985
861.850586	842.734497
860.687500	831.803833
859.523438	835.920105
858.360352	829.292419
857.196289	850.590881
856.032227	852.552612
854.868164	813.720032
853.703125	811.395691
852.538086	847.701721
851.373047	847.516418
850.208008	770.105957
849.041992	898.617859
847.875977	808.364685
846.709961	904.655823
845.542969	945.179749
844.376953	936.401611
843.209961	891.207642
842.041992	912.430969
840.875000	1008.593384
839.707031	976.258545
838.539063	1113.033203
837.371094	1159.868530
836.202148	1287.984619
835.034180	1437.434814
833.865234	1603.927734
832.695313	1900.771606
831.526367	2216.723633
830.356445	2684.274902
829.186523	2984.958740
828.015625	3251.330322
826.845703	3425.747314
825.674805	3471.969971
824.503906	3462.666992
823.332031	3131.081787
822.160156	2951.147461
820.988281	2658.221191
819.816406	2427.279053
818.644531	2102.609863
817.471680	1810.063354
816.298828	1641.273926
815.125977	1506.655762
813.952148	1401.924805
812.778320	1256.767822
811.604492	1213.897705
810.430664	1130.591919
809.255859	1100.540527
808.081055	1127.964600
806.906250	1061.754761
805.731445	1067.902100
804.555664	993.227295
803.379883	1022.776733
802.204102	1016.172974
801.028320	992.568726
799.851563	977.474548
798.674805	966.635925
797.498047	966.421997
796.320313	947.096252
795.142578	895.933044
793.964844	906.347595
792.787109	944.345032
791.608398	990.812134
790.429688	939.684143
789.250977	954.320801
788.072266	926.546021
786.892578	941.178894
785.712891	976.998230
784.533203	923.810608
783.353516	961.736084
782.172852	965.758301
780.992188	959.191528
779.810547	946.276733
778.629883	865.640259
777.448242	918.348083
776.266602	848.331116
775.084961	852.372620
773.902344	890.245789
772.719727	851.993408
771.537109	845.462830
770.353516	832.595520
769.170898	897.904358
767.987305	882.918640
766.803711	874.274841
765.619141	897.304382
764.434570	951.986084
763.250000	947.553101
762.065430	1000.089111
760.879883	997.756592
759.694336	1084.000977
758.508789	1132.254150
757.323242	1264.806030
756.136719	1334.072388
754.950195	1308.489624
753.763672	1306.090820
752.576172	1192.067993
751.389648	1145.477173
750.202148	1124.169189
749.013672	1119.708374
747.826172	1108.936768
746.637695	1043.471680
745.449219	1024.308472
744.259766	1066.135742
743.071289	1067.999390
741.881836	996.295959
740.691406	958.247253
739.501953	941.224915
738.311523	924.210144
737.121094	959.703064
735.930664	890.203186
734.739258	900.498840
733.547852	870.916504
732.356445	893.800415
731.165039	931.357544
729.972656	918.565369
728.780273	893.198547
727.587891	876.227966
726.394531	907.467651
725.202148	915.644836
724.008789	884.016663
722.814453	915.233154
721.621094	944.341736
720.426758	921.101685
719.232422	927.173279
718.037109	901.854919
716.841797	876.547852
715.646484	832.428406
714.451172	909.609985
713.255859	884.317993
712.059570	896.659424
710.863281	883.919434
709.666016	954.751953
708.469727	948.270569
707.272461	939.703674
706.075195	947.842651
704.876953	968.501648
703.678711	959.935669
702.480469	957.632568
701.282227	986.618530
700.083984	921.748108
698.884766	1032.041138
697.685547	1048.483521
696.485352	1031.574585
695.285156	998.004944
694.084961	949.869141
692.884766	955.901917
691.684570	1049.380249
690.483398	1009.591614
689.282227	1009.362976
688.080078	965.439880
686.878906	1015.146362
685.676758	1002.437866
684.474609	977.259277
683.271484	1029.007813
682.068359	964.346130
680.865234	1009.840271
679.662109	1065.700684
678.458008	1038.458862
677.254883	1063.140381
676.049805	1091.962646
674.845703	1110.394165
673.640625	1128.817139
672.435547	1122.336914
671.230469	1146.970825
670.024414	1144.636353
668.819336	1158.888062
667.613281	1171.060425
666.406250	1174.938354
665.199219	1127.021118
663.992188	1130.907104
662.785156	1161.711304
661.578125	1155.235718
660.370117	1186.020142
659.162109	1167.125488
657.953125	1170.997314
656.745117	1158.319702
655.536133	1149.783691
654.327148	1141.251465
653.117188	1081.047607
651.907227	1016.738098
650.697266	1041.298706
649.487305	1041.060913
648.276367	970.608826
647.065430	1046.779175
645.854492	978.421997
644.643555	1002.962830
643.431641	944.962830
642.219727	911.742371
641.007813	977.527161
639.794922	999.983521
638.582031	1008.000000
637.369141	937.699341
636.155273	1005.477905
634.942383	986.708191
633.728516	990.600952
632.513672	936.840149
631.299805	969.561646
630.084961	985.803650
628.869141	1008.210815
627.654297	970.951599
626.438477	1013.917969
625.222656	1019.853638
624.006836	982.617126
622.790039	974.170532
621.573242	996.548828
620.356445	1084.653320
619.139648	1094.672974
617.921875	1030.768188
616.704102	1096.222290
615.486328	1093.917725
614.267578	1069.043091
613.048828	1003.151062
611.830078	992.665283
610.610352	1029.345459
609.391602	1010.658142
608.171875	985.830688
606.951172	1012.241333
605.731445	1030.445313
604.510742	1048.640747
603.289063	1025.874634
602.068359	951.939392
600.846680	1043.821533
599.625000	963.777283
598.403320	922.639404
597.180664	961.286804
595.958008	914.033813
594.735352	932.221680
593.511719	903.391907
592.289063	872.531921
591.064453	958.133057
589.840820	878.255554
588.616211	888.262207
587.391602	892.139526
586.166992	875.604614
584.942383	828.468811
583.716797	903.760193
582.491211	932.105347
581.264648	899.262878
580.038086	892.938293
578.811523	884.578369
577.584961	900.674866
576.358398	902.503052
575.130859	959.323364
573.902344	926.519653
572.674805	928.340210
571.446289	826.356445
570.217773	938.083130
568.989258	970.415649
567.759766	943.748718
566.530273	945.562622
565.300781	908.748657
564.070313	910.569580
562.840820	920.517822
561.610352	871.545593
560.378906	820.565002
559.147461	934.088928
557.916016	844.544373
556.684570	872.762939
555.453125	862.413330
554.220703	825.694885
552.988281	933.000000
551.754883	847.615051
550.521484	940.673584
549.288086	912.078064
548.054688	877.416687
546.820313	923.807129
545.585938	889.158997
544.351563	925.400024
543.117188	925.183533
541.881836	939.135010
540.646484	947.009277
539.410156	936.672241
538.174805	904.091614
536.938477	885.680847
535.701172	917.819336
534.464844	939.836853
533.227539	899.202820
531.990234	939.396057
530.751953	848.287659
529.513672	920.781799
528.275391	966.997620
527.037109	932.459229
525.797852	914.079651
524.558594	938.073181
523.319336	931.801941
522.079102	941.664917
520.838867	939.427429
519.598633	989.593018
518.358398	943.015320
517.117188	946.822327
515.875977	976.809937
514.634766	954.430542
513.392578	996.480530
512.150391	1074.737671
510.908203	1090.581421
509.665039	983.705750
508.421875	1126.268311
507.178711	1019.434387
505.934570	1069.449829
504.691406	1053.119019
503.447266	1072.963135
502.202148	1054.630127
500.958008	1050.364136
499.712891	1144.485596
498.466797	1110.089111
497.221680	1103.805664
495.975586	1101.537964
494.729492	1131.366699
493.482422	1101.016235
492.235352	1132.835693
490.988281	1164.639893
489.741211	1176.388062
488.493164	1228.202515
487.245117	1227.911133
485.997070	1303.720093
484.748047	1229.330322
483.499023	1303.100952
482.250000	1236.751343
481.000977	1310.484741
479.750977	1350.178467
478.500977	1343.858032
477.250000	1425.510132
475.999023	1387.193115
474.748047	1440.818604
473.497070	1464.450073
472.245117	1478.083130
470.993164	1551.617432
469.741211	1585.187378
468.488281	1594.789307
467.236328	1777.995483
465.982422	1833.432007
464.729492	1936.711182
463.475586	2163.573486
462.221680	2320.551270
460.967773	2495.391602
459.712891	2777.751221
458.458008	2940.445068
457.203125	3075.177002
455.947266	3189.931885
454.691406	3071.714600
453.435547	3128.696777
452.178711	2899.121826
450.921875	2673.635010
449.665039	2426.378662
448.408203	2193.158936
447.150391	1908.365967
445.892578	1723.079468
444.633789	1694.848877
443.375000	1585.187134
442.116211	1469.619995
440.857422	1481.179810
439.597656	1377.602905
438.337891	1365.364380
437.078125	1414.637573
435.818359	1414.297241
434.557617	1390.159424
433.295898	1391.807373
432.035156	1355.793335
430.773438	1387.173462
429.511719	1386.838989
428.249023	1329.063721
426.987305	1308.940674
425.724609	1292.786621
424.460938	1225.178833
423.198242	1218.946533
421.934570	1190.955444
420.669922	1182.756226
419.406250	1243.768799
418.141602	1253.352539
416.875977	1187.827515
415.611328	1189.515869
414.345703	1179.350586
413.080078	1188.939819
411.813477	1131.391113
410.546875	1217.973999
409.280273	1233.467041
408.013672	1187.787231
406.746094	1215.115234
405.478516	1248.346191
404.209961	1230.298340
402.942383	1259.566772
401.673828	1227.729858
400.404297	1284.567017
399.134766	1262.587646
397.865234	1337.111450
396.595703	1338.754639
395.326172	1328.587280
394.055664	1306.617920
392.784180	1373.188232
391.513672	1323.682495
390.242188	1396.114990
388.970703	1399.706055
387.698242	1434.741699
386.425781	1459.935303
385.153320	1430.112061
383.880859	1514.212891
382.607422	1468.682617
381.333984	1576.288452
380.059570	1450.301514
378.785156	1455.832642
377.510742	1480.976440
376.236328	1566.901123
374.960938	1511.620361
373.685547	1487.728394
372.410156	1601.022461
371.133789	1600.629639
369.857422	1570.856567
368.581055	1623.342041
367.303711	1660.139893
366.026367	1649.945679
364.749023	1716.069580
363.470703	1684.347168
362.192383	1728.915894
360.914063	1736.311523
359.634766	1728.064575
358.356445	1756.953979
357.076172	1752.613281
355.796875	1795.155396
354.516602	1777.136597
353.236328	1800.126953
351.955078	1752.836182
350.673828	1863.635986
349.392578	1896.341919
348.111328	1911.477051
346.829102	1850.554199
345.546875	1891.036377
344.263672	1964.631836
342.981445	2045.984741
341.697266	2010.412598
340.414063	2050.813721
339.129883	2042.516846
337.845703	2135.448242
336.561523	2144.649170
335.276367	2151.899414
333.991211	2201.939453
332.705078	2298.626953
331.419922	2276.669189
330.133789	2334.414795
328.846680	2357.153076
327.560547	2377.936523
326.272461	2464.746826
324.985352	2506.852295
323.697266	2564.466553
322.409180	2587.116943
321.121094	2669.906250
319.832031	2764.292725
318.542969	2843.116699
317.253906	2887.000977
315.963867	3083.996338
314.673828	3275.079102
313.383789	3351.757080
312.092773	3662.766846
310.801758	3706.388428
309.510742	3970.688965
308.218750	4378.082520
306.926758	4555.005859
305.634766	5047.166016
304.341797	5233.500977
303.048828	5645.967285
301.755859	5816.591797
300.461914	6331.128906
299.167969	6779.714844
297.874023	7158.536133
296.579102	7583.512695
295.284180	8243.811523
293.989258	8782.176758
292.693359	9227.645508
291.397461	9892.813477
290.101563	10484.354492
288.804688	10859.636719
287.507813	11737.861328
286.210938	12370.881836
284.913086	13007.434570
283.615234	13439.479492
282.317383	13932.927734
281.018555	14541.640625
279.719727	15078.826172
278.420898	15686.935547
277.121094	16085.038086
275.821289	16667.574219
274.521484	17099.832031
273.220703	17370.388672
271.919922	17615.820313
270.619141	18181.994141
269.317383	18325.281250
268.015625	18866.015625
266.713867	18962.970703
265.411133	19180.796875
264.108398	18872.718750
262.804688	18981.099609
261.501953	18960.916016
260.198242	18367.417969
258.893555	18180.619141
257.588867	17850.173828
256.284180	17619.525391
254.979492	17166.794922
253.673828	16777.486328
252.368164	16365.398438
251.061523	15993.714844
249.755859	15329.444336
248.448242	15027.079102
247.141602	14348.090820
245.833984	14086.280273
244.526367	13547.420898
243.217773	13005.013672
241.909180	12745.651367
240.600586	12270.578125
239.291992	11881.678711
237.982422	11513.977539
236.671875	11165.549805
235.362305	10538.708984
234.051758	10257.475586
232.741211	9985.920898
231.429688	9626.796875
230.118164	9296.449219
228.806641	8952.930664
227.494141	8767.718750
226.181641	8053.092773
224.868164	8125.274414
223.555664	7858.554688
222.242188	7590.068359
220.927734	7355.968750
219.613281	7161.936035
218.298828	6937.574707
216.984375	6774.167969
215.668945	6656.463379
214.353516	6413.400391
213.037109	6271.150391
211.720703	6163.160156
210.404297	6076.111816
209.087891	5985.310547
207.770508	5757.914063
206.452148	5598.937500
205.134766	5639.207520
203.816406	5535.335449
202.497070	5410.662598
201.178711	5452.842285
199.859375	5231.617188
198.539063	5252.981445
197.218750	5230.775391
195.898438	5223.726074
194.578125	5133.394531
193.256836	5090.417969
191.935547	5096.650879
190.613281	5104.770508
189.291992	5105.321777
187.968750	5149.349609
186.646484	5182.014160
185.323242	5125.859863
183.999023	5135.844727
182.675781	5055.181152
181.351563	5048.186523
180.026367	5120.463867
178.702148	5162.512207
177.376953	5166.809570
176.050781	5238.995117
174.724609	5171.623047
173.398438	5215.493652
172.072266	5285.721191
170.745117	5322.000977
169.416992	5346.959473
168.089844	5153.487793
166.761719	5325.302246
165.433594	5433.040527
164.104492	5363.868164
162.775391	5571.224121
161.445313	5646.840332
160.116211	5696.096680
158.785156	5938.903809
157.455078	6076.361816
156.124023	6335.841309
154.792969	6401.757324
153.460938	6790.549316
152.128906	7102.179688
150.796875	7274.789063
149.463867	7467.938965
148.130859	7790.386719
146.797852	8043.288574
145.463867	8110.489258
144.129883	8423.130859
142.794922	8623.200195
141.460938	8693.931641
140.125000	8813.304688
138.790039	8863.351563
137.454102	9182.848633
136.117188	8918.458008
134.781250	9054.467773
133.444336	8947.319336
132.106445	8952.388672
130.768555	9097.617188
129.430664	8977.458008
128.092773	8707.933594
126.753906	8698.114258
125.414063	8488.545898
124.075195	8512.380859
122.735352	8334.690430
121.394531	8207.458008
120.053711	8110.130371
118.712891	8083.697266
117.372070	7965.949707
116.030273	8008.508301
114.688477	8071.533203
113.345703	8084.239258
112.002930	8076.457031
110.660156	8102.180176
109.316406	8300.940430
107.972656	8099.630859
106.627930	7777.544434
105.283203	7611.809082
103.938477	7202.666016
102.592773	6888.514648
101.247070	6076.659668
99.901367	5463.970215
98.554688	4738.354004
