#Wave		#Intensity
3199.956055	56.739330
3199.250977	24.823456
3198.545898	67.367516
3197.840820	35.451084
3197.134766	31.901022
3196.429688	63.792126
3195.724609	46.064922
3195.018555	42.514847
3194.312500	56.677628
3193.606445	35.417988
3192.901367	35.412457
3192.195313	53.110382
3191.488281	49.561935
3190.782227	38.935421
3190.076172	38.929317
3189.369141	31.846262
3188.663086	38.917095
3187.956055	45.985703
3187.249023	84.883316
3186.541992	24.753736
3185.834961	21.214144
3185.127930	38.886459
3184.420898	42.414890
3183.712891	49.476219
3183.005859	31.801107
3182.297852	63.592144
3181.590820	45.920380
3180.882813	28.254213
3180.174805	7.062432
3179.466797	67.082436
3178.757813	60.011581
3178.049805	52.942963
3177.341797	52.934528
3176.632813	7.056811
3175.924805	14.111370
3175.215820	49.381905
3174.506836	49.374008
3173.797852	56.418407
3173.088867	10.576756
3172.379883	84.600487
3171.669922	28.195639
3170.960938	17.619444
3170.250977	52.849834
3169.541016	14.091022
3168.832031	77.488144
3168.122070	35.216209
3167.412109	52.815792
3166.701172	59.848236
3165.991211	45.758907
3165.281250	56.309547
3164.570313	49.262882
3163.860352	42.218491
3163.149414	66.835106
3162.438477	45.721867
3161.727539	52.747437
3161.016602	59.770714
3160.305664	77.337761
3159.593750	56.236488
3158.882813	24.599457
3158.170898	63.245438
3157.458984	17.565311
3156.748047	56.199818
3156.036133	45.654892
3155.324219	45.647427
3154.611328	31.596893
3153.899414	49.142673
3153.187500	31.586540
3152.474609	84.216957
3151.761719	70.169281
3151.049805	45.602539
3150.336914	59.624287
3149.624023	66.627945
3148.911133	28.049252
3148.197266	35.055786
3147.484375	24.535004
3146.770508	35.044220
3146.057617	31.534590
3145.343750	56.052227
3144.629883	73.556381
3143.916016	87.552620
3143.202148	35.015247
3142.488281	52.514164
3141.774414	59.506180
3141.059570	62.996082
3140.344727	90.979225
3139.630859	27.988953
3138.916016	80.454849
3138.201172	52.461819
3137.486328	66.440559
3136.771484	52.444328
3136.055664	48.939873
3135.340820	62.912186
3134.625000	66.396210
3133.910156	66.385109
3133.194336	83.840836
3132.478516	55.884533
3131.762695	94.289345
3131.046875	59.357410
3130.330078	48.874371
3129.614258	52.356602
3128.897461	52.347805
3128.181641	55.828266
3127.464844	52.330193
3126.748047	80.226120
3126.031250	80.212601
3125.314453	55.790657
3124.596680	41.835934
3123.879883	52.286087
3123.162109	108.039658
3122.445313	52.268414
3121.727539	52.259567
3121.009766	48.767338
3120.291992	80.104202
3119.574219	69.644012
3118.856445	55.705761
3118.137695	66.139359
3117.419922	48.725986
3116.701172	59.157215
3115.982422	62.626396
3115.263672	55.658432
3114.544922	55.648952
3113.826172	66.071869
3113.107422	66.060600
3112.387695	48.667927
3111.668945	59.086678
3110.949219	52.126396
3110.229492	48.642986
3109.509766	69.478088
3108.790039	55.572960
3108.070313	72.927017
3107.350586	45.137558
3106.629883	41.658291
3105.910156	55.534855
3105.189453	65.936317
3104.468750	52.046043
3103.748047	65.913651
3103.027344	45.091057
3102.306641	72.826859
3101.585938	76.281670
3100.864258	72.801765
3100.143555	48.526142
3099.421875	83.173317
3098.700195	55.439304
3097.978516	86.608948
3097.256836	93.521500
3096.535156	58.873718
3095.813477	65.788651
3095.090820	62.315296
3094.369141	62.304501
3093.646484	62.293697
3092.923828	76.123535
3092.201172	83.029442
3091.478516	65.720222
3090.755859	51.875370
3090.032227	72.612892
3089.309570	62.228794
3088.585938	100.240051
3087.863281	58.751175
3087.139648	41.464188
3086.416016	93.278160
3085.692383	20.724863
3084.967773	79.431442
3084.244141	75.964630
3083.519531	69.046684
3082.795898	72.486336
3082.071289	75.924782
3081.346680	65.559929
3080.622070	93.147789
3079.897461	68.986267
3079.171875	65.525467
3078.447266	72.410172
3077.721680	65.502472
3076.997070	68.937859
3076.271484	79.264603
3075.545898	86.142029
3074.820313	68.901505
3074.094727	62.000439
3073.368164	55.101795
3072.642578	89.524643
3071.916016	89.508858
3071.189453	48.188576
3070.463867	55.062939
3069.737305	92.902306
3069.009766	51.603275
3068.283203	65.352592
3067.556641	89.414047
3066.829102	75.644653
3066.102539	75.631264
3065.375000	89.366577
3064.647461	89.350739
3063.919922	65.283195
3063.192383	58.400917
3062.463867	68.694771
3061.736328	61.814312
3061.007813	61.803333
3060.279297	92.688522
3059.551758	51.484467
3058.823242	92.655548
3058.094727	89.207977
3057.365234	113.205345
3056.636719	89.176201
3055.907227	106.306519
3055.178711	92.573029
3054.449219	85.700478
3053.719727	82.257767
3052.990234	71.962692
3052.260742	82.228378
3051.530273	54.809116
3050.800781	68.499146
3050.070313	82.184258
3049.340820	123.254318
3048.610352	71.885475
3047.879883	78.717598
3047.149414	58.172142
3046.417969	75.268089
3045.687500	88.937233
3044.957031	68.400970
3044.225586	102.583031
3043.494141	92.308136
3042.762695	64.945900
3042.031250	105.945297
3041.299805	75.173454
3040.568359	92.241722
3039.835938	112.719574
3039.103516	81.963097
3038.372070	71.704781
3037.639648	92.175232
3036.907227	92.158600
3036.174805	54.602642
3035.441406	81.889168
3034.708984	85.285805
3033.975586	85.270386
3033.243164	81.844765
3032.509766	92.058708
3031.776367	81.815147
3031.042969	74.983635
3030.309570	64.746864
3029.575195	91.992020
3028.841797	102.194824
3028.107422	112.393913
3027.373047	88.536713
3026.638672	91.925270
3025.904297	149.776932
3025.169922	115.715691
3024.435547	98.680740
3023.700195	85.054131
3022.965820	64.629379
3022.230469	85.023170
3021.495117	57.805229
3020.759766	108.790016
3020.024414	91.774849
3019.289063	112.148811
3018.552734	142.708817
3017.817383	101.916260
3017.081055	101.897659
3016.344727	142.630661
3015.608398	115.441826
3014.872070	135.789093
3014.135742	125.581940
3013.398438	78.050163
3012.662109	101.785934
3011.924805	125.513000
3011.187500	125.490013
3010.451172	118.685020
3009.712891	125.444023
3008.975586	142.369812
3008.238281	111.841469
3007.500000	135.540543
3006.762695	142.291443
3006.024414	165.976196
3005.286133	132.079224
3004.547852	128.668930
3003.809570	135.416061
3003.071289	91.389030
3002.332031	145.518707
3001.592773	152.258987
3000.854492	128.550583
3000.115234	148.820618
2999.375977	138.648193
2998.636719	179.195114
2997.896484	141.977478
2997.157227	118.292740
2996.416992	148.683426
2995.677734	128.384705
2994.937500	128.360992
2994.197266	141.846451
2993.457031	162.080261
2992.715820	141.794006
2991.975586	195.774536
2991.234375	178.864319
2990.494141	158.586166
2989.752930	138.315506
2989.011719	168.646194
2988.270508	188.848724
2987.528320	171.955338
2986.787109	168.552399
2986.044922	205.595779
2985.303711	158.380463
2984.561523	235.841995
2983.819336	195.375641
2983.077148	195.339340
2982.334961	222.241379
2981.591797	222.200058
2980.849609	225.524765
2980.106445	205.290314
2979.363281	292.736603
2978.620117	296.046265
2977.876953	255.628693
2977.133789	235.403610
2976.389648	305.967651
2975.646484	295.825653
2974.902344	299.131500
2974.158203	332.679688
2973.414063	376.294647
2972.669922	305.682312
2971.925781	345.927460
2971.181641	339.147034
2970.436523	349.155426
2969.692383	416.222870
2968.947266	385.940948
2968.202148	479.819397
2967.457031	456.246307
2966.710938	466.223267
2965.965820	466.135956
2965.220703	492.871552
2964.474609	536.358337
2963.728516	519.499695
2962.982422	556.263062
2962.236328	519.304810
2961.490234	529.256531
2960.743164	549.251770
2959.997070	572.587891
2959.250000	595.915222
2958.502930	599.150452
2957.755859	578.958374
2957.008789	682.573975
2956.261719	605.503174
2955.514648	665.593750
2954.766602	632.027832
2954.018555	598.474548
2953.271484	701.988708
2952.523438	598.249084
2951.775391	634.893311
2951.026367	664.841858
2950.278320	664.716492
2949.529297	667.930786
2948.781250	617.719360
2948.032227	594.234070
2947.283203	577.433044
2946.534180	580.661133
2945.784180	530.503845
2945.035156	583.777588
2944.285156	597.008179
2943.536133	550.210754
2942.786133	516.766846
2942.036133	493.335632
2941.286133	529.902161
2940.535156	543.130188
2939.785156	499.718384
2939.034180	482.969604
2938.284180	456.236511
2937.533203	422.854401
2936.782227	492.681793
2936.031250	426.022339
2935.279297	422.613831
2934.528320	425.860657
2933.776367	422.453430
2933.025391	448.979370
2932.273438	355.790131
2931.521484	369.020569
2930.768555	388.893677
2930.016602	302.415344
2929.264648	392.068420
2928.511719	325.554199
2927.758789	325.492249
2927.005859	302.185272
2926.252930	365.209320
2925.500000	375.098145
2924.747070	298.693817
2923.993164	331.818756
2923.240234	258.769287
2922.486328	258.719940
2921.732422	288.517212
2920.978516	275.199524
2920.223633	265.201935
2919.469727	251.893738
2918.715820	258.473145
2917.960938	245.171280
2917.206055	268.311890
2916.451172	261.636871
2915.696289	228.474609
2914.941406	254.915649
2914.185547	254.866898
2913.430664	231.652847
2912.674805	281.238892
2911.918945	234.872223
2911.163086	261.286652
2910.407227	214.941513
2909.651367	300.860443
2908.894531	241.303329
2908.138672	228.037506
2907.381836	241.210800
2906.625000	204.824677
2905.868164	260.936188
2905.111328	224.560211
2904.353516	237.723984
2903.596680	257.484863
2902.838867	207.928589
2902.081055	257.385925
2901.323242	214.447052
2900.565430	270.481201
2899.807617	220.960434
2899.049805	240.701630
2898.291016	230.765366
2897.532227	240.608994
2896.773438	184.541229
2896.014648	263.579559
2895.255859	266.822906
2894.497070	210.782425
2893.738281	240.377365
2892.978516	187.655731
2892.218750	220.535263
2891.458984	233.656464
2890.699219	200.708374
2889.939453	203.959320
2889.179688	213.787033
2888.418945	187.438583
2887.659180	184.114624
2886.898438	197.227570
2886.137695	174.184021
2885.376953	190.579636
2884.616211	210.254105
2883.854492	197.075104
2883.093750	183.901184
2882.332031	174.015656
2881.570313	164.133942
2880.808594	177.230347
2880.046875	200.165878
2879.285156	170.600159
2878.522461	190.247925
2877.760742	173.813553
2876.998047	154.106674
2876.235352	199.972000
2875.472656	206.488403
2874.709961	229.387054
2873.946289	186.750366
2873.183594	140.854507
2872.419922	157.202408
2871.656250	170.269547
2870.892578	170.236465
2870.128906	180.022812
2869.365234	179.987823
2868.600586	143.962280
2867.836914	173.375381
2867.072266	189.694656
2866.307617	173.307938
2865.542969	156.927597
2864.778320	147.090988
2864.013672	179.742859
2863.248047	196.044937
2862.483398	199.273529
2861.717773	163.307129
2860.952148	189.399353
2860.186523	189.362427
2859.419922	189.325516
2858.654297	179.497787
2857.887695	185.988693
2857.122070	199.001694
2856.355469	189.177795
2855.588867	195.662949
2854.822266	185.843506
2854.054688	221.664734
2853.288086	179.252625
2852.520508	156.408081
2851.752930	159.635361
2850.985352	188.919205
2850.217773	185.625656
2849.450195	166.053619
2848.682617	166.021133
2847.914063	195.280746
2847.145508	182.226349
2846.377930	195.204285
2845.609375	198.418808
2844.839844	211.388458
2844.071289	191.838074
2843.302734	204.803894
2842.533203	175.511765
2841.763672	185.226089
2840.994141	178.691864
2840.224609	155.918671
2839.455078	188.364746
2838.684570	152.610428
2837.915039	191.537170
2837.144531	201.236816
2836.374023	178.481461
2835.603516	181.690857
2834.833008	181.655151
2834.062500	175.133026
2833.291016	162.128311
2832.520508	207.483429
2831.749023	152.340652
2830.977539	210.642426
2830.206055	194.400879
2829.433594	149.011322
2828.662109	178.130630
2827.889648	161.905029
2827.118164	148.923279
2826.345703	187.735825
2825.573242	177.990250
2824.799805	197.368439
2824.027344	232.913513
2823.254883	132.605133
2822.481445	232.821594
2821.708008	193.979706
2820.934570	164.850189
2820.161133	180.976227
2819.387695	180.940475
2818.613281	180.904724
2817.839844	184.098770
2817.065430	184.062378
2816.291016	180.797455
2815.516602	158.166473
2814.741211	174.271423
2813.966797	167.783722
2813.192383	174.202454
2812.416992	216.097290
2811.641602	158.009995
2810.866211	203.115479
2810.090820	199.851807
2809.314453	190.143875
2808.539063	157.884796
2807.762695	180.403976
2806.986328	173.926483
2806.209961	222.195297
2805.433594	186.735794
2804.657227	144.852463
2803.880859	231.717941
2803.103516	196.277603
2802.326172	180.153473
2801.548828	170.468521
2800.771484	144.708664
2799.994141	183.261200
2799.216797	189.653702
2798.438477	196.043640
2797.660156	215.283798
2796.881836	179.902893
2796.103516	192.714722
2795.325195	154.141083
2794.546875	179.795456
2793.767578	166.919678
2792.989258	176.514481
2792.209961	202.149017
2791.430664	195.692581
2790.651367	202.068436
2789.871094	192.407745
2789.091797	185.957047
2788.311523	201.947525
2787.531250	201.907227
2786.751953	201.866913
2785.970703	224.251785
2785.190430	195.380371
2784.410156	233.769150
2783.628906	169.688889
2782.847656	227.273636
2782.067383	230.428589
2781.285156	191.985428
2780.503906	172.752319
2779.722656	207.901001
2778.940430	230.244247
2778.159180	175.845810
2777.376953	198.186493
2776.594727	182.167221
2775.812500	226.864578
2775.029297	207.651306
2774.247070	156.505753
2773.463867	207.568054
2772.680664	201.140991
2771.897461	201.100647
2771.114258	191.485992
2770.331055	172.302811
2769.546875	181.838669
2768.763672	239.213364
2767.979492	239.165314
2767.195313	229.552567
2766.411133	223.131256
2765.626953	184.843018
2764.841797	181.619553
2764.056641	191.140015
2763.272461	213.396744
2762.487305	219.722580
2761.702148	210.127121
2760.916016	241.915848
2760.130859	206.860031
2759.344727	181.363800
2758.559570	209.957870
2757.773438	235.359863
2756.987305	213.053131
2756.201172	247.981995
2755.414063	203.431366
2754.627930	203.390320
2753.840820	196.994614
2753.053711	209.661606
2752.266602	228.675568
2751.479492	190.524475
2750.692383	231.757950
2749.904297	209.492249
2749.116211	187.235519
2748.328125	234.790283
2747.540039	228.398392
2746.751953	196.636612
2745.963867	215.622314
2745.174805	225.089493
2744.386719	247.231354
2743.597656	190.139450
2742.808594	247.131210
2742.019531	247.081131
2741.229492	228.028671
2740.440430	237.481705
2739.650391	227.936203
2738.861328	174.082611
2738.071289	259.488678
2737.280273	215.142075
2736.490234	246.730515
2735.700195	215.054718
2734.909180	192.877533
2734.118164	227.612473
2733.327148	221.244934
2732.536133	221.199951
2731.745117	205.358185
2730.953125	205.316422
2730.162109	202.116577
2729.370117	208.390289
2728.578125	189.407150
2727.786133	224.086166
2726.994141	211.418518
2726.201172	205.065720
2725.409180	211.332352
2724.616211	211.289276
2723.823242	189.175690
2723.030273	189.137100
2722.236328	230.069855
2721.443359	198.512909
2720.649414	198.472382
2719.856445	236.228394
2719.062500	223.583878
2718.268555	195.202362
2717.473633	198.310242
2716.679688	239.182495
2715.884766	235.987091
2715.089844	210.772003
2714.295898	229.600113
2713.500000	188.673798
2712.705078	191.779099
2711.910156	176.023438
2711.114258	223.126846
2710.318359	251.359024
2709.522461	223.035400
2708.726563	232.411774
2707.930664	182.123215
2707.134766	197.782898
2706.337891	229.129990
2705.541016	210.254211
2704.744141	232.173386
2703.947266	207.031021
2703.150391	241.486572
2702.352539	238.301392
2701.555664	231.982605
2700.757813	213.129364
2699.959961	228.753571
2699.162109	222.440567
2698.364258	247.453354
2697.565430	212.953964
2696.767578	225.434235
2695.968750	228.518173
2695.169922	231.600815
2694.371094	237.811264
2693.571289	197.092377
2692.772461	197.051712
2691.972656	272.062897
2691.173828	234.488571
2690.374023	231.314285
2689.573242	193.763840
2688.773438	240.592468
2687.973633	184.311966
2687.172852	240.493027
2686.372070	231.075363
2685.571289	215.417603
2684.770508	249.707855
2683.969727	205.966339
2683.167969	205.923706
2682.367188	255.791611
2681.565430	246.382324
2680.763672	202.677628
2679.961914	230.692841
2679.159180	221.294525
2678.357422	246.178055
2677.554688	208.740585
2676.751953	230.501450
2675.949219	233.567841
2675.146484	242.860092
2674.343750	227.244919
2673.540039	180.513229
2672.736328	227.150452
2671.932617	258.213226
2671.128906	245.718094
2670.325195	236.337830
2669.521484	270.488312
2668.716797	211.372116
2667.912109	242.405746
2667.107422	239.248123
2666.302734	260.943542
2665.498047	236.042542
2664.693359	248.414017
2663.887695	239.048599
2663.082031	266.933624
2662.276367	254.464951
2661.470703	251.309219
2660.665039	223.339294
2659.858398	245.001617
2659.052734	266.654877
2658.246094	210.799286
2657.439453	226.251877
2656.632813	263.388824
2655.826172	238.549347
2655.051758	207.980927
2655.018555	257.083740
2654.246094	229.710281
2654.210938	238.449417
2653.440430	220.362183
2653.404297	250.783829
2652.634766	195.501099
2652.596680	250.731247
2651.829102	276.139496
2651.788086	250.678665
2651.023438	260.583893
2650.980469	281.567566
2650.217773	241.931610
2650.171875	269.134491
2649.411133	232.588882
2649.364258	244.335175
2648.604492	279.061432
2648.555664	235.007263
2647.798828	238.713806
2647.747070	256.598755
2646.992188	254.173431
2646.938477	231.817612
2646.185547	257.231293
2646.128906	216.317612
2645.378906	229.301422
2645.320313	231.720123
2644.571289	219.969589
2644.510742	290.361450
2643.764648	275.691589
2643.701172	271.770538
2642.957031	300.423828
2642.891602	222.310898
2642.150391	238.441833
2642.081055	296.352112
2641.342773	244.595154
2641.271484	259.253448
2640.535156	241.459503
2640.460938	299.312927
2639.727539	281.656647
2639.651367	280.739532
2638.918945	309.462067
2638.840820	234.414322
2638.111328	266.093719
2638.029297	280.621094
2637.303711	241.301193
2637.218750	225.066101
2636.495117	238.168457
2636.408203	274.337738
2635.686523	269.055176
2635.596680	265.034393
2634.877930	241.182159
2634.785156	234.166962
2634.069336	302.973816
2633.973633	295.727325
2633.260742	290.559631
2633.162109	261.786530
2632.452148	268.877838
2632.349609	261.731171
2631.642578	296.643768
2631.538086	314.010925
2630.833984	302.773773
2630.725586	258.542480
2630.024414	259.477448
2629.913086	289.260101
2629.214844	256.345978
2629.100586	227.667160
2628.405273	293.359406
2628.288086	279.909729
2627.595703	305.660675
2627.474609	279.850403
2626.785156	280.914154
2626.662109	267.492554
2625.975586	293.213318
2625.848633	292.027588
2625.165039	253.047287
2625.035156	279.672333
2624.355469	249.919739
2624.221680	279.612946
2623.544922	271.472504
2623.407227	304.129700
2622.734375	289.933655
2622.593750	270.280060
2621.923828	277.549744
2621.779297	221.091232
2621.113281	252.836411
2620.964844	276.305267
2620.301758	231.214157
2620.150391	300.801758
2619.491211	280.492920
2619.335938	245.500183
2618.679688	305.100555
2618.521484	279.197021
2617.868164	255.748520
2617.706055	230.058426
2617.056641	271.109589
2616.890625	269.877716
2616.245117	292.626007
2616.076172	312.746124
2615.433594	240.220993
2615.259766	278.959137
2614.621094	280.210724
2614.444336	275.834778
2613.809570	274.006134
2613.628906	272.711761
2612.997070	304.742004
2612.812500	291.034698
2612.185547	307.768341
2611.996094	251.155243
2611.373047	295.407776
2611.179688	254.163803
2610.559570	338.430969
2610.363281	226.555450
2609.747070	279.927429
2609.546875	272.420593
2608.934570	298.333740
2608.729492	263.181580
2608.121094	292.133087
2607.912109	214.171722
2607.308594	292.083649
2607.095703	266.127869
2606.495117	288.960114
2606.277344	278.304047
2605.681641	279.690552
2605.459961	299.647827
2604.868164	298.081085
2604.642578	265.956879
2604.054688	239.653351
2603.824219	262.843536
2603.240234	279.548065
2603.005859	308.622131
2602.426758	279.500519
2602.187500	262.730774
2601.612305	279.452942
2601.369141	256.565674
2600.798828	254.842224
2600.550781	241.242111
2599.984375	306.986481
2599.731445	277.826782
2599.169922	257.824646
2598.913086	299.133759
2598.354492	276.193542
2598.093750	259.396973
2597.540039	263.873169
2597.274414	292.902985
2596.725586	319.047882
2596.455078	268.436615
2595.910156	263.782898
2595.634766	308.025696
2595.094727	331.205536
2594.815430	262.222839
2594.279297	269.824921
2593.995117	265.214783
2593.463867	297.369659
2593.174805	234.679733
2592.648438	278.927765
2592.354492	326.043091
2591.833008	263.556793
2591.533203	268.089722
2591.016602	278.831940
2590.712891	261.940247
2590.201172	291.038208
2589.891602	271.019165
2589.384766	297.114197
2589.070313	310.539154
2588.568359	266.437958
2588.249023	264.814392
2587.751953	278.639923
2587.427734	292.145813
2586.935547	266.346069
2586.606445	325.550446
2586.118164	315.274841
2585.784180	288.977570
2585.301758	306.039185
2584.961914	270.667755
2584.484375	299.866547
2584.139648	255.406387
2583.666992	299.814697
2583.317383	325.268616
2582.849609	290.586365
2582.495117	310.001953
2582.032227	318.060516
2581.671875	285.626129
2581.214844	299.658905
2580.849609	303.791687
2580.397461	314.892975
2580.026367	233.868820
2579.579102	314.838318
2579.203125	258.110840
2578.761719	290.334412
2578.379883	276.270416
2577.943359	278.061462
2577.555664	297.457336
2577.125000	274.958008
2576.732422	318.635010
2576.306641	320.728485
2575.908203	257.886536
2575.488281	256.538116
2575.083984	272.996918
2574.668945	302.295776
2574.259766	285.068024
2573.850586	277.819366
2573.434570	285.005951
2573.031250	262.508728
2572.610352	275.849915
2572.211914	350.967804
2571.785156	263.667145
2571.392578	305.136047
2570.959961	269.669647
2570.573242	305.082703
2570.134766	248.405472
2569.753906	286.727539
2569.309570	263.494629
2568.933594	308.025635
2568.484375	302.801270
2568.114258	329.316223
2567.658203	275.488953
2567.293945	307.917633
2566.832031	272.402039
2566.473633	277.382050
2566.005859	314.706879
2565.653320	304.761932
2565.179688	287.409760
2564.833008	332.132141
2564.353516	305.495056
2564.012695	319.887543
2563.526367	275.187775
2563.191406	319.831268
2562.699219	275.127502
2562.371094	341.093292
2561.872070	262.976318
2561.549805	289.269226
2561.044922	275.006897
2560.728516	267.907410
2560.217773	311.203247
2559.907227	310.474274
2559.389648	308.114227
2559.085938	289.116180
2558.562500	286.906128
2558.264648	298.193481
2557.734375	256.649109
2557.442383	313.352051
2556.906250	307.911224
2556.620117	288.962921
2556.078125	298.789307
2555.798828	273.705902
2555.249023	325.880280
2554.976563	307.104462
2554.420898	301.674591
2554.154297	340.491119
2553.591797	274.463440
2553.331055	288.758240
2552.762695	325.665070
2552.508789	337.331360
2551.933594	307.504791
2551.686523	309.925140
2551.103516	271.267944
2550.863281	306.832153
2550.274414	316.409454
2550.040039	273.366180
2549.444336	292.237549
2549.216797	303.686188
2548.614258	328.318146
2548.393555	276.305267
2547.784180	307.165619
2547.570313	321.792786
2546.954102	286.022400
2546.746094	339.946899
2546.123047	343.150970
2545.922852	321.678101
2545.292969	291.914734
2545.098633	276.108337
2544.461914	297.867676
2544.274414	333.697784
2543.630859	309.834106
2543.450195	333.638184
2542.799805	231.572235
2542.625977	321.448425
2541.967773	300.676483
2541.801758	324.422943
2541.136719	273.554932
2540.976563	336.490692
2540.304688	318.575714
2540.151367	342.492249
2539.472656	291.462097
2539.327148	300.005859
2538.640625	294.401489
2538.501953	321.160797
2537.807617	273.312042
2537.676758	315.044678
2536.975586	303.278900
2536.850586	342.246735
2536.142578	321.223999
2536.025391	308.875214
2535.309570	336.159668
2535.199219	330.013214
2534.476563	282.071198
2534.374023	339.035217
2533.643555	264.007813
2533.547852	308.708679
2532.809570	320.937958
2532.721680	302.601105
2531.976563	323.865143
2531.895508	302.546600
2531.142578	323.792908
2531.068359	314.591797
2530.308594	308.733551
2530.242188	296.388824
2529.473633	314.658112
2529.415039	329.597504
2528.639648	311.591736
2528.588867	341.631165
2527.804688	329.494507
2527.761719	326.455780
2526.969727	302.468201
2526.934570	329.419006
2526.134766	296.412384
2526.106445	290.078033
2525.299805	356.213898
2525.279297	344.405365
2524.464844	281.316010
2524.452148	338.301941
2523.628906	311.173492
2523.624023	326.160675
2522.795898	314.023743
2522.792969	364.948578
2521.967773	362.269409
2521.957031	308.043213
2521.139648	319.946594
2521.121094	307.974060
2520.311523	313.852905
2520.285156	292.958038
2519.482422	386.210358
2519.448242	310.824402
2518.654297	322.789063
2518.612305	313.742554
2517.825195	343.843597
2517.775391	334.583435
2516.996094	382.984192
2516.937500	286.721252
2516.166992	376.884338
2516.100586	292.628723
2515.337891	358.728577
2515.263672	355.254822
2514.507813	310.439606
2514.425781	310.404816
2513.678711	343.530731
2513.587891	334.206696
2512.848633	307.313568
2512.750000	363.964447
2512.018555	337.380768
2511.912109	307.212067
2511.188477	343.342743
2511.073242	330.998413
2510.358398	343.280060
2510.234375	333.904907
2509.528320	349.238678
2509.395508	327.868164
2508.697266	322.083679
2508.556641	306.934357
2507.867188	391.245056
2507.717773	312.823425
2507.036133	376.128296
2506.878906	339.559906
2506.205078	324.915344
2506.039063	303.747925
2505.374023	375.990540
2505.199219	330.474243
2504.542969	360.884766
2504.359375	309.563293
2503.710938	351.798126
2503.519531	330.324280
2502.879883	327.683411
2502.678711	333.224457
2502.047852	354.674713
2501.838867	330.174194
2501.215820	327.563080
2500.998047	300.360474
2500.383789	354.544403
2500.157227	321.104462
2499.551758	318.430511
2499.316406	344.811462
2498.719727	327.382446
2498.474609	359.592133
2497.886719	357.351776
2497.633789	347.625549
2497.053711	378.302795
2496.791992	323.782440
2496.221680	348.214600
2495.950195	323.708557
2495.388672	333.143951
2495.108398	344.418549
2494.554688	393.097382
2494.265625	329.497650
2493.721680	381.024109
2493.423828	329.422363
2492.888672	356.956696
2492.581055	350.116669
2492.054688	341.895355
2491.738281	335.204529
2491.220703	302.851318
2490.895508	358.853638
2490.387695	359.756836
2490.051758	308.365540
2489.552734	347.700623
2489.208984	370.546753
2488.718750	347.636292
2488.365234	334.897430
2487.884766	392.516602
2487.521484	308.153473
2487.049805	395.439667
2486.677734	367.329437
2486.215820	350.438385
2485.833008	349.475128
2485.380859	413.260956
2484.989258	322.746063
2484.545898	377.255249
2484.144531	352.274750
2483.710938	350.243439
2483.299805	334.436035
2482.875000	380.108215
2482.455078	369.866211
2482.040039	365.075500
2481.609375	375.697479
2481.204102	382.958862
2480.764648	369.695770
2480.368164	379.896362
2479.918945	334.127899
2479.532227	328.982910
2479.073242	319.269775
2478.696289	391.715820
2478.227539	333.973663
2477.860352	358.756866
2477.381836	363.444855
2477.023438	358.690033
2476.535156	384.039917
2476.187500	343.680573
2475.688477	336.695557
2475.350586	331.664642
2474.841797	333.664856
2474.513672	403.300690
2473.995117	369.012817
2473.676758	349.462036
2473.148438	365.975891
2472.839844	385.232391
2472.300781	371.792511
2472.001953	400.089142
2471.453125	365.806152
2471.165039	355.236664
2470.605469	362.771881
2470.327148	355.170258
2469.757813	371.533661
2469.489258	414.785156
2468.910156	318.383392
2468.651367	378.905457
2468.061523	386.097473
2467.813477	346.022125
2467.212891	330.021790
2466.975586	393.675568
2466.364258	362.350250
2466.136719	330.983368
2465.515625	341.649078
2465.297852	375.640411
2464.666992	338.624878
2464.458984	375.569977
2463.817383	350.321381
2463.620117	375.499542
2462.967773	285.489441
2462.781250	366.490295
2462.118164	373.697845
2461.942383	369.400513
2461.268555	350.075989
2461.102539	354.438751
2460.418945	335.288513
2460.263672	378.195496
2459.568359	405.780579
2459.423828	312.622528
2458.717773	376.288086
2458.583984	369.122894
2457.867188	370.321808
2457.744141	363.100983
2457.016602	349.666382
2456.903320	392.789398
2456.166016	343.708984
2456.063477	383.790100
2455.314453	370.061279
2455.222656	383.717804
2454.462891	402.273712
2454.382813	371.749512
2453.611328	355.209351
2453.541992	368.705963
2452.759766	343.386139
2452.701172	374.582184
2451.907227	378.516144
2451.859375	326.954498
2451.055664	363.759308
2451.018555	374.440796
2450.203125	340.210785
2450.176758	392.197235
2449.350586	334.266266
2449.334961	368.358093
2448.497070	354.707703
2448.493164	377.198669
2447.651367	326.645752
2447.644531	357.554749
2446.809570	323.615021
2446.791016	304.728760
2445.967773	347.300842
2445.937500	333.950684
2445.125000	329.428162
2445.083984	342.657776
2444.282227	382.776428
2444.230469	348.432709
2443.439453	344.136841
2443.375977	339.568268
2442.596680	355.936157
2442.522461	342.414429
2441.753906	394.421112
2441.667969	348.185089
2440.911133	382.486237
2440.813477	356.878174
2440.067383	361.662537
2439.958008	356.793427
2439.223633	346.774445
2439.103516	377.175568
2438.380859	367.451843
2438.248047	309.853546
2437.536133	370.344757
2437.392578	324.392090
2436.692383	370.274384
2436.537109	312.627838
2435.848633	325.779480
2435.680664	335.921844
2435.003906	411.588501
2434.825195	289.115967
2434.160156	328.616058
2433.968750	338.681366
2433.315430	378.872498
2433.112305	344.438477
2432.470703	325.531525
2432.255859	326.846588
2431.625000	393.522247
2431.398438	338.438782
2430.780273	337.240479
2430.541992	300.438416
2429.935547	331.260803
2429.684570	332.444519
2429.089844	384.425812
2428.827148	332.364899
2428.244141	360.700012
2427.968750	349.773956
2427.398438	396.103058
2427.111328	352.604187
2426.552734	372.384003
2426.252930	294.251862
2425.706055	375.267731
2425.394531	305.831970
2424.860352	381.104614
2424.536133	369.822174
2424.013672	360.355621
2423.677734	355.176819
2423.166992	366.193024
2422.818359	325.985535
2422.320313	360.217773
2421.959961	355.005890
2421.473633	330.628418
2421.100586	305.464264
2420.626953	336.468079
2420.240234	337.383911
2419.779297	348.207275
2419.380859	328.579193
2418.931641	324.537811
2418.520508	363.384796
2418.084961	368.722260
2417.661133	383.641663
2417.237305	353.905518
2416.799805	316.718414
2416.388672	347.940338
2415.939453	293.402039
2415.541016	350.821655
2415.079102	368.841980
2414.692383	353.701813
2414.217773	310.681335
2413.844727	368.368652
2413.356445	351.246063
2412.996094	362.405121
2412.147461	356.443848
2411.298828	368.156311
2410.449219	397.532379
2409.600586	373.902954
2408.750977	309.072876
2407.901367	350.215149
2407.051758	385.456726
2406.202148	344.196564
2405.352539	364.719208
2404.501953	382.293213
2403.651367	367.518738
2402.801758	420.360321
2401.950195	346.803802
2401.099609	355.552216
2400.249023	334.918396
2399.397461	331.916382
2398.546875	402.334106
2397.695313	337.660431
2396.843750	399.242950
2395.991211	393.295624
2395.139648	399.088470
2394.288086	334.465271
2393.435547	357.867218
2392.583008	346.066803
2391.730469	354.796356
2390.877930	357.659210
2390.024414	363.451965
2389.171875	372.172974
2388.318359	354.521179
2387.464844	401.322113
2386.611328	392.457825
2385.757813	351.386505
2384.903320	351.318237
2384.049805	351.249939
2383.195313	318.989990
2382.340820	365.743073
2381.486328	327.642029
2380.631836	350.976715
2379.776367	374.302277
2378.921875	383.000397
2378.066406	388.771973
2377.210938	409.153931
2376.355469	356.478912
2375.499023	373.937744
2374.643555	350.498230
2373.787109	388.393097
2372.930664	388.317291
2372.074219	370.726807
2371.217773	315.202179
2370.361328	399.761688
2369.503906	399.683563
2368.647461	382.104462
2367.790039	373.280945
2366.932617	376.123627
2366.075195	381.880249
2365.216797	384.720062
2364.359375	390.472687
2363.500977	367.088959
2362.642578	416.535217
2361.784180	398.980011
2360.925781	410.548584
2360.067383	360.979004
2359.208008	378.371490
2358.348633	404.487061
2357.490234	401.498260
2356.629883	413.054779
2355.770508	383.891022
2354.911133	392.538666
2354.050781	360.483185
2353.190430	369.131989
2352.330078	366.153412
2351.469727	389.324646
2350.609375	395.057739
2349.749023	377.554382
2348.887695	351.346832
2348.026367	406.436920
2347.165039	359.916077
2346.303711	354.041199
2345.442383	371.379852
2344.580078	406.116638
2343.717773	388.634979
2342.856445	437.853027
2341.994141	373.986053
2341.130859	371.013672
2340.268555	457.879578
2339.405273	379.559357
2338.542969	388.174866
2337.679688	402.579407
2336.816406	396.708466
2335.953125	379.259369
2335.088867	445.758698
2334.225586	399.367096
2333.361328	399.288055
2332.497070	381.852081
2331.632813	404.914429
2330.767578	425.075958
2329.903320	419.209534
2329.038086	445.141174
2328.172852	390.143799
2327.307617	447.854065
2326.442383	366.878601
2325.577148	430.346985
2324.710938	401.384949
2323.845703	447.498688
2322.979492	479.161469
2322.113281	406.917755
2321.246094	403.951538
2320.379883	470.221527
2319.512695	475.896515
2318.646484	418.128906
2317.779297	435.344177
2316.912109	406.432556
2316.043945	357.358917
2315.176758	394.745361
2314.308594	446.520782
2313.440430	397.468353
2312.572266	417.546570
2311.704102	420.342438
2310.835938	374.202881
2309.966797	414.419006
2309.098633	397.072327
2308.229492	431.514252
2307.360352	434.304321
2306.490234	411.212708
2305.621094	402.505493
2304.750977	439.793152
2303.881836	433.957489
2303.011719	385.024414
2302.141602	379.201965
2301.270508	430.825165
2300.400391	379.050293
2299.529297	390.458557
2298.658203	407.603088
2297.787109	413.261230
2296.916016	436.132874
2296.044922	415.964478
2295.172852	430.221893
2294.300781	407.195099
2293.428711	407.113495
2292.556641	401.299042
2291.684570	418.413635
2290.812500	381.081177
2289.939453	438.298676
2289.066406	415.297729
2288.193359	423.804993
2287.320313	400.816132
2286.447266	426.497192
2285.573242	437.858795
2284.699219	420.603333
2283.825195	500.617584
2282.951172	420.434235
2282.077148	403.192535
2281.203125	431.700897
2280.328125	391.596832
2279.453125	417.238190
2278.578125	422.868622
2277.703125	442.779999
2276.828125	422.698334
2275.952148	416.902161
2275.077148	465.351776
2274.201172	450.986267
2273.325195	470.871704
2272.448242	462.217163
2271.572266	442.155579
2270.695313	436.362274
2269.819336	393.502228
2268.942383	419.080780
2268.064453	450.349609
2267.187500	450.258636
2266.310547	461.564331
2265.432617	398.802124
2264.554688	421.505615
2263.676758	452.742157
2262.798828	441.263153
2261.919922	489.560699
2261.041992	429.701782
2260.163086	460.911255
2259.284180	426.683258
2258.405273	426.596863
2257.525391	386.702820
2256.646484	395.152924
2255.766602	423.495361
2254.886719	440.459564
2254.006836	457.416840
2253.126953	434.599884
2252.247070	423.151947
2251.366211	423.066071
2250.485352	428.657776
2249.604492	488.173309
2248.723633	456.860138
2247.842773	456.767334
2246.960938	431.146149
2246.080078	473.597198
2245.198242	433.806213
2244.316406	501.752228
2243.433594	450.634888
2242.551758	413.706360
2241.668945	518.444214
2240.786133	470.187042
2239.903320	438.940674
2239.020508	469.995575
2238.137695	404.793243
2237.253906	475.464386
2236.371094	472.537933
2235.487305	458.296661
2234.603516	418.605408
2233.718750	438.314880
2232.834961	449.534515
2231.950195	486.189697
2231.065430	457.829407
2230.180664	437.957214
2229.295898	432.217865
2228.411133	463.197723
2227.525391	457.455505
2226.639648	429.129791
2225.753906	457.268524
2224.868164	524.904663
2223.982422	437.331116
2223.095703	437.241638
2222.209961	473.816559
2221.323242	445.522003
2220.436523	465.165070
2219.549805	456.614014
2218.662109	436.794281
2217.775391	419.800110
2216.887695	450.699677
2216.000000	399.913971
2215.112305	458.962067
2214.223633	453.237671
2213.335938	467.217529
2212.447266	450.237762
2211.558594	433.264893
2210.669922	461.304260
2209.781250	433.087006
2208.891602	469.549866
2208.001953	444.153503
2207.113281	418.767548
2206.222656	424.301361
2205.333008	401.739227
2204.443359	412.891754
2203.552734	491.436707
2202.662109	494.143219
2201.771484	494.041534
2200.880859	479.907471
2199.990234	471.390961
2199.098633	479.709839
2198.208008	443.149353
2197.316406	443.058044
2196.424805	468.199005
2195.532227	459.693481
2194.640625	451.191376
2193.748047	484.720551
2192.855469	462.210358
2191.962891	439.709381
2191.070313	453.619232
2190.176758	470.322815
2189.284180	453.431915
2188.390625	492.515625
2187.497070	470.031403
2186.603516	447.556427
2185.708984	492.210297
2184.815430	450.167450
2183.920898	464.051819
2183.026367	469.545624
2182.131836	463.859802
2181.237305	466.557526
2180.341797	469.254120
2179.446289	457.986542
2178.551758	505.356049
2177.655273	429.882355
2176.759766	432.584106
2175.864258	454.816742
2174.967773	502.147461
2174.071289	454.628113
2173.174805	457.322327
2172.278320	499.046997
2171.381836	540.754333
2170.484375	470.971680
2169.586914	468.087616
2168.689453	454.062103
2167.791992	431.687134
2166.894531	473.364899
2165.996094	437.075531
2165.097656	462.034698
2164.199219	453.590302
2163.300781	470.189026
2162.402344	458.964752
2161.502930	469.993317
2160.604492	475.456360
2159.705078	475.357330
2158.805664	464.141144
2157.905273	497.388947
2157.005859	480.616486
2156.105469	466.628510
2155.205078	430.430573
2154.304688	469.210297
2153.404297	482.991455
2152.502930	469.014465
2151.602539	502.212402
2150.701172	513.203857
2149.799805	460.400208
2148.898438	507.443604
2147.996094	512.882202
2147.094727	451.796356
2146.192383	498.811890
2145.290039	504.248779
2144.387695	473.673065
2143.484375	443.110138
2142.582031	459.630524
2141.678711	484.448792
2140.775391	473.276550
2139.872070	509.149963
2138.968750	495.210571
2138.064453	472.979095
2137.160156	528.187500
2136.255859	489.369568
2135.351563	522.437561
2134.447266	491.927887
2133.542969	519.455200
2132.637695	508.296265
2131.732422	483.332428
2130.827148	480.469574
2129.921875	463.804169
2129.015625	494.068451
2128.109375	493.964600
2127.204102	507.655701
2126.296875	513.065735
2125.390625	460.558899
2124.484375	521.121643
2123.577148	487.931793
2122.669922	498.853424
2121.762695	479.459747
2120.855469	498.643280
2119.947266	504.046906
2119.040039	492.925537
2118.131836	498.328003
2117.223633	503.728119
2116.315430	495.365723
2115.406250	544.787292
2114.498047	547.423157
2113.588867	506.053253
2112.679688	505.946350
2111.770508	492.093811
2110.860352	541.463684
2109.951172	549.593079
2109.041016	554.971619
2108.130859	535.626648
2107.220703	483.335083
2106.309570	510.689209
2105.399414	562.737244
2104.488281	551.640137
2103.577148	496.645355
2102.666016	474.593597
2101.753906	529.347717
2100.842773	553.914856
2099.930664	504.449097
2099.018555	482.414154
2098.106445	512.456299
2097.194336	545.225464
2096.281250	531.413452
2095.368164	536.777954
2094.455078	522.973511
2093.541992	468.112366
2092.628906	492.645142
2091.714844	476.122375
2090.800781	558.093689
2089.887695	541.563965
2088.972656	514.102783
2088.058594	544.067444
2087.143555	524.817627
2086.229492	489.178864
2085.314453	540.987610
2084.399414	568.189087
2083.483398	529.832581
2082.568359	475.109344
2081.652344	505.037231
2080.736328	496.741425
2079.820313	578.498352
2078.903320	526.539368
2077.987305	518.244141
2077.070313	539.949524
2076.153320	545.287048
2075.236328	490.653412
2074.319336	542.328613
2073.401367	569.459473
2072.483398	569.337646
2071.565430	503.851288
2070.647461	566.370972
2069.729492	577.139099
2068.810547	566.128357
2067.892578	590.497742
2066.973633	549.562073
2066.053711	538.564148
2065.134766	503.095947
2064.215820	584.553650
2063.295898	511.034851
2062.375977	548.972778
2061.456055	557.006165
2060.535156	524.288269
2059.615234	510.595917
2058.694336	562.077820
2057.773438	553.812683
2056.852539	531.980042
2055.930664	594.278381
2055.009766	510.046967
2054.087891	550.623657
2053.166016	569.487976
2052.244141	553.097717
2051.321289	580.085266
2050.399414	563.699646
2049.476563	550.030518
2048.553711	571.583252
2047.630859	547.084839
2046.707031	560.505554
2045.783203	536.019958
2044.860352	576.502991
2043.936523	562.848389
2043.011719	627.656738
2042.087891	519.327759
2041.163086	527.328125
2040.238281	575.879944
2039.313477	556.833740
2038.388672	556.713196
2037.463867	589.015503
2036.538086	551.069397
2035.612305	623.869812
2034.686523	515.728577
2033.760742	545.311890
2032.833984	553.290527
2031.907227	580.154358
2031.056641	502.249878
2030.980469	550.352539
2030.130859	577.857361
2030.053711	598.783020
2029.204102	531.862976
2029.126953	579.776489
2028.278320	591.158813
2028.199219	547.297913
2027.351563	561.370850
2027.272461	609.174561
2026.425781	561.275757
2026.344727	584.788208
2025.499023	512.616882
2025.416992	590.049561
2024.572266	480.159576
2024.488281	579.146301
2023.645508	558.292969
2023.560547	570.940918
2022.717773	542.018372
2022.631836	581.586670
2021.791016	579.672241
2021.703125	570.692200
2020.863281	584.964905
2020.774414	549.036987
2019.935547	557.912842
2019.844727	527.391113
2019.007813	606.323547
2018.916016	578.389587
2018.080078	614.302917
2017.986328	607.848999
2017.152344	568.402466
2017.056641	578.137207
2016.223633	522.517578
2016.126953	578.010986
2015.295898	560.129089
2015.196289	588.636108
2014.367188	589.650208
2014.265625	567.009521
2013.438477	584.165100
2013.335938	550.765625
2012.509766	616.363281
2012.405273	580.192017
2011.581055	530.142822
2011.473633	614.976501
2010.651367	556.957825
2010.542969	579.938232
2009.722656	527.270264
2009.611328	595.917175
2008.792969	589.042297
2008.679688	619.940247
2007.863281	629.279114
2007.748047	587.606812
2006.933594	551.196411
2006.816406	616.986145
2006.002930	575.295898
2005.883789	595.395203
2005.073242	639.704468
2004.952148	579.176453
2004.142578	599.283264
2004.019531	619.261169
2003.212891	620.674744
2003.085938	624.485657
2002.282227	596.389221
2002.153320	586.834106
2001.351563	566.740112
2001.220703	586.705261
2000.419922	547.843201
2000.287109	634.788147
1999.489258	585.338562
1999.353516	615.903748
1998.557617	595.975098
1998.419922	564.900513
1997.625977	606.607788
1997.485352	586.189636
1996.695313	606.502136
1996.550781	612.821411
1995.762695	598.346924
1995.617188	585.931702
1994.831055	566.050110
1994.682617	572.428223
1993.899414	579.362488
1993.747070	585.673706
1992.966797	619.487732
1992.812500	604.260681
1992.034180	587.203857
1991.876953	582.742493
1991.101563	603.186035
1990.941406	601.321777
1990.168945	624.523254
1990.005859	646.612305
1989.236328	616.374146
1989.070313	619.756042
1988.303711	533.204102
1988.133789	592.911499
1987.370117	632.231506
1987.198242	624.822754
1986.436523	581.229370
1986.261719	616.675964
1985.502930	637.365295
1985.325195	565.828613
1984.569336	639.930664
1984.387695	600.392944
1983.635742	634.463867
1983.451172	621.602722
1982.702148	602.232971
1982.513672	640.135803
1981.767578	639.592407
1981.576172	642.660767
1980.833008	577.939636
1980.638672	599.861633
1979.898438	604.589294
1979.700195	653.038025
1978.963867	625.880005
1978.761719	583.606689
1978.029297	572.284729
1977.824219	591.470154
1977.093750	593.573425
1976.885742	623.303223
1976.159180	566.735413
1975.946289	631.154236
1975.223633	585.344604
1975.007813	673.614319
1974.288086	644.032043
1974.068359	601.593018
1973.352539	643.917664
1973.128906	601.459351
1972.416992	598.389709
1972.189453	619.950867
1971.480469	635.675964
1971.250000	641.094177
1970.543945	627.551514
1970.309570	632.972961
1969.608398	584.720459
1969.369141	595.606750
1968.671875	584.616211
1968.428711	725.734131
1967.734375	635.223022
1967.488281	592.683838
1966.797852	685.811646
1966.547852	658.981384
1965.861328	645.668396
1965.606445	576.480225
1964.923828	634.882629
1964.665039	632.127686
1963.986328	621.433594
1963.723633	658.540771
1963.048828	559.990051
1962.782227	607.952393
1962.111328	655.870850
1961.839844	573.311829
1961.173828	631.762268
1960.898438	623.602783
1960.235352	674.291870
1959.956055	655.299927
1959.296875	623.541382
1959.012695	641.891235
1958.358398	628.757813
1958.070313	684.177368
1957.419922	570.042297
1957.127930	620.394165
1956.481445	612.552002
1956.184570	625.556702
1955.542969	636.406860
1955.241211	609.516235
1954.603516	617.656006
1954.297852	665.018738
1953.664063	660.133911
1953.353516	630.434265
1952.725586	633.401306
1952.409180	685.907104
1951.785156	689.165161
1951.465820	672.514832
1950.845703	625.191345
1950.520508	624.716125
1949.906250	672.956604
1949.576172	643.101501
1948.965820	601.030334
1948.631836	619.143860
1948.025391	686.007751
1947.686523	597.842285
1947.084961	630.055725
1946.741211	706.141663
1946.144531	667.153259
1945.795898	663.676819
1945.204102	701.579712
1944.849609	623.874573
1944.262695	661.597046
1943.904297	621.091248
1943.322266	661.476868
1942.958008	644.732605
1942.380859	618.859802
1942.011719	715.914673
1941.439453	639.991760
1941.065430	618.030640
1940.498047	658.460876
1940.118164	697.108154
1939.555664	629.140320
1939.170898	646.791626
1938.614258	660.875000
1938.223633	638.727661
1937.671875	615.642700
1937.276367	633.305969
1936.729492	665.940186
1936.329102	670.097473
1935.787109	713.566467
1935.380859	622.469666
1934.844727	663.044678
1934.432617	656.609802
1933.901367	697.395447
1933.484375	672.279724
1932.958984	628.336365
1932.536133	616.776001
1932.015625	660.029968
1931.587891	653.529236
1931.072266	689.061646
1930.638672	679.727295
1930.128906	657.138306
1929.689453	687.475403
1929.185547	643.771423
1928.740234	655.718689
1928.241211	630.409302
1927.791016	660.835693
1927.297852	627.645203
1926.840820	642.260376
1926.353516	630.177673
1925.890625	657.904358
1925.409180	677.713440
1924.940430	689.327271
1924.464844	645.826721
1923.990234	686.540283
1923.519531	677.463928
1923.040039	675.865051
1922.575195	640.297119
1922.088867	673.082214
1921.629883	722.185425
1921.137695	644.014221
1920.684570	703.538025
1920.186523	664.891968
1919.739258	658.453491
1919.235352	717.289307
1918.793945	708.565979
1918.283203	643.574585
1917.847656	708.434998
1917.331055	646.054199
1916.902344	716.232727
1916.378906	651.158264
1915.956055	708.172852
1915.426758	708.760620
1915.009766	692.190002
1914.474609	666.607910
1914.063477	734.325073
1913.521484	658.584229
1913.116211	718.343079
1912.568359	658.433838
1912.169922	689.164551
1911.615234	658.283447
1911.222656	702.236572
1910.662109	697.463623
1910.275391	725.861572
1909.708008	692.061279
1909.328125	651.834473
1908.753906	718.111389
1908.380859	667.544373
1907.799805	676.023132
1907.432617	633.125793
1906.845703	723.021912
1906.485352	683.121033
1905.891602	678.332520
1905.537109	704.090088
1904.936523	717.453735
1904.588867	701.322266
1903.981445	649.225281
1903.640625	717.007813
1903.026367	722.359131
1902.692383	730.051819
1902.071289	651.543945
1901.743164	700.929688
1901.115234	708.947266
1900.793945	663.914551
1900.159180	724.476990
1899.845703	713.838135
1899.203125	651.094971
1898.895508	703.170227
1898.247070	637.874084
1897.946289	692.506165
1897.290039	752.727295
1896.997070	666.050354
1896.333984	648.032654
1896.046875	668.557678
1895.376953	702.744446
1895.096680	663.169067
1894.419922	726.089050
1894.146484	665.675781
1893.461914	663.252136
1893.196289	699.749084
1892.504883	670.931030
1892.246094	728.549194
1891.546875	707.316528
1891.294922	715.264038
1890.588867	704.543823
1890.344727	678.321411
1889.629883	696.554626
1889.393555	736.024292
1888.671875	696.393616
1888.442383	720.116760
1887.712891	711.878296
1887.491211	727.864136
1886.753906	696.071533
1886.539063	693.573730
1885.794922	737.612915
1885.587891	703.949646
1884.835938	687.931885
1884.635742	672.302673
1883.875977	646.089294
1883.683594	724.689514
1882.916016	690.217651
1882.731445	698.300720
1881.956055	716.097473
1881.778320	690.294678
1880.996094	757.585510
1880.826172	692.788391
1880.035156	744.395691
1879.873047	726.765442
1879.074219	624.522644
1878.919922	684.656616
1878.113281	720.635681
1877.966797	708.131348
1877.152344	723.069092
1877.013672	663.419556
1876.191406	751.504883
1876.059570	757.675476
1875.229492	751.329956
1875.106445	712.971069
1874.267578	745.956726
1874.152344	723.318665
1873.305664	709.403259
1873.198242	725.801575
1872.342773	714.433777
1872.244141	717.804504
1871.380859	680.501770
1871.289063	639.091248
1870.417969	745.261169
1870.334961	701.819214
1869.455078	698.356995
1869.379883	654.557495
1868.491211	661.856628
1868.424805	693.698914
1867.528320	762.903381
1867.469727	735.442505
1866.564453	671.924377
1866.513672	703.901550
1865.600586	666.579834
1865.558594	698.534851
1864.636719	718.285522
1864.602539	682.707153
1863.671875	744.042114
1863.646484	740.112061
1862.708008	749.051514
1862.690430	771.347595
1861.743164	722.963196
1861.734375	682.316162
1860.778320	690.026917
1860.778320	658.027161
1859.821289	718.640564
1859.812500	694.133423
1858.864258	715.890320
1858.847656	691.380981
1857.907227	752.324585
1857.881836	704.162659
1856.950195	689.498779
1856.916016	732.467590
1855.993164	765.092529
1855.949219	768.521912
1855.035156	733.617004
1854.983398	729.535950
1854.077148	730.866089
1854.016602	739.709778
1853.119141	686.360291
1853.049805	705.920227
1852.161133	720.148560
1852.083008	729.020447
1851.203125	766.967407
1851.115234	721.094788
1850.244141	706.830688
1850.147461	762.267944
1849.286133	727.556580
1849.179688	682.004150
1848.327148	680.486511
1848.211914	723.166809
1847.368164	737.703491
1847.244141	738.488647
1846.408203	776.654785
1846.275391	756.384644
1845.449219	724.390747
1845.306641	714.911133
1844.489258	724.251099
1844.337891	768.928040
1843.530273	734.530334
1843.369141	773.905273
1842.570313	708.346436
1842.399414	747.931091
1841.609375	773.302490
1841.429688	786.430603
1840.649414	762.740356
1840.459961	729.531311
1839.688477	765.195679
1839.490234	677.813354
1838.728516	749.434509
1838.519531	726.608215
1837.767578	744.086182
1837.549805	757.347656
1836.805664	717.930237
1836.579102	746.865906
1835.844727	728.194031
1835.607422	782.735168
1834.882813	746.254333
1834.636719	741.362000
1833.921875	787.704712
1833.665039	741.185425
1832.959961	704.378235
1832.693359	764.165222
1831.998047	753.616516
1831.721680	763.982971
1831.035156	724.890381
1830.749023	763.800659
1830.073242	787.093750
1829.777344	745.620544
1829.110352	722.011780
1828.804688	786.570251
1828.147461	768.611389
1827.832031	760.683411
1827.184570	752.885010
1826.858398	770.778503
1826.221680	724.186462
1825.885742	755.182129
1825.258789	773.353333
1824.912109	744.729187
1824.294922	734.283203
1823.938477	747.118103
1823.331055	744.516785
1822.963867	780.307434
1822.367188	793.650696
1821.990234	751.892151
1821.403320	819.427246
1821.015625	810.719788
1820.438477	806.304382
1820.041016	715.621826
1819.474609	803.554993
1819.066406	748.786194
1818.509766	743.791199
1818.090820	758.861023
1817.544922	818.787903
1817.115234	781.746338
1816.580078	787.540833
1816.139648	763.620728
1815.614258	784.796875
1815.164063	725.008789
1814.649414	745.799744
1814.187500	773.497803
1813.683594	748.242920
1813.211914	763.068665
1812.717773	742.919373
1812.235352	696.324158
1811.751953	771.242676
1811.257813	742.225159
1810.786133	755.566284
1810.281250	749.722168
1809.819336	752.831238
1809.303711	741.866394
1808.852539	731.991333
1808.326172	744.244507
1807.885742	731.847778
1807.348633	723.608948
1806.918945	739.460815
1806.371094	746.440430
1805.952148	739.315674
1805.392578	797.373169
1804.984375	741.755066
1804.414063	700.087402
1804.017578	770.033386
1803.435547	756.115295
1803.049805	759.548096
1802.456055	743.162598
1802.082031	769.730774
1801.477539	758.301270
1801.113281	746.337036
1800.498047	783.642761
1800.145508	810.739563
1799.518555	808.971741
1799.176758	789.928284
1798.538086	767.953430
1798.208008	867.201416
1797.558594	798.375000
1797.239258	776.714905
1796.578125	787.980042
1796.270508	714.643311
1795.597656	777.590027
1795.301758	817.679626
1794.616211	782.497986
1794.332031	778.834534
1793.635742	782.306946
1793.362305	814.778687
1792.654297	779.568237
1792.392578	817.195740
1791.672852	794.659546
1791.422852	822.189209
1790.690430	771.547913
1790.452148	834.911194
1789.708984	773.904785
1789.482422	785.795044
1788.726563	799.166443
1788.511719	762.456848
1787.744141	742.991760
1787.541016	803.511780
1786.760742	811.494019
1786.569336	834.250977
1785.778320	811.294861
1785.598633	826.362854
1784.794922	775.498962
1784.626953	797.887085
1783.811523	803.270386
1783.656250	831.182190
1782.828125	828.486633
1782.684570	728.105103
1781.843750	746.978943
1781.711914	779.406738
1780.859375	810.298035
1780.740234	794.682922
1779.875000	822.795898
1779.767578	799.667786
1778.890625	776.893494
1778.795898	804.650635
1777.905273	771.625427
1777.823242	830.193420
1776.919922	779.047791
1776.849609	778.633606
1775.934570	806.762268
1775.876953	811.878967
1774.949219	783.735657
1774.903320	832.267334
1773.962891	778.470398
1773.929688	752.487183
1772.977539	790.953308
1772.956055	903.832031
1771.991211	798.360901
1771.982422	734.217407
1771.008789	826.471802
1771.003906	798.163086
1770.034180	828.873352
1770.017578	810.631287
1769.060547	849.233521
1769.030273	812.962769
1768.085938	849.064209
1768.042969	772.249512
1767.110352	820.683960
1767.054688	812.559021
1766.135742	817.956116
1766.067383	825.010559
1765.160156	833.174561
1765.079102	817.215088
1764.185547	838.134460
1764.090820	827.129517
1763.209961	832.841919
1763.102539	819.337036
1762.233398	830.113464
1762.113281	872.224731
1761.257813	827.386047
1761.124023	808.818237
1760.281250	781.121643
1760.134766	821.251038
1759.305664	814.252502
1759.145508	831.151062
1758.329102	824.329712
1758.155273	798.109741
1757.351563	821.605225
1757.165039	845.885742
1756.375000	885.415894
1756.174805	815.381226
1755.397461	808.483826
1755.184570	815.177063
1754.420898	841.575562
1754.193359	933.560120
1753.443359	872.096497
1753.202148	776.930847
1752.464844	831.010376
1751.487305	874.303284
1750.509766	886.907471
1749.531250	799.845337
1748.552734	863.557312
1747.574219	842.948792
1746.594727	840.225525
1745.616211	799.202820
1744.636719	855.204895
1743.657227	900.974915
1742.677734	854.860840
1741.697266	780.700806
1740.717773	811.153198
1739.737305	867.096008
1738.756836	856.722229
1737.775391	876.943604
1736.794922	864.023132
1735.813477	899.524048
1734.833008	917.176575
1733.851563	848.217102
1732.869141	863.325989
1731.887695	875.882446
1730.905273	852.794617
1729.922852	883.163940
1728.940430	918.610168
1727.958008	854.821655
1726.975586	930.956604
1725.992188	882.449646
1725.008789	894.983887
1724.025391	927.849304
1723.041992	909.870605
1722.057617	891.899109
1721.074219	924.744934
1720.089844	909.317444
1719.105469	878.659302
1718.120117	936.877136
1717.135742	868.148926
1716.150391	888.276123
1715.165039	926.156982
1714.179688	880.304565
1713.194336	908.025940
1712.208008	892.626099
1711.222656	922.868835
1710.236328	970.843079
1709.250000	927.562012
1708.262695	927.373230
1707.276367	904.384766
1706.289063	932.061096
1705.301758	959.726013
1704.314453	956.998718
1703.327148	941.616211
1702.338867	1009.753357
1701.350586	928.581177
1700.362305	946.099426
1699.374023	920.614685
1698.385742	1013.986572
1697.396484	970.801331
1696.407227	995.879089
1695.417969	998.202637
1694.428711	942.413818
1693.439453	894.225952
1692.449219	964.758240
1691.458984	987.286072
1690.468750	982.034973
1689.478516	938.926025
1688.487305	938.733704
1687.497070	936.018433
1686.505859	852.585938
1685.514648	973.463623
1684.522461	915.271606
1683.531250	942.813660
1682.539063	841.805237
1681.546875	874.390564
1680.554688	934.675232
1679.562500	909.295044
1678.569336	921.699768
1677.576172	959.277222
1676.583008	883.561890
1675.589844	908.547791
1674.596680	915.909607
1673.602539	880.501099
1672.608398	870.259155
1671.614258	902.770874
1670.620117	960.410706
1669.625977	927.535522
1668.630859	922.318115
1667.635742	942.228943
1666.640625	929.474243
1665.645508	896.632080
1664.649414	956.712524
1663.654297	954.004578
1662.658203	878.507080
1661.662109	966.158264
1660.665039	933.341980
1659.668945	960.742249
1658.671875	948.004028
1657.674805	930.256104
1656.677734	952.625977
1655.679688	937.390564
1654.682617	937.196655
1653.684570	879.379578
1652.686523	946.828186
1651.688477	964.162354
1650.689453	926.405701
1649.691406	943.736755
1648.692383	916.010803
1647.693359	978.377014
1646.693359	935.644897
1645.694336	972.968933
1644.694336	907.749268
1643.694336	985.066101
1642.694336	994.860229
1641.694336	919.679749
1640.693359	986.951294
1639.692383	979.252014
1638.691406	939.087341
1637.690430	943.886292
1636.689453	931.207336
1635.687500	943.493774
1634.685547	953.279541
1633.683594	960.566101
1632.681641	1017.738708
1631.678711	945.202637
1630.676758	959.966309
1629.673828	979.709534
1628.670898	989.474915
1627.666992	951.890808
1626.664063	939.235657
1625.660156	998.819519
1624.656250	926.392456
1623.652344	988.443726
1622.647461	1013.130066
1621.643555	1032.828491
1620.638672	972.895508
1619.633789	1005.032471
1618.628906	1012.284058
1617.623047	1051.859131
1616.617188	1016.833252
1615.611328	1053.905029
1614.605469	1033.803833
1613.599609	1013.710876
1612.592773	1033.371216
1611.586914	1045.572754
1610.580078	1062.734985
1609.572266	983.072266
1608.565430	1034.988037
1607.557617	1019.882385
1606.549805	1002.302002
1605.541992	1019.454895
1604.534180	1044.040161
1603.526367	1016.547974
1602.517578	998.982666
1601.508789	973.989563
1600.500000	993.607727
1599.490234	1015.694824
1598.481445	1065.017212
1597.471680	983.076782
1596.461914	1017.530579
1595.452148	1029.692871
1594.441406	962.659424
1593.430664	984.724609
1592.420898	1058.727295
1591.409180	1011.514893
1590.398438	986.575806
1589.387695	1013.561279
1588.375977	1010.876282
1587.364258	951.357910
1586.352539	1000.568298
1585.339844	1007.767517
1584.328125	990.268616
1583.315430	985.121887
1582.302734	982.445679
1581.289063	997.046021
1580.276367	969.694092
1579.262695	1031.161865
1578.249023	976.683899
1577.235352	1030.726440
1576.220703	988.598083
1575.207031	985.924438
1574.192383	978.323242
1573.177734	958.406311
1572.163086	965.593384
1571.147461	977.702881
1570.131836	935.638550
1569.117188	972.365845
1568.100586	1011.538696
1567.084961	976.875549
1566.068359	929.926392
1565.052734	949.406250
1564.036133	976.255005
1563.018555	973.589539
1562.001953	934.054565
1560.984375	973.176819
1559.966797	972.970459
1558.949219	943.286377
1557.931641	945.542175
1556.913086	967.440369
1555.894531	954.960449
1554.875977	940.031372
1553.857422	991.362915
1552.837891	1015.685791
1551.819336	963.960632
1550.799805	990.731079
1549.780273	948.840149
1548.759766	958.443420
1547.740234	997.451416
1546.719727	980.087646
1545.699219	948.033020
1544.678711	964.975403
1543.657227	999.051147
1542.636719	1013.527161
1541.615234	1062.263428
1540.593750	1005.754028
1539.571289	971.287720
1538.549805	971.080627
1537.527344	963.536987
1536.504883	987.781494
1535.481445	1002.237671
1534.458984	1004.467773
1533.435547	992.036133
1532.412109	999.153076
1531.388672	1018.478882
1530.365234	993.842529
1529.340820	942.361816
1528.316406	1054.438599
1527.291992	1017.608521
1526.267578	1058.867310
1525.243164	1024.491089
1524.217773	977.935852
1523.192383	1033.805664
1522.166992	1031.146606
1521.140625	999.242615
1520.115234	1033.141724
1519.088867	1001.250732
1518.062500	1025.392334
1517.036133	1054.393677
1516.008789	1017.649109
1514.981445	1000.392578
1513.954102	1053.715454
1512.926758	1041.324463
1511.899414	1060.560791
1510.871094	1033.581665
1509.842773	1064.968384
1508.814453	1064.739746
1507.786133	1081.523682
1506.756836	1054.562744
1505.727539	1112.640503
1504.698242	1020.105957
1503.668945	1141.301758
1502.639648	1126.489502
1501.609375	1046.147705
1500.579102	1130.858276
1499.548828	1074.812012
1498.518555	1067.303589
1497.487305	1037.971680
1496.456055	1078.967163
1495.424805	1052.069336
1494.393555	1068.807739
1493.361328	1024.961914
1492.330078	1056.234131
1491.297852	1031.786011
1490.264648	1043.671021
1489.232422	1089.444580
1488.199219	1096.470825
1487.166016	1059.934937
1486.132813	1095.997314
1485.099609	1100.598389
1484.065430	1129.381104
1483.032227	1015.497986
1481.998047	1116.806274
1480.962891	1077.895874
1479.928711	1106.658203
1478.893555	1132.992188
1477.858398	1072.365967
1476.823242	1064.889771
1475.788086	1086.386963
1474.751953	1066.842285
1473.715820	1114.874146
1472.679688	1088.093750
1471.643555	1078.209473
1470.606445	1068.329468
1469.569336	1111.496826
1468.532227	1067.866089
1467.495117	1113.424683
1466.458008	1060.174316
1465.419922	1137.031006
1464.381836	1127.150391
1463.343750	1100.418457
1462.305664	1049.624146
1461.266602	1085.499146
1460.227539	1068.418823
1459.188477	1092.244751
1458.149414	1051.117065
1457.109375	1137.460449
1456.069336	1055.468262
1455.029297	1072.064697
1453.989258	1112.685913
1452.949219	1086.014038
1451.908203	1085.777588
1450.867188	1085.541016
1449.826172	1082.903320
1448.784180	1037.056030
1447.743164	1123.232422
1446.701172	1106.190552
1445.659180	1053.170776
1444.617188	1103.309448
1443.574219	1170.211914
1442.531250	1201.123291
1441.488281	1220.036499
1440.445313	1207.787964
1439.401367	1178.773438
1438.358398	1240.795166
1437.314453	1254.892822
1436.269531	1249.829834
1435.225586	1151.411255
1434.180664	1345.013550
1433.135742	1263.366089
1432.090820	1253.520630
1431.045898	1296.296631
1430.000000	1257.754028
1428.954102	1365.057373
1427.908203	1324.126221
1426.862305	1390.744629
1425.816406	1251.873535
1424.769531	1287.427246
1423.722656	1368.337524
1422.674805	1348.937256
1421.627930	1327.158447
1420.580078	1360.277344
1419.532227	1333.733398
1418.484375	1357.294434
1417.436523	1368.920532
1416.387695	1390.078857
1415.338867	1389.773193
1414.290039	1351.334595
1413.241211	1384.396240
1412.191406	1431.736816
1411.141602	1460.002441
1410.091797	1454.918579
1409.041992	1380.796875
1407.991211	1380.492676
1406.940430	1318.317993
1405.889648	1325.164795
1404.838867	1272.543701
1403.788086	1234.213989
1402.736328	1195.901123
1401.684570	1174.244141
1400.632813	1181.114380
1399.580078	1190.357422
1398.528320	1152.087524
1397.475586	1170.832397
1396.421875	1177.696777
1395.369141	1267.643311
1394.315430	1151.069336
1393.261719	1148.442017
1392.208008	1228.845703
1391.154297	1185.882080
1390.099609	1190.361938
1389.045898	1204.322632
1387.990234	1213.536743
1386.935547	1210.898193
1385.880859	1234.321167
1384.825195	1224.573120
1383.769531	1226.669678
1382.712891	1235.867798
1381.657227	1308.971680
1380.600586	1216.387207
1379.543945	1282.364868
1378.487305	1241.867188
1377.429688	1189.562744
1376.373047	1255.501831
1375.315430	1210.308960
1374.257813	1219.493408
1373.199219	1245.213257
1372.140625	1195.327759
1371.082031	1270.638794
1370.023438	1234.937134
1368.964844	1192.168945
1367.905273	1184.822876
1366.845703	1137.365234
1365.786133	1099.365356
1364.726563	1094.402954
1363.666016	1120.098022
1362.605469	1136.351196
1361.544922	1103.098877
1360.484375	1098.139648
1359.422852	1081.402466
1358.361328	1170.668823
1357.299805	1146.857910
1356.238281	1094.804321
1355.176758	1172.238037
1354.114258	1174.329224
1353.051758	1141.126831
1351.988281	1133.814575
1350.925781	1154.726807
1349.862305	1145.063232
1348.798828	1116.598022
1347.735352	1071.693970
1346.670898	1146.643433
1345.607422	1106.450806
1344.542969	1108.551392
1343.477539	1155.264648
1342.413086	1150.310303
1341.347656	1121.887573
1340.282227	1147.447266
1339.216797	1194.109375
1338.150391	1130.513550
1337.084961	1141.984131
1336.018555	1158.138306
1334.952148	1204.755493
1333.884766	1124.810425
1332.817383	1215.927490
1331.750000	1234.392212
1330.682617	1210.696533
1329.615234	1278.319946
1328.546875	1205.469604
1327.478516	1254.341919
1326.410156	1181.529541
1325.341797	1272.489258
1324.272461	1251.154785
1323.203125	1199.434570
1322.133789	1259.940186
1321.063477	1208.241089
1319.994141	1243.015503
1318.923828	1240.398682
1317.853516	1228.441040
1316.782227	1200.144287
1315.711914	1234.888550
1314.640625	1185.598145
1313.569336	1166.663086
1312.497070	1196.725220
1311.425781	1208.115479
1311.421875	1223.941406
1310.353516	1144.884766
1310.349609	1202.959595
1309.281250	1091.007324
1309.277344	1130.486938
1308.208008	1114.066772
1308.204102	1193.207886
1307.135742	1106.823608
1307.130859	1183.674316
1306.062500	1101.913208
1306.057617	1120.561768
1304.988281	1087.688477
1304.984375	1132.007202
1303.915039	1101.412964
1303.911133	1150.434692
1302.840820	1091.850586
1302.837891	1115.302246
1301.767578	1117.205078
1301.763672	1126.741821
1300.692383	1040.160767
1300.689453	1075.332886
1299.618164	1105.064941
1299.615234	1091.429443
1298.542969	1142.028320
1298.541016	1114.500122
1297.468750	1076.657471
1297.465820	1074.752075
1296.392578	1118.259888
1296.391602	1081.535767
1295.317383	1090.113281
1295.316406	1120.873413
1294.241211	1064.303101
1294.241211	1162.521606
1293.166016	1155.337524
1293.165039	1082.646729
1292.089844	1078.429688
1292.088867	1152.082397
1291.013672	1127.033813
1291.012695	1175.041870
1289.938477	1166.326538
1289.935547	1135.305176
1288.862305	1226.511230
1288.858398	1251.104004
1287.785156	1216.998413
1287.781250	1174.237671
1286.708984	1239.998169
1286.704102	1185.570068
1285.631836	1230.485962
1285.625977	1298.958008
1284.554688	1251.153198
1284.547852	1201.261597
1283.477539	1260.208496
1283.469727	1205.624023
1282.400391	1227.493042
1282.391602	1191.440430
1281.323242	1215.669067
1281.312500	1244.469238
1280.245117	1187.612427
1280.233398	1209.430664
1279.166992	1201.310059
1279.154297	1125.763916
1278.088867	1201.090332
1278.075195	1109.295166
1277.010742	1189.278931
1276.995117	1106.725708
1275.931641	1145.021729
1275.915039	1094.898071
1274.853516	1123.954834
1274.834961	1076.132935
1273.774414	1137.650635
1273.753906	1062.003662
1272.695313	1116.592407
1272.673828	1108.024170
1271.615234	1083.961060
1271.592773	1121.645874
1270.536133	1065.235718
1270.510742	996.532715
1269.456055	1166.912964
1269.429688	1051.782471
1268.375977	1074.102905
1268.347656	1063.096191
1267.295898	1134.080566
1267.265625	1018.951416
1266.215820	1073.706665
1266.183594	1034.887207
1265.134766	1096.644409
1265.101563	1066.982056
1264.054688	1050.178345
1264.018555	1027.484253
1262.973633	1022.231201
1262.935547	1013.397217
1261.892578	1052.102051
1261.852539	1029.319092
1260.810547	1123.575562
1260.768555	1026.774658
1259.729492	1063.269409
1259.684570	1031.151611
1258.647461	1093.115479
1258.600586	1040.139038
1257.565430	1097.533691
1257.516602	1056.039551
1256.483398	1062.677246
1256.432617	1039.659302
1255.401367	1131.771851
1255.347656	979.497131
1254.318359	1071.519165
1254.262695	1039.179321
1253.235352	1050.539795
1253.177734	1013.599304
1252.152344	1061.886230
1252.091797	1057.124023
1251.069336	1091.692383
1251.005859	1059.182251
1249.986328	1123.794922
1249.919922	1045.125000
1248.902344	1095.899170
1248.833984	1044.883301
1247.818359	1088.774048
1247.747070	1051.544312
1246.734375	1074.732666
1246.660156	1016.794312
1245.650391	1120.648804
1245.573242	1120.054565
1244.566406	1164.242065
1244.486328	1110.597656
1243.481445	1046.468872
1243.398438	1124.133179
1242.396484	1168.414551
1242.311523	1091.696289
1241.311523	1117.504272
1241.222656	1098.336304
1240.226563	1091.953613
1240.134766	1109.567627
1239.141602	1119.387573
1239.045898	1118.496826
1238.055664	1084.634521
1237.958008	1090.682983
1236.969727	1079.825562
1236.868164	1065.177490
1235.883789	1100.339844
1235.779297	1060.339722
1234.797852	1093.227783
1234.689453	1066.976807
1233.710938	1060.806152
1233.599609	1071.316772
1232.624023	1092.815186
1232.509766	1087.121948
1231.537109	1104.109863
1231.419922	1036.423462
1230.450195	1037.207153
1230.329102	1047.644287
1229.363281	1030.112793
1229.238281	1077.194946
1228.275391	1043.711304
1228.147461	1035.699219
1227.188477	1066.498535
1227.055664	1028.585083
1226.100586	1022.633362
1225.964844	1014.603394
1225.011719	1098.260742
1224.872070	998.338196
1223.923828	1024.542480
1223.780273	1080.517456
1222.834961	1148.371948
1222.688477	1041.357178
1221.747070	1083.857056
1221.595703	1022.808594
1220.657227	1058.396362
1220.502930	1098.061157
1219.568359	1078.853760
1219.409180	1047.488403
1218.479492	1122.253296
1218.316406	1049.529785
1217.389648	1105.977417
1217.222656	1108.720703
1216.299805	1160.825439
1216.128906	1101.604736
1215.209961	1174.365967
1215.035156	1131.051025
1214.120117	1222.299805
1213.940430	1153.630127
1213.029297	1215.187866
1212.845703	1157.927368
1211.938477	1244.756226
1211.750977	1182.772583
1210.847656	1203.263306
1210.655273	1230.433960
1209.756836	1200.741455
1209.560547	1209.604736
1208.666016	1140.944092
1208.464844	1181.939819
1207.574219	1246.093506
1207.369141	1138.319214
1206.482422	1225.242920
1206.272461	1208.752319
1205.390625	1227.297363
1205.175781	1073.940430
1204.298828	1167.540039
1204.079102	1091.924561
1203.207031	1194.781860
1202.982422	1148.643921
1202.114258	1194.552002
1201.885742	1125.588257
1201.021484	1210.337891
1200.788086	1164.048828
1199.928711	1182.654419
1199.690430	1131.890259
1198.835938	1134.397583
1198.591797	1129.346558
1197.742188	1211.925049
1197.494141	1165.502075
1196.648438	1163.680786
1196.395508	1201.640381
1195.554688	1270.887207
1195.296875	1226.385010
1194.460938	1256.929688
1194.197266	1212.446777
1193.367188	1254.401855
1193.098633	1216.708740
1192.272461	1213.039185
1191.999023	1200.505371
1191.177734	1251.632446
1190.899414	1141.119629
1190.083008	1178.316162
1189.798828	1209.027832
1188.988281	1189.503418
1188.698242	1106.498535
1187.893555	1116.227295
1187.597656	1049.448120
1186.797852	1125.139526
1186.497070	1119.600342
1185.702148	1104.385010
1185.396484	1055.762207
1184.606445	1065.387695
1184.294922	1035.082642
1183.509766	1106.236816
1183.193359	932.714966
1182.414063	1037.607910
1182.090820	980.139221
1181.317383	1055.646118
1180.989258	964.028381
1180.220703	996.171753
1179.886719	941.121765
1179.124023	1023.327148
1178.784180	993.044250
1178.026367	1068.701294
1177.680664	990.541443
1176.929688	991.032776
1176.578125	1017.499512
1175.832031	1020.450623
1175.474609	987.804504
1174.734375	979.259094
1174.371094	926.412476
1173.635742	992.729126
1173.266602	926.191772
1172.538086	994.811462
1172.162109	987.098755
1171.439453	949.096619
1171.057617	930.277161
1170.340820	1001.248840
1169.953125	930.055298
1169.242188	976.026428
1168.848633	968.293579
1168.142578	934.890991
1167.743164	968.062378
1167.043945	973.369568
1166.637695	929.389221
1165.944336	970.904785
1165.531250	981.164307
1164.844727	957.074158
1164.425781	949.286804
1163.744141	1013.708374
1163.319336	967.137085
1162.644531	943.063416
1162.211914	1000.792480
1161.543945	972.413940
1161.105469	971.191284
1160.443359	1006.295776
1159.998047	975.474670
1159.342773	997.013306
1158.890625	918.803345
1158.241211	1019.523438
1157.783203	979.520996
1157.140625	971.648132
1156.675781	895.798462
1156.039063	910.173035
1155.567383	927.165771
1154.937500	1018.920349
1154.458984	954.007141
1153.835938	1014.181458
1153.349609	967.306763
1152.733398	932.318237
1152.241211	946.785950
1151.630859	1045.532227
1151.131836	935.289734
1150.528320	995.440125
1150.022461	991.393921
1149.425781	986.174866
1148.912109	979.892151
1148.323242	988.246277
1147.801758	921.101990
1147.219727	1006.179932
1146.691406	961.407776
1146.116211	967.463257
1145.581055	1026.454956
1145.012695	967.271423
1144.470703	981.198303
1143.909180	1016.905579
1143.359375	953.962646
1142.804688	966.887512
1142.248047	942.485474
1141.700195	957.639832
1141.135742	996.229614
1140.595703	961.976440
1140.024414	964.512939
1139.491211	1054.569214
1138.912109	980.013916
1138.386719	975.169312
1137.798828	959.552124
1137.281250	1006.644958
1136.686523	923.373474
1136.175781	988.351135
1135.573242	979.302551
1135.070313	1044.684814
1134.459961	961.100830
1133.963867	1037.694214
1133.346680	967.602905
1132.858398	1032.966675
1132.232422	956.145874
1131.751953	1041.799927
1131.118164	1025.475708
1130.645508	989.625366
1130.003906	1049.904053
1129.539063	1027.830078
1128.889648	973.392456
1128.431641	1018.590637
1127.774414	993.336609
1127.325195	1063.548218
1126.659180	1013.270813
1126.217773	1088.169189
1125.543945	981.647522
1125.109375	1072.151245
1124.428711	1023.981140
1124.001953	1092.246948
1123.312500	1023.731812
1122.893555	1033.365479
1122.196289	1057.075928
1121.786133	1042.181519
1121.079102	1079.208496
1120.677734	1039.717163
1119.962891	1096.853027
1119.568359	1120.684814
1118.845703	1042.875122
1118.459961	1086.643188
1117.728516	1082.893433
1117.350586	1059.376953
1116.610352	990.918640
1116.241211	1014.093262
1115.492188	925.824097
1115.131836	1045.432617
1114.374023	1026.206177
1114.021484	1020.443298
1113.255859	954.428833
1112.912109	963.933411
1112.136719	1003.357483
1111.801758	956.984131
1111.018555	940.556946
1110.691406	1049.093506
1109.898438	904.589600
1109.580078	1019.621399
1108.779297	982.523071
1108.469727	996.912170
1107.659180	966.654907
1107.358398	895.464966
1106.539063	930.707092
1106.247070	985.262573
1105.418945	977.337158
1105.134766	852.372375
1104.297852	905.710999
1104.023438	924.153748
1103.177734	896.567261
1102.911133	899.237854
1102.055664	916.414246
1101.798828	959.742310
1100.934570	936.251282
1100.686523	943.817810
1099.812500	904.820068
1099.574219	968.340759
1098.690430	922.421753
1098.460938	959.159546
1097.568359	924.421936
1097.347656	916.294617
1096.446289	982.095276
1096.234375	956.525452
1095.323242	888.343140
1095.121094	972.045837
1094.200195	910.382568
1094.006836	897.781616
1093.076172	896.805786
1092.892578	942.479370
1091.953125	883.235474
1091.778320	935.557312
1090.829102	896.362427
1090.664063	919.665588
1089.704102	907.259033
1089.548828	881.353943
1088.580078	904.811279
1088.434570	934.986877
1087.455078	891.251770
1087.319336	907.895996
1086.330078	857.700562
1086.203125	941.330139
1085.204102	857.487854
1085.087891	920.971191
1084.079102	883.926147
1083.971680	911.822144
1082.953125	883.706726
1082.855469	918.355957
1081.827148	892.366516
1081.739258	976.394043
1080.700195	883.267700
1080.623047	870.962830
1079.573242	838.673767
1079.505859	920.032532
1078.446289	840.683289
1078.388672	881.797546
1077.319336	898.131836
1077.271484	870.429382
1076.191406	862.435242
1076.154297	993.294739
1075.063477	888.818359
1075.036133	874.546875
1073.935547	890.812683
1073.918945	928.037659
1072.806641	861.790222
1072.800781	909.961487
1071.681641	882.951355
1071.677734	888.153198
1070.563477	934.172302
1070.548828	916.717163
1069.444336	940.684082
1069.419922	918.701782
1068.325195	904.748108
1068.290039	916.258850
1067.206055	886.694641
1067.160156	922.667480
1066.086914	937.872375
1066.030273	869.346619
1064.966797	872.935303
1064.899414	919.993896
1063.846680	966.504761
1063.768555	957.349792
1062.726563	939.526367
1062.637695	946.057617
1061.606445	966.107605
1061.506836	936.980774
1060.485352	923.524963
1060.375000	914.652405
1059.364258	894.341370
1059.243164	907.796387
1058.243164	862.939819
1058.111328	931.858337
1057.122070	916.266785
1056.978516	885.263489
1056.000000	913.849182
1055.845703	918.146973
1054.877930	922.574646
1054.712891	962.046265
1053.755859	960.260132
1053.580078	893.418762
1052.633789	935.559326
1052.446289	877.755554
1051.511719	1008.859375
1051.312500	932.655640
1050.388672	961.892517
1050.177734	972.097656
1049.265625	948.337036
1049.043945	903.535950
1048.142578	948.141113
1047.909180	912.120361
1047.018555	925.692932
1046.774414	914.092346
1045.895508	878.781555
1045.638672	887.436157
1044.771484	947.553162
1044.502930	860.793274
1043.646484	1002.953186
1043.367188	902.393433
1042.522461	1007.192383
1042.231445	877.960266
1041.397461	951.410767
1041.094727	897.536133
1040.273438	962.325928
1039.958008	956.689026
1039.147461	908.798462
1038.821289	930.061401
1038.022461	979.699341
1037.683594	973.788391
1036.896484	955.064270
1036.545898	901.019714
1035.771484	1008.160950
1035.408203	894.199341
1034.645508	936.906677
1034.269531	999.403198
1033.518555	943.371216
1033.131836	939.858521
1032.392578	1007.533081
1031.992188	979.135620
1031.265625	854.228210
1030.853516	934.989685
1030.138672	951.656433
1029.713867	945.722290
1029.011719	953.676331
1028.574219	958.642944
1027.883789	997.825745
1027.434570	984.715576
1026.755859	1061.908936
1026.294922	973.500916
1025.627930	990.760925
1025.154297	868.035461
1024.500000	1041.522583
1024.012695	948.896790
1023.372070	974.839294
1022.872070	953.035522
1022.243164	976.851135
1021.730469	941.839600
1021.114258	943.428101
1020.588867	937.218506
1019.985352	1031.797607
1019.447266	967.626770
1018.855469	987.308350
1018.304688	963.001038
1017.726563	942.837585
1017.162109	989.010498
1016.596680	953.704468
1016.019531	905.630615
1015.466797	902.622131
1014.875977	927.267151
1014.335938	959.941467
1013.732422	909.537292
1013.206055	950.895203
1012.588867	885.258911
1012.075195	1001.547485
1011.445313	863.178101
1010.944336	1005.758850
1010.300781	1013.699524
1009.812500	1049.748169
1009.156250	967.571106
1008.681641	985.451904
1008.010742	1006.625427
1007.549805	983.036377
1006.866211	929.960083
1006.417969	1027.002563
1005.720703	949.361511
1005.285156	1017.954651
1004.574219	881.477722
1004.153320	1008.910461
1003.428711	975.045776
1003.020508	964.554382
1002.282227	939.901245
1001.887695	959.938477
1001.135742	983.261108
1000.753906	970.768372
999.988281	913.258362
999.621094	1027.916016
998.840820	952.244080
998.487305	1040.932251
997.693359	936.747314
997.353516	1012.049744
996.545898	953.927124
996.219727	991.997009
995.397461	938.437500
995.084961	1024.848022
994.249023	918.602173
993.950195	1026.835815
993.100586	940.125061
992.815430	993.574036
991.951172	902.893982
991.680664	975.744141
990.801758	893.958130
990.545898	1023.985229
989.652344	935.040588
989.410156	981.938049
988.274414	955.316772
987.138672	1001.330627
986.001953	902.107605
984.865234	992.108948
983.728516	991.899536
982.591797	1044.463013
981.455078	1015.663086
980.317383	960.500000
979.179688	1041.603638
978.041992	1028.201294
976.903320	1043.359619
975.765625	1018.981934
974.626953	985.832031
973.487305	1055.868164
972.348633	994.193298
971.208984	1048.838135
970.069336	1037.647095
968.929688	1033.040527
967.790039	1100.799072
966.649414	1126.873779
965.508789	1089.372437
964.368164	1148.309814
963.226563	1088.909790
962.085938	1077.726074
960.944336	1046.836548
959.802734	1053.182617
958.660156	1017.933044
957.517578	987.075562
956.375977	993.430054
955.232422	988.843140
954.089844	1006.130493
952.946289	949.060059
951.802734	959.789368
950.659180	935.540527
949.515625	981.234009
948.371094	959.175598
947.226563	915.282104
946.082031	936.926514
944.937500	934.542969
943.791992	960.539978
942.646484	912.317993
941.500977	927.397827
940.354492	973.014160
939.208984	916.095459
938.062500	935.525940
936.916016	944.046753
935.768555	991.799866
934.621094	952.359863
933.474609	941.261658
932.326172	947.595154
931.178711	999.661987
930.030273	958.076233
928.881836	960.047791
927.733398	981.606934
926.584961	961.811951
925.435547	942.025330
924.286133	1044.053223
923.136719	1000.336182
921.986328	974.031128
920.836914	1004.253784
919.686523	1032.290039
918.535156	1016.858643
917.384766	1040.535278
916.233398	994.702820
915.082031	998.831482
913.930664	1007.300049
912.779297	902.902100
911.626953	1000.356262
910.474609	1030.513794
909.322266	999.925171
908.168945	1008.383850
907.015625	973.476746
905.862305	973.266724
904.708984	1046.740356
903.555664	1044.347656
902.401367	981.301514
901.247070	1043.896606
900.091797	1093.472778
898.937500	1084.577271
897.782227	1056.206055
896.626953	1068.961060
895.471680	1079.546875
894.315430	1135.550171
893.159180	1163.416626
892.002930	1230.187256
890.846680	1290.444214
889.689453	1318.258789
888.532227	1365.506592
887.375000	1453.776489
886.217773	1481.536987
885.059570	1509.285400
883.901367	1439.878418
882.743164	1430.932861
881.584961	1491.040771
880.425781	1499.346313
879.266602	1477.452026
878.107422	1453.410767
876.948242	1364.701904
875.788086	1351.472534
874.627930	1318.853882
873.467773	1264.703979
872.307617	1120.107300
871.146484	1113.402832
869.985352	1100.241821
868.824219	1059.101929
867.662109	1132.045288
866.500000	1071.550903
865.337891	1092.829834
864.175781	1103.345459
863.013672	1079.451538
861.850586	1040.519165
860.687500	1042.441528
859.523438	1014.278442
858.360352	1026.947632
857.196289	1013.835632
856.032227	1020.056702
854.868164	1004.804749
853.703125	1002.438599
852.538086	1008.657776
851.373047	1034.184570
850.208008	1074.716064
849.041992	1033.732178
847.875977	1016.352417
846.709961	1026.848633
845.542969	1071.632446
844.376953	1097.111328
843.209961	1139.717529
842.041992	1190.872314
840.875000	1282.691040
839.707031	1312.382690
838.539063	1342.061157
837.371094	1510.825073
836.202148	1679.514893
835.034180	1863.103760
833.865234	2138.570313
832.695313	2535.787598
831.526367	3031.161133
830.356445	3500.670654
829.186523	3668.700195
828.015625	3806.748047
826.845703	3748.245850
825.674805	3510.405029
824.503906	3161.658447
823.332031	2817.333496
822.160156	2447.553223
820.988281	2199.539551
819.816406	1885.513794
818.644531	1701.706543
817.471680	1660.823730
816.298828	1502.724854
815.125977	1385.185547
813.952148	1235.739258
812.778320	1297.239990
811.604492	1320.379883
810.430664	1234.921509
809.255859	1196.332275
808.081055	1089.656372
806.906250	1168.143066
805.731445	1104.066162
804.555664	1146.358643
803.379883	1141.852661
802.204102	1071.446045
801.028320	1132.846069
799.851563	1090.096680
798.674805	1045.241455
797.498047	1093.862305
796.320313	1080.878906
795.142578	1067.901245
793.964844	1054.929199
792.787109	1109.870728
791.608398	1088.408203
790.429688	1071.197510
789.250977	1121.857178
788.072266	1096.165405
786.892578	1136.197998
785.712891	1169.854736
784.533203	1139.931519
783.353516	1141.796753
782.172852	1116.128540
780.992188	1162.463989
779.810547	1088.112427
778.629883	1085.754150
777.448242	1079.164795
776.266602	1034.498535
775.084961	1036.383545
773.902344	1015.007080
772.719727	1054.949707
771.537109	995.532471
770.353516	1090.404297
769.170898	1031.005493
767.987305	1011.765625
766.803711	1077.005249
765.619141	1009.203491
764.434570	1036.419434
763.250000	1131.154663
762.065430	1170.990479
760.879883	1162.291504
759.694336	1221.082886
758.508789	1351.536133
757.323242	1376.530640
756.136719	1420.481567
754.950195	1437.020874
753.763672	1438.806396
752.576172	1274.207031
751.389648	1370.782471
750.202148	1250.480347
749.013672	1254.410156
747.826172	1180.481079
746.637695	1215.981079
745.449219	1200.985840
744.259766	1158.660400
743.071289	1158.401001
741.881836	1174.956665
740.691406	1212.519043
739.501953	1092.493286
738.311523	1090.147949
737.121094	1188.603882
735.930664	1116.953125
734.739258	1091.513794
733.547852	1152.128174
732.356445	1122.495850
731.165039	1067.704956
729.972656	1061.173706
728.780273	1109.159668
727.587891	1052.312134
726.394531	1083.512207
725.202148	1070.696899
724.008789	1018.085510
722.814453	1024.139648
721.621094	1061.599243
720.426758	1065.547241
719.232422	1071.586304
718.037109	1048.327881
716.841797	1138.047852
715.646484	1039.489746
714.451172	1066.439331
713.255859	1070.380249
712.059570	990.714600
710.863281	1057.359863
709.666016	1013.248840
708.469727	1025.552490
707.272461	1073.350464
706.075195	1079.371460
704.876953	1016.509216
703.678711	1097.665649
702.480469	1120.367554
701.282227	1082.568726
700.083984	1159.484009
698.884766	1157.137085
697.685547	1113.101807
696.485352	1119.102051
695.285156	1148.018188
694.084961	1051.938354
692.884766	1078.773804
691.684570	1082.693848
690.483398	1128.244629
689.282227	1080.122437
688.080078	1061.151611
686.878906	1112.916626
685.676758	1139.701172
684.474609	1066.668091
683.271484	1060.189819
682.068359	1041.244385
680.865234	1161.524170
679.662109	1142.564087
678.458008	1086.227905
677.254883	1131.663086
676.049805	1127.254150
674.845703	1108.318604
673.640625	1151.642456
672.435547	1141.007935
671.230469	1184.304443
670.024414	1113.532104
668.819336	1173.400146
667.613281	1142.043091
666.406250	1164.577393
665.199219	1098.016968
663.992188	1126.764526
662.785156	1143.074219
661.578125	1039.298096
660.370117	1105.296265
659.162109	1111.252563
657.953125	1164.790527
656.745117	1143.840698
655.536133	1122.900269
654.327148	1085.429321
653.117188	1134.789917
651.907227	1111.798950
650.697266	1107.412964
649.487305	1067.913696
648.276367	1042.888184
647.065430	1077.749023
645.854492	1044.475830
644.643555	1097.893433
643.431641	1143.033569
642.219727	1035.508301
641.007813	1066.205811
639.794922	1111.321899
638.582031	991.509155
637.369141	1081.960815
636.155273	1085.833740
634.942383	1097.944580
633.728516	1097.692993
632.513672	1105.677368
631.299805	1107.482300
630.084961	1156.621338
628.869141	1074.053101
627.654297	1086.149292
626.438477	1081.786743
625.222656	1075.369873
624.006836	1114.180908
622.790039	1130.366699
621.573242	1189.694336
620.356445	1164.769775
619.139648	1166.555786
617.921875	1178.607422
616.704102	1192.706299
615.486328	1198.588989
614.267578	1149.067383
613.048828	1134.442871
611.830078	1121.875854
610.610352	1105.213501
609.391602	1016.808167
608.171875	1094.456543
606.951172	1026.584839
605.731445	1079.611694
604.510742	1019.967041
603.289063	1085.256592
602.068359	1095.242065
600.846680	1056.101807
599.625000	1057.904175
598.403320	1006.515747
597.180664	1002.192627
595.958008	1010.140320
594.735352	1097.813721
593.511719	970.839722
592.289063	1023.743591
591.064453	1068.451172
589.840820	1015.100037
588.616211	1016.907043
587.391602	1028.920654
586.166992	1026.641357
584.942383	1022.322327
583.716797	1028.205688
582.491211	1040.205078
581.264648	997.141846
580.038086	958.175842
578.811523	943.686096
577.584961	996.447998
576.358398	1075.669556
575.130859	1026.537109
573.902344	993.717773
572.674805	1024.024414
571.446289	1029.892456
570.217773	1017.443787
568.989258	1007.035095
567.759766	1027.140259
566.530273	992.332336
565.300781	1020.563354
564.070313	995.935486
562.840820	1038.376587
561.610352	1015.787415
560.378906	1025.706299
559.147461	1033.589722
557.916016	988.685364
556.684570	1045.285889
555.453125	1008.516296
554.220703	1036.683228
552.988281	999.932556
551.754883	1001.726929
550.521484	989.329102
549.288086	958.695374
548.054688	980.761353
546.820313	974.454468
545.585938	988.404541
544.351563	984.123474
543.117188	941.379333
541.881836	1048.430908
540.646484	979.385620
539.410156	1039.847778
538.174805	991.062439
536.938477	1009.029114
535.701172	1031.030518
534.464844	984.302246
533.227539	1089.146851
531.990234	1016.163879
530.751953	1011.885986
529.513672	999.532898
528.275391	1027.561157
527.037109	1057.594482
525.797852	1008.917969
524.558594	1020.784973
523.319336	1107.271118
522.079102	1096.928711
520.838867	1048.288208
519.598633	1062.149780
518.358398	1055.854736
517.117188	1027.402954
515.875977	1075.497925
514.634766	1004.769714
513.392578	1074.991089
512.150391	1090.838623
510.908203	1078.508545
509.665039	1102.394165
508.421875	1112.189941
507.178711	1109.916748
505.934570	1105.634155
504.691406	1169.685669
503.447266	1113.149048
502.202148	1207.300415
500.958008	1120.656250
499.712891	1168.580078
498.466797	1184.362793
497.221680	1168.027100
495.975586	1159.724854
494.729492	1145.408447
493.482422	1203.296509
492.235352	1233.086548
490.988281	1306.962402
489.741211	1222.481689
488.493164	1258.256348
487.245117	1294.014038
485.997070	1351.783447
484.748047	1365.477661
483.499023	1393.177124
482.250000	1354.822998
481.000977	1418.524658
479.750977	1484.196167
478.500977	1405.851440
477.250000	1507.482056
475.999023	1495.130249
474.748047	1550.728516
473.497070	1612.293701
472.245117	1605.917358
470.993164	1631.494873
469.741211	1671.035034
468.488281	1866.242798
467.236328	1945.617920
465.982422	2032.934937
464.729492	2138.161133
463.475586	2309.141113
462.221680	2501.968750
460.967773	2593.054688
459.712891	2793.692383
458.458008	3063.959717
457.203125	3061.235107
455.947266	3120.239258
454.691406	3013.983154
453.435547	2812.244629
452.178711	2556.878174
450.921875	2389.163330
449.665039	2151.919434
448.408203	1888.940186
447.150391	1773.189941
445.892578	1570.049316
444.633789	1567.685547
443.375000	1529.566528
442.116211	1457.704224
440.857422	1471.252441
439.597656	1466.928711
438.337891	1460.622437
437.078125	1470.191406
435.818359	1551.164673
434.557617	1556.740601
433.295898	1540.504761
432.035156	1536.169312
430.773438	1521.927368
429.511719	1422.500610
428.249023	1426.119019
426.987305	1318.841919
425.724609	1338.321289
424.460938	1278.619629
423.198242	1266.437988
421.934570	1242.391968
420.669922	1226.268921
419.406250	1255.633057
418.141602	1219.745239
416.875977	1227.355835
415.611328	1221.130981
414.345703	1208.982544
413.080078	1240.289429
411.813477	1198.524292
410.546875	1251.532471
409.280273	1274.911621
408.013672	1239.087036
406.746094	1223.005615
405.478516	1258.206787
404.209961	1293.390503
402.942383	1237.884033
401.673828	1312.468750
400.404297	1329.881470
399.134766	1351.224854
397.865234	1335.142212
396.595703	1323.004639
395.326172	1377.794189
394.055664	1434.524780
392.784180	1345.645874
391.513672	1408.256592
390.242188	1364.653198
388.970703	1378.081421
387.698242	1521.219238
386.425781	1538.532104
385.153320	1475.294189
383.880859	1429.762573
382.607422	1435.303467
381.333984	1468.323486
380.059570	1430.676392
378.785156	1408.743774
377.510742	1473.130249
376.236328	1482.574707
374.960938	1448.881348
373.685547	1499.489136
372.410156	1528.515869
371.133789	1512.467651
369.857422	1574.773926
368.581055	1554.805298
367.303711	1538.761719
366.026367	1591.228760
364.749023	1598.664551
363.470703	1633.484253
362.192383	1619.391724
360.914063	1722.624390
359.634766	1704.606689
358.356445	1678.780273
357.076172	1686.182007
355.796875	1758.041260
354.516602	1677.538818
353.236328	1776.697998
351.955078	1723.557129
350.673828	1789.480835
349.392578	1722.705688
348.111328	1813.952759
346.829102	1815.454224
345.546875	1896.885010
344.263672	1849.638550
342.981445	1917.380005
341.697266	1932.489624
340.414063	1937.853516
339.129883	2032.781372
337.845703	2117.928711
336.561523	2059.018799
335.276367	2148.008057
333.991211	2168.871338
332.705078	2238.341553
331.419922	2301.944092
330.133789	2303.315186
328.846680	2368.812500
327.560547	2391.535889
326.272461	2363.748535
324.985352	2565.105957
323.697266	2479.049072
322.409180	2523.069824
321.121094	2633.039795
319.832031	2789.510742
318.542969	2930.388428
317.253906	3071.195068
315.963867	3149.902100
314.673828	3342.906006
313.383789	3456.378418
312.092773	3639.523438
310.801758	3892.288818
309.510742	4141.054688
308.218750	4385.824707
306.926758	4756.246582
305.634766	4991.064941
304.341797	5359.213379
303.048828	5760.046387
301.755859	6133.614258
300.461914	6506.993652
299.167969	6866.659180
297.874023	7392.260742
296.579102	7865.456543
295.284180	8664.689453
293.989258	9069.768555
292.693359	9613.578125
291.397461	10147.464844
290.101563	10953.026367
288.804688	11657.913086
287.507813	12183.164063
286.210938	12964.468750
284.913086	13604.724609
283.615234	14177.234375
282.317383	14751.378906
281.018555	15475.402344
279.719727	16162.484375
278.420898	16724.136719
277.121094	17289.347656
275.821289	17894.658203
274.521484	18359.292969
273.220703	19027.457031
271.919922	19430.060547
270.619141	19736.388672
269.317383	19933.064453
268.015625	20181.488281
266.713867	20103.398438
265.411133	20104.039063
264.108398	19878.242188
262.804688	19522.101563
261.501953	19179.564453
260.198242	19155.498047
258.893555	18832.390625
257.588867	18047.572266
256.284180	17841.781250
254.979492	17536.488281
253.673828	16739.185547
252.368164	16371.142578
251.061523	16033.909180
249.755859	15388.764648
248.448242	15076.819336
247.141602	14562.297852
245.833984	14235.421875
244.526367	13620.061523
243.217773	13297.411133
241.909180	12716.993164
240.600586	12345.072266
239.291992	11896.956055
237.982422	11321.155273
236.671875	10965.142578
235.362305	10582.596680
234.051758	10278.459961
232.741211	9905.820313
231.429688	9649.677734
230.118164	9281.200195
228.806641	9008.195313
227.494141	8680.080078
226.181641	8487.365234
224.868164	8256.665039
223.555664	7953.740723
222.242188	7502.520020
220.927734	7548.145020
219.613281	7268.461426
218.298828	7127.749512
216.984375	7091.677246
215.668945	7002.401367
214.353516	6630.030762
213.037109	6616.909180
211.720703	6586.699707
210.404297	6408.398926
209.087891	6196.020508
207.770508	6177.326660
206.452148	6101.722656
205.134766	6077.370117
203.816406	5783.752441
202.497070	5812.576172
201.178711	5803.476563
199.859375	5750.799805
198.539063	5713.304199
197.218750	5592.498047
195.898438	5498.260742
194.578125	5487.356445
193.256836	5455.641113
191.935547	5476.913086
190.613281	5377.125977
189.291992	5290.625977
187.968750	5512.299316
186.646484	5433.366211
185.323242	5501.844727
183.999023	5462.619629
182.675781	5468.735352
181.351563	5550.361816
180.026367	5484.728516
178.702148	5522.906738
177.376953	5517.677246
176.050781	5655.776367
174.724609	5671.250977
173.398438	5675.406738
172.072266	5675.790527
170.745117	5659.217773
169.416992	5685.970703
168.089844	5643.041016
166.761719	5720.605957
165.433594	5801.892578
164.104492	5813.522461
162.775391	5872.167969
161.445313	6150.787598
160.116211	6237.507813
158.785156	6264.040039
157.455078	6328.134277
156.124023	6820.468262
154.792969	6961.371094
153.460938	7385.684570
152.128906	7616.449707
150.796875	7847.089844
149.463867	8270.822266
148.130859	8324.874023
146.797852	8751.998047
145.463867	8865.868164
144.129883	9077.118164
142.794922	9202.077148
141.460938	9381.280273
140.125000	9446.169922
138.790039	9529.741211
137.454102	9603.908203
136.117188	9558.297852
134.781250	9574.431641
133.444336	9564.375977
132.106445	9477.679688
130.768555	9392.896484
129.430664	9414.653320
128.092773	9357.947266
126.753906	9258.319336
125.414063	9250.218750
124.075195	9201.060547
122.735352	8989.598633
121.394531	9117.740234
120.053711	8880.303711
118.712891	8849.933594
117.372070	8875.492188
116.030273	8914.077148
114.688477	9043.916992
113.345703	9039.598633
112.002930	9156.296875
110.660156	9325.045898
109.316406	9006.175781
107.972656	9133.942383
106.627930	8936.178711
105.283203	8686.460938
103.938477	8273.307617
102.592773	7583.498535
101.247070	6843.905273
99.901367	6101.000000
98.554688	5263.806641
