#Wave		#Intensity
3199.956055	63.831745
3199.250977	88.655205
3198.545898	63.821854
3197.840820	85.082603
3197.134766	70.891159
3196.429688	56.704113
3195.724609	67.325661
3195.018555	46.057751
3194.312500	56.677628
3193.606445	67.294182
3192.901367	60.201180
3192.195313	63.732460
3191.488281	42.481659
3190.782227	42.475006
3190.076172	67.241547
3189.369141	95.538788
3188.663086	49.530849
3187.956055	74.284592
3187.249023	45.978466
3186.541992	60.116215
3185.834961	53.035358
3185.127930	67.167519
3184.420898	60.087765
3183.712891	45.942204
3183.005859	95.403328
3182.297852	60.059246
3181.590820	84.776085
3180.882813	67.103752
3180.174805	56.499454
3179.466797	95.327675
3178.757813	88.252327
3178.049805	63.531559
3177.341797	77.637306
3176.632813	95.266953
3175.924805	77.612534
3175.215820	38.800068
3174.506836	31.740433
3173.797852	66.996857
3173.088867	63.460541
3172.379883	66.975388
3171.669922	88.111366
3170.960938	81.049438
3170.250977	77.513092
3169.541016	88.068886
3168.832031	59.877201
3168.122070	66.910797
3167.412109	77.463165
3166.701172	80.971146
3165.991211	49.278824
3165.281250	77.425629
3164.570313	70.375549
3163.860352	70.364151
3163.149414	66.835106
3162.438477	109.029068
3161.727539	73.846413
3161.016602	77.350334
3160.305664	94.914520
3159.593750	94.899078
3158.882813	91.369415
3158.170898	52.704533
3157.458984	49.182873
3156.748047	77.274750
3156.036133	63.214466
3155.324219	87.783516
3154.611328	77.236855
3153.899414	77.224205
3153.187500	80.721161
3152.474609	80.707924
3151.761719	73.677742
3151.049805	77.173531
3150.336914	80.668152
3149.624023	91.175079
3148.911133	87.653908
3148.197266	80.628311
3147.484375	119.170021
3146.770508	73.592865
3146.057617	63.069180
3145.343750	84.078339
3144.629883	80.561745
3143.916016	63.037888
3143.202148	59.525921
3142.488281	73.519829
3141.774414	77.007996
3141.059570	80.494995
3140.344727	76.982422
3139.630859	52.479286
3138.916016	59.466629
3138.201172	83.938904
3137.486328	87.421791
3136.771484	76.918350
3136.055664	69.914101
3135.340820	80.387794
3134.625000	87.363434
3133.910156	101.324638
3133.194336	87.334206
3132.478516	94.305145
3131.762695	83.812752
3131.046875	108.239983
3130.330078	94.257713
3129.614258	104.713203
3128.897461	76.776779
3128.181641	94.210197
3127.464844	83.728310
3126.748047	94.178482
3126.031250	94.162613
3125.314453	59.277576
3124.596680	90.644524
3123.879883	83.657738
3123.162109	94.099052
3122.445313	69.691216
3121.727539	111.487083
3121.009766	104.501442
3120.291992	90.552574
3119.574219	94.019424
3118.856445	94.003471
3118.137695	80.063438
3117.419922	73.088982
3116.701172	107.874916
3115.982422	66.105637
3115.263672	121.752823
3114.544922	93.907608
3113.826172	107.801476
3113.107422	86.921844
3112.387695	104.288414
3111.668945	107.746292
3110.949219	93.827515
3110.229492	93.811470
3109.509766	76.425903
3108.790039	138.932404
3108.070313	93.763306
3107.350586	90.275116
3106.629883	118.031822
3105.910156	93.715073
3105.189453	121.461639
3104.468750	114.501297
3103.748047	55.506233
3103.027344	93.650658
3102.306641	135.249893
3101.585938	107.487801
3100.864258	83.202019
3100.143555	103.984589
3099.421875	93.569984
3098.700195	117.808525
3097.978516	131.645599
3097.256836	117.767807
3096.535156	107.357956
3095.813477	121.189621
3095.090820	93.472946
3094.369141	86.534027
3093.646484	89.979790
3092.923828	89.964180
3092.201172	89.948563
3091.478516	79.556061
3090.755859	93.375671
3090.032227	121.021484
3089.309570	134.829056
3088.585938	155.544907
3087.863281	107.134491
3087.139648	103.660469
3086.416016	120.916130
3085.692383	103.624313
3084.967773	134.688095
3084.244141	145.023376
3083.519531	110.474693
3082.795898	138.069214
3082.071289	89.729294
3081.346680	124.218803
3080.622070	137.996719
3079.897461	127.624596
3079.171875	110.358673
3078.447266	86.202591
3077.721680	124.109940
3076.997070	103.406784
3076.271484	93.049751
3075.545898	110.261803
3074.820313	127.467781
3074.094727	141.223221
3073.368164	113.647453
3072.642578	92.967896
3071.916016	110.164749
3071.189453	158.333893
3070.463867	106.684448
3069.737305	141.073868
3069.009766	92.885895
3068.283203	116.946747
3067.556641	130.682068
3066.829102	103.151802
3066.102539	120.322464
3065.375000	116.863983
3064.647461	109.970139
3063.919922	116.822556
3063.192383	133.978577
3062.463867	171.736923
3061.736328	113.326241
3061.007813	116.739624
3060.279297	113.285973
3059.551758	109.833527
3058.823242	130.404114
3058.094727	109.794434
3057.365234	113.205345
3056.636719	123.474739
3055.907227	92.589546
3055.178711	164.574280
3054.449219	133.692734
3053.719727	119.959244
3052.990234	116.511024
3052.260742	130.194931
3051.530273	116.469376
3050.800781	109.598625
3050.070313	136.973770
3049.340820	92.440742
3048.610352	126.655357
3047.879883	154.012695
3047.149414	136.875626
3046.417969	119.744690
3045.687500	133.405853
3044.957031	112.861610
3044.225586	143.616241
3043.494141	133.333969
3042.762695	153.819229
3042.031250	140.121201
3041.299805	133.262039
3040.568359	153.736206
3039.835938	143.461273
3039.103516	160.511063
3038.372070	163.896637
3037.639648	153.625381
3036.907227	143.357819
3036.174805	150.157272
3035.441406	136.481949
3034.708984	119.400131
3033.975586	170.540771
3033.243164	143.228348
3032.509766	146.612015
3031.776367	136.358582
3031.042969	122.700493
3030.309570	143.124649
3029.575195	129.470261
3028.841797	143.072754
3028.107422	163.482056
3027.373047	143.020844
3026.638672	187.255188
3025.904297	142.968903
3025.169922	153.153122
3024.435547	166.736420
3023.700195	163.303925
3022.965820	146.266479
3022.230469	173.447266
3021.495117	129.211685
3020.759766	156.385651
3020.024414	214.141312
3019.289063	156.328644
3018.552734	173.289276
3017.817383	180.052063
3017.081055	159.639664
3016.344727	169.798416
3015.608398	173.162735
3014.872070	159.552170
3014.135742	135.764252
3013.398438	190.035187
3012.662109	183.214676
3011.924805	149.258713
3011.187500	186.539215
3010.451172	169.550034
3009.712891	240.716904
3008.975586	186.436646
3008.238281	213.515533
3007.500000	227.030411
3006.762695	199.885590
3006.024414	189.687073
3005.286133	199.812164
3004.547852	203.161453
3003.809570	199.738708
3003.071289	196.317184
3002.332031	192.896896
3001.592773	250.381454
3000.854492	175.911316
3000.115234	199.554916
2999.375977	223.189789
2998.636719	223.148636
2997.896484	212.966232
2997.157227	192.648178
2996.416992	226.404297
2995.677734	233.119583
2994.937500	229.698608
2994.197266	280.315613
2993.457031	205.977005
2992.715820	259.955658
2991.975586	219.402496
2991.234375	205.862701
2990.494141	219.321289
2989.752930	253.016159
2989.011719	236.104660
2988.270508	239.433197
2987.528320	289.963898
2986.787109	239.344406
2986.044922	239.300003
2985.303711	242.625381
2984.561523	293.117920
2983.819336	296.432007
2983.077148	306.480682
2982.334961	269.383484
2981.591797	306.366760
2980.849609	343.336212
2980.106445	329.810669
2979.363281	333.114075
2978.620117	339.780365
2977.876953	356.534760
2977.133789	386.734497
2976.389648	376.575592
2975.646484	389.951996
2974.902344	389.879242
2974.158203	433.491699
2973.414063	416.611938
2972.669922	436.689026
2971.925781	453.400055
2971.181641	416.378540
2970.436523	446.516083
2969.692383	490.068848
2968.947266	486.621185
2968.202148	516.728577
2967.457031	499.858093
2966.710938	546.722229
2965.965820	529.852356
2965.220703	586.751892
2964.474609	563.176208
2963.728516	650.212524
2962.982422	666.845520
2962.236328	686.822510
2961.490234	656.546143
2960.743164	683.215637
2959.997070	709.875061
2959.250000	662.872009
2958.502930	696.219543
2957.755859	726.207886
2957.008789	749.492981
2956.261719	746.006714
2955.514648	762.589783
2954.766602	755.758179
2954.018555	772.333069
2953.271484	691.960327
2952.523438	755.331238
2951.775391	718.431946
2951.026367	791.796570
2950.278320	781.626465
2949.529297	697.987671
2948.781250	727.907166
2948.032227	841.275146
2947.283203	684.241455
2946.534180	760.866272
2945.784180	683.982971
2945.035156	693.861328
2944.285156	720.412109
2943.536133	656.918274
2942.786133	640.124084
2942.036133	666.669800
2941.286133	589.891052
2940.535156	609.771912
2939.785156	622.982239
2939.034180	606.210083
2938.284180	646.057556
2937.533203	629.287292
2936.782227	602.536499
2936.031250	582.452393
2935.279297	542.409912
2934.528320	538.979919
2933.776367	515.592773
2933.025391	558.729919
2932.273438	492.120941
2931.521484	502.000946
2930.768555	481.962250
2930.016602	475.224121
2929.264648	465.165924
2928.511719	451.789490
2927.758789	445.060822
2927.005859	431.693237
2926.252930	415.010620
2925.500000	428.209381
2924.747070	421.490143
2923.993164	391.546143
2923.240234	394.789063
2922.486328	374.812225
2921.732422	421.168793
2920.978516	391.247528
2920.223633	377.912750
2919.469727	364.583038
2918.715820	324.748322
2917.960938	400.888184
2917.206055	324.624268
2916.451172	357.680817
2915.696289	301.321564
2914.941406	360.854614
2914.185547	301.206329
2913.430664	324.313965
2912.674805	301.091064
2911.918945	301.033417
2911.163086	320.820313
2910.407227	297.611328
2909.651367	357.065155
2908.894531	337.163574
2908.138672	320.574463
2907.381836	317.208740
2906.625000	313.844269
2905.868164	343.510956
2905.111328	293.909668
2904.353516	300.456696
2903.596680	313.603363
2902.838867	310.242645
2902.081055	339.881409
2901.323242	326.619354
2900.565430	329.855133
2899.807617	290.216675
2899.049805	296.755432
2898.291016	346.148041
2897.532227	296.641235
2896.773438	309.765625
2896.014648	283.348022
2895.255859	273.411133
2894.497070	260.184540
2893.738281	260.134399
2892.978516	358.850433
2892.218750	289.658264
2891.458984	322.511749
2890.699219	315.868927
2889.939453	309.228638
2889.179688	286.145721
2888.418945	289.378876
2887.659180	299.186279
2886.898438	295.841339
2886.137695	262.919281
2885.376953	318.727997
2884.616211	285.814178
2883.854492	298.897247
2883.093750	256.148071
2882.332031	256.098511
2881.570313	256.048950
2880.808594	265.845520
2880.046875	308.452332
2879.285156	272.304108
2878.522461	318.173248
2877.760742	282.037079
2876.998047	268.866943
2876.235352	258.980133
2875.472656	294.983429
2874.709961	278.541443
2873.946289	262.105774
2873.183594	288.260376
2872.419922	281.654327
2871.656250	265.227539
2870.892578	311.008942
2870.128906	258.578217
2869.365234	242.165451
2868.600586	255.205841
2867.836914	284.597321
2867.072266	261.647797
2866.307617	297.566467
2865.542969	320.393829
2864.778320	261.495087
2864.013672	287.588593
2863.248047	258.125824
2862.483398	284.209778
2861.717773	297.218994
2860.952148	284.099030
2860.186523	280.778778
2859.419922	323.159058
2858.654297	296.987274
2857.887695	238.196045
2857.122070	326.232269
2856.355469	309.860168
2855.588867	342.410156
2854.822266	286.916290
2854.054688	306.418884
2853.288086	254.212814
2852.520508	263.938629
2851.752930	296.465698
2850.985352	296.407715
2850.217773	247.500885
2849.450195	266.988190
2848.682617	292.978455
2847.914063	289.666443
2847.145508	244.053146
2846.377930	276.539398
2845.609375	289.496307
2844.839844	286.187439
2844.071289	334.903748
2843.302734	276.322723
2842.533203	273.018311
2841.763672	305.460571
2840.994141	315.147461
2840.224609	318.333954
2839.455078	266.308777
2838.684570	288.985718
2837.915039	246.725845
2837.144531	285.626465
2836.374023	282.325226
2835.603516	282.269745
2834.833008	278.970398
2834.062500	282.158752
2833.291016	291.830963
2832.520508	282.047791
2831.749023	275.509705
2830.977539	288.418091
2830.206055	268.921234
2829.433594	285.065155
2828.662109	249.382874
2827.889648	294.667145
2827.118164	288.134155
2826.345703	310.735138
2825.573242	323.618622
2824.799805	294.434875
2824.027344	274.967346
2823.254883	271.678802
2822.481445	248.989761
2821.708008	294.202545
2820.934570	284.447388
2820.161133	277.927765
2819.387695	264.948547
2818.613281	352.118103
2817.839844	313.290894
2817.065430	271.249817
2816.291016	316.395538
2815.516602	245.319427
2814.741211	274.316132
2813.966797	306.527954
2813.192383	287.111450
2812.416992	287.054596
2811.641602	293.447144
2810.866211	303.061188
2810.090820	293.330872
2809.314453	273.936096
2808.539063	277.103912
2807.762695	286.713470
2806.986328	328.527802
2806.209961	305.921082
2805.433594	264.005798
2804.657227	289.704926
2803.880859	302.520630
2803.103516	283.154572
2802.326172	308.834534
2801.548828	292.691254
2800.771484	292.633087
2799.994141	302.220215
2799.216797	292.516724
2798.438477	340.666016
2797.660156	273.121216
2796.881836	289.129639
2796.103516	305.131653
2795.325195	263.324371
2794.546875	311.431427
2793.767578	276.059448
2792.989258	301.679291
2792.209961	291.993042
2791.430664	307.975189
2790.651367	301.498932
2789.871094	291.818420
2789.091797	310.997131
2788.311523	346.195770
2787.531250	291.643768
2786.751953	336.444855
2785.970703	285.120117
2785.190430	285.063171
2784.410156	326.636353
2783.628906	307.360992
2782.847656	304.098541
2782.067383	291.236145
2781.285156	307.176697
2780.503906	300.717010
2779.722656	364.626373
2778.940430	326.179352
2778.159180	322.916840
2777.376953	278.100403
2776.594727	332.375275
2775.812500	300.355927
2775.029297	322.658173
2774.247070	341.757477
2773.463867	338.495605
2772.680664	344.813141
2771.897461	344.743958
2771.114258	344.674805
2770.331055	290.362122
2769.546875	274.353088
2768.763672	357.225281
2767.979492	325.264832
2767.195313	322.011230
2766.411133	328.321716
2765.626953	337.816559
2764.841797	347.307556
2764.056641	324.938019
2763.272461	312.132568
2762.487305	353.466766
2761.702148	353.395599
2760.916016	334.225830
2760.130859	346.888367
2759.344727	330.909393
2758.559570	311.755646
2757.773438	302.151184
2756.987305	314.809845
2756.201172	368.793732
2755.414063	321.040131
2754.627930	317.797363
2753.840820	333.619904
2753.053711	324.022491
2752.266602	320.781006
2751.479492	327.067017
2750.692383	298.428040
2749.904297	349.153748
2749.116211	352.256653
2748.328125	326.802704
2747.540039	374.319611
2746.751953	329.842041
2745.963867	345.629883
2745.174805	345.559937
2744.386719	329.641815
2743.597656	351.757996
2742.808594	348.518372
2742.019531	288.261322
2741.229492	364.212463
2740.440430	376.804321
2739.650391	367.230560
2738.861328	351.330383
2738.071289	344.930084
2737.280273	316.385406
2736.490234	284.689056
2735.700195	287.793793
2734.909180	350.973877
2734.118164	316.128448
2733.327148	372.955750
2732.536133	376.039917
2731.745117	413.875732
2730.953125	372.728271
2730.162109	306.332947
2729.370117	322.057739
2728.578125	299.894653
2727.786133	287.209015
2726.994141	334.483032
2726.201172	350.189148
2725.409180	331.192505
2724.616211	321.664276
2723.823242	349.975037
2723.030273	299.467072
2722.236328	343.528961
2721.443359	374.968842
2720.649414	305.584473
2719.856445	365.366577
2719.062500	333.801270
2718.268555	377.811005
2717.473633	352.551544
2716.679688	346.185181
2715.884766	317.795959
2715.089844	333.460175
2714.295898	371.134430
2713.500000	358.480225
2712.705078	355.262909
2711.910156	323.757385
2711.114258	367.687897
2710.318359	383.322510
2709.522461	361.254517
2708.726563	358.039764
2707.930664	323.425720
2707.134766	395.565796
2706.337891	389.207092
2705.541016	335.779114
2704.744141	392.184784
2703.947266	370.146393
2703.150391	360.661774
2702.352539	379.400909
2701.555664	366.783295
2700.757813	319.694031
2699.959961	382.300476
2699.162109	310.163605
2698.364258	357.084595
2697.565430	331.957642
2696.767578	328.758240
2695.968750	353.733612
2695.169922	391.217590
2694.371094	378.620575
2693.571289	409.826996
2692.772461	328.419525
2691.972656	353.369049
2691.173828	362.675659
2690.374023	359.474884
2689.573242	368.776337
2688.773438	384.323029
2687.973633	343.632507
2687.172852	318.575165
2686.372070	365.348907
2685.571289	334.053375
2684.770508	362.076385
2683.969727	358.880737
2683.167969	380.646851
2682.367188	371.209778
2681.565430	380.489166
2680.763672	383.528412
2679.961914	374.096497
2679.159180	408.303986
2678.357422	405.103119
2677.554688	361.401611
2676.751953	370.671265
2675.949219	426.650574
2675.146484	382.971680
2674.343750	364.214447
2673.540039	382.812531
2672.736328	367.174683
2671.932617	335.988312
2671.128906	413.677307
2670.325195	382.494141
2669.521484	360.651062
2668.716797	419.635834
2667.912109	388.470764
2667.107422	416.353851
2666.302734	323.072968
2665.498047	363.381287
2664.693359	403.672760
2663.887695	406.693054
2663.082031	347.634460
2662.276367	418.936188
2661.470703	390.925446
2660.665039	372.232178
2659.858398	427.977509
2659.052734	381.378479
2658.246094	365.798767
2657.439453	402.914307
2656.632813	402.829987
2655.826172	408.941742
2655.051758	356.982208
2655.018555	365.492554
2654.246094	378.711548
2654.210938	414.963928
2653.440430	394.168976
2653.404297	365.339417
2652.634766	397.208557
2652.596680	386.930939
2651.829102	409.555176
2651.788086	439.461365
2651.023438	384.671478
2650.980469	420.804291
2650.217773	338.083923
2650.171875	411.435455
2649.411133	406.255249
2649.364258	395.884827
2648.604492	434.095551
2648.555664	445.276917
2647.798828	468.127075
2647.747070	429.725616
2646.992188	378.160461
2646.938477	389.453583
2646.185547	387.396515
2646.128906	435.725464
2645.378906	399.728149
2645.320313	395.469025
2644.571289	402.761230
2644.510742	454.075897
2643.764648	393.402618
2643.701172	401.479218
2642.957031	470.767242
2642.891602	382.868774
2642.150391	408.757446
2642.081055	413.658142
2641.342773	439.652039
2641.271484	401.225586
2640.535156	383.858704
2640.460938	398.055328
2639.727539	414.747131
2639.651367	431.906952
2638.918945	402.300690
2638.840820	462.659851
2638.111328	433.175812
2638.029297	440.975983
2637.303711	392.887848
2637.218750	400.802643
2636.495117	423.754242
2636.408203	391.470703
2635.686523	364.925385
2635.596680	422.205963
2634.877930	426.706909
2634.785156	471.415070
2634.069336	435.911316
2633.973633	394.303101
2633.260742	414.202026
2633.162109	431.177826
2632.452148	445.039154
2632.349609	415.690674
2631.642578	392.434967
2631.538086	477.173462
2630.833984	435.623505
2630.725586	449.371490
2630.024414	466.441589
2629.913086	436.967377
2629.214844	432.390778
2629.100586	424.568481
2628.405273	435.407104
2628.288086	476.769348
2627.595703	410.635040
2627.474609	402.861572
2626.785156	444.523499
2626.662109	473.492554
2625.975586	429.017365
2625.848633	439.578369
2625.165039	395.000641
2625.035156	454.851685
2624.355469	413.447479
2624.221680	420.955750
2623.544922	459.652313
2623.407227	454.658539
2622.734375	456.491272
2622.593750	488.346924
2621.923828	419.408478
2621.779297	383.838928
2621.113281	434.755280
2620.964844	429.808197
2620.301758	450.096893
2620.150391	405.161530
2619.491211	459.268646
2619.335938	484.862885
2618.679688	431.455322
2618.521484	451.010559
2617.868164	477.602661
2617.706055	420.240051
2617.056641	434.391479
2616.890625	383.349030
2616.245117	465.121307
2616.076172	456.854645
2615.433594	446.564667
2615.259766	432.233368
2614.621094	452.648071
2614.444336	456.659821
2613.809570	427.942169
2613.628906	379.957947
2612.997070	446.339325
2612.812500	450.337891
2612.185547	473.963257
2611.996094	431.864502
2611.373047	446.188843
2611.179688	422.585602
2610.559570	452.266846
2610.363281	456.172455
2609.747070	384.515686
2609.546875	440.770386
2608.934570	476.718842
2608.729492	462.097870
2608.121094	436.662109
2607.912109	397.747498
2607.308594	448.886414
2607.095703	464.959045
2606.495117	454.958466
2606.277344	467.917786
2605.681641	424.146088
2605.459961	428.068329
2604.868164	417.928101
2604.642578	427.976593
2604.054688	414.784668
2603.824219	452.335419
2603.240234	430.073944
2603.005859	455.294067
2602.426758	442.286530
2602.187500	381.876160
2601.612305	454.494904
2601.369141	418.446411
2600.798828	432.924744
2600.550781	421.410248
2599.984375	423.641357
2599.731445	454.903198
2599.169922	521.787964
2598.913086	448.700653
2598.354492	472.597839
2598.093750	436.397247
2597.540039	438.765869
2597.274414	442.405548
2596.725586	472.436279
2596.455078	436.209503
2595.910156	475.422699
2595.634766	472.712738
2595.094727	429.340515
2594.815430	454.316315
2594.279297	469.127411
2593.995117	429.830872
2593.463867	465.981293
2593.174805	487.646210
2592.648438	459.771057
2592.354492	438.786957
2591.833008	475.015167
2591.533203	460.017609
2591.016602	505.574371
2590.712891	438.597626
2590.201172	413.580627
2589.891602	441.548096
2589.384766	447.202789
2589.070313	502.342743
2588.568359	493.063354
2588.249023	459.620392
2587.751953	443.986725
2587.427734	423.002808
2586.935547	434.725769
2586.606445	483.761871
2586.118164	443.833496
2585.784180	413.694214
2585.301758	474.360748
2584.961914	450.099213
2584.484375	465.099152
2584.139648	446.961182
2583.666992	501.730713
2583.317383	507.662231
2582.849609	461.879395
2582.495117	431.571350
2582.032227	474.032471
2581.671875	440.593506
2581.214844	455.603851
2580.849609	470.877106
2580.397461	461.639221
2580.026367	464.700409
2579.579102	473.785828
2579.203125	467.636108
2578.761719	473.703522
2578.379883	470.570465
2577.943359	470.565552
2577.555664	415.833191
2577.125000	473.538788
2576.732422	470.365967
2576.306641	482.620026
2575.908203	427.788239
2575.488281	491.698029
2575.083984	448.928253
2574.668945	454.970398
2574.259766	454.895813
2573.850586	430.467377
2573.434570	451.764771
2573.031250	470.073792
2572.610352	488.042145
2572.211914	491.354919
2571.785156	469.751831
2571.392578	469.909515
2570.959961	469.649384
2570.573242	463.725677
2570.134766	448.341583
2569.753906	472.795410
2569.309570	484.587830
2568.933594	500.160431
2568.484375	469.341949
2568.114258	484.826660
2567.658203	490.430878
2567.293945	448.157349
2566.832031	457.030121
2566.473633	432.837952
2566.005859	478.112366
2565.653320	493.714325
2565.179688	459.855591
2564.833008	450.968384
2564.353516	456.730255
2564.012695	463.075287
2563.526367	486.870667
2563.191406	481.269897
2562.699219	483.740631
2562.371094	517.730896
2561.872070	462.475616
2561.549805	532.864380
2561.044922	510.727081
2560.728516	523.637207
2560.217773	507.593658
2559.907227	483.974609
2559.389648	486.337158
2559.085938	535.625732
2558.562500	513.410950
2558.264648	529.445557
2557.734375	437.813171
2557.442383	511.098480
2556.906250	492.054230
2556.620117	507.966370
2556.078125	510.054474
2555.798828	498.752960
2555.249023	479.768188
2554.976563	510.827209
2554.420898	509.830078
2554.154297	510.736694
2553.591797	506.701721
2553.331055	562.318665
2552.762695	482.466766
2552.508789	495.360443
2551.933594	488.389954
2551.686523	489.195557
2551.103516	449.099121
2550.863281	546.829590
2550.274414	497.214844
2550.040039	510.283569
2549.444336	466.977509
2549.216797	464.639893
2548.614258	490.971161
2548.393555	491.884094
2547.784180	460.748413
2547.570313	455.367126
2546.954102	490.754211
2546.746094	552.413696
2546.123047	436.463959
2545.922852	525.002930
2545.292969	505.584290
2545.098633	564.353333
2544.461914	508.481171
2544.274414	485.378571
2543.630859	529.425232
2543.450195	488.324982
2542.799805	526.300537
2542.625977	509.465424
2541.967773	484.089172
2541.801758	515.438293
2541.136719	474.963501
2540.976563	518.377563
2540.304688	465.841827
2540.151367	545.562866
2539.472656	489.776550
2539.327148	551.525879
2538.640625	492.671844
2538.501953	499.920135
2537.807617	522.596680
2537.676758	493.771912
2536.975586	510.469452
2536.850586	496.712067
2536.142578	465.324493
2536.025391	490.566498
2535.309570	480.228088
2535.199219	502.588959
2534.476563	459.115875
2534.374023	511.579926
2533.643555	465.013763
2533.547852	469.116119
2532.809570	512.900879
2532.721680	481.135742
2531.976563	545.772766
2531.895508	526.431091
2531.142578	512.672058
2531.068359	505.161835
2530.308594	512.557678
2530.242188	508.095123
2529.473633	497.459473
2529.415039	523.122620
2528.639648	548.281616
2528.588867	520.004944
2527.804688	542.168213
2527.761719	492.706421
2526.969727	497.125946
2526.934570	495.639587
2526.134766	455.097778
2526.106445	546.917969
2525.299805	502.890198
2525.279297	510.565857
2524.464844	529.712036
2524.452148	480.267944
2523.628906	508.648987
2523.624023	549.641113
2522.795898	492.171814
2522.792969	520.500427
2521.967773	534.347351
2521.957031	538.327942
2521.139648	537.268799
2521.121094	520.266846
2520.311523	516.046631
2520.285156	508.192535
2519.482422	458.624817
2519.448242	487.157471
2518.654297	530.942810
2518.612305	516.928223
2517.825195	503.700745
2517.775391	504.862518
2516.996094	566.937195
2516.937500	498.775513
2516.166992	560.803894
2516.100586	480.747162
2515.337891	539.600159
2515.263672	462.726868
2514.507813	533.473877
2514.425781	492.469177
2513.678711	515.296082
2513.587891	528.165955
2512.848633	521.227905
2512.750000	447.497253
2512.018555	581.379395
2511.912109	518.979614
2511.188477	499.955231
2511.073242	521.844360
2510.358398	554.066040
2510.234375	453.156647
2509.528320	566.007507
2509.395508	530.550293
2508.697266	568.914185
2508.556641	515.530518
2507.867188	478.522797
2507.717773	524.351624
2507.036133	508.525482
2506.878906	515.297058
2506.205078	490.381500
2506.039063	550.915344
2505.374023	568.497681
2505.199219	482.313782
2504.542969	496.216553
2504.359375	511.970062
2503.710938	517.173279
2503.519531	523.757385
2502.879883	520.084656
2502.678711	571.241943
2502.047852	580.103577
2501.838867	544.341248
2501.215820	516.888550
2500.998047	496.635620
2500.383789	534.821228
2500.157227	493.549469
2499.551758	507.686371
2499.316406	552.887390
2498.719727	510.596497
2498.474609	508.183899
2497.886719	582.573486
2497.633789	514.010437
2497.053711	534.427734
2496.791992	504.981781
2496.221680	507.312653
2495.950195	519.715576
2495.388672	495.213959
2495.108398	528.504333
2494.554688	561.138977
2494.265625	543.225891
2493.721680	510.032257
2493.423828	540.133972
2492.888672	533.935181
2492.581055	531.109192
2492.054688	554.830200
2491.738281	528.021301
2491.220703	515.746826
2490.895508	563.489197
2490.387695	533.639343
2490.051758	554.464966
2489.552734	548.527710
2489.208984	533.587280
2488.718750	524.451294
2488.365234	471.227386
2487.884766	584.280457
2487.521484	548.157654
2487.049805	506.282593
2486.677734	515.446106
2486.215820	536.140808
2485.833008	515.327759
2485.380859	503.100311
2484.989258	565.545837
2484.545898	532.947876
2484.144531	458.845276
2483.710938	565.777893
2483.299805	488.335815
2482.875000	601.588562
2482.455078	535.566223
2482.040039	511.704193
2481.609375	494.027405
2481.204102	547.511475
2480.764648	517.574097
2480.368164	520.487915
2479.918945	499.713409
2479.532227	544.317139
2479.073242	511.422882
2478.696289	520.294312
2478.227539	552.682068
2477.860352	559.062805
2477.381836	543.689880
2477.023438	558.958679
2476.535156	555.380798
2476.187500	579.774170
2475.688477	525.717651
2475.350586	531.858582
2474.841797	507.879242
2474.513672	531.759399
2473.995117	566.803711
2473.676758	585.423584
2473.148438	525.352478
2472.839844	546.492432
2472.300781	525.230713
2472.001953	576.247803
2471.453125	504.458496
2471.165039	603.006775
2470.605469	527.936279
2470.327148	558.124695
2469.757813	566.146545
2469.489258	602.781311
2468.910156	583.702881
2468.651367	566.866455
2468.061523	559.988708
2467.813477	548.862671
2467.212891	592.271240
2466.975586	563.671814
2466.364258	562.673950
2466.136719	548.657104
2465.515625	562.542847
2465.297852	557.498108
2464.666992	553.578064
2464.458984	560.374268
2463.817383	556.392822
2463.620117	596.031006
2462.967773	529.774231
2462.781250	604.857971
2462.118164	544.362976
2461.942383	533.247559
2461.268555	538.352173
2461.102539	604.630798
2460.418945	523.520630
2460.263672	544.958862
2459.568359	567.504761
2459.423828	556.765869
2458.717773	585.010376
2458.583984	571.545166
2457.867188	526.092102
2457.744141	595.247498
2457.016602	570.044373
2456.903320	550.500305
2456.166016	555.222229
2456.063477	627.749695
2455.314453	537.469971
2455.222656	600.860413
2454.462891	546.152649
2454.382813	585.877197
2453.611328	519.603760
2453.541992	550.085510
2452.759766	578.180054
2452.701172	573.764771
2451.907227	528.162048
2451.859375	609.324280
2451.055664	574.974365
2451.018555	582.463440
2450.203125	577.771790
2450.176758	561.555115
2449.350586	560.042603
2449.334961	626.802917
2448.497070	565.773438
2448.493164	564.312988
2447.651367	555.297791
2447.644531	483.578125
2446.809570	570.037476
2446.791016	588.946960
2445.967773	590.708252
2445.937500	565.372620
2445.125000	584.660767
2445.083984	538.880615
2444.282227	602.353577
2444.230469	606.097229
2443.439453	569.605835
2443.375977	509.352386
2442.596680	655.515747
2442.522461	564.837463
2441.753906	560.493164
2441.667969	541.296143
2440.911133	578.176880
2440.813477	503.139709
2440.067383	595.853821
2439.958008	514.718384
2439.223633	607.596252
2439.103516	573.072937
2438.380859	577.847656
2438.248047	532.012695
2437.536133	565.886841
2437.392578	552.343262
2436.692383	613.174377
2436.537109	520.072510
2435.848633	592.326355
2435.680664	555.001343
2435.003906	571.486206
2434.825195	589.913391
2434.160156	609.864014
2433.968750	531.379395
2433.315430	553.509033
2433.112305	537.090515
2432.470703	529.728577
2432.255859	510.697784
2431.625000	588.803955
2431.398438	551.421814
2430.780273	529.526733
2430.541992	525.038025
2429.935547	638.860107
2429.684570	556.990356
2429.089844	552.981750
2428.827148	556.856995
2428.244141	585.398376
2427.968750	483.853973
2427.398438	582.330627
2427.111328	571.160461
2426.552734	605.862854
2426.252930	594.330505
2425.706055	579.153320
2425.394531	556.322937
2424.860352	561.316895
2424.536133	576.573120
2424.013672	587.793152
2423.677734	515.297546
2423.166992	575.868103
2422.818359	567.564087
2422.320313	560.994873
2421.959961	555.787903
2421.473633	552.031372
2421.100586	576.018311
2420.626953	610.955200
2420.240234	520.618286
2419.779297	607.887268
2419.380859	532.123779
2418.931641	598.919739
2418.520508	502.924561
2418.084961	604.704529
2417.661133	526.054077
2417.237305	524.959839
2416.799805	581.134705
2416.388672	604.472595
2415.939453	511.274841
2415.541016	557.187317
2415.079102	554.715088
2414.692383	548.237793
2414.217773	548.773560
2413.844727	621.806274
2413.356445	563.154846
2412.996094	639.365112
2412.147461	539.084473
2411.298828	621.447876
2410.449219	562.434692
2409.600586	544.661804
2408.750977	556.331177
2407.901367	585.653931
2407.051758	562.001770
2406.202148	629.556091
2405.352539	641.199890
2404.501953	605.787720
2403.651367	558.628479
2402.801758	584.976929
2401.950195	578.986023
2401.099609	525.982178
2400.249023	555.259399
2399.397461	605.086487
2398.546875	581.475586
2397.695313	590.171692
2396.843750	581.250732
2395.991211	622.228882
2395.139648	622.108459
2394.288086	592.648987
2393.435547	618.934265
2392.583008	612.948853
2391.730469	598.169067
2390.877930	577.531677
2390.024414	568.626465
2389.171875	597.821167
2388.318359	559.616089
2387.464844	621.023987
2386.611328	568.185181
2385.757813	603.213501
2384.903320	553.326233
2384.049805	614.687378
2383.195313	640.906494
2382.340820	588.114868
2381.486328	611.403442
2380.631836	567.412354
2379.776367	584.847351
2378.921875	634.435791
2378.066406	619.696716
2377.210938	578.660522
2376.355469	578.547729
2375.499023	628.098511
2374.643555	604.609497
2373.787109	622.013000
2372.930664	630.650635
2372.074219	580.902649
2371.217773	627.485779
2370.361328	598.183533
2369.503906	638.910217
2368.647461	577.531921
2367.790039	609.497803
2366.932617	580.221741
2366.075195	600.513977
2365.216797	559.592834
2364.359375	614.848755
2363.500977	585.594299
2362.642578	623.346436
2361.784180	623.224243
2360.925781	591.073486
2360.067383	631.713257
2359.208008	564.646729
2358.348633	605.275635
2357.490234	596.428589
2356.629883	596.311462
2355.770508	593.286133
2354.911133	660.046509
2354.050781	572.703125
2353.190430	659.787048
2352.330078	627.691589
2351.469727	621.757263
2350.609375	624.539795
2349.749023	662.172302
2348.887695	650.427185
2348.026367	635.783508
2347.165039	653.073547
2346.303711	635.533020
2345.442383	629.604919
2344.580078	649.786621
2343.717773	681.561340
2342.856445	646.630615
2341.994141	600.117126
2341.130859	681.157959
2340.268555	643.349792
2339.405273	631.633118
2338.542969	625.714661
2337.679688	587.939697
2336.816406	570.449402
2335.953125	683.245911
2335.088867	691.794373
2334.225586	680.081604
2333.361328	624.972595
2332.497070	671.133972
2331.632813	633.401855
2330.767578	615.926392
2329.903320	633.150940
2329.038086	693.726501
2328.172852	630.010010
2327.307617	650.110718
2326.442383	595.094421
2325.577148	641.188110
2324.710938	652.611511
2323.845703	675.578674
2322.979492	666.784973
2322.113281	652.222778
2321.246094	657.863953
2320.379883	695.235535
2319.512695	770.087036
2318.646484	654.588013
2317.779297	663.107056
2316.912109	631.267578
2316.043945	668.606995
2315.176758	700.168762
2314.308594	685.625488
2313.440430	673.968079
2312.572266	639.278198
2311.704102	662.183289
2310.835938	687.957642
2309.966797	667.675049
2309.098633	742.352600
2308.229492	661.655212
2307.360352	675.904053
2306.490234	799.420532
2305.621094	684.259338
2304.750977	698.494995
2303.881836	721.346558
2303.011719	672.356018
2302.141602	683.712585
2301.270508	709.425415
2300.400391	646.108459
2299.529297	683.302490
2298.658203	648.720398
2297.787109	657.200195
2296.916016	725.931641
2296.044922	708.573975
2295.172852	722.772766
2294.300781	691.084656
2293.428711	705.281128
2292.556641	653.544128
2291.684570	650.547241
2290.812500	710.587463
2289.939453	664.609741
2289.066406	730.351196
2288.193359	695.841980
2287.320313	669.935486
2286.447266	664.076172
2285.573242	709.731934
2284.699219	749.646729
2283.825195	600.741089
2282.951172	700.723694
2282.077148	660.549500
2281.203125	766.197632
2280.328125	677.433960
2279.453125	668.724243
2278.578125	711.447937
2277.703125	711.304626
2276.828125	671.176392
2275.952148	719.584595
2275.077148	705.164978
2274.201172	690.751099
2273.325195	696.319336
2272.448242	701.885315
2271.572266	687.480652
2270.695313	713.010254
2269.819336	724.272217
2268.942383	704.169739
2268.064453	661.272827
2267.187500	698.185852
2266.310547	706.592285
2265.432617	709.298096
2264.554688	714.850708
2263.676758	720.401062
2262.798828	723.102173
2261.919922	654.645142
2261.041992	708.581055
2260.163086	734.043823
2259.284180	742.428894
2258.405273	676.867004
2257.525391	753.501770
2256.646484	736.292175
2255.766602	702.035950
2254.886719	704.735291
2254.006836	735.844482
2253.126953	741.376282
2252.247070	701.466614
2251.366211	746.754211
2250.485352	723.892273
2249.604492	783.347900
2248.723633	737.786560
2247.842773	771.681458
2246.960938	689.266541
2246.080078	683.454651
2245.198242	723.010376
2244.316406	697.350525
2243.433594	773.731628
2242.551758	699.900513
2241.668945	756.418640
2240.786133	713.777893
2239.903320	722.128235
2239.020508	690.836853
2238.137695	784.109985
2237.253906	741.498047
2236.371094	690.414734
2235.487305	766.656738
2234.603516	752.358337
2233.718750	721.098694
2232.834961	723.778870
2231.950195	814.085083
2231.065430	720.657349
2230.180664	743.114502
2229.295898	694.938538
2228.411133	711.742859
2227.525391	785.016235
2226.639648	719.921692
2225.753906	731.065125
2224.868164	750.670105
2223.982422	767.445557
2223.095703	758.825806
2222.209961	817.897644
2221.323242	744.416504
2220.436523	727.348999
2219.549805	755.386108
2218.662109	735.505249
2217.775391	693.092773
2216.887695	783.090698
2216.000000	757.583557
2215.112305	695.482422
2214.223633	726.306335
2213.335938	757.117554
2212.447266	779.474121
2211.558594	782.127563
2210.669922	694.769226
2209.781250	680.565308
2208.891602	764.775818
2208.001953	770.240906
2207.113281	716.682739
2206.222656	767.114380
2205.333008	744.481750
2204.443359	623.550842
2203.552734	735.750977
2202.662109	704.715637
2201.771484	729.834106
2200.880859	690.393188
2199.990234	721.115906
2199.098633	737.799316
2198.208008	818.984863
2197.316406	731.887024
2196.424805	768.182800
2195.532227	689.540222
2194.640625	709.015015
2193.748047	778.915100
2192.855469	717.126343
2191.962891	736.583252
2191.070313	694.429443
2190.176758	750.276855
2189.284180	789.307373
2188.390625	716.386353
2187.497070	763.801025
2186.603516	774.832092
2185.708984	749.502075
2184.815430	696.221741
2183.920898	726.828125
2183.026367	732.267578
2182.131836	732.116089
2181.237305	790.633423
2180.341797	740.192505
2179.446289	751.209595
2178.551758	759.430054
2177.655273	725.775391
2176.759766	736.788452
2175.864258	739.425964
2174.967773	764.380005
2174.071289	736.330200
2173.174805	741.754517
2172.278320	761.116394
2171.381836	763.745789
2170.484375	799.815796
2169.586914	752.283691
2168.689453	749.341736
2167.791992	738.045715
2166.894531	779.659851
2165.996094	762.794189
2165.097656	709.752075
2164.199219	709.604492
2163.300781	751.189575
2162.402344	720.435608
2161.502930	781.468201
2160.604492	711.794312
2159.705078	800.601807
2158.805664	786.538574
2157.905273	716.906982
2157.005859	752.873230
2156.105469	786.046875
2155.205078	783.105957
2154.304688	810.706543
2153.404297	702.280640
2152.502930	765.964478
2151.602539	821.297607
2150.701172	826.674255
2149.799805	784.899170
2148.898438	804.145569
2147.996094	751.303162
2147.094727	784.407166
2146.192383	825.810791
2145.290039	748.061340
2144.387695	775.605042
2143.484375	775.442749
2142.582031	802.968994
2141.678711	808.337463
2140.775391	783.258850
2139.872070	774.793396
2138.968750	788.463745
2138.064453	802.128296
2137.160156	782.602478
2136.255859	710.553528
2135.351563	865.200806
2134.447266	837.382874
2133.542969	815.102600
2132.637695	845.318787
2131.732422	836.855530
2130.827148	822.873169
2129.921875	792.332153
2129.015625	781.125000
2128.109375	780.960754
2127.204102	780.796570
2126.296875	777.873901
2125.390625	808.046448
2124.484375	807.876404
2123.577148	854.569824
2122.669922	821.316711
2121.762695	821.143738
2120.855469	741.077576
2119.947266	790.499756
2119.040039	837.147278
2118.131836	806.685669
2117.223633	856.062500
2116.315430	778.825012
2115.406250	825.435303
2114.498047	792.250610
2113.588867	786.582764
2112.679688	819.413086
2111.770508	788.999573
2110.860352	797.078491
2109.951172	799.657959
2109.041016	804.983582
2108.130859	829.534546
2107.220703	829.359070
2106.309570	812.709717
2105.399414	831.753052
2104.488281	806.876587
2103.577148	834.144653
2102.666016	801.048157
2101.753906	839.276672
2100.842773	806.192871
2099.930664	866.336487
2099.018555	866.152710
2098.106445	811.160767
2097.194336	841.126709
2096.281250	794.380920
2095.368164	807.905579
2094.455078	843.328979
2093.541992	810.299805
2092.628906	782.758362
2091.714844	878.363708
2090.800781	801.575745
2089.887695	812.345947
2088.972656	872.334045
2088.058594	833.872192
2087.143555	839.161499
2086.229492	836.249939
2085.314453	847.000793
2084.399414	814.040161
2083.483398	852.101929
2082.568359	750.891235
2081.652344	876.307861
2080.736328	818.804565
2079.820313	837.731140
2078.903320	845.736816
2077.987305	804.642212
2077.070313	826.286438
2076.153320	880.638550
2075.236328	850.465942
2074.319336	853.009338
2073.401367	885.523132
2072.483398	866.264893
2071.565430	770.756287
2070.647461	846.833496
2069.729492	813.983887
2068.810547	895.462646
2067.892578	849.010559
2066.973633	873.314026
2066.053711	867.686707
2065.134766	834.867310
2064.215820	886.346436
2063.295898	839.945557
2062.375977	820.741455
2061.456055	861.321716
2060.535156	850.270630
2059.615234	852.803833
2058.694336	811.890198
2057.773438	876.870056
2056.852539	849.539612
2055.930664	887.347168
2055.009766	881.730164
2054.087891	919.514343
2053.166016	865.079346
2052.244141	875.738037
2051.321289	864.706543
2050.399414	888.911011
2049.476563	899.557312
2048.553711	896.654358
2047.630859	869.377441
2046.707031	861.066467
2045.783203	912.316772
2044.860352	893.173584
2043.936523	849.684570
2043.011719	892.787598
2042.087891	911.528381
2041.163086	876.175964
2040.238281	905.726685
2039.313477	875.796814
2038.388672	910.739563
2037.463867	880.821350
2036.538086	859.019958
2035.612305	875.038147
2034.686523	923.451172
2033.760742	869.259583
2032.833984	906.856689
2031.907227	860.787231
2031.056641	931.592529
2030.980469	914.556458
2030.130859	847.884216
2030.053711	871.202332
2029.204102	904.437012
2029.126953	954.608704
2028.278320	809.806580
2028.199219	927.440796
2027.351563	877.142029
2027.272461	948.802856
2026.425781	901.279358
2026.344727	892.004089
2025.499023	852.562805
2025.416992	969.944458
2024.572266	909.066162
2024.488281	921.246704
2023.645508	857.667480
2023.560547	845.638855
2022.717773	806.286072
2022.631836	915.460510
2021.791016	884.337219
2021.703125	923.336914
2020.863281	876.099487
2020.774414	923.135681
2019.935547	889.426270
2019.844727	995.585266
2019.007813	886.579712
2018.916016	914.662598
2018.080078	851.402283
2017.986328	887.567078
2017.152344	907.827576
2017.056641	892.751404
2016.223633	931.912781
2016.126953	994.716614
2015.295898	915.595642
2015.196289	929.991333
2014.367188	910.053772
2014.265625	919.039124
2013.438477	893.745667
2013.335938	991.378174
2012.509766	933.965332
2012.405273	889.090576
2011.581055	842.308105
2011.473633	872.783203
2010.651367	901.356873
2010.542969	947.769470
2009.722656	882.370605
2009.611328	931.456177
2008.792969	901.046448
2008.679688	896.363831
2007.863281	919.715698
2007.748047	912.266296
2006.933594	933.000793
2006.816406	893.288574
2006.002930	932.839661
2005.883789	970.869690
2005.073242	967.620239
2004.952148	967.975403
2004.142578	959.390686
2004.019531	900.743530
2003.212891	865.182983
2003.085938	938.068604
2002.282227	873.092346
2002.153320	927.144287
2001.351563	878.312866
2001.220703	910.866577
2000.419922	950.669067
2000.287109	929.415527
1999.489258	923.653503
1999.353516	937.244812
1998.557617	904.700928
1998.419922	939.716064
1997.625977	944.805054
1997.485352	966.276062
1996.695313	896.335022
1996.550781	990.148193
1995.762695	925.693665
1995.617188	949.797974
1994.831055	877.243591
1994.682617	960.288452
1993.899414	930.735107
1993.747070	952.054016
1992.966797	954.708374
1992.812500	903.717346
1992.034180	935.772339
1991.876953	935.595703
1991.101563	914.161987
1990.941406	938.061951
1990.168945	884.517944
1990.005859	908.463623
1989.236328	903.122131
1989.070313	956.347656
1988.303711	857.413574
1988.133789	924.087280
1987.370117	905.484131
1987.198242	907.862183
1986.436523	956.216064
1986.261719	953.044678
1985.502930	891.775818
1985.325195	926.144043
1984.569336	953.202209
1984.387695	901.923584
1983.635742	939.648987
1983.451172	957.748413
1982.702148	912.717468
1982.513672	962.870972
1981.767578	995.516174
1981.576172	981.324341
1980.833008	890.990234
1980.638672	1007.767578
1979.898438	938.986023
1979.700195	964.896973
1978.963867	965.567017
1978.761719	938.034485
1978.029297	914.585876
1977.824219	959.140747
1977.093750	978.593994
1976.885742	902.990601
1976.159180	978.420593
1975.946289	956.052246
1975.223633	922.118164
1975.007813	1009.090210
1974.288086	940.660889
1974.068359	974.261230
1973.352539	985.915405
1973.128906	979.367493
1972.416992	953.683594
1972.189453	952.542542
1971.480469	958.855774
1971.250000	931.049683
1970.543945	996.071167
1970.309570	973.395386
1969.608398	979.874023
1969.369141	906.704895
1968.671875	923.640259
1968.428711	922.453308
1967.734375	950.165527
1967.488281	983.376770
1966.797852	896.625366
1966.547852	1036.301392
1965.861328	1013.859436
1965.606445	932.463379
1964.923828	938.986084
1964.665039	1027.871460
1963.986328	936.151001
1963.723633	974.534119
1963.048828	951.983093
1962.782227	961.042664
1962.111328	1021.132263
1961.839844	984.716125
1961.173828	991.626831
1960.898438	944.691833
1960.235352	999.444519
1959.956055	1042.643188
1959.296875	956.629761
1959.012695	962.836853
1958.358398	951.129395
1958.070313	952.014221
1957.419922	924.320862
1957.127930	967.708862
1956.481445	1030.685303
1956.184570	1001.950928
1955.542969	990.557922
1955.241211	1009.676880
1954.603516	1027.651733
1954.297852	906.121155
1953.664063	982.215393
1953.353516	1027.766846
1952.725586	1003.328918
1952.409180	908.363403
1951.785156	965.895630
1951.465820	984.942932
1950.845703	989.664551
1950.520508	1000.604614
1949.906250	968.206360
1949.576172	987.147522
1948.965820	978.668884
1948.631836	986.925903
1948.025391	994.445374
1947.686523	999.930847
1947.084961	999.582092
1946.741211	1018.219238
1946.144531	988.768982
1945.795898	1033.855225
1945.204102	977.959595
1944.849609	970.177795
1944.262695	969.810974
1943.904297	1036.033081
1943.322266	1057.300415
1942.958008	1004.091736
1942.380859	993.362976
1942.011719	998.582092
1941.439453	974.593262
1941.065430	937.610596
1940.498047	977.070923
1940.118164	1024.537720
1939.555664	1016.711975
1939.170898	1032.226685
1938.614258	997.947815
1938.223633	981.845825
1937.671875	1011.033936
1937.276367	1013.289551
1936.729492	952.480164
1936.329102	1013.060791
1935.787109	931.084900
1935.380859	1070.858765
1934.844727	994.567017
1934.432617	1004.692139
1933.901367	936.047852
1933.484375	972.828308
1932.958984	983.598328
1932.536133	1030.595825
1932.015625	1033.781860
1931.587891	1072.525757
1931.072266	985.888245
1930.638672	1043.302368
1930.128906	991.006958
1929.689453	1000.921997
1929.185547	1027.914795
1928.740234	1008.595459
1928.241211	1025.077393
1927.791016	1076.819946
1927.297852	1054.020264
1926.840820	1066.046875
1926.353516	984.983521
1925.890625	1050.015381
1925.409180	1066.869263
1924.940430	1068.194092
1924.464844	1024.323608
1923.990234	978.517212
1923.519531	1005.610535
1923.040039	1070.338745
1922.575195	1013.362732
1922.088867	1014.881714
1921.629883	1036.984253
1921.137695	1064.594971
1920.684570	1010.344055
1920.186523	985.511780
1919.739258	1068.334106
1919.235352	1056.228149
1918.793945	954.448914
1918.283203	1034.973022
1917.847656	1070.582764
1917.331055	1066.252075
1916.902344	1022.812012
1916.378906	1026.624512
1915.956055	1072.828979
1915.426758	1097.266479
1915.009766	1059.420532
1914.474609	1005.160706
1914.063477	1014.319519
1913.521484	1044.288940
1913.116211	1098.642334
1912.568359	1065.036377
1912.169922	1016.583740
1911.615234	1051.679932
1911.222656	1077.114746
1910.662109	1059.305664
1910.275391	1053.159180
1909.708008	1059.063477
1909.328125	986.988220
1908.753906	1056.200317
1908.380859	1010.551331
1907.799805	1069.059814
1907.432617	1047.295654
1906.845703	1102.870361
1906.485352	1026.000366
1905.891602	1021.427368
1905.537109	1054.816650
1904.936523	1044.759277
1904.588867	1091.531738
1903.981445	997.398499
1903.640625	1059.695435
1903.026367	1020.724854
1902.692383	1035.777466
1902.071289	970.774353
1901.743164	1125.176636
1901.115234	1054.264771
1900.793945	998.506409
1900.159180	1064.484253
1899.845703	1008.856079
1899.203125	991.024109
1898.895508	979.697815
1898.247070	996.024658
1897.946289	1071.673096
1897.290039	1029.772705
1896.997070	997.759216
1896.333984	985.114136
1896.046875	1081.800049
1895.376953	1058.035400
1895.096680	1081.597168
1894.419922	1013.390442
1894.146484	1060.345215
1893.461914	1081.048706
1893.196289	1046.993042
1892.504883	1012.923096
1892.246094	1167.782837
1891.546875	1057.059814
1891.294922	1078.155396
1890.588867	1088.128784
1890.344727	1075.323486
1889.629883	988.742310
1889.393555	1067.235229
1888.671875	1032.853516
1888.442383	1046.009033
1887.712891	1071.728882
1887.491211	1016.907654
1886.753906	1037.589844
1886.539063	1113.921387
1885.794922	1058.200928
1885.587891	1000.764221
1884.835938	1011.051392
1884.635742	1045.220581
1883.875977	1042.079590
1883.683594	1102.788330
1882.916016	1112.161987
1882.731445	1052.701416
1881.956055	1104.092163
1881.778320	1068.250732
1880.996094	1069.991943
1880.826172	1104.787476
1880.035156	1038.510132
1879.873047	1012.748962
1879.074219	1066.892822
1878.919922	1023.050110
1878.113281	1077.051147
1877.966797	1025.479004
1877.152344	1095.007568
1877.013672	1072.484619
1876.191406	1068.749146
1876.059570	1051.307495
1875.229492	1050.302124
1875.106445	1077.320313
1874.267578	1042.260132
1874.152344	1058.770752
1873.305664	1060.207031
1873.198242	1071.670898
1872.342773	1020.990784
1872.244141	1029.551758
1871.380859	1093.478027
1871.289063	1149.840454
1870.417969	1041.288330
1870.334961	1050.110107
1869.455078	1051.429688
1869.379883	1094.420166
1868.491211	1043.397461
1868.424805	1099.447266
1867.528320	1079.482422
1867.469727	1091.386230
1866.564453	1066.258423
1866.513672	1099.028442
1865.600586	1016.728760
1865.558594	1101.435059
1864.636719	1047.607788
1864.602539	1075.067627
1863.671875	1031.807495
1863.646484	1027.788208
1862.708008	1111.913818
1862.690430	1058.968750
1861.743164	1054.645264
1861.734375	1108.436890
1860.778320	1095.156372
1860.778320	1103.620361
1859.821289	1131.532227
1859.812500	1095.591187
1858.864258	1063.384521
1858.847656	1056.492310
1857.907227	1071.017700
1857.881836	1056.244019
1856.950195	1060.365601
1856.916016	1136.230713
1855.993164	1122.832031
1855.949219	1104.911987
1855.035156	1117.395386
1854.983398	1089.129883
1854.077148	1109.350220
1854.016602	1060.423096
1853.119141	1093.479004
1853.049805	1129.989502
1852.161133	1135.016724
1852.083008	1116.797241
1851.203125	1106.102661
1851.115234	1090.688110
1850.244141	1116.322998
1850.147461	1160.197632
1849.286133	1100.461914
1849.179688	1159.923706
1848.327148	1105.464722
1848.211914	1087.333008
1847.368164	1071.364502
1847.244141	1094.822388
1846.408203	1112.857788
1846.275391	1156.519775
1845.449219	1104.826172
1845.306641	1133.017944
1844.489258	1130.665405
1844.337891	1135.330078
1843.530273	1099.190796
1843.369141	1163.437622
1842.570313	1156.271362
1842.399414	1165.740845
1841.609375	1169.066772
1841.429688	1059.747437
1840.649414	1090.744751
1840.459961	1149.720703
1839.688477	1129.574585
1839.490234	1146.870483
1838.728516	1212.626709
1838.519531	1146.598022
1837.767578	1110.925903
1837.549805	1151.477539
1836.805664	1193.949219
1836.579102	1164.080688
1835.844727	1172.912598
1835.607422	1099.433960
1834.882813	1131.082397
1834.636719	1119.765625
1833.921875	1193.255737
1833.665039	1165.822876
1832.959961	1198.222778
1832.693359	1139.815552
1831.998047	1190.194336
1831.721680	1136.971313
1831.035156	1150.990845
1830.749023	1180.419189
1830.073242	1197.525391
1829.777344	1190.421753
1829.110352	1225.861694
1828.804688	1244.117676
1828.147461	1145.127075
1827.832031	1135.885376
1827.184570	1150.096802
1826.858398	1194.706665
1826.221680	1230.338257
1825.885742	1220.107178
1825.258789	1227.503784
1824.912109	1163.318359
1824.294922	1136.452515
1823.938477	1211.820435
1823.331055	1169.954956
1822.963867	1129.392334
1822.367188	1115.260742
1821.990234	1208.673096
1821.403320	1216.175293
1821.015625	1157.071533
1820.438477	1184.826660
1820.041016	1195.267944
1819.474609	1182.003418
1819.066406	1218.059692
1818.509766	1119.574219
1818.090820	1176.747314
1817.544922	1168.586548
1817.115234	1158.522461
1816.580078	1160.586548
1816.139648	1204.368286
1815.614258	1173.310181
1815.164063	1127.222046
1814.649414	1116.109985
1814.187500	1196.104126
1813.683594	1229.811035
1813.211914	1167.648682
1812.717773	1151.913330
1812.235352	1180.166992
1811.751953	1262.974487
1811.257813	1208.035400
1810.786133	1135.937012
1810.281250	1161.685547
1809.819336	1226.261108
1809.303711	1199.777100
1808.852539	1179.463013
1808.326172	1092.070068
1807.885742	1137.855225
1807.348633	1168.513428
1806.918945	1197.099121
1806.371094	1250.032104
1805.952148	1132.238770
1805.392578	1203.726807
1804.984375	1191.460205
1804.414063	1231.540649
1804.017578	1193.810181
1803.435547	1187.816284
1803.049805	1126.404663
1802.456055	1190.081665
1802.082031	1141.681152
1801.477539	1220.431030
1801.113281	1198.271240
1800.498047	1225.239502
1800.145508	1198.035522
1799.518555	1150.934570
1799.176758	1169.403564
1798.538086	1255.259399
1798.208008	1251.763916
1797.558594	1219.243652
1797.239258	1248.936890
1796.578125	1229.146851
1796.270508	1179.032471
1795.597656	1195.703979
1795.301758	1240.706299
1794.616211	1190.314575
1794.332031	1235.303833
1793.635742	1258.826172
1793.362305	1206.697510
1792.654297	1235.590210
1792.392578	1252.861572
1791.672852	1143.596680
1791.422852	1224.262939
1790.690430	1224.800537
1790.452148	1208.559692
1789.708984	1209.226318
1789.482422	1285.612183
1788.726563	1244.561768
1788.511719	1277.630371
1787.744141	1218.811768
1787.541016	1202.692383
1786.760742	1187.986450
1786.569336	1230.777710
1785.778320	1294.511230
1785.598633	1284.595215
1784.794922	1266.224609
1784.626953	1232.864258
1783.811523	1255.745483
1783.656250	1266.073242
1782.828125	1219.857544
1782.684570	1376.453125
1781.843750	1224.638916
1781.711914	1286.149780
1780.859375	1226.877563
1780.740234	1301.325439
1779.875000	1290.062744
1779.767578	1316.494873
1778.890625	1223.734253
1778.795898	1318.804321
1777.905273	1281.811890
1777.823242	1297.980469
1776.919922	1263.732300
1776.849609	1328.559570
1775.934570	1238.050293
1775.876953	1294.895508
1774.949219	1270.717041
1774.903320	1310.050415
1773.962891	1318.581787
1773.929688	1284.107788
1772.977539	1265.018188
1772.956055	1271.013794
1771.991211	1333.135986
1771.982422	1365.747070
1771.008789	1383.441895
1771.003906	1274.527100
1770.034180	1303.615112
1770.017578	1317.275879
1769.060547	1339.274536
1769.030273	1266.297119
1768.085938	1331.312256
1768.042969	1260.918823
1767.110352	1343.869995
1767.054688	1235.292236
1766.135742	1366.679077
1766.067383	1280.537842
1765.160156	1310.006836
1765.079102	1275.159180
1764.185547	1322.560791
1764.090820	1340.607422
1763.209961	1370.985962
1763.102539	1350.388794
1762.233398	1429.639893
1762.113281	1271.678345
1761.257813	1378.122925
1761.124023	1278.943848
1760.281250	1439.312744
1760.134766	1235.666870
1759.305664	1387.813965
1759.145508	1321.252319
1758.329102	1379.856323
1758.155273	1280.511475
1757.351563	1343.746948
1757.165039	1335.741943
1756.375000	1325.564819
1756.174805	1383.371338
1755.397461	1437.873047
1755.184570	1277.026611
1754.420898	1327.591919
1754.193359	1299.414795
1753.443359	1391.262451
1753.202148	1339.448975
1752.464844	1385.869629
1751.487305	1377.922363
1750.509766	1403.205200
1749.531250	1374.814087
1748.552734	1425.636108
1747.574219	1348.718018
1746.594727	1478.694824
1745.616211	1371.156372
1744.636719	1411.726318
1743.657227	1482.907715
1742.677734	1337.155518
1741.697266	1428.733521
1740.717773	1494.766602
1739.737305	1458.761597
1738.756836	1455.917847
1737.775391	1402.090088
1736.794922	1442.587280
1735.813477	1503.453735
1734.833008	1454.743896
1733.851563	1370.392822
1732.869141	1563.664185
1731.887695	1486.963257
1730.905273	1519.756348
1729.922852	1621.254883
1728.940430	1547.132935
1727.958008	1564.628906
1726.975586	1625.358643
1725.992188	1591.969727
1725.008789	1520.455566
1724.025391	1560.820557
1723.041992	1568.129028
1722.057617	1570.352295
1721.074219	1531.926270
1720.089844	1625.595459
1719.105469	1574.476196
1718.120117	1630.013916
1717.135742	1606.837036
1716.150391	1667.421143
1715.165039	1603.647095
1714.179688	1687.039063
1713.194336	1605.531860
1712.208008	1600.133789
1711.222656	1691.081055
1710.236328	1680.597778
1709.250000	1682.790161
1708.262695	1697.650391
1707.276367	1717.571045
1706.289063	1686.828003
1705.301758	1711.806885
1704.314453	1696.267578
1703.327148	1716.171509
1702.338867	1708.229370
1701.350586	1753.424438
1700.362305	1730.299561
1699.374023	1674.304810
1698.385742	1709.363892
1697.396484	1681.205322
1696.407227	1683.389526
1695.417969	1683.045410
1694.428711	1692.807739
1693.439453	1636.888184
1692.449219	1676.962036
1691.458984	1717.019287
1690.468750	1628.309937
1689.478516	1751.652222
1688.487305	1665.495239
1687.497070	1660.108154
1686.505859	1667.335205
1685.514648	1583.769897
1684.522461	1593.530762
1683.531250	1666.309692
1682.539063	1643.284424
1681.546875	1620.268433
1680.554688	1698.035278
1679.562500	1642.272461
1678.569336	1679.709717
1677.576172	1709.578003
1676.583008	1663.915771
1675.589844	1615.755249
1674.596680	1605.358032
1673.602539	1657.857788
1672.608398	1594.636719
1671.614258	1626.999268
1670.620117	1588.951782
1669.625977	1616.274658
1668.630859	1540.547729
1667.635742	1618.121216
1666.640625	1572.569946
1665.645508	1604.896118
1664.649414	1504.122803
1663.654297	1636.870972
1662.658203	1586.332764
1661.662109	1601.062256
1660.665039	1548.042969
1659.668945	1510.096191
1658.671875	1559.943115
1657.674805	1544.576172
1656.677734	1476.570190
1655.679688	1591.558838
1654.682617	1568.676758
1653.684570	1628.480713
1652.686523	1615.619507
1651.688477	1600.259033
1650.689453	1527.317505
1649.691406	1567.053589
1648.692383	1519.176392
1647.693359	1588.924316
1646.693359	1576.086304
1645.694336	1610.776367
1644.694336	1535.421631
1643.694336	1560.104614
1642.694336	1549.782227
1641.694336	1604.441406
1640.693359	1549.138672
1639.692383	1578.794067
1638.691406	1615.929565
1637.690430	1570.646729
1636.689453	1627.740479
1635.687500	1612.425903
1634.685547	1622.072510
1633.683594	1644.189819
1632.681641	1628.880859
1631.678711	1601.108398
1630.676758	1588.307861
1629.673828	1602.934448
1628.670898	1620.047119
1627.666992	1637.152466
1626.664063	1649.267944
1625.660156	1614.052490
1624.656250	1611.225586
1623.652344	1648.236206
1622.647461	1767.376831
1621.643555	1647.548218
1620.638672	1721.850952
1619.633789	1763.782227
1618.628906	1721.131592
1617.623047	1827.698608
1616.617188	1770.135132
1615.611328	1809.535034
1614.605469	1761.939697
1613.599609	1808.778198
1612.592773	1768.654663
1611.586914	1778.218628
1610.580078	1906.963745
1609.572266	1832.089233
1608.565430	1796.957642
1607.557617	1821.395752
1606.549805	1778.838013
1605.541992	1810.710693
1604.534180	1820.250610
1603.526367	1906.647339
1602.517578	1846.754517
1601.508789	1759.624878
1600.500000	1771.644653
1599.490234	1751.454224
1598.481445	1726.318604
1597.471680	1810.148926
1596.461914	1770.156616
1595.452148	1787.111206
1594.441406	1794.159546
1593.430664	1806.153198
1592.420898	1781.036621
1591.409180	1775.715698
1590.398438	1780.287231
1589.387695	1683.500488
1588.375977	1767.179810
1587.364258	1761.865479
1586.352539	1781.258545
1585.339844	1689.492554
1584.328125	1745.934937
1583.315430	1802.353271
1582.302734	1752.604126
1581.289063	1730.022949
1580.276367	1685.244507
1579.262695	1761.362549
1578.249023	1645.071167
1577.235352	1679.245728
1576.220703	1770.108398
1575.207031	1708.114136
1574.192383	1641.217285
1573.177734	1635.942871
1572.163086	1610.964478
1571.147461	1689.431152
1570.131836	1607.820923
1569.117188	1666.561157
1568.100586	1626.829834
1567.084961	1574.812012
1566.068359	1616.300537
1565.052734	1591.362183
1564.036133	1598.402344
1563.018555	1612.814941
1562.001953	1602.640991
1560.984375	1528.575684
1559.966797	1638.816406
1558.949219	1596.708618
1557.931641	1620.929443
1556.913086	1554.288696
1555.894531	1632.515991
1554.875977	1695.983398
1553.857422	1619.553345
1552.837891	1646.196045
1551.819336	1699.808472
1550.799805	1677.376465
1549.780273	1635.339478
1548.759766	1625.186646
1547.740234	1698.363159
1546.719727	1671.049438
1545.699219	1643.747192
1544.678711	1677.685669
1543.657227	1564.690308
1542.636719	1659.834351
1541.615234	1625.214111
1540.593750	1644.444580
1539.571289	1607.395508
1538.549805	1624.175171
1537.527344	1631.165405
1536.504883	1581.917480
1535.481445	1618.247192
1534.458984	1603.238037
1533.435547	1629.773682
1532.412109	1590.338989
1531.388672	1692.579956
1530.365234	1579.892212
1529.340820	1643.029785
1528.316406	1596.302856
1527.291992	1627.685669
1526.267578	1471.191284
1525.243164	1585.521973
1524.217773	1543.724121
1523.192383	1626.293335
1522.166992	1555.251953
1521.140625	1618.285522
1520.115234	1671.545410
1519.088867	1588.358765
1518.062500	1549.048706
1517.036133	1668.036133
1516.008789	1662.809326
1514.981445	1621.074097
1513.954102	1601.258179
1512.926758	1654.440674
1511.899414	1661.383057
1510.871094	1583.203857
1509.842773	1602.315430
1508.814453	1570.369507
1507.786133	1672.108521
1506.756836	1647.450562
1505.727539	1688.395386
1504.698242	1663.744263
1503.668945	1677.956299
1502.639648	1643.606567
1501.609375	1643.252930
1500.579102	1645.326050
1499.548828	1664.381592
1498.518555	1642.192139
1497.487305	1758.246460
1496.456055	1687.553101
1495.424805	1641.131104
1494.393555	1708.638306
1493.361328	1696.154541
1492.330078	1787.845947
1491.297852	1671.202759
1490.264648	1649.048584
1489.232422	1793.952026
1488.199219	1832.292236
1487.166016	1730.259155
1486.132813	1746.821411
1485.099609	1751.281860
1484.065430	1709.791138
1483.032227	1767.450073
1481.998047	1725.973389
1480.962891	1752.185059
1479.928711	1725.226929
1478.893555	1799.742310
1477.858398	1765.539551
1476.823242	1753.083740
1475.788086	1740.633301
1474.751953	1752.324707
1473.715820	1737.466187
1472.679688	1693.662476
1471.643555	1707.768066
1470.606445	1760.452515
1469.569336	1680.505981
1468.532227	1757.278564
1467.495117	1768.947388
1466.458008	1739.649658
1465.419922	1710.364502
1464.381836	1705.176147
1463.343750	1690.358398
1462.305664	1704.435547
1461.266602	1737.761353
1460.227539	1734.977295
1459.188477	1756.252563
1458.149414	1700.548706
1457.109375	1709.797852
1456.069336	1728.659912
1455.029297	1730.687500
1453.989258	1691.859375
1452.949219	1713.115112
1451.908203	1719.948486
1450.867188	1791.622925
1449.826172	1630.357788
1448.784180	1754.833252
1447.743164	1648.847534
1446.701172	1600.497070
1445.659180	1753.685303
1444.617188	1712.528198
1443.574219	1769.705811
1442.531250	1764.524536
1441.488281	1804.886963
1440.445313	1780.528687
1439.401367	1825.661377
1438.358398	1832.448364
1437.314453	1860.785767
1436.269531	1831.647217
1435.225586	1797.733521
1434.180664	1900.250488
1433.135742	1918.976563
1432.090820	1990.322876
1431.045898	2028.154175
1430.000000	1982.277710
1428.954102	1950.765015
1427.908203	1981.409058
1426.862305	2002.481079
1425.816406	2016.376465
1424.769531	2015.934204
1423.722656	2032.208130
1422.674805	2065.187256
1421.627930	1954.932983
1420.580078	2014.165039
1419.532227	2020.880371
1418.484375	1889.239258
1417.436523	2010.453003
1416.387695	2069.619873
1415.338867	2062.013428
1414.290039	2030.576904
1413.241211	2082.551270
1412.191406	2046.359253
1411.141602	2145.941650
1410.091797	2078.795166
1409.041992	2078.337402
1407.991211	2092.160645
1406.940430	1917.986084
1405.889648	1950.870850
1404.838867	2033.691284
1403.788086	1957.144775
1402.736328	1840.213745
1401.684570	1939.642090
1400.632813	1967.731812
1399.580078	1884.138672
1398.528320	1881.347168
1397.475586	1866.682007
1396.421875	1830.653687
1395.369141	1801.762573
1394.315430	1946.137939
1393.261719	1945.707520
1392.208008	1838.524048
1391.154297	1909.270020
1390.099609	2036.894287
1389.045898	1934.502563
1387.990234	1979.107666
1386.935547	1971.560181
1385.880859	2011.398682
1384.825195	1977.792114
1383.769531	1927.623657
1382.712891	2033.736450
1381.657227	1993.045532
1380.600586	1985.503662
1379.543945	1977.964966
1378.487305	1996.449341
1377.429688	2012.560425
1376.373047	2049.943848
1375.315430	1978.571533
1374.257813	1911.957642
1373.199219	1949.337646
1372.140625	1944.179443
1371.082031	1988.620605
1370.023438	1917.340210
1368.964844	2004.260376
1367.905273	1947.168945
1366.845703	1958.533569
1365.786133	1917.991455
1364.726563	1926.998291
1363.666016	1954.865845
1362.605469	1834.193359
1361.544922	1895.067383
1360.484375	1899.357422
1359.422852	1882.441406
1358.361328	1891.442871
1357.299805	1905.149902
1356.238281	1768.167847
1355.176758	1854.866577
1354.114258	1870.925415
1353.051758	1837.567139
1351.988281	1863.031372
1350.925781	1846.151855
1349.862305	1761.093140
1348.798828	1760.698730
1347.735352	1837.861084
1346.670898	1867.994995
1345.607422	1874.623657
1344.542969	1843.671143
1343.477539	1862.042358
1342.413086	1880.405151
1341.347656	1884.677124
1340.282227	1975.768188
1339.216797	1881.484741
1338.150391	1974.880615
1337.084961	1873.604492
1336.018555	1924.760254
1334.952148	1863.386475
1333.884766	2001.225220
1332.817383	1918.775879
1331.750000	1883.209351
1330.682617	1964.747314
1329.615234	2004.105957
1328.546875	1996.632202
1327.478516	2019.584106
1326.410156	1960.637085
1325.341797	1953.177490
1324.272461	2001.847534
1323.203125	1992.043457
1322.133789	2057.045166
1321.063477	2042.558350
1319.994141	1960.319580
1318.923828	1955.204590
1317.853516	1982.787842
1316.782227	1968.329956
1315.711914	1998.231689
1314.640625	1969.773193
1313.569336	1985.660645
1312.497070	1905.895752
1311.425781	1884.473633
1311.421875	1925.667847
1310.353516	1884.046631
1310.349609	1895.360718
1309.281250	1843.988892
1309.277344	1878.706055
1308.208008	1834.248047
1308.204102	1920.318970
1307.135742	1910.727051
1307.130859	1866.384033
1306.062500	1861.371338
1306.057617	1889.346436
1304.988281	1756.139404
1304.984375	1751.583130
1303.915039	1758.069214
1303.911133	1758.255493
1302.840820	1829.839111
1302.837891	1802.179443
1301.767578	1738.650391
1301.763672	1801.855713
1300.692383	1884.855103
1300.689453	1745.670288
1299.618164	1758.798096
1299.615234	1798.880493
1298.542969	1739.790527
1298.541016	1779.942749
1297.468750	1748.696289
1297.465820	1770.316650
1296.392578	1741.323608
1296.391602	1693.243164
1295.317383	1815.305908
1295.316406	1644.102661
1294.241211	1747.501953
1294.241211	1780.983154
1293.166016	1710.922363
1293.165039	1816.802124
1292.089844	1712.936890
1292.088867	1718.832642
1291.013672	1803.254028
1291.012695	1757.918335
1289.938477	1812.220459
1289.935547	1766.804199
1288.862305	1774.724609
1288.858398	1812.824097
1287.785156	1781.369873
1287.781250	1812.410278
1286.708984	1825.165894
1286.704102	1825.917114
1285.631836	1859.658936
1285.625977	1897.406616
1284.554688	1803.610352
1284.547852	1880.739746
1283.477539	1845.056641
1283.469727	1810.754639
1282.400391	1782.069214
1282.391602	1789.478760
1281.323242	1814.223755
1281.312500	1798.339111
1280.245117	1725.749268
1280.233398	1746.955444
1279.166992	1804.284302
1279.154297	1732.657227
1278.088867	1820.185059
1278.075195	1709.101807
1277.010742	1771.167969
1276.995117	1805.953979
1275.931641	1680.446899
1275.915039	1789.336548
1274.853516	1724.169922
1274.834961	1689.412964
1273.774414	1744.706543
1273.753906	1739.927612
1272.695313	1663.305786
1272.673828	1741.841675
1271.615234	1660.683838
1271.592773	1702.126465
1270.536133	1683.535645
1270.510742	1706.359985
1269.456055	1734.162354
1269.429688	1655.112671
1268.375977	1750.046997
1268.347656	1724.064697
1267.295898	1740.466553
1267.265625	1799.916504
1266.215820	1758.657471
1266.183594	1651.661621
1265.134766	1675.043335
1265.101563	1642.043701
1264.054688	1707.118042
1264.018555	1643.974854
1262.973633	1755.369873
1262.935547	1613.586914
1261.892578	1690.300171
1261.852539	1710.146729
1260.810547	1706.170288
1260.768555	1702.830688
1259.729492	1678.116455
1259.684570	1677.063110
1258.647461	1730.958740
1258.600586	1699.739502
1257.565430	1626.660522
1257.516602	1650.926392
1256.483398	1788.070068
1256.432617	1666.682129
1255.401367	1753.091431
1255.347656	1707.782104
1254.318359	1768.930420
1254.262695	1705.083618
1253.235352	1722.423462
1253.177734	1683.957031
1252.152344	1717.485474
1252.091797	1690.477173
1251.069336	1687.161011
1251.005859	1701.599243
1249.986328	1647.617188
1249.919922	1696.601685
1248.902344	1714.216919
1248.833984	1760.651367
1247.818359	1672.375488
1247.747070	1723.428345
1246.734375	1681.287842
1246.660156	1700.024902
1245.650391	1715.561035
1245.573242	1646.733276
1244.566406	1666.825684
1244.486328	1722.231079
1243.481445	1742.578125
1243.398438	1703.441162
1242.396484	1712.291870
1242.311523	1698.449463
1241.311523	1735.011841
1241.222656	1700.353271
1240.226563	1674.789673
1240.134766	1709.147583
1239.141602	1715.933716
1239.045898	1745.498169
1238.055664	1674.159790
1237.958008	1692.280762
1236.969727	1708.380737
1236.868164	1726.322144
1235.883789	1719.568726
1235.779297	1689.199219
1234.797852	1668.610840
1234.689453	1658.976929
1233.710938	1633.779541
1233.599609	1637.944580
1232.624023	1615.065796
1232.509766	1646.737427
1231.537109	1718.270996
1231.419922	1614.252441
1230.450195	1614.455444
1230.329102	1645.970581
1229.363281	1653.239136
1229.238281	1712.052368
1228.275391	1650.627197
1228.147461	1610.833008
1227.188477	1636.523560
1227.055664	1692.927368
1226.100586	1723.539307
1225.964844	1701.693726
1225.011719	1679.557617
1224.872070	1644.052368
1223.923828	1642.484009
1223.780273	1682.585449
1222.834961	1612.314331
1222.688477	1746.276001
1221.747070	1639.563477
1221.595703	1732.138916
1220.657227	1724.198853
1220.502930	1699.707275
1219.568359	1638.939575
1219.409180	1678.725830
1218.479492	1767.147217
1218.316406	1669.186890
1217.389648	1668.144409
1217.222656	1707.658569
1216.299805	1759.591064
1216.128906	1718.686157
1215.209961	1738.612183
1215.035156	1809.681519
1214.120117	1788.731567
1213.940430	1827.532837
1213.029297	1735.655151
1212.845703	1706.058594
1211.938477	1797.217163
1211.750977	1778.725464
1210.847656	1737.283081
1210.655273	1826.247070
1209.756836	1828.610107
1209.560547	1860.052490
1208.666016	1894.700195
1208.464844	1809.417480
1207.574219	1807.293701
1207.369141	1786.180298
1206.482422	1914.585083
1206.272461	1749.269775
1205.390625	1836.366577
1205.175781	1826.382813
1204.298828	1716.970581
1204.079102	1812.275635
1203.207031	1771.572998
1202.982422	1791.337524
1202.114258	1819.288940
1201.885742	1784.080200
1201.021484	1818.938843
1200.788086	1797.327881
1199.928711	1818.588501
1199.690430	1892.557007
1198.835938	1831.960693
1198.591797	1837.464966
1197.742188	1827.034058
1197.494141	1896.217285
1196.648438	1785.529785
1196.395508	1791.081421
1195.554688	1805.756958
1195.296875	1847.541016
1194.460938	1899.106567
1194.197266	1808.433716
1193.367188	1770.785889
1193.098633	1726.134399
1192.272461	1802.425537
1191.999023	1743.915894
1191.177734	1694.728638
1190.899414	1704.859985
1190.083008	1740.071533
1189.798828	1724.910034
1188.988281	1707.770752
1188.698242	1713.141357
1187.893555	1668.634155
1187.597656	1710.464233
1186.797852	1663.745972
1186.497070	1653.284058
1185.702148	1592.687500
1185.396484	1657.433105
1184.606445	1539.907227
1184.294922	1575.323120
1183.509766	1637.686646
1183.193359	1590.834961
1182.414063	1594.039429
1182.090820	1581.382080
1181.317383	1593.729248
1180.989258	1621.835938
1180.220703	1577.461914
1179.886719	1521.669189
1179.124023	1572.596313
1178.784180	1564.384766
1178.026367	1565.453735
1177.680664	1609.346436
1176.929688	1556.035400
1176.578125	1552.309937
1175.832031	1576.231812
1175.474609	1601.783936
1174.734375	1539.486328
1174.371094	1549.305908
1173.635742	1516.416504
1173.266602	1580.640259
1172.538086	1632.219238
1172.162109	1654.975220
1171.439453	1511.271362
1171.057617	1616.101929
1170.340820	1515.526611
1169.953125	1502.571045
1169.242188	1549.356567
1168.848633	1558.771606
1168.142578	1571.799683
1167.743164	1522.210205
1167.043945	1560.120361
1166.637695	1494.711182
1165.944336	1580.278320
1165.531250	1544.090332
1164.844727	1529.954590
1164.425781	1552.761963
1163.744141	1509.198120
1163.319336	1552.390625
1162.644531	1440.728271
1162.211914	1515.873047
1161.543945	1567.676636
1161.105469	1504.217163
1160.443359	1535.566528
1159.998047	1533.211426
1159.342773	1557.975220
1158.890625	1541.873901
1158.241211	1507.713867
1157.783203	1527.962402
1157.140625	1591.414307
1156.675781	1538.878052
1156.039063	1504.849731
1155.567383	1545.276245
1154.937500	1504.552734
1154.458984	1569.713867
1153.835938	1486.104858
1153.349609	1515.221680
1152.733398	1503.958618
1152.241211	1503.586304
1151.630859	1558.092529
1151.131836	1588.865723
1150.528320	1476.153809
1150.022461	1604.255615
1149.425781	1548.407959
1148.912109	1590.353638
1148.323242	1511.835449
1147.801758	1481.870728
1147.219727	1511.536011
1146.691406	1551.311401
1146.116211	1583.739624
1145.581055	1568.945435
1145.012695	1587.956055
1144.470703	1530.309326
1143.909180	1583.111450
1143.359375	1622.186401
1142.804688	1569.210938
1142.248047	1581.306152
1141.700195	1500.981567
1141.135742	1542.694214
1140.595703	1552.743164
1140.024414	1551.314575
1139.491211	1547.908447
1138.912109	1598.141968
1138.386719	1549.863037
1137.798828	1512.361938
1137.281250	1531.457642
1136.686523	1624.328491
1136.175781	1567.339478
1135.573242	1605.966309
1135.070313	1591.900635
1134.459961	1544.947144
1133.963867	1598.365601
1133.346680	1546.817627
1132.858398	1611.608765
1132.232422	1683.355469
1131.751953	1586.428589
1131.118164	1552.799072
1130.645508	1604.187256
1130.003906	1590.559692
1129.539063	1556.428467
1128.889648	1576.716431
1128.431641	1650.975098
1127.774414	1520.275879
1127.325195	1560.322388
1126.659180	1631.993774
1126.217773	1589.359131
1125.543945	1667.456055
1125.109375	1654.498657
1124.428711	1622.237061
1124.001953	1697.044800
1123.312500	1659.923950
1122.893555	1601.942017
1122.196289	1637.123901
1121.786133	1581.318604
1121.079102	1621.051758
1120.677734	1648.662109
1119.962891	1663.187378
1119.568359	1621.272461
1118.845703	1615.785156
1118.459961	1582.621338
1117.728516	1601.966309
1117.350586	1618.367310
1116.610352	1572.496216
1116.241211	1527.900513
1115.492188	1574.348145
1115.131836	1547.871094
1114.374023	1625.385376
1114.021484	1549.812378
1113.255859	1557.931885
1112.912109	1547.248169
1112.136719	1488.276367
1111.801758	1540.181519
1111.018555	1476.741455
1110.691406	1501.599609
1109.898438	1523.284180
1109.580078	1447.277222
1108.779297	1531.842773
1108.469727	1442.484619
1107.659180	1509.142456
1107.358398	1527.690308
1106.539063	1446.278564
1106.247070	1441.902466
1105.418945	1472.699829
1105.134766	1443.860352
1104.297852	1467.876465
1104.023438	1468.302612
1103.177734	1418.449707
1102.911133	1447.772949
1102.055664	1478.303223
1101.798828	1463.213623
1100.934570	1417.751953
1100.686523	1460.670410
1099.812500	1435.231812
1099.574219	1417.686890
1098.690430	1454.930908
1098.460938	1469.064087
1097.568359	1396.656738
1097.347656	1475.503906
1096.446289	1449.759644
1096.234375	1401.107666
1095.323242	1485.024780
1095.121094	1481.640259
1094.200195	1482.432251
1094.006836	1382.583740
1093.076172	1457.587524
1092.892578	1413.718994
1091.953125	1483.924561
1091.778320	1518.878418
1090.829102	1456.866943
1090.664063	1435.575562
1089.704102	1418.704102
1089.548828	1439.769043
1088.580078	1396.121582
1088.434570	1387.906128
1087.455078	1451.340088
1087.319336	1461.600464
1086.330078	1466.534668
1086.203125	1411.995239
1085.204102	1432.848877
1085.087891	1425.152466
1084.079102	1419.167847
1083.971680	1406.939331
1082.953125	1436.578491
1082.855469	1375.294067
1081.827148	1405.144287
1081.739258	1478.027588
1080.700195	1391.479492
1080.623047	1379.211060
1079.573242	1400.008301
1079.505859	1396.837646
1078.446289	1466.204834
1078.388672	1434.599609
1077.319336	1417.052490
1077.271484	1331.376587
1076.191406	1478.777100
1076.154297	1418.353271
1075.063477	1376.449341
1075.036133	1382.276123
1073.935547	1402.697510
1073.918945	1413.300659
1072.806641	1415.640015
1072.800781	1408.539917
1071.681641	1338.956665
1071.677734	1406.427124
1070.563477	1445.955688
1070.548828	1443.718872
1069.444336	1362.986450
1069.419922	1376.945801
1068.325195	1425.257568
1068.290039	1436.357544
1067.206055	1355.727051
1067.160156	1405.021240
1066.086914	1442.537109
1066.030273	1391.396973
1064.966797	1440.008423
1064.899414	1382.202393
1063.846680	1390.606201
1063.768555	1401.754639
1062.726563	1383.625488
1062.637695	1438.980103
1061.606445	1403.421875
1061.506836	1431.989502
1060.485352	1376.364502
1060.375000	1316.745972
1059.364258	1434.068604
1059.243164	1404.765259
1058.243164	1373.568359
1058.111328	1415.453003
1057.122070	1406.725952
1056.978516	1421.719971
1056.000000	1439.869629
1055.845703	1344.114136
1054.877930	1408.374756
1054.712891	1363.634399
1053.755859	1334.561035
1053.580078	1347.848999
1052.633789	1401.111450
1052.446289	1351.920044
1051.511719	1385.233032
1051.312500	1404.495605
1050.388672	1389.400269
1050.177734	1360.054932
1049.265625	1340.138184
1049.043945	1386.156372
1048.142578	1377.697998
1047.909180	1414.447510
1047.018555	1377.413330
1046.774414	1436.116211
1045.895508	1468.343872
1045.638672	1402.721680
1044.771484	1334.581909
1044.502930	1364.940674
1043.646484	1358.768066
1043.367188	1395.408325
1042.522461	1378.497314
1042.231445	1368.649780
1041.397461	1402.663940
1041.094727	1491.493896
1040.273438	1415.708130
1039.958008	1473.521118
1039.147461	1390.972778
1038.821289	1380.800293
1038.022461	1466.216797
1037.683594	1384.845825
1036.896484	1408.164551
1036.545898	1485.583740
1035.771484	1425.637329
1035.408203	1498.388062
1034.645508	1367.617310
1034.269531	1471.648682
1033.518555	1413.946899
1033.131836	1429.551147
1032.392578	1411.433960
1031.992188	1407.233032
1031.265625	1464.391235
1030.853516	1435.406738
1030.138672	1364.262695
1029.713867	1397.738037
1029.011719	1408.335938
1028.574219	1441.255005
1027.883789	1463.477661
1027.434570	1399.217163
1026.755859	1441.003784
1026.294922	1335.274902
1025.627930	1438.487305
1025.154297	1374.389526
1024.500000	1478.075806
1024.012695	1400.334961
1023.372070	1468.905518
1022.872070	1448.175781
1022.243164	1433.158081
1021.730469	1412.759399
1021.114258	1455.005371
1020.588867	1390.499390
1019.985352	1403.776123
1019.447266	1398.899414
1018.855469	1461.039307
1018.304688	1416.049194
1017.726563	1381.057861
1017.162109	1435.378052
1016.596680	1447.152466
1016.019531	1358.445923
1015.466797	1438.000854
1014.875977	1377.779053
1014.335938	1362.497559
1013.732422	1381.796997
1013.206055	1428.554199
1012.588867	1427.343384
1012.075195	1430.466309
1011.445313	1457.569092
1010.944336	1489.849365
1010.300781	1420.053223
1009.812500	1447.547485
1009.156250	1448.080444
1008.681641	1542.254272
1008.010742	1456.440674
1007.549805	1449.150269
1006.866211	1456.064209
1006.417969	1464.306885
1005.720703	1405.491577
1005.285156	1472.832397
1004.574219	1453.129150
1004.153320	1538.754028
1003.428711	1402.582642
1003.020508	1428.070190
1002.282227	1452.376343
1001.887695	1377.015137
1001.135742	1458.540283
1000.753906	1425.264526
999.988281	1460.341431
999.621094	1422.759277
998.840820	1364.084229
998.487305	1404.817505
997.693359	1400.764038
997.353516	1433.185913
996.545898	1402.577759
996.219727	1496.813232
995.397461	1358.665894
995.084961	1430.379272
994.249023	1406.201416
993.950195	1465.334473
993.100586	1401.482666
992.815430	1405.543701
991.951172	1388.063477
991.680664	1367.803833
990.801758	1429.027954
990.545898	1451.196289
989.652344	1387.339233
989.410156	1415.664063
988.274414	1377.945435
987.138672	1454.680298
986.001953	1436.771362
984.865234	1416.670044
983.728516	1398.776367
982.591797	1457.850464
981.455078	1450.947266
980.317383	1479.213989
979.179688	1463.518921
978.041992	1463.209473
976.903320	1460.703491
975.765625	1453.806152
974.626953	1508.388916
973.487305	1545.387085
972.348633	1564.811890
971.208984	1522.790161
970.069336	1548.792480
968.929688	1548.464111
967.790039	1559.099854
966.649414	1545.614868
965.508789	1547.478760
964.368164	1599.744507
963.226563	1522.721069
962.085938	1561.826538
960.944336	1500.173584
959.802734	1526.129517
958.660156	1514.859497
957.517578	1483.896362
956.375977	1472.639648
955.232422	1481.077026
954.089844	1546.378906
952.946289	1458.578491
951.802734	1366.442749
950.659180	1394.567505
949.515625	1429.236084
948.371094	1424.561523
947.226563	1382.753174
946.082031	1406.481812
944.937500	1316.657471
943.791992	1471.372559
942.646484	1383.755127
941.500977	1477.290161
940.354492	1479.156128
939.208984	1404.679688
938.062500	1424.005615
936.916016	1397.537964
935.768555	1358.002808
934.621094	1396.939697
933.474609	1396.640625
932.326172	1439.908936
931.178711	1356.839722
930.030273	1421.872192
928.881836	1449.868042
927.733398	1414.732910
926.584961	1449.246094
925.435547	1451.110596
924.286133	1424.697632
923.136719	1417.867798
921.986328	1432.782471
920.836914	1504.206909
919.686523	1488.670898
918.535156	1466.623047
917.384766	1422.861450
916.233398	1403.008789
915.082031	1480.876221
913.930664	1443.651978
912.779297	1432.488892
911.626953	1514.639282
910.474609	1473.092285
909.322266	1453.253540
908.168945	1531.008545
907.015625	1508.997437
905.862305	1489.163208
904.708984	1473.671631
903.555664	1503.687256
902.401367	1520.692383
901.247070	1494.374878
900.091797	1487.556152
898.937500	1521.871826
897.782227	1601.624023
896.626953	1551.508301
895.471680	1596.604492
894.315430	1576.792480
893.159180	1619.700928
892.002930	1697.182861
890.846680	1800.569580
889.689453	1821.790283
888.532227	1868.929077
887.375000	1799.399414
886.217773	1881.076904
885.059570	1926.012329
883.901367	2093.976074
882.743164	2104.312988
881.584961	2259.218018
880.425781	2267.356934
879.266602	2301.374268
878.107422	2296.561523
876.948242	2255.099854
875.788086	2245.987793
874.627930	2073.100342
873.467773	2027.404541
872.307617	1906.336548
871.146484	1839.160645
869.985352	1836.607178
868.824219	1765.169922
867.662109	1700.220215
866.500000	1695.546387
865.337891	1606.976074
864.175781	1595.871948
863.013672	1610.576172
861.850586	1633.873047
860.687500	1526.048462
859.523438	1497.779785
858.360352	1542.569824
857.196289	1494.977905
856.032227	1526.863770
854.868164	1451.384644
853.703125	1403.843384
852.538086	1482.941528
851.373047	1474.034790
850.208008	1527.341064
849.041992	1479.824097
847.875977	1494.509766
846.709961	1614.231812
845.542969	1579.586182
844.376953	1547.098267
843.209961	1587.463623
842.041992	1578.548340
840.875000	1531.091919
839.707031	1588.561035
838.539063	1648.145264
837.371094	1724.822998
836.202148	1827.140991
835.034180	1828.879150
833.865234	1954.653320
832.695313	2279.215332
831.526367	2355.669678
830.356445	2680.000732
829.186523	2942.224854
828.015625	3176.562500
826.845703	3380.896484
825.674805	3606.492920
824.503906	3656.935059
823.332031	3841.818359
822.160156	3587.041748
820.988281	3575.584961
819.816406	3352.972412
818.644531	3226.418457
817.471680	3003.980225
816.298828	2809.349365
815.125977	2621.197266
813.952148	2430.997314
812.778320	2225.970215
811.604492	2108.348633
810.430664	1960.970215
809.255859	1900.933594
808.081055	1849.436279
806.906250	1834.133545
805.731445	1744.381958
804.555664	1737.616089
803.379883	1690.452148
802.204102	1677.323242
801.028320	1683.328491
799.851563	1655.331909
798.674805	1674.085938
797.498047	1620.615356
796.320313	1658.480225
795.142578	1611.405640
793.964844	1670.481323
792.787109	1706.187378
791.608398	1620.943237
790.429688	1643.916992
789.250977	1643.552490
788.072266	1621.985596
786.892578	1594.068848
785.712891	1606.430908
784.533203	1616.668579
783.353516	1593.007690
782.172852	1599.007690
780.992188	1560.539063
779.810547	1513.619385
778.629883	1479.419434
777.448242	1542.570923
776.266602	1531.650269
775.084961	1560.920532
773.902344	1545.771240
772.719727	1558.112061
771.537109	1536.628662
770.353516	1515.154785
769.170898	1523.268311
767.987305	1598.969849
766.803711	1524.701538
765.619141	1684.820923
764.434570	1519.800415
763.250000	1631.310791
762.065430	1595.078857
760.879883	1797.227539
759.694336	1771.519165
758.508789	1866.005493
757.323242	1907.749146
756.136719	1964.226685
754.950195	1927.967896
753.763672	1824.313843
752.576172	1823.906250
751.389648	1804.547729
750.202148	1766.250854
749.013672	1755.332397
747.826172	1729.688843
746.637695	1718.782959
745.449219	1712.088379
744.259766	1753.761841
743.071289	1776.495117
741.881836	1639.474365
740.691406	1620.194336
739.501953	1619.831299
738.311523	1690.884521
737.121094	1646.405273
735.930664	1587.249146
734.739258	1633.072510
733.547852	1689.368164
732.356445	1630.241577
731.165039	1638.266357
729.972656	1587.566162
728.780273	1706.722046
727.587891	1714.723633
726.394531	1699.667969
725.202148	1730.715454
724.008789	1700.998779
722.814453	1725.748657
721.621094	1714.890991
720.426758	1768.933960
719.232422	1617.844116
718.037109	1720.010986
716.841797	1669.415771
715.646484	1719.236450
714.451172	1649.844360
713.255859	1613.932617
712.059570	1561.316040
710.863281	1642.460205
709.666016	1619.108887
708.469727	1593.679321
707.272461	1643.437378
706.075195	1666.031860
704.876953	1674.005005
703.678711	1623.543457
702.480469	1671.162720
701.282227	1756.306030
700.083984	1747.567627
698.884766	1768.021973
697.685547	1621.710083
696.485352	1721.374878
695.285156	1637.644897
694.084961	1760.174194
692.884766	1713.959229
691.684570	1590.727173
690.483398	1754.815918
689.282227	1654.522827
688.080078	1762.343994
686.878906	1772.345703
685.676758	1809.379517
684.474609	1806.890015
683.271484	1771.140747
682.068359	1797.757324
680.865234	1857.607422
679.662109	1792.786865
678.458008	1838.072144
677.254883	1881.260254
676.049805	1907.820679
674.845703	1853.424194
673.640625	1958.829712
672.435547	2012.323120
671.230469	1837.642212
670.024414	1976.156738
668.819336	1923.878662
667.613281	1940.022339
666.406250	1927.147583
665.199219	1949.498047
663.992188	1864.132568
662.785156	1936.185547
661.578125	1904.689819
660.370117	1893.906616
659.162109	1903.821777
657.953125	1890.974365
656.745117	1830.558838
655.536133	1749.490967
654.327148	1763.564209
653.117188	1717.687500
651.907227	1775.158569
650.697266	1650.789063
649.487305	1658.674438
648.276367	1633.514038
647.065430	1657.916626
645.854492	1618.318237
644.643555	1650.967651
643.431641	1621.704712
642.219727	1650.212524
641.007813	1647.772583
639.794922	1713.373779
638.582031	1692.368042
637.369141	1683.737061
636.155273	1615.358032
634.942383	1685.025635
633.728516	1705.234131
632.513672	1645.132568
631.299805	1712.686401
630.084961	1681.422974
628.869141	1644.000854
627.654297	1697.108276
626.438477	1663.812622
625.222656	1669.599121
624.006836	1712.385010
622.790039	1740.764648
621.573242	1723.926758
620.356445	1727.639038
619.139648	1795.017090
617.921875	1712.471436
616.704102	1761.345947
615.486328	1721.945435
614.267578	1643.576782
613.048828	1704.741333
611.830078	1677.686279
610.610352	1699.855225
609.391602	1635.913086
608.171875	1707.270142
606.951172	1700.729370
605.731445	1692.142822
604.510742	1615.971802
603.289063	1658.599731
602.068359	1772.859131
600.846680	1643.507202
599.625000	1692.237427
598.403320	1632.519409
597.180664	1636.232910
595.958008	1539.748291
594.735352	1588.456665
593.511719	1645.317871
592.289063	1548.897461
591.064453	1530.152832
589.840820	1548.180786
588.616211	1586.620117
587.391602	1569.920654
586.166992	1577.721191
584.942383	1552.868896
583.716797	1574.950073
582.491211	1550.109497
581.264648	1590.532959
580.038086	1535.119995
578.811523	1563.298584
577.584961	1581.275391
576.358398	1550.349487
575.130859	1543.879150
573.902344	1531.302734
572.674805	1577.771118
571.446289	1616.076416
570.217773	1568.898315
568.989258	1552.258179
567.759766	1566.134644
566.530273	1584.071533
565.300781	1528.812012
564.070313	1556.911377
562.840820	1459.010620
561.610352	1556.186279
560.378906	1476.610718
559.147461	1553.430542
557.916016	1528.706543
556.684570	1546.617188
555.453125	1558.431641
554.220703	1551.981812
552.988281	1586.099976
551.754883	1490.423584
550.521484	1571.168091
549.288086	1532.291138
548.054688	1550.170288
546.820313	1480.927612
545.585938	1539.318481
544.351563	1543.008423
543.117188	1577.063477
541.881836	1509.902466
540.646484	1545.972412
539.410156	1592.140503
538.174805	1472.435547
536.938477	1544.886230
535.701172	1564.740479
534.464844	1491.612061
533.227539	1483.179565
531.990234	1553.538818
530.751953	1589.529419
529.513672	1540.694092
528.275391	1570.614136
527.037109	1552.080444
525.797852	1573.911987
524.558594	1531.177490
523.319336	1563.087769
522.079102	1601.031982
520.838867	1626.862549
519.598633	1616.402466
518.358398	1599.902100
517.117188	1655.931763
515.875977	1671.654053
514.634766	1689.382324
513.392578	1654.761597
512.150391	1652.358887
510.908203	1704.284912
509.665039	1703.882935
508.421875	1753.760742
507.178711	1777.475342
505.934570	1767.004395
504.691406	1820.850830
503.447266	1762.151123
502.202148	1834.052124
500.958008	1781.401611
499.712891	1823.145508
498.466797	1822.714233
497.221680	1890.518188
495.975586	1882.044800
494.729492	1913.694702
493.482422	1927.279785
492.235352	1824.567139
490.988281	1804.089233
489.741211	1809.673706
488.493164	1933.467285
487.245117	1894.949219
485.997070	1990.626343
484.748047	1976.138550
483.499023	1989.681030
482.250000	2033.235107
481.000977	2010.743774
479.750977	2024.267578
478.500977	1953.793579
477.250000	2097.279297
475.999023	2120.766357
474.748047	2080.294189
473.497070	2089.788330
472.245117	2233.104004
470.993164	2244.553467
469.741211	2319.883789
468.488281	2391.186035
467.236328	2466.444824
465.982422	2651.394043
464.729492	2776.417969
463.475586	2839.565674
462.221680	3054.196289
460.967773	3342.469482
459.712891	3471.192627
458.458008	3679.540771
457.203125	3830.029541
455.947266	3976.463135
454.691406	3862.039063
453.435547	3791.455078
452.178711	3695.037109
450.921875	3453.445068
449.665039	3104.571289
448.408203	2922.886475
447.150391	2673.700195
445.892578	2462.393799
444.633789	2326.691650
443.375000	2173.176514
442.116211	2166.696533
440.857422	2100.654541
439.597656	2058.464355
438.337891	1958.742188
437.078125	1952.318848
435.818359	2082.765869
434.557617	2022.771240
433.295898	2081.763184
432.035156	1942.510864
430.773438	2056.979980
429.511719	1993.085815
428.249023	1954.971558
426.987305	2029.749146
425.724609	1971.846191
424.460938	1927.825806
423.198242	1929.339111
421.934570	1926.894653
420.669922	1908.628296
419.406250	1854.777710
418.141602	1866.190552
416.875977	1889.456055
415.611328	1873.191162
414.345703	1965.584351
413.080078	1945.358398
411.813477	1885.651855
410.546875	1954.285767
409.280273	1839.346069
408.013672	1915.849609
406.746094	1875.932861
405.478516	1907.031250
404.209961	1914.454590
402.942383	1915.960693
401.673828	1933.231079
400.404297	2029.300537
399.134766	2013.049316
397.865234	2038.159546
396.595703	2055.382080
395.326172	2088.342529
394.055664	2129.157471
392.784180	2101.096191
391.513672	2169.423340
390.242188	2190.524170
388.970703	2182.125977
387.698242	2224.832275
386.425781	2234.113525
385.153320	2249.283447
383.880859	2252.661621
382.607422	2277.636230
381.333984	2371.303223
380.059570	2278.484619
378.785156	2275.964844
377.510742	2308.753906
376.236328	2388.592773
374.960938	2350.755859
373.685547	2414.863525
372.410156	2367.239990
371.133789	2468.535156
369.857422	2563.904297
368.581055	2475.156006
367.303711	2586.137695
366.026367	2528.742432
364.749023	2708.141602
363.470703	2744.644775
362.192383	2765.482910
360.914063	2743.293945
359.634766	2764.121338
358.356445	2743.896973
357.076172	2752.989990
355.796875	2873.420654
354.516602	2853.182861
353.236328	2840.764404
351.955078	2968.890625
350.673828	3042.312500
349.392578	3022.051025
348.111328	3101.274170
346.829102	3184.357422
345.546875	3199.165771
344.263672	3301.672852
342.981445	3386.592041
341.697266	3424.714600
340.414063	3513.454834
339.129883	3644.987305
337.845703	3665.496094
336.561523	3804.708740
335.276367	3910.775391
333.991211	3950.652832
332.705078	4041.071777
331.419922	4170.329102
330.133789	4307.296875
328.846680	4261.530273
327.560547	4344.008301
326.272461	4397.310547
324.985352	4438.934082
323.697266	4505.773438
322.409180	4456.129395
321.121094	4808.159668
319.832031	4775.921875
318.542969	5071.453125
317.253906	5134.169434
315.963867	5117.379395
314.673828	5375.780762
313.383789	5692.174805
312.092773	5799.219238
310.801758	6161.822266
309.510742	6394.532227
308.218750	6828.415527
306.926758	7024.074219
305.634766	7304.752441
304.341797	7683.924805
303.048828	8132.512695
301.755859	8578.941406
300.461914	9052.200195
299.167969	9444.071289
297.874023	10032.767578
296.579102	10455.089844
295.284180	11012.341797
293.989258	11783.557617
292.693359	12556.312500
291.397461	13166.625000
290.101563	14110.291016
288.804688	15421.764648
287.507813	16107.993164
286.210938	17439.494141
284.913086	18525.623047
283.615234	19578.453125
282.317383	20946.572266
281.018555	21952.044922
279.719727	22933.904297
278.420898	23830.595703
277.121094	24744.140625
275.821289	25914.943359
274.521484	26408.308594
273.220703	27176.314453
271.919922	27617.208984
270.619141	28230.796875
269.317383	28004.640625
268.015625	28514.107422
266.713867	28309.101563
265.411133	28221.279297
264.108398	28123.902344
262.804688	27842.398438
261.501953	27440.201172
260.198242	27212.695313
258.893555	26693.917969
257.588867	26422.626953
256.284180	25793.177734
254.979492	25424.554688
253.673828	25035.048828
252.368164	24186.251953
251.061523	23848.933594
249.755859	23123.330078
248.448242	22465.052734
247.141602	21975.414063
245.833984	21390.417969
244.526367	20775.132813
243.217773	20536.646484
241.909180	20080.466797
240.600586	19383.845703
239.291992	18823.160156
237.982422	18194.031250
236.671875	17849.611328
235.362305	17270.660156
234.051758	16804.556641
232.741211	16319.619141
231.429688	15955.048828
230.118164	15516.321289
228.806641	15197.875977
227.494141	14797.668945
226.181641	14614.801758
224.868164	13978.823242
223.555664	13651.574219
222.242188	13450.103516
220.927734	13151.696289
219.613281	12703.163086
218.298828	12581.960938
216.984375	12384.768555
215.668945	12123.049805
214.353516	11882.368164
213.037109	11563.917969
211.720703	11617.889648
210.404297	11162.956055
209.087891	11148.661133
207.770508	10935.102539
206.452148	10767.187500
205.134766	10612.635742
203.816406	10598.489258
202.497070	10243.101563
201.178711	10325.715820
199.859375	10150.587891
198.539063	10038.063477
197.218750	10001.348633
195.898438	9987.371094
194.578125	9982.862305
193.256836	9821.289063
191.935547	9968.170898
190.613281	9655.374023
189.291992	9728.473633
187.968750	9712.686523
186.646484	9702.575195
185.323242	9777.488281
183.999023	9538.806641
182.675781	9432.435547
181.351563	9635.730469
180.026367	9429.354492
178.702148	9572.158203
177.376953	9330.061523
176.050781	9444.524414
174.724609	9381.697266
173.398438	9256.700195
172.072266	9429.500977
170.745117	9246.152344
169.416992	9266.305664
168.089844	9245.021484
166.761719	9308.455078
165.433594	9300.340820
164.104492	9470.961914
162.775391	9671.584961
161.445313	9738.589844
160.116211	10001.067383
158.785156	10235.211914
157.455078	10367.768555
156.124023	10746.323242
154.792969	11064.580078
153.460938	11561.018555
152.128906	12094.727539
150.796875	12547.462891
149.463867	12844.254883
148.130859	13043.365234
146.797852	13249.865234
145.463867	13604.328125
144.129883	13683.137695
142.794922	13825.595703
141.460938	13994.195313
140.125000	14436.069336
138.790039	14321.753906
137.454102	14362.820313
136.117188	14233.612305
134.781250	14450.489258
133.444336	14265.224609
132.106445	14065.100586
130.768555	14023.935547
129.430664	13952.894531
128.092773	13934.188477
126.753906	13730.621094
125.414063	13557.030273
124.075195	13465.649414
122.735352	13389.241211
121.394531	13301.678711
120.053711	13160.080078
118.712891	13106.178711
117.372070	12778.322266
116.030273	12918.331055
114.688477	13145.813477
113.345703	13073.337891
112.002930	13080.956055
110.660156	13194.660156
109.316406	13274.805664
107.972656	12990.290039
106.627930	12800.774414
105.283203	12544.424805
103.938477	11897.875000
102.592773	10924.623047
101.247070	9870.159180
99.901367	8961.133789
98.554688	7584.708984
