#Wave		#Intensity
3200.049805	24.824045
3199.344727	46.101799
3198.639648	39.003166
3197.934570	21.271154
3197.228516	49.624989
3196.523438	42.529091
3195.818359	56.696632
3195.112305	28.343903
3194.406250	63.763840
3193.701172	42.502594
3192.995117	56.661274
3192.289063	7.081552
3191.583008	28.321777
3190.875977	35.396675
3190.169922	56.625805
3189.462891	60.155476
3188.756836	42.456020
3188.049805	49.524235
3187.342773	42.442665
3186.636719	67.190300
3185.928711	10.607323
3185.221680	31.816948
3184.514648	70.693161
3183.807617	45.943291
3183.099609	31.801863
3182.392578	42.395767
3181.684570	35.324207
3180.976563	42.382324
3180.268555	74.157288
3179.560547	56.491814
3178.852539	0.000000
3178.144531	45.884991
3177.435547	45.877678
3176.727539	21.170937
3176.018555	52.918892
3175.309570	49.383076
3174.600586	35.267986
3173.891602	52.893509
3173.182617	31.731022
3172.473633	52.876560
3171.764648	42.294460
3171.054688	35.239723
3170.345703	49.327682
3169.635742	63.411106
3168.925781	42.267265
3168.215820	31.695339
3167.505859	35.211365
3166.795898	52.808521
3166.085938	42.239994
3165.375000	59.830315
3164.665039	10.556582
3163.954102	38.701202
3163.244141	35.177208
3162.533203	63.308704
3161.822266	35.165791
3161.111328	28.128063
3160.399414	52.731541
3159.688477	35.148640
3158.977539	42.171501
3158.265625	42.164627
3157.553711	49.184040
3156.842773	38.638294
3156.130859	59.703968
3155.418945	45.648510
3154.706055	49.151890
3153.994141	31.592468
3153.282227	77.213379
3152.569336	49.127728
3151.857422	31.576925
3151.144531	87.699272
3150.431641	45.596123
3149.718750	73.643158
3149.005859	42.074875
3148.292969	38.562283
3147.579102	77.111839
3146.866211	45.558571
3146.152344	56.062824
3145.438477	45.543514
3144.724609	59.547054
3144.011719	56.035007
3143.296875	56.025726
3142.583008	56.016438
3141.869141	63.008038
3141.154297	48.998116
3140.440430	48.989975
3139.725586	55.979237
3139.010742	48.973682
3138.295898	45.467987
3137.581055	38.466503
3136.866211	80.416550
3136.151367	48.941036
3135.435547	24.466431
3134.720703	55.913925
3134.004883	38.434395
3133.289063	41.921417
3132.573242	38.421528
3131.857422	41.907372
3131.141602	48.883736
3130.425781	52.366642
3129.709961	62.829418
3128.993164	20.939619
3128.276367	48.850895
3127.560547	59.308964
3126.843750	59.298973
3126.126953	55.801395
3125.409180	41.843990
3124.692383	48.809750
3123.975586	41.829865
3123.257813	27.881865
3122.541016	41.815723
3121.823242	73.165138
3121.105469	27.867714
3120.387695	62.691734
3119.669922	55.716537
3118.951172	55.707085
3118.233398	66.140938
3117.515625	17.402552
3116.796875	73.078300
3116.078125	45.231251
3115.359375	73.053429
3114.640625	66.084702
3113.921875	69.550995
3113.203125	38.246521
3112.483398	52.145451
3111.764648	59.088085
3111.044922	59.077988
3110.325195	34.745815
3109.605469	76.427719
3108.885742	65.994461
3108.166016	72.928749
3107.446289	52.083035
3106.726563	90.261780
3106.005859	72.891235
3105.285156	76.349136
3104.565430	31.228369
3103.844727	76.322891
3103.124023	76.309761
3102.402344	58.956482
3101.681641	38.141743
3100.960938	90.137672
3100.239258	55.459770
3099.517578	58.915836
3098.796875	58.905666
3098.075195	62.359928
3097.353516	62.349148
3096.630859	65.801605
3095.909180	38.089073
3095.187500	72.702911
3094.464844	65.767426
3093.742188	48.451809
3093.020508	100.347054
3092.297852	51.894638
3091.575195	65.721794
3090.851563	83.002571
3090.128906	89.903816
3089.406250	44.944088
3088.682617	41.479630
3087.958984	62.208607
3087.235352	93.296646
3086.511719	82.915894
3085.788086	89.809883
3085.064453	117.423187
3084.340820	48.342278
3083.616211	96.667664
3082.891602	103.554382
3082.167969	86.280220
3081.443359	58.660278
3080.718750	51.750004
3079.994141	96.583076
3079.268555	68.975815
3078.543945	79.308273
3077.818359	89.637093
3077.093750	65.492523
3076.368164	82.712868
3075.642578	72.361031
3074.916992	110.245033
3074.191406	65.446465
3073.464844	65.434944
3072.739258	86.083435
3072.012695	61.969151
3071.286133	75.726715
3070.560547	75.713348
3069.833984	65.377258
3069.107422	48.164204
3068.379883	96.311386
3067.653320	85.977097
3066.925781	89.400360
3066.199219	48.130135
3065.471680	51.558868
3064.744141	82.479576
3064.016602	130.569504
3063.289063	82.450325
3062.561523	82.435692
3061.833008	58.381577
3061.104492	123.609612
3060.376953	68.659805
3059.648438	75.512352
3058.919922	48.044765
3058.191406	89.210114
3057.462891	78.902580
3056.733398	54.878971
3056.004883	75.445137
3055.275391	85.717819
3054.545898	82.274422
3053.816406	82.259735
3053.086914	78.818161
3052.357422	41.115170
3051.627930	58.236080
3050.898438	82.200935
3050.167969	89.035080
3049.437500	78.747696
3048.707031	119.811989
3047.976563	75.296898
3047.246094	85.549309
3046.515625	92.376686
3045.785156	71.835640
3045.053711	64.982475
3044.323242	82.068382
3043.591797	102.567047
3042.860352	61.529163
3042.128906	85.441795
3041.397461	99.094650
3040.665039	54.663067
3039.933594	81.979828
3039.201172	102.456322
3038.469727	116.096230
3037.737305	88.763458
3037.004883	81.920715
3036.272461	85.318672
3035.539063	92.127518
3034.806641	88.699356
3034.073242	85.272430
3033.340820	102.308403
3032.607422	51.144947
3031.874023	85.226151
3031.140625	98.844429
3030.407227	61.340599
3029.672852	109.030190
3028.939453	105.603844
3028.205078	108.990646
3027.470703	105.565521
3026.737305	102.141640
3026.001953	112.335388
3025.267578	88.490585
3024.533203	98.683098
3023.798828	71.447174
3023.063477	153.073242
3022.328125	105.431259
3021.592773	98.611282
3020.857422	132.591003
3020.122070	125.768547
3019.386719	112.151489
3018.651367	61.162384
3017.915039	108.713280
3017.178711	105.296768
3016.443359	118.861732
3015.707031	95.072014
3014.970703	122.213104
3014.233398	152.738449
3013.497070	135.742676
3012.759766	139.110779
3012.023438	125.516006
3011.286133	145.843231
3010.548828	128.861115
3009.811523	108.494728
3009.074219	125.424026
3008.335938	138.957886
3007.598633	121.989410
3006.860352	152.458771
3006.123047	169.367508
3005.384766	135.469116
3004.646484	128.672012
3003.908203	172.659622
3003.168945	179.397583
3002.430664	165.827621
3001.691406	152.262634
3000.952148	125.170670
3000.213867	175.883118
2999.474609	138.651520
2998.734375	152.150436
2997.995117	152.122375
2997.255859	152.094315
2996.515625	185.858734
2995.775391	131.766403
2995.036133	162.144073
2994.295898	168.868866
2993.555664	199.228424
2992.814453	151.925781
2992.074219	178.901718
2991.333008	212.617401
2990.592773	172.086975
2989.851563	178.802368
2989.110352	192.261261
2988.369141	209.087524
2987.626953	219.164032
2986.885742	168.556442
2986.144531	229.194229
2985.402344	219.042053
2984.660156	229.109146
2983.917969	259.384216
2983.175781	276.176025
2982.433594	239.083588
2981.690430	306.374084
2980.948242	252.459152
2980.205078	302.894623
2979.461914	272.554413
2978.718750	309.510345
2977.975586	312.816315
2977.232422	316.121002
2976.489258	353.048065
2975.745117	346.258759
2975.001953	362.999725
2974.257813	362.932007
2973.513672	376.303680
2972.769531	389.670319
2972.025391	429.900726
2971.280273	399.598663
2970.536133	480.100250
2969.791016	456.513458
2969.045898	449.715881
2968.300781	526.807373
2967.555664	489.805603
2966.810547	543.381165
2966.065430	529.865112
2965.319336	546.530579
2964.574219	579.951355
2963.828125	596.601074
2963.082031	640.053040
2962.335938	686.838989
2961.588867	649.862244
2960.842773	673.184509
2960.096680	656.315369
2959.349609	713.106689
2958.602539	716.320007
2957.855469	739.612000
2957.108398	746.164978
2956.361328	715.916016
2955.614258	725.815613
2954.866211	752.432190
2954.118164	748.947021
2953.371094	772.206116
2952.623047	788.771912
2951.875000	775.256775
2951.125977	791.815613
2950.377930	711.497559
2949.628906	821.574585
2948.880859	778.011230
2948.131836	774.525879
2947.382813	714.298462
2946.633789	800.931091
2945.884766	737.384766
2945.134766	690.542053
2944.385742	730.435364
2943.635742	720.293152
2942.885742	650.141663
2942.135742	630.018066
2941.385742	709.885986
2940.635742	656.436890
2939.884766	632.991821
2939.134766	656.188232
2938.383789	589.458435
2937.632813	576.028137
2936.881836	612.538025
2936.130859	605.765076
2935.379883	539.095215
2934.627930	598.880981
2933.876953	565.502441
2933.125000	482.248718
2932.373047	485.482330
2931.621094	558.531067
2930.869141	518.537415
2930.117188	501.822174
2929.364258	448.563629
2928.612305	405.291504
2927.859375	428.464386
2927.106445	411.778839
2926.353516	368.538300
2925.600586	398.343872
2924.846680	361.760101
2924.093750	371.645966
2923.339844	361.622192
2922.585938	328.383209
2921.833008	334.953339
2921.078125	308.363525
2920.324219	394.497375
2919.570313	278.415588
2918.815430	314.814636
2918.061523	304.814880
2917.306641	261.693207
2916.551758	248.395432
2915.796875	307.951447
2915.041992	274.785828
2914.286133	317.763763
2913.531250	321.012390
2912.775391	248.157944
2912.019531	281.191833
2911.263672	264.600464
2910.507813	267.856628
2909.751953	271.111542
2908.995117	221.475525
2908.239258	264.397675
2907.482422	254.433960
2906.725586	274.207367
2905.968750	254.336349
2905.211914	201.448563
2904.454102	264.144135
2903.697266	257.491058
2902.939453	257.441589
2902.181641	230.992935
2901.424805	240.846344
2900.666016	247.397293
2899.908203	214.369766
2899.150391	244.004791
2898.391602	263.738190
2897.633789	237.318695
2896.875000	263.636688
2896.116211	253.701447
2895.357422	253.652588
2894.597656	230.548828
2893.838867	237.090240
2893.079102	210.706253
2892.320313	276.498627
2891.560547	236.953125
2890.800781	223.745880
2890.041016	253.310410
2889.280273	259.839752
2888.520508	220.327866
2887.759766	213.709641
2886.999023	170.934677
2886.239258	193.907639
2885.477539	190.584229
2884.716797	193.832687
2883.956055	187.225861
2883.194336	190.473679
2882.433594	193.720215
2881.671875	196.965485
2880.910156	167.388260
2880.148438	190.326248
2879.385742	216.536194
2878.624023	164.010788
2877.861328	196.774811
2877.099609	209.852448
2876.336914	183.585281
2875.574219	199.938049
2874.810547	180.237045
2874.047852	183.478470
2873.285156	209.648972
2872.521484	167.031601
2871.757813	189.920609
2870.994141	176.788284
2870.230469	216.032593
2869.466797	206.172852
2868.702148	206.132782
2867.938477	183.193512
2867.173828	186.428558
2866.409180	192.932373
2865.644531	173.278397
2864.879883	192.857285
2864.115234	156.870285
2863.349609	196.049667
2862.584961	163.342911
2861.819336	156.778641
2861.053711	189.403931
2860.288086	146.922684
2859.522461	192.594391
2858.755859	205.611526
2857.990234	166.414963
2857.223633	192.481705
2856.457031	205.491180
2855.690430	185.884293
2854.923828	182.587509
2854.157227	182.551834
2853.389648	185.775391
2852.623047	166.187607
2851.855469	162.897171
2851.087891	146.578781
2850.320313	146.550110
2849.552734	159.545578
2848.784180	133.471191
2848.016602	169.247406
2847.248047	182.230759
2846.479492	185.448547
2845.710938	185.412231
2844.942383	175.619278
2844.173828	195.094284
2843.404297	136.539230
2842.635742	172.265717
2841.866211	188.480225
2841.096680	198.190323
2840.327148	204.648193
2839.557617	198.112534
2838.787109	194.826538
2838.017578	175.309448
2837.247070	201.241684
2836.476563	194.711761
2835.706055	188.184372
2834.935547	168.683868
2834.165039	188.110397
2833.393555	171.860168
2832.622070	139.406296
2831.851563	197.723511
2831.080078	184.721680
2830.308594	200.885773
2829.536133	187.888397
2828.764648	200.806656
2827.992188	204.005280
2827.220703	194.252457
2826.448242	171.555847
2825.675781	161.813232
2824.903320	161.781326
2824.129883	155.279434
2823.357422	190.826645
2822.583984	203.723831
2821.810547	193.984390
2821.037109	168.086609
2820.263672	177.748810
2819.490234	161.557907
2818.715820	177.678574
2817.942383	177.643463
2817.167969	196.983795
2816.393555	180.801834
2815.619141	196.905899
2814.844727	183.957626
2814.069336	196.827972
2813.294922	196.789017
2812.519531	174.172180
2811.744141	199.935867
2810.968750	167.654922
2810.193359	170.845200
2809.417969	193.371338
2808.641602	180.444138
2807.866211	144.970993
2807.089844	180.372574
2806.313477	193.217987
2805.537109	202.838623
2804.760742	180.265213
2803.983398	183.447815
2803.207031	222.024307
2802.429688	186.592056
2801.652344	157.606796
2800.875000	202.597046
2800.097656	202.556763
2799.319336	183.229202
2798.541992	205.690125
2797.763672	186.369598
2796.985352	189.545135
2796.207031	167.023483
2795.428711	179.835632
2794.650391	176.589111
2793.871094	173.343872
2793.091797	170.099899
2792.313477	179.692383
2791.534180	202.113632
2790.754883	182.828247
2789.974609	185.998657
2789.195313	173.136627
2788.415039	201.952423
2787.634766	192.297256
2786.855469	195.463181
2786.074219	205.035172
2785.293945	182.572983
2784.513672	192.143692
2783.732422	192.105286
2782.952148	204.871353
2782.170898	169.625168
2781.389648	191.990082
2780.607422	185.553299
2779.826172	239.891586
2779.044922	175.885284
2778.262695	163.060989
2777.480469	172.618240
2776.698242	178.975647
2775.916016	172.549088
2775.133789	182.098648
2774.350586	191.644363
2773.567383	162.865051
2772.785156	223.495422
2772.001953	156.415421
2771.218750	223.405746
2770.434570	159.543503
2769.651367	204.174698
2768.867188	188.185745
2768.083008	184.959000
2767.298828	261.441223
2766.514648	178.509338
2765.730469	194.408585
2764.946289	200.742264
2764.161133	213.444870
2763.375977	152.884964
2762.590820	187.883286
2761.805664	203.764572
2761.020508	187.807648
2760.235352	194.134903
2759.449219	187.732010
2758.664063	213.144241
2757.877930	200.378815
2757.091797	171.718643
2756.304688	178.042679
2755.518555	174.828079
2754.732422	235.175766
2753.945313	216.063858
2753.158203	222.373779
2752.371094	222.328873
2751.583984	181.002655
2750.795898	177.791245
2750.008789	193.626328
2749.220703	177.719391
2748.432617	174.510529
2747.644531	206.198013
2746.856445	206.156296
2746.068359	215.627563
2745.280273	218.754272
2744.491211	212.370560
2743.702148	218.665695
2742.913086	218.621399
2742.124023	250.254929
2741.334961	215.365646
2740.544922	199.489487
2739.755859	218.444183
2738.965820	227.895508
2738.175781	259.494995
2737.385742	205.655518
2736.594727	259.389679
2735.804688	192.921417
2735.013672	221.340271
2734.223633	180.197601
2733.432617	221.250320
2732.641602	202.244888
2731.849609	183.247162
2731.058594	202.162628
2730.266602	214.754089
2729.474609	227.340408
2728.683594	202.039215
2727.890625	230.404053
2727.098633	176.712311
2726.306641	205.070724
2725.513672	179.794601
2724.720703	214.448074
2723.927734	170.262268
2723.134766	195.446426
2722.341797	223.772018
2721.548828	217.424194
2720.754883	207.928513
2719.960938	217.335419
2719.166992	166.904709
2718.373047	176.316101
2717.579102	214.054367
2716.785156	204.568954
2715.990234	191.940842
2715.195313	207.631210
2714.400391	172.990601
2713.605469	176.099838
2712.810547	157.199814
2712.015625	216.891312
2711.219727	223.132294
2710.423828	207.376251
2709.627930	207.333740
2708.832031	216.713547
2708.036133	219.809235
2707.240234	226.043121
2706.443359	219.719040
2705.646484	207.121140
2704.849609	163.152847
2704.052734	203.899170
2703.255859	213.266068
2702.458984	203.815369
2701.661133	216.313385
2700.863281	206.865891
2700.065430	231.892838
2699.267578	216.179916
2698.469727	222.400208
2697.671875	216.090912
2696.873047	209.784195
2696.074219	209.740967
2695.275391	240.995926
2694.476563	206.525345
2693.677734	228.382446
2692.877930	206.440170
2692.079102	193.888626
2691.279297	221.987930
2690.479492	246.949646
2689.679688	212.520355
2688.879883	203.102493
2688.079102	224.928574
2687.279297	209.265274
2686.478516	227.958298
2685.677734	231.033218
2684.876953	215.378281
2684.075195	237.179153
2683.274414	199.688461
2682.472656	218.364029
2681.670898	208.962265
2680.869141	202.682571
2680.067383	208.875656
2679.265625	208.832336
2678.462891	255.532822
2677.661133	249.248581
2676.858398	193.127563
2676.055664	295.859802
2675.252930	214.843018
2674.449219	264.606720
2673.646484	233.427979
2672.842773	233.379456
2672.039063	233.330917
2671.235352	214.619781
2670.431641	227.014252
2669.627930	198.984772
2668.823242	226.919739
2668.018555	180.254837
2667.213867	245.468353
2666.409180	229.884445
2665.604492	192.565735
2664.799805	248.420074
2663.994141	217.322220
2663.188477	226.588715
2662.383789	214.128189
2661.577148	245.110046
2660.771484	223.344757
2659.965820	217.095352
2659.159180	251.157822
2658.352539	232.504898
2657.545898	247.953339
2656.739258	229.308838
2655.932617	223.064590
2655.160156	220.403244
2655.125000	253.992569
2654.354492	220.403244
2654.318359	244.648895
2653.548828	235.886566
2653.510742	247.693787
2652.743164	223.435425
2652.703125	235.259766
2651.937500	214.091049
2651.895508	210.451447
2651.131836	300.919922
2651.086914	256.820648
2650.326172	189.207687
2650.279297	219.643860
2649.519531	229.493469
2649.470703	265.991638
2648.713867	226.355499
2648.662109	262.843506
2647.907227	213.917755
2647.853516	216.413879
2647.100586	223.182281
2647.044922	262.733032
2646.293945	198.352005
2646.236328	287.400421
2645.487305	266.492126
2645.426758	231.725800
2644.680664	223.073364
2644.617188	219.320938
2643.873047	210.646057
2643.807617	277.953949
2643.066406	216.806152
2642.998047	225.404068
2642.258789	238.447830
2642.188477	228.443665
2641.451172	247.697510
2641.378906	256.173370
2640.643555	238.369858
2640.568359	212.918533
2639.835938	281.663727
2639.757813	271.491028
2639.028320	229.007675
2638.947266	234.420059
2638.220703	238.252686
2638.136719	274.460297
2637.412109	235.119904
2637.326172	262.069702
2636.604492	222.708572
2636.514648	252.766800
2635.795898	241.227936
2635.704102	252.713409
2634.987305	250.464691
2634.892578	289.634644
2634.178711	231.873550
2634.081055	261.848297
2633.370117	219.470764
2633.269531	264.872864
2632.560547	222.525177
2632.457031	246.341232
2631.751953	231.758774
2631.645508	246.289108
2630.942383	274.974945
2630.833008	246.236984
2630.133789	250.216690
2630.020508	280.035248
2629.324219	247.086670
2629.208008	243.056030
2628.514648	274.838348
2628.395508	255.308548
2627.705078	274.792755
2627.582031	249.103714
2626.894531	262.398956
2626.769531	236.752075
2626.084961	274.701477
2625.956055	190.591095
2625.274414	259.225708
2625.142578	239.725006
2624.464844	265.353577
2624.329102	282.692535
2623.654297	280.734314
2623.515625	239.623199
2622.843750	246.758255
2622.701172	270.286682
2622.033203	268.304840
2621.886719	270.229248
2621.222656	237.425537
2621.073242	230.260040
2620.411133	274.381042
2620.258789	239.419495
2619.600586	246.593384
2619.443359	285.400970
2618.789063	295.862518
2618.628906	279.203857
2617.977539	295.812958
2617.813477	266.874329
2617.166016	271.116394
2616.999023	230.015060
2616.354492	221.785278
2616.183594	229.966034
2615.542969	267.945526
2615.368164	278.965973
2614.731445	261.741882
2614.551758	278.906464
2613.918945	224.752258
2613.736328	257.397186
2613.107422	273.966888
2612.919922	251.215042
2612.294922	289.309540
2612.104492	297.105560
2611.482422	258.488312
2611.288086	266.419189
2610.669922	267.674866
2610.471680	254.115723
2609.857422	239.943832
2609.654297	247.939423
2609.043945	218.373489
2608.837891	250.946732
2608.231445	239.862686
2608.020508	302.907440
2607.417969	212.150299
2607.203125	244.721298
2606.604492	252.077927
2606.385742	247.727249
2605.791992	264.329590
2605.568359	256.847290
2604.977539	224.334717
2604.750000	262.906372
2604.164063	251.949615
2603.932617	262.850006
2603.350586	245.762726
2603.114258	268.905090
2602.536133	242.649414
2602.295898	235.241486
2601.722656	248.750092
2601.477539	235.190979
2600.908203	300.905640
2600.659180	238.194244
2600.093750	251.735260
2599.839844	235.089966
2599.279297	220.998123
2599.021484	262.511597
2598.464844	236.304871
2598.202148	280.765961
2597.650391	270.016571
2597.382813	244.091812
2596.834961	263.834717
2596.562500	253.190750
2596.020508	291.395447
2595.743164	231.787415
2595.205078	248.410416
2594.922852	292.721039
2594.389648	257.566650
2594.103516	268.269806
2593.574219	254.456726
2593.283203	249.924820
2592.758789	229.891327
2592.462891	280.342987
2591.942383	257.434052
2591.641602	249.817017
2591.126953	263.518127
2590.821289	243.671326
2590.310547	242.027359
2590.000000	289.297241
2589.495117	254.238129
2589.178711	261.833557
2588.678711	254.194336
2588.357422	255.689148
2587.862305	272.522858
2587.536133	270.850189
2587.045898	272.475830
2586.714844	249.493378
2586.228516	290.794800
2585.892578	261.607178
2585.412109	272.381744
2585.070313	234.178986
2584.594727	263.154846
2584.249023	255.412674
2583.777344	260.049896
2583.425781	264.477234
2582.959961	308.946991
2582.603516	258.341309
2582.142578	293.601715
2581.781250	300.826385
2581.325195	269.088257
2580.958008	267.343231
2580.507813	281.270721
2580.134766	273.359894
2579.689453	278.165161
2579.311523	242.933823
2578.872070	281.173065
2578.488281	221.628967
2578.053711	296.402679
2577.665039	248.898987
2577.235352	305.516602
2576.840820	230.636719
2576.416992	326.845856
2576.016602	266.994965
2575.598633	296.247894
2575.192383	233.569763
2574.779297	280.928406
2574.368164	242.617050
2573.960938	253.402084
2573.543945	263.788605
2573.141602	256.410339
2572.718750	266.762512
2572.322266	286.885284
2571.894531	260.642914
2571.502930	280.732269
2571.069336	260.586060
2570.683594	250.174118
2570.244141	281.735077
2569.864258	268.432556
2569.417969	296.817352
2569.044922	253.136368
2568.592773	269.499756
2568.224609	265.289215
2567.766602	269.440887
2567.405273	277.437744
2566.941406	266.355225
2566.584961	280.437286
2566.115234	211.827148
2565.764648	295.626526
2565.289063	269.264160
2564.944336	277.291626
2564.461914	266.180481
2564.123047	286.382751
2563.635742	269.146301
2563.302734	265.009735
2562.808594	256.993530
2562.481445	252.780869
2561.981445	253.914429
2561.661133	292.321533
2561.154297	275.013641
2560.839844	301.403442
2560.327148	277.974792
2560.018555	270.910858
2559.499023	238.643356
2559.197266	264.776245
2558.671875	247.651382
2558.375000	310.372498
2557.843750	289.869629
2557.553711	246.428711
2557.015625	274.711884
2556.731445	298.095581
2556.187500	262.578888
2555.909180	243.300278
2555.358398	283.643524
2555.087891	276.705048
2554.530273	310.732483
2554.264648	310.097961
2553.701172	295.583282
2553.442383	279.646637
2552.872070	319.642120
2552.620117	285.675201
2552.042969	289.423401
2551.796875	291.701630
2551.212891	271.274597
2550.974609	309.877930
2550.383789	277.241760
2550.151367	276.410583
2549.553711	304.296082
2549.328125	267.250610
2548.723633	301.216705
2548.504883	297.567047
2547.893555	274.046661
2547.681641	291.442322
2547.063477	334.202820
2546.857422	291.390411
2546.233398	328.108582
2546.034180	309.547119
2545.402344	270.855408
2545.209961	279.149567
2544.571289	285.839661
2544.385742	297.301910
2543.740234	255.694626
2543.561523	279.049896
2542.909180	315.788086
2542.737305	288.097870
2542.077148	273.622345
2541.913086	318.367004
2541.246094	300.617218
2541.087891	312.247009
2540.414063	273.500977
2540.263672	300.067169
2539.582031	276.445099
2539.438477	278.800354
2538.750000	315.437927
2538.613281	287.840088
2537.917969	291.339813
2537.788086	290.817810
2537.084961	321.303406
2536.962891	324.082520
2536.251953	312.225433
2536.136719	281.628632
2535.418945	312.155945
2535.311523	348.187897
2534.585938	276.076477
2534.485352	299.690491
2533.752930	288.015625
2533.659180	293.583313
2532.919922	308.947906
2532.833008	290.504395
2532.085938	299.882538
2532.006836	293.477631
2531.251953	281.826691
2531.180664	314.599762
2530.417969	290.756256
2530.353516	272.200714
2529.583984	284.697693
2529.527344	302.390686
2528.749023	272.649475
2528.700195	266.055786
2527.915039	281.574951
2527.873047	281.121826
2527.080078	254.558716
2527.045898	323.382782
2526.245117	326.361053
2526.218750	311.237457
2525.410156	242.470901
2525.391602	283.990570
2524.574219	344.171692
2524.563477	317.166107
2523.739258	308.189026
2523.735352	283.887756
2522.908203	317.051208
2522.903320	305.128479
2522.080078	320.012726
2522.067383	245.244324
2521.251953	262.604340
2521.231445	293.031097
2520.422852	301.789276
2520.395508	292.965271
2519.594727	298.717133
2519.558594	310.832062
2518.765625	304.696472
2518.721680	370.524139
2517.936523	319.722321
2517.884766	304.717438
2517.108398	274.428680
2517.047852	301.662109
2516.279297	328.651489
2516.210938	310.552429
2515.449219	286.387207
2515.373047	277.642975
2514.620117	313.461517
2514.536133	271.610901
2513.790039	304.363892
2513.698242	274.533722
2512.960938	304.308380
2512.860352	325.189362
2512.130859	301.240479
2512.021484	313.185089
2511.300781	301.185486
2511.183594	274.347809
2510.470703	261.983521
2510.344727	336.894501
2509.640625	295.053955
2509.505859	304.030701
2508.809570	325.102051
2508.666992	324.822052
2507.979492	300.965363
2507.828125	336.665894
2507.148438	282.855652
2506.989258	285.952240
2506.317383	267.761108
2506.149414	291.843445
2505.486328	357.952057
2505.309570	324.527771
2504.655273	300.744934
2504.469727	324.454132
2503.823242	306.703583
2503.629883	345.212280
2502.992188	309.653656
2502.790039	285.628021
2502.160156	378.730072
2501.949219	315.309265
2501.328125	327.571381
2501.108398	324.159393
2500.496094	345.539337
2500.267578	297.326294
2499.664063	297.409607
2499.426758	324.011871
2498.832031	336.401520
2498.585938	323.938080
2497.999023	309.312317
2497.744141	356.547821
2497.166992	309.255371
2496.902344	279.232117
2496.333984	309.198395
2496.060547	294.017792
2495.500977	300.137299
2495.218750	320.673462
2494.667969	321.087677
2494.376953	335.442841
2493.834961	336.029785
2493.534180	323.494812
2493.000977	326.968628
2492.691406	335.289520
2492.167969	284.920013
2491.848633	344.112244
2491.333984	305.857605
2491.005859	308.443817
2490.500000	353.769867
2490.163086	296.512665
2489.666016	302.747040
2489.319336	311.266937
2488.832031	323.669586
2488.475586	340.833252
2487.997070	341.588013
2487.631836	328.902710
2487.163086	359.499725
2486.788086	293.278320
2486.328125	311.508698
2485.944336	322.828217
2485.493164	317.440399
2485.099609	275.377289
2484.658203	305.404846
2484.255859	367.085297
2483.823242	353.245941
2483.411133	352.202423
2482.988281	335.222046
2482.565430	307.736298
2482.152344	326.182281
2481.720703	322.457001
2481.317383	320.137817
2480.875977	319.425049
2480.481445	296.147217
2480.030273	396.232269
2479.645508	352.917877
2479.184570	334.059052
2478.809570	343.881409
2478.338867	348.759888
2477.973633	310.930511
2477.492188	360.498932
2477.136719	286.959320
2476.646484	354.507141
2476.300781	343.689301
2475.799805	375.099945
2475.463867	307.768707
2474.953125	321.861664
2474.626953	325.636230
2474.106445	301.121918
2473.790039	349.470917
2473.259766	321.712585
2472.953125	325.514709
2472.412109	333.441223
2472.115234	346.354614
2471.564453	345.164337
2471.278320	340.319397
2470.716797	383.426910
2470.440430	355.179291
2469.869141	345.004059
2469.602539	346.160431
2469.021484	336.079681
2468.764648	361.013611
2468.172852	341.896301
2467.926758	349.013916
2467.324219	330.029938
2467.088867	325.088837
2466.475586	371.197235
2466.250000	322.046051
2465.626953	315.149628
2465.411133	366.705933
2464.778320	365.134979
2464.573242	402.406647
2463.928711	350.330048
2463.734375	375.509094
2463.080078	291.383026
2462.894531	324.784210
2462.230469	303.085297
2462.055664	345.577026
2461.379883	341.259003
2461.216797	342.533569
2460.530273	358.826416
2460.376953	324.601227
2459.679688	352.861420
2459.537109	339.427399
2458.830078	296.922150
2458.697266	401.877899
2457.979492	361.513580
2457.857422	324.418152
2457.127930	311.475250
2457.017578	345.187347
2456.277344	320.215454
2456.176758	351.072723
2455.425781	337.762695
2455.336914	351.006592
2454.574219	320.065125
2454.496094	353.914520
2453.722656	340.539703
2453.655273	324.112701
2452.871094	337.524628
2452.814453	350.808105
2452.019531	387.328430
2451.973633	323.990417
2451.166992	281.627075
2451.131836	350.675690
2450.314453	363.682617
2450.291016	323.868073
2449.461914	310.816681
2449.449219	338.660400
2448.609375	345.921844
2448.607422	374.238129
2447.765625	350.410706
2447.756836	339.978516
2446.923828	323.623230
2446.903320	328.177582
2446.081055	350.278137
2446.049805	348.606262
2445.239258	281.950195
2445.196289	360.238922
2444.396484	299.700806
2444.342773	339.657104
2443.553711	287.776917
2443.488281	319.084991
2442.710938	332.215515
2442.633789	319.009369
2441.868164	338.083832
2441.779297	318.933746
2441.024414	305.403748
2440.924805	353.961700
2440.181641	323.132935
2440.070313	374.349945
2439.337891	340.855347
2439.214844	318.706635
2438.494141	320.046844
2438.360352	347.863068
2437.650391	358.502869
2437.504883	327.322662
2436.806641	334.736572
2436.649414	318.479248
2435.962891	322.826080
2435.792969	376.826050
2435.118164	337.570404
2434.937500	330.009247
2434.273438	343.427307
2434.081055	329.930542
2433.429688	322.641815
2433.224609	318.175629
2432.584961	322.580383
2432.368164	347.283081
2431.739258	349.148926
2431.510742	332.611877
2430.894531	340.207397
2430.654297	315.030609
2430.049805	319.438202
2429.796875	352.866516
2429.204102	334.163269
2428.939453	311.964264
2428.358398	307.489807
2428.081055	358.527191
2427.512695	375.420685
2427.223633	335.127991
2426.666992	336.927429
2426.365234	399.143646
2425.820313	348.682831
2425.506836	343.705414
2424.974609	298.391846
2424.648438	346.534882
2424.127930	321.965271
2423.790039	334.806152
2423.281250	330.763428
2422.930664	343.457550
2422.434570	312.984070
2422.072266	331.735046
2421.587891	307.019928
2421.212891	334.564392
2420.741211	309.912689
2420.353516	325.758057
2419.893555	312.804321
2419.493164	334.403046
2419.046875	321.595642
2418.633789	328.508026
2418.199219	342.182983
2417.773438	331.335114
2417.351563	356.863800
2416.913086	281.857330
2416.503906	321.410706
2416.052734	331.174866
2415.655273	347.882416
2415.191406	328.190369
2414.807617	312.444580
2414.331055	328.110870
2413.958984	335.960754
2413.469727	316.419617
2413.110352	335.896240
2412.261719	318.156342
2411.413086	350.493744
2410.564453	385.763458
2409.714844	394.521851
2408.866211	297.306244
2408.016602	338.451843
2407.166992	314.846741
2406.317383	344.205353
2405.466797	335.314941
2404.617188	370.539795
2403.766602	376.348785
2402.916016	361.577881
2402.065430	285.091766
2401.214844	358.499817
2400.364258	320.237152
2399.512695	337.799622
2398.661133	352.418427
2397.810547	314.179016
2396.958984	319.989624
2396.106445	296.446808
2395.254883	360.949493
2394.402344	319.803894
2393.550781	319.741974
2392.698242	328.478577
2391.845703	351.873138
2390.993164	366.463470
2390.139648	351.736694
2389.287109	348.737915
2388.433594	319.370209
2387.580078	266.578430
2386.726563	339.748291
2385.873047	319.184204
2385.018555	319.122192
2384.165039	368.821869
2383.310547	354.117218
2382.456055	339.418243
2381.601563	365.681244
2380.747070	318.812012
2379.891602	339.220123
2379.037109	327.459076
2378.181641	327.395294
2377.326172	365.325317
2376.470703	374.020203
2375.615234	335.968262
2374.758789	318.377380
2373.903320	300.793304
2373.046875	350.370422
2372.190430	370.736298
2371.333984	364.826660
2370.477539	318.066681
2369.620117	382.188934
2368.762695	370.446625
2367.906250	370.374176
2367.048828	381.964752
2366.190430	317.755829
2365.333008	375.986023
2364.475586	340.943817
2363.617188	407.887054
2362.758789	381.590973
2361.900391	381.516205
2361.041992	381.441406
2360.183594	360.988251
2359.324219	369.649292
2358.464844	346.296356
2357.605469	349.137848
2356.746094	366.522766
2355.886719	328.642365
2355.027344	372.194336
2354.166992	395.378784
2353.306641	372.048035
2352.446289	325.478027
2351.585938	360.279785
2350.725586	339.874542
2349.865234	383.372742
2349.003906	360.067108
2348.142578	351.286621
2347.281250	330.899078
2346.419922	348.246185
2345.558594	365.586395
2344.696289	356.811615
2343.834961	353.840912
2342.972656	336.372528
2342.110352	330.507751
2341.248047	394.212128
2340.384766	370.949921
2339.522461	399.851410
2338.659180	408.463104
2337.795898	364.937439
2336.932617	350.386536
2336.069336	315.575043
2335.206055	390.772522
2334.341797	315.450195
2333.477539	396.404816
2332.613281	373.183197
2331.749023	376.001617
2330.884766	404.844604
2330.019531	370.070313
2329.155273	396.012360
2328.290039	384.373749
2327.424805	416.081543
2326.559570	389.999054
2325.694336	355.261993
2324.828125	392.732025
2323.961914	372.443939
2323.096680	357.937042
2322.229492	401.156158
2321.363281	429.930878
2320.497070	441.384918
2319.629883	412.454224
2318.763672	400.837311
2317.896484	426.705902
2317.029297	348.791504
2316.161133	432.300110
2315.293945	371.704071
2314.425781	406.200287
2313.557617	397.478546
2312.689453	403.158752
2311.821289	405.957550
2310.953125	408.755188
2310.083984	385.649811
2309.215820	379.818054
2308.346680	382.619110
2307.477539	422.810425
2306.608398	388.217773
2305.738281	393.890472
2304.869141	365.066437
2303.999023	396.607086
2303.128906	341.933441
2302.258789	336.119446
2301.388672	370.519135
2300.517578	404.905029
2299.646484	358.886566
2298.776367	390.390442
2297.905273	398.922119
2297.033203	373.017944
2296.162109	410.237579
2295.291016	407.287170
2294.418945	412.940857
2293.546875	384.187378
2292.674805	415.641815
2291.802734	372.569672
2290.929688	386.821655
2290.057617	386.744049
2289.184570	383.802246
2288.311523	352.225372
2287.438477	406.552521
2286.564453	369.258728
2285.691406	414.974884
2284.817383	371.971680
2283.943359	426.251068
2283.069336	417.584869
2282.195313	414.641296
2281.321289	360.236511
2280.446289	354.447144
2279.571289	431.538269
2278.696289	382.877380
2277.821289	419.937622
2276.946289	399.860046
2276.070313	376.934937
2275.195313	433.958832
2274.319336	399.618347
2273.443359	382.414734
2272.566406	413.723511
2271.690430	382.260468
2270.813477	390.739685
2269.937500	379.254669
2269.060547	413.389648
2268.183594	376.251129
2267.305664	370.475494
2266.428711	404.591492
2265.550781	413.055695
2264.672852	364.554779
2263.794922	444.211273
2262.916992	375.795074
2262.039063	389.950836
2261.160156	404.100830
2260.281250	446.697083
2259.402344	423.849609
2258.523438	423.763794
2257.644531	389.556244
2256.765625	429.277924
2255.885742	397.925354
2255.005859	443.312653
2254.125977	411.969879
2253.246094	451.654663
2252.365234	411.802765
2251.485352	428.755859
2250.604492	380.408112
2249.723633	400.198883
2248.842773	425.657043
2247.961914	425.570587
2247.080078	442.503479
2246.198242	431.069611
2245.317383	436.652802
2244.434570	479.086487
2243.552734	419.469696
2242.670898	487.392639
2241.788086	422.132141
2240.905273	475.864197
2240.022461	407.800568
2239.139648	430.368500
2238.256836	390.649689
2237.373047	455.665131
2236.490234	413.127655
2235.606445	483.770050
2234.722656	429.930145
2233.837891	480.744873
2232.954102	435.409454
2232.069336	446.627625
2231.185547	415.448486
2230.300781	446.445313
2229.415039	457.654266
2228.530273	443.438538
2227.644531	420.756958
2226.759766	457.373810
2225.874023	398.003235
2224.988281	440.253998
2224.101563	451.450226
2223.215820	417.506012
2222.329102	448.445099
2221.442383	459.632660
2220.555664	453.900055
2219.668945	419.982971
2218.782227	431.169373
2217.894531	470.526367
2217.006836	447.894379
2216.119141	475.966248
2215.231445	430.816010
2214.343750	470.140656
2213.455078	408.122223
2212.567383	427.736908
2211.678711	391.073853
2210.790039	407.871002
2209.900391	472.470764
2209.011719	418.950500
2208.122070	455.409668
2207.232422	401.914825
2206.342773	486.132660
2205.453125	446.700592
2204.563477	477.506195
2203.672852	460.558289
2202.782227	409.924866
2201.891602	409.840485
2201.000977	463.080566
2200.110352	390.029968
2199.218750	454.473694
2198.328125	434.746368
2197.436523	431.852539
2196.544922	423.352570
2195.652344	400.840637
2194.760742	454.005554
2193.868164	367.052216
2192.975586	456.619598
2192.083008	428.517670
2191.190430	459.231323
2190.297852	436.739624
2189.404297	464.639771
2188.510742	436.559235
2187.617188	447.660522
2186.723633	394.419312
2185.830078	467.052551
2184.935547	433.402252
2184.041992	455.677124
2183.147461	441.607910
2182.252930	435.927704
2181.357422	433.043640
2180.462891	379.882202
2179.567383	455.205719
2178.671875	418.814178
2177.776367	452.225586
2176.880859	438.177185
2175.984375	429.715271
2175.088867	457.523956
2174.192383	465.796661
2173.295898	432.236572
2172.399414	457.239258
2171.501953	468.294220
2170.605469	412.459229
2169.708008	398.442047
2168.810547	451.288116
2167.913086	414.987396
2167.014648	476.161713
2166.117188	414.814880
2165.218750	450.912994
2164.320313	436.905060
2163.421875	431.249634
2162.523438	439.504913
2161.624023	428.289032
2160.725586	461.566071
2159.826172	444.790314
2158.926758	464.153168
2158.026367	419.595947
2157.126953	480.628937
2156.226563	480.528717
2155.326172	469.320343
2154.425781	441.457794
2153.525391	466.348633
2152.625000	413.520508
2151.723633	413.434174
2150.822266	493.798096
2149.920898	463.185730
2149.019531	438.132050
2148.118164	468.536987
2147.215820	465.667206
2146.313477	462.798584
2145.411133	426.683105
2144.508789	451.524628
2143.606445	490.203278
2142.703125	429.184204
2141.800781	420.789307
2140.897461	440.075562
2139.994141	453.819336
2139.089844	467.557281
2138.186523	453.629150
2137.282227	456.299469
2136.377930	467.263275
2135.473633	453.343811
2134.569336	433.902710
2133.664063	464.206085
2132.759766	458.583527
2131.854492	477.821014
2130.949219	436.299774
2130.042969	474.859467
2129.137695	452.677826
2128.231445	436.024750
2127.325195	474.560028
2126.418945	493.769653
2125.512695	493.665771
2124.606445	477.017883
2123.699219	487.944458
2122.791992	493.354065
2121.884766	518.050415
2120.977539	476.616180
2120.070313	490.287872
2119.162109	454.384521
2118.253906	492.834412
2117.345703	462.450928
2116.437500	506.387024
2115.529297	423.734467
2114.620117	456.656311
2113.710938	442.808075
2112.801758	533.457275
2111.892578	494.855804
2110.983398	505.745697
2110.073242	522.127014
2109.163086	527.511475
2108.252930	472.462433
2107.342773	439.406952
2106.432617	557.379578
2105.521484	505.104095
2104.611328	488.529846
2103.700195	499.402222
2102.788086	452.658844
2101.876953	482.733765
2100.965820	504.569214
2100.053711	482.529053
2099.141602	457.757172
2098.229492	496.026733
2097.316406	504.141144
2096.404297	512.252075
2095.491211	490.233398
2094.578125	492.867401
2093.665039	473.599701
2092.751953	525.501831
2091.837891	514.444458
2090.923828	473.297668
2090.009766	492.343658
2089.095703	503.177551
2088.181641	483.931885
2087.266602	483.828827
2086.352539	461.862457
2085.437500	541.001648
2084.522461	529.959351
2083.606445	513.459412
2082.691406	496.966400
2081.775391	521.430420
2080.859375	526.777954
2079.943359	493.919495
2079.027344	504.727051
2078.110352	444.610474
2077.193359	550.871948
2076.277344	479.865082
2075.359375	528.829102
2074.442383	539.617371
2073.525391	471.383026
2072.607422	471.282166
2071.689453	506.587982
2070.771484	577.277771
2069.852539	465.534698
2068.934570	481.766022
2068.015625	495.269073
2067.096680	508.766266
2066.177734	541.298279
2065.258789	503.109070
2064.338867	530.190369
2063.418945	532.794922
2062.499023	459.301056
2061.579102	521.697388
2060.659180	546.034668
2059.738281	464.437103
2058.818359	505.068604
2057.897461	504.959991
2056.975586	521.136902
2056.054688	556.302490
2055.133789	512.773376
2054.211914	482.825439
2053.290039	512.552551
2052.368164	531.421448
2051.445313	536.728394
2050.523438	558.294006
2049.600586	520.239502
2048.677734	536.381226
2047.754883	574.183228
2046.831055	538.857544
2045.908203	481.889099
2044.984375	562.984741
2044.060547	511.447693
2043.136719	565.446899
2042.211914	508.521667
2041.287109	559.793701
2040.363281	594.821106
2039.438477	594.692383
2038.512695	532.404663
2037.587891	518.779480
2036.662109	526.771240
2035.736328	575.271606
2034.810547	550.844910
2033.884766	502.131989
2032.958984	572.198303
2032.032227	512.707947
2031.182617	531.967041
2031.105469	534.179688
2030.256836	572.472168
2030.178711	547.550110
2029.331055	496.778687
2029.251953	579.791626
2028.405273	512.891235
2028.324219	517.654907
2027.478516	539.794128
2027.396484	509.455750
2026.551758	580.180420
2026.468750	544.379272
2025.625977	531.517029
2025.541016	590.064941
2024.699219	574.588379
2024.613281	554.917480
2023.771484	536.730774
2023.684570	565.569458
2022.844727	568.999695
2022.756836	573.524048
2021.917969	566.206665
2021.828125	568.015076
2020.990234	560.718689
2020.898438	554.434143
2020.062500	582.185547
2019.969727	575.840027
2019.134766	536.273865
2019.040039	540.741150
2018.207031	546.959778
2018.111328	548.692200
2017.279297	514.539246
2017.181641	580.841431
2016.350586	571.013855
2016.251953	500.059784
2015.422852	573.609131
2015.321289	599.403137
2014.494141	525.045105
2014.390625	575.086304
2013.565430	508.802582
2013.460938	558.840210
2012.636719	530.248108
2012.530273	569.462646
2011.708008	514.010132
2011.598633	526.369202
2010.778320	575.807556
2010.667969	563.843567
2009.849609	548.806213
2009.736328	609.354675
2008.919922	548.711670
2008.804688	603.853699
2007.990234	543.238464
2007.873047	531.274841
2007.060547	561.966553
2006.941406	555.302002
2006.130859	588.753174
2006.008789	584.682678
2005.200195	526.829590
2005.077148	568.465820
2004.270508	588.549561
2004.144531	571.021973
2003.339844	553.516968
2003.211914	533.372986
2002.409180	564.167114
2002.278320	546.654297
2001.478516	556.011108
2001.345703	584.041504
2000.547852	582.770386
2000.412109	559.806702
1999.616211	569.243591
1999.478516	578.429077
1998.685547	601.360352
1998.544922	594.365845
1997.753906	646.886719
1997.611328	599.588623
1996.822266	576.997620
1996.676758	556.638428
1995.890625	523.232239
1995.742188	567.218140
1994.958984	584.844727
1994.807617	604.542786
1994.026367	563.284180
1993.873047	556.270874
1993.094727	541.731079
1992.937500	580.212402
1992.162109	616.714661
1992.002930	580.084534
1991.229492	595.159546
1991.067383	606.682739
1990.296875	578.972717
1990.131836	529.060303
1989.364258	570.831360
1989.196289	587.715088
1988.430664	600.205627
1988.259766	558.206055
1987.498047	581.347107
1987.323242	590.125854
1986.564453	613.387573
1986.386719	608.683105
1985.630859	589.177002
1985.450195	669.937317
1984.697266	583.718140
1984.513672	563.049866
1983.763672	578.261047
1983.576172	600.275879
1982.829102	556.745850
1982.639648	605.477661
1981.895508	572.704773
1981.702148	605.343628
1980.960938	591.333740
1980.763672	631.870850
1980.026367	609.955994
1979.826172	565.092590
1979.091797	556.352722
1978.887695	588.951843
1978.157227	588.345886
1977.950195	543.527344
1977.221680	566.851074
1977.011719	647.293396
1976.287109	564.077332
1976.072266	577.907410
1975.351563	555.958679
1975.133789	583.104309
1974.416016	577.239197
1974.194336	556.354980
1973.480469	630.575317
1973.254883	630.750488
1972.544922	574.362671
1972.315430	572.072632
1971.608398	633.022095
1971.375977	540.022949
1970.672852	587.510864
1970.435547	593.095276
1969.736328	582.066162
1969.495117	592.963318
1968.799805	646.031616
1968.554688	592.831360
1967.863281	587.196716
1967.614258	608.646423
1966.925781	603.103516
1966.673828	661.655884
1965.989258	573.646423
1965.732422	616.345276
1965.051758	650.905579
1964.791016	661.361023
1964.114258	541.435242
1963.849609	600.137573
1963.176758	632.005798
1962.908203	621.242737
1962.239258	639.891174
1961.966797	655.609863
1961.301758	613.119141
1961.024414	578.506226
1960.363281	578.360779
1960.082031	607.561157
1959.425781	620.893372
1959.139648	607.425415
1958.487305	586.145935
1958.197266	564.858887
1957.548828	623.334045
1957.253906	617.759094
1956.610352	639.201904
1956.310547	564.606201
1955.670898	631.098206
1955.367188	659.884888
1954.732422	654.945984
1954.423828	588.199341
1953.792969	617.561218
1953.480469	617.206055
1952.853516	593.497009
1952.536133	670.034912
1951.914063	627.982056
1951.591797	616.929382
1950.974609	622.547668
1950.647461	600.907959
1950.034180	611.795227
1949.703125	611.359436
1949.094727	643.598511
1948.757813	627.098083
1948.154297	590.301636
1947.813477	613.730286
1947.213867	627.414185
1946.868164	621.526794
1946.273438	627.300415
1945.921875	600.233459
1945.333008	611.241211
1944.976563	613.316528
1944.391602	605.816040
1944.031250	573.533386
1943.451172	621.645630
1943.084961	597.186035
1942.509766	645.437683
1942.138672	565.349670
1941.568359	642.664612
1941.191406	655.024048
1940.626953	600.065186
1940.245117	668.079529
1939.684570	594.646484
1939.297852	625.688354
1938.743164	602.500671
1938.350586	625.547241
1937.800781	636.888916
1937.403320	625.406067
1936.858398	676.570984
1936.456055	604.158875
1935.916016	660.531006
1935.507813	601.384766
1934.973633	628.583252
1934.560547	643.441772
1934.031250	660.289490
1933.612305	651.205688
1933.087891	689.332764
1932.663086	695.868103
1932.144531	654.746155
1931.714844	645.640564
1931.201172	591.018799
1930.765625	640.225098
1930.257813	641.257080
1929.816406	624.275635
1929.314453	657.035461
1928.867188	637.301575
1928.371094	627.777466
1927.917969	700.346313
1927.426758	617.068665
1926.967773	671.232361
1926.482422	651.377625
1926.018555	665.816711
1925.538086	714.795166
1925.068359	660.403381
1924.593750	712.016724
1924.117188	704.971802
1923.649414	685.421448
1923.166992	615.395203
1922.704102	672.065491
1922.215820	657.324097
1921.758789	653.423462
1921.265625	696.605103
1920.814453	655.947876
1920.313477	633.372253
1919.868164	642.604431
1919.362305	709.425659
1918.922852	653.061646
1918.411133	651.472229
1917.977539	645.010437
1917.458984	638.192261
1917.031250	652.820129
1916.506836	656.426758
1916.084961	636.844238
1915.554688	700.903931
1915.138672	686.924622
1914.601563	645.629333
1914.192383	633.966797
1913.649414	663.849365
1913.246094	620.644043
1912.696289	668.944397
1912.299805	705.026428
1911.743164	647.809875
1911.352539	617.773621
1910.789063	642.417603
1910.405273	696.845886
1909.835938	663.242859
1909.458008	694.077332
1908.881836	636.881958
1908.510742	712.418335
1907.927734	641.976807
1907.562500	691.180969
1906.973633	649.688965
1906.615234	640.937805
1906.018555	665.254822
1905.666992	669.826660
1905.064453	644.154236
1904.718750	603.786255
1904.109375	717.308044
1903.770508	682.757507
1903.154297	690.970398
1902.822266	653.638062
1902.199219	656.794556
1901.873047	679.867432
1901.243164	724.662598
1900.924805	682.375061
1900.287109	651.261841
1899.975586	705.954895
1899.331055	638.037598
1899.026367	658.416809
1898.375000	632.662231
1898.076172	716.223450
1897.417969	692.631897
1897.126953	718.721985
1896.461914	682.020020
1896.176758	652.782593
1895.504883	668.800476
1895.227539	681.608826
1894.547852	645.139221
1894.277344	655.168945
1893.589844	676.326111
1893.327148	607.693237
1892.632813	605.681335
1892.375977	623.360413
1891.674805	662.963623
1891.425781	665.318726
1890.716797	688.905457
1890.474609	678.339722
1889.758789	699.181885
1889.523438	683.469604
1888.799805	662.504272
1888.572266	641.289185
1887.841797	644.097351
1887.621094	667.445801
1886.882813	672.626160
1886.669922	622.656860
1885.922852	690.715820
1885.717773	717.102417
1884.963867	703.585205
1884.765625	664.442078
1884.003906	674.764282
1883.813477	672.193909
1883.044922	679.817200
1882.861328	687.818542
1882.083984	653.618958
1881.909180	619.444641
1881.124023	635.243103
1880.956055	671.812927
1880.164063	661.124084
1880.003906	697.923584
1879.203125	624.539124
1879.050781	676.805298
1878.242188	692.036621
1878.097656	639.958191
1877.281250	681.471619
1877.143555	723.750000
1876.319336	650.107910
1876.190430	710.503845
1875.358398	691.553772
1875.236328	692.020081
1874.396484	639.408325
1874.283203	673.543213
1873.433594	712.020569
1873.329102	704.858826
1872.471680	709.256592
1872.374023	728.303101
1871.508789	716.883362
1871.419922	673.159424
1870.546875	706.328918
1870.465820	646.843384
1869.583984	669.817322
1869.510742	654.575256
1868.620117	716.381348
1868.555664	683.246460
1867.657227	700.644043
1867.600586	696.202820
1866.693359	741.990173
1866.644531	656.818054
1865.729492	710.691406
1865.689453	711.635254
1864.765625	669.034485
1864.733398	674.878235
1863.800781	694.803284
1863.777344	700.902466
1862.836914	738.703491
1862.821289	648.472473
1861.872070	697.068970
1861.865234	729.392151
1860.909180	716.183655
1860.907227	727.994141
1859.952148	710.820068
1859.941406	683.791260
1858.995117	684.555969
1858.976563	725.062866
1858.038086	689.649536
1858.010742	642.047607
1857.081055	744.365417
1857.044922	691.074219
1856.124023	731.166260
1856.078125	685.736328
1855.166016	689.253174
1855.112305	682.987854
1854.208984	759.599243
1854.145508	744.902222
1853.250977	699.427917
1853.178711	690.423706
1852.292969	735.823914
1852.211914	723.869202
1851.333984	704.376892
1851.244141	715.944519
1850.375977	680.766785
1850.277344	728.695740
1849.416992	730.184082
1849.309570	715.606567
1848.458008	722.221741
1848.341797	715.437500
1847.499023	755.971069
1847.373047	761.747925
1846.540039	734.975159
1846.405273	730.588745
1845.581055	773.920410
1845.436523	696.863159
1844.621094	750.323608
1844.467773	758.626892
1843.661133	742.364563
1843.498047	776.505493
1842.701172	755.242737
1842.529297	771.163147
1841.741211	742.078064
1841.559570	758.087585
1840.781250	760.157715
1840.589844	775.953125
1839.820313	754.805298
1839.620117	747.418518
1838.859375	744.250305
1838.649414	767.854492
1837.898438	790.938232
1837.678711	749.639404
1836.937500	730.956055
1836.708008	770.064880
1835.976563	793.232910
1835.737305	749.282776
1835.014648	800.880066
1834.766602	818.608887
1834.053711	774.727295
1833.794922	759.220398
1833.091797	753.783142
1832.823242	813.072754
1832.129883	800.414368
1831.851563	769.148010
1831.166992	821.045044
1830.878906	784.395142
1830.205078	818.287964
1829.907227	804.777222
1829.242188	810.337341
1828.934570	822.578857
1828.279297	760.842041
1827.961914	773.553284
1827.316406	750.309204
1826.988281	811.908142
1826.353516	802.077759
1826.015625	788.595398
1825.390625	799.326477
1825.041992	788.406555
1824.426758	781.007935
1824.068359	785.650146
1823.462891	791.232666
1823.093750	793.162415
1822.499023	770.328918
1822.120117	823.767151
1821.535156	809.076721
1821.145508	797.913025
1820.571289	777.806702
1820.170898	802.851440
1819.606445	777.654968
1819.196289	794.965271
1818.641602	741.219727
1818.220703	758.881104
1817.676758	684.069214
1817.245117	735.629944
1816.711914	759.064941
1816.269531	786.703918
1815.747070	797.768982
1815.293945	814.695740
1814.781250	740.640686
1814.318359	778.640869
1813.816406	706.836914
1813.341797	768.210266
1812.850586	761.060059
1812.365234	826.906799
1811.883789	753.146667
1811.388672	770.398926
1810.917969	794.401184
1810.411133	762.536255
1809.952148	763.200134
1809.434570	800.725281
1808.985352	763.050537
1808.457031	757.052246
1808.018555	773.245361
1807.479492	723.628113
1807.051758	765.336853
1806.500977	766.911133
1806.084961	798.792847
1805.523438	741.167786
1805.117188	754.698120
1804.544922	733.322693
1804.149414	788.142883
1803.565430	835.325195
1803.182617	806.072937
1802.586914	840.230164
1802.214844	836.911194
1801.607422	845.132568
1801.246094	826.416443
1800.628906	742.821106
1800.278320	797.851379
1799.648438	791.128967
1799.309570	823.509705
1798.668945	780.730835
1798.340820	862.062927
1797.688477	765.235962
1797.372070	838.668457
1796.708984	813.502625
1796.403320	812.703064
1795.727539	854.096924
1795.434570	856.394409
1794.747070	795.263367
1794.464844	799.487671
1793.766602	779.779358
1793.495117	825.114746
1792.785156	835.637756
1792.525391	788.860229
1791.803711	794.680664
1791.555664	827.366455
1790.821289	837.775574
1790.584961	868.434326
1789.839844	835.024719
1789.615234	860.533386
1788.857422	806.823181
1788.644531	852.635437
1787.875000	852.427490
1787.673828	857.617615
1786.892578	857.306335
1786.703125	872.897461
1785.909180	808.773071
1785.731445	818.662109
1784.925781	803.489136
1784.760742	911.160400
1783.942383	838.880554
1783.789063	887.819397
1782.958984	838.674316
1782.817383	851.623108
1781.974609	899.447510
1781.845703	859.171387
1780.990234	863.663452
1780.873047	889.863342
1780.005859	916.781494
1779.901367	861.401917
1779.021484	878.471497
1778.928711	894.651855
1778.037109	878.254822
1777.956055	909.896179
1777.051758	855.198975
1776.983398	866.028564
1776.066406	880.358276
1776.009766	937.797058
1775.080078	897.895752
1775.037109	919.629089
1774.094727	920.495911
1774.063477	927.151062
1773.108398	960.830933
1773.089844	955.212158
1772.122070	932.713013
1772.116211	962.723816
1771.142578	913.763855
1771.135742	912.210571
1770.167969	911.015625
1770.148438	861.318604
1769.193359	954.451538
1769.161133	899.094849
1768.218750	890.130859
1768.173828	911.531799
1767.244141	907.906311
1767.186523	883.459900
1766.269531	946.188171
1766.199219	921.201904
1765.293945	861.397766
1765.210938	875.430176
1764.318359	871.478516
1764.222656	804.385803
1763.342773	917.432434
1763.233398	880.052002
1762.367188	927.497742
1762.245117	922.812988
1761.391602	942.682190
1761.255859	889.723694
1760.415039	865.660034
1760.266602	889.501648
1759.439453	888.532471
1759.277344	869.068604
1758.462891	913.955688
1758.287109	830.965454
1757.486328	893.296082
1757.296875	873.684326
1756.508789	967.330444
1756.306641	850.745483
1755.532227	944.109619
1755.316406	921.199768
1754.554688	910.665833
1754.325195	852.842468
1753.577148	869.562744
1753.333984	920.737976
1752.599609	963.998352
1751.621094	899.892212
1750.643555	981.503601
1749.665039	884.198181
1748.686523	896.795532
1747.708008	899.169861
1746.729492	944.960266
1745.750000	888.594788
1744.770508	962.450806
1743.791016	967.362061
1742.811523	918.681458
1741.832031	931.253479
1740.851563	1005.041077
1739.871094	943.630249
1738.890625	951.089661
1737.910156	889.714172
1736.929688	1009.328857
1735.948242	958.159424
1734.966797	927.392700
1733.985352	901.732849
1733.003906	886.270325
1732.022461	916.646179
1731.040039	964.829773
1730.057617	967.179993
1729.075195	964.439819
1728.092773	951.523865
1727.110352	1022.554016
1726.126953	976.570374
1725.143555	1029.768066
1724.160156	953.295898
1723.176758	986.143677
1722.192383	952.909668
1721.208984	975.581726
1720.224609	1016.024902
1719.240234	1033.595703
1718.255859	967.371094
1717.270508	1015.406616
1716.286133	1010.124451
1715.300781	1017.531738
1714.315430	1068.064453
1713.329102	1060.238037
1712.343750	1039.734985
1711.357422	1031.917236
1710.371094	1054.521484
1709.384766	1064.444458
1708.398438	1041.422974
1707.411133	1071.611206
1706.424805	1010.604736
1705.437500	1131.950562
1704.450195	1048.170044
1703.461914	1055.550293
1702.474609	1065.458130
1701.486328	1060.180298
1700.498047	1070.082886
1699.509766	1122.978271
1698.520508	1079.760864
1697.532227	1049.202026
1696.542969	1107.124268
1695.553711	1084.153564
1694.564453	1066.245361
1693.574219	1053.396606
1692.584961	1106.218994
1691.594727	1105.992676
1690.604492	1009.832214
1689.614258	1057.582642
1688.623047	1064.936768
1687.632813	1021.827026
1686.641602	1056.932739
1685.650391	998.710205
1684.658203	1021.198730
1683.666992	1099.139038
1682.674805	1073.709106
1681.682617	1093.648193
1680.690430	1032.957764
1679.698242	1060.453491
1678.705078	1128.231689
1677.712891	1075.124878
1676.719727	1079.938599
1675.726563	1089.783813
1674.732422	1152.467285
1673.739258	1011.346130
1672.745117	1068.989136
1671.750977	1036.077393
1670.756836	1061.006348
1669.761719	1108.548462
1668.767578	1035.437256
1667.772461	1040.249268
1666.777344	1050.083496
1665.781250	1069.960083
1664.786133	1059.694824
1663.790039	1119.730835
1662.793945	1179.741821
1661.797852	1076.605835
1660.801758	1076.383545
1659.804688	1068.635620
1658.808594	1083.462891
1657.811523	1193.568848
1656.814453	1108.084717
1655.816406	1047.700562
1654.819336	1115.144287
1653.821289	1127.440674
1652.823242	1092.138672
1651.825195	1142.000244
1650.826172	1074.159302
1649.828125	1134.017212
1648.829102	1161.313354
1647.830078	1123.537964
1646.831055	1173.340820
1645.831055	1068.044067
1644.831055	1102.833008
1643.831055	1200.113403
1642.831055	1142.370850
1641.831055	1152.130493
1640.830078	1101.917603
1639.830078	1186.626221
1638.829102	1163.900879
1637.828125	1111.219360
1636.826172	1255.791260
1635.825195	1138.214233
1634.823242	1175.410889
1633.821289	1182.651489
1632.818359	1154.965576
1631.816406	1229.545288
1630.813477	1216.821899
1629.810547	1201.610596
1628.807617	1293.580811
1627.804688	1235.996826
1626.801758	1208.333740
1625.797852	1260.390503
1624.793945	1317.406128
1623.790039	1347.009399
1622.785156	1279.516357
1621.781250	1226.984253
1620.776367	1226.728027
1619.771484	1273.739502
1618.766602	1323.218506
1617.760742	1308.021606
1616.754883	1317.692993
1615.750000	1304.989014
1614.743164	1322.112305
1613.737305	1289.535278
1612.731445	1311.622681
1611.724609	1328.733398
1610.717773	1358.252441
1609.710938	1315.764160
1608.703125	1382.504028
1607.696289	1342.509888
1606.688477	1337.266479
1605.680664	1277.454346
1604.671875	1411.104980
1603.664063	1390.973389
1602.655273	1279.129639
1601.646484	1387.911377
1600.637695	1340.540039
1599.628906	1392.283447
1598.619141	1211.180786
1597.609375	1285.216309
1596.599609	1267.615601
1595.589844	1311.904419
1594.580078	1373.497925
1593.569336	1306.404297
1592.558594	1385.288818
1591.547852	1320.693970
1590.537109	1414.378174
1589.525391	1320.138062
1588.514648	1267.955444
1587.502930	1322.053223
1586.490234	1284.715698
1585.478516	1323.966309
1584.465820	1331.095947
1583.454102	1286.372559
1582.441406	1313.255005
1581.427734	1298.169922
1580.415039	1191.794312
1579.401367	1280.353394
1578.387695	1228.287842
1577.374023	1282.278809
1576.360352	1237.630737
1575.345703	1244.763916
1574.331055	1232.179077
1573.316406	1177.714233
1572.301758	1160.222046
1571.286133	1194.455811
1570.271484	1221.288208
1569.255859	1260.417847
1568.240234	1228.155029
1567.223633	1151.613037
1566.208008	1173.510864
1565.191406	1188.020386
1564.174805	1155.799683
1563.158203	1177.682495
1562.140625	1187.265259
1561.124023	1182.098389
1560.106445	1167.105347
1559.088867	1220.901733
1558.070313	1171.522217
1557.052734	1178.640137
1556.034180	1163.660034
1555.015625	1151.140625
1553.997070	1283.408691
1552.977539	1162.918701
1551.958984	1049.838501
1550.939453	1231.090942
1549.919922	1171.984741
1548.899414	1196.248901
1547.879883	1154.330688
1546.859375	1141.833618
1545.838867	1156.289185
1544.818359	1156.043091
1543.796875	1187.630371
1542.776367	1187.377441
1541.754883	1307.060791
1540.733398	1162.399902
1539.710938	1125.452637
1538.689453	1110.536011
1537.666992	1191.003784
1536.644531	1129.622925
1535.622070	1180.717529
1534.598633	1204.905762
1533.576172	1131.343384
1532.552734	1157.974731
1531.529297	1121.090454
1530.504883	1140.386475
1529.481445	1203.619751
1528.457031	1178.953491
1527.432617	1132.334351
1526.408203	1178.449463
1525.382813	1183.076050
1524.357422	1192.578125
1523.333008	1214.267578
1522.306641	1221.320923
1521.281250	1186.937988
1520.254883	1201.304199
1519.229492	1166.940063
1518.203125	1195.918213
1517.175781	1200.532227
1516.149414	1154.016724
1515.122070	1219.490356
1514.094727	1331.173950
1513.067383	1243.297974
1512.040039	1267.356567
1511.011719	1230.604248
1509.983398	1171.984009
1508.955078	1222.782837
1507.926758	1254.116089
1506.897461	1166.369019
1505.869141	1256.006592
1504.839844	1233.876587
1503.809570	1219.041138
1502.780273	1272.191528
1501.750000	1196.670776
1500.719727	1196.413330
1499.689453	1336.880005
1498.659180	1312.334595
1497.627930	1222.318359
1496.597656	1319.043457
1495.566406	1292.093262
1494.534180	1272.425415
1493.502930	1267.304810
1492.470703	1264.609009
1491.438477	1317.622437
1490.406250	1314.916626
1489.374023	1273.474976
1488.340820	1307.087524
1487.307617	1318.905396
1486.274414	1335.557007
1485.241211	1332.849487
1484.207031	1267.263672
1483.172852	1315.348145
1482.138672	1346.489990
1481.104492	1273.692627
1480.070313	1261.335327
1479.035156	1328.705688
1478.000000	1277.696777
1476.964844	1325.715820
1475.929688	1327.843018
1474.893555	1221.351074
1473.857422	1310.375488
1472.821289	1281.139282
1471.785156	1283.273682
1470.748047	1280.583862
1469.711914	1326.117554
1468.674805	1277.617920
1467.636719	1291.801270
1466.599609	1354.169312
1465.561523	1296.058594
1464.523438	1262.058105
1463.485352	1321.983643
1462.447266	1309.659180
1461.408203	1237.166382
1460.370117	1277.806519
1459.331055	1277.528809
1458.291016	1250.791870
1457.251953	1298.616699
1456.211914	1348.824951
1455.171875	1331.704834
1454.131836	1319.398560
1453.090820	1283.069946
1452.050781	1314.019531
1451.009766	1229.673462
1449.968750	1296.638672
1448.926758	1322.763306
1447.885742	1358.476929
1446.843750	1374.977905
1445.801758	1309.902588
1444.758789	1343.196655
1443.716797	1410.048706
1442.673828	1460.088745
1441.630859	1466.960815
1440.587891	1454.658081
1439.543945	1542.990234
1438.500977	1442.045288
1437.457031	1527.946411
1436.413086	1530.006592
1435.368164	1558.398193
1434.324219	1577.203857
1433.279297	1543.359497
1432.234375	1631.536011
1431.188477	1518.766113
1430.143555	1499.303589
1429.097656	1673.496948
1428.051758	1630.106812
1427.004883	1622.580566
1425.958984	1636.559570
1424.912109	1624.257568
1423.865234	1676.439209
1422.818359	1652.195679
1421.771484	1682.864624
1420.723633	1608.513062
1419.675781	1601.001831
1418.627930	1634.046631
1417.579102	1616.992920
1416.531250	1683.401245
1415.482422	1711.637939
1414.433594	1770.845825
1413.383789	1715.650757
1412.334961	1755.772705
1411.285156	1702.986694
1410.235352	1740.712036
1409.185547	1697.475220
1408.134766	1668.538574
1407.083984	1627.715942
1406.033203	1629.736328
1404.982422	1565.153442
1403.931641	1545.783203
1402.879883	1474.114014
1401.828125	1490.428345
1400.776367	1506.735229
1399.723633	1475.514160
1398.671875	1425.302734
1397.619141	1436.862671
1396.566406	1372.434937
1395.512695	1431.479736
1394.459961	1492.871826
1393.406250	1461.694214
1392.352539	1413.923706
1391.297852	1458.675537
1390.244141	1498.664795
1389.189453	1436.692749
1388.134766	1535.925171
1387.080078	1533.215210
1386.024414	1492.598877
1384.968750	1480.424683
1383.913086	1589.031494
1382.857422	1550.796875
1381.801758	1564.655396
1380.745117	1538.275757
1379.688477	1459.854614
1378.631836	1641.675903
1377.574219	1544.346191
1376.517578	1525.087280
1375.459961	1524.748291
1374.401367	1555.133789
1373.343750	1500.441162
1372.285156	1500.107422
1371.226563	1436.003662
1370.167969	1414.432129
1369.109375	1392.869995
1368.049805	1453.926758
1366.990234	1399.328735
1365.930664	1415.531372
1364.871094	1346.813721
1363.810547	1353.587891
1362.750977	1428.730469
1361.690430	1456.697021
1360.628906	1366.821411
1359.568359	1364.160156
1358.506836	1335.589111
1357.445313	1332.935669
1356.383789	1384.436401
1355.321289	1402.958618
1354.258789	1362.636597
1353.196289	1388.213745
1352.133789	1399.664917
1351.070313	1357.018311
1350.007813	1413.146362
1348.944336	1372.866211
1347.879883	1436.015991
1346.816406	1416.896240
1345.751953	1428.324707
1344.687500	1543.090210
1343.623047	1444.121216
1342.558594	1490.749878
1341.493164	1511.539307
1340.427734	1471.307983
1339.362305	1557.781616
1338.295898	1519.903076
1337.230469	1580.531616
1336.164063	1547.353638
1335.097656	1579.820923
1334.030273	1586.495728
1332.962891	1581.452881
1331.896484	1613.890015
1330.828125	1650.995972
1329.760742	1645.941528
1328.692383	1732.179565
1327.624023	1708.386597
1326.555664	1686.943848
1325.487305	1628.083374
1324.417969	1702.553589
1323.348633	1699.831177
1322.279297	1741.524414
1321.209961	1631.287964
1320.139648	1635.592529
1319.069336	1635.222900
1317.999023	1613.833740
1316.928711	1545.754395
1315.857422	1566.414795
1314.786133	1643.079590
1313.714844	1572.705933
1312.643555	1553.686890
1311.571289	1464.706177
1311.570313	1515.399536
1310.499023	1494.687744
1310.498047	1555.033081
1309.426758	1552.630859
1309.425781	1508.136108
1308.354492	1407.772339
1308.352539	1475.238892
1307.281250	1454.057495
1307.279297	1505.266724
1306.208008	1439.749390
1306.207031	1374.533203
1305.134766	1432.435059
1305.133789	1416.214233
1304.061523	1422.795288
1304.059570	1448.564697
1302.987305	1366.597534
1302.986328	1448.304688
1301.914063	1433.786743
1301.912109	1350.266602
1300.838867	1412.517456
1300.837891	1398.904053
1299.764648	1354.033325
1299.763672	1359.089722
1298.689453	1367.681274
1298.689453	1447.262939
1297.615234	1381.863770
1297.615234	1411.553711
1296.540039	1397.896118
1296.540039	1474.005615
1295.464844	1339.505493
1295.463867	1385.342651
1294.389648	1383.440552
1294.388672	1343.197510
1293.314453	1376.216187
1293.312500	1349.861450
1292.239258	1378.291382
1292.236328	1321.680054
1291.163086	1412.899414
1291.159180	1381.757935
1290.086914	1412.643188
1290.083008	1427.877808
1289.010742	1477.431030
1289.005859	1385.770020
1287.934570	1514.323975
1287.928711	1473.640015
1286.857422	1476.894165
1286.850586	1457.062378
1285.781250	1460.373413
1285.773438	1484.565186
1284.704102	1534.389648
1284.695313	1512.055176
1283.626953	1425.028076
1283.617188	1493.160889
1282.549805	1489.741333
1282.538086	1485.865356
1281.471680	1496.429565
1281.459961	1397.459961
1280.394531	1438.165771
1280.380859	1427.260986
1279.316406	1414.710815
1279.301758	1394.503906
1278.238281	1368.076538
1278.221680	1412.711914
1277.160156	1353.916016
1277.142578	1407.757568
1276.081055	1365.257568
1276.062500	1358.822876
1275.002930	1353.419678
1274.981445	1377.026001
1273.923828	1413.415161
1273.901367	1360.513550
1272.844727	1394.622437
1272.820313	1357.888184
1271.764648	1271.606201
1271.740234	1276.630737
1270.685547	1347.793579
1270.658203	1276.337646
1269.605469	1345.230103
1269.577148	1333.836304
1268.525391	1370.446655
1268.495117	1284.995850
1267.445313	1319.274536
1267.413086	1319.359741
1266.365234	1349.114258
1266.331055	1367.567993
1265.285156	1376.629028
1265.249023	1286.419189
1264.204102	1274.592285
1264.166016	1295.359253
1263.123047	1302.110229
1263.083008	1246.582886
1262.041992	1373.552979
1262.000000	1250.911743
1260.960938	1310.875854
1260.916016	1206.782471
1259.878906	1269.025391
1259.833008	1264.176636
1258.797852	1315.011841
1258.749023	1259.272583
1257.715820	1289.350464
1257.664063	1307.404541
1256.633789	1289.110840
1256.580078	1318.629272
1255.550781	1286.561401
1255.495117	1309.105957
1254.468750	1288.631348
1254.410156	1304.195190
1253.385742	1336.879150
1253.325195	1276.249512
1252.302734	1276.608643
1252.239258	1273.651489
1251.219727	1239.441284
1251.154297	1328.620239
1250.135742	1313.054810
1250.068359	1282.270996
1249.052734	1298.966309
1248.981445	1295.783813
1247.968750	1326.405029
1247.895508	1341.504639
1246.884766	1339.994995
1246.808594	1311.287476
1245.800781	1318.990845
1245.721680	1317.883667
1244.716797	1341.798706
1244.634766	1299.182861
1243.631836	1334.632080
1243.546875	1344.859741
1242.546875	1309.030762
1242.458984	1326.161011
1241.461914	1419.386597
1241.371094	1273.003052
1240.376953	1315.450439
1240.283203	1366.897095
1239.291992	1292.169800
1239.194336	1309.160522
1238.206055	1282.715210
1238.105469	1311.152710
1237.120117	1353.850098
1237.016602	1262.638184
1236.034180	1302.950317
1235.927734	1273.820557
1234.948242	1293.498291
1234.837891	1307.943970
1233.861328	1355.385742
1233.748047	1305.345581
1232.775391	1309.115234
1232.658203	1243.115356
1231.688477	1382.477417
1231.568359	1366.650024
1230.601563	1393.715332
1230.477539	1288.386597
1229.513672	1324.468994
1229.386719	1260.582764
1228.426758	1328.816162
1228.295898	1264.871826
1227.338867	1353.848633
1227.204102	1324.140259
1226.250977	1234.089722
1226.113281	1252.829956
1225.163086	1348.739746
1225.021484	1245.668091
1224.074219	1343.889282
1223.928711	1334.659790
1222.986328	1322.962769
1222.836914	1274.840210
1221.897461	1295.154785
1221.744141	1260.812988
1220.808594	1343.123047
1220.651367	1301.696777
1219.719727	1331.389893
1219.558594	1289.956543
1218.629883	1328.841309
1218.464844	1390.266113
1217.541016	1363.007446
1217.371094	1325.930298
1216.451172	1383.395142
1216.277344	1394.186279
1215.361328	1367.074829
1215.183594	1389.289673
1214.271484	1451.666382
1214.088867	1414.093384
1213.180664	1375.724121
1212.995117	1468.576538
1212.089844	1469.450806
1211.899414	1463.665283
1210.999023	1494.381592
1210.804688	1483.867676
1209.908203	1487.220825
1209.708984	1447.001953
1208.817383	1521.302612
1208.613281	1492.298096
1207.725586	1550.789795
1207.517578	1469.134766
1206.633789	1559.653320
1206.421875	1461.947266
1205.541992	1543.325317
1205.325195	1514.047974
1204.450195	1506.399048
1204.228516	1470.378296
1203.358398	1487.798096
1203.131836	1495.102539
1202.265625	1503.531372
1202.034180	1499.307739
1201.172852	1494.089844
1200.937500	1476.174072
1200.080078	1473.213623
1199.839844	1421.165894
1198.987305	1482.078369
1198.741211	1425.384766
1197.893555	1452.065308
1197.643555	1425.048584
1196.800781	1456.357666
1196.544922	1531.679565
1195.707031	1524.651489
1195.446289	1483.535400
1194.613281	1549.496338
1194.346680	1442.238159
1193.518555	1471.508423
1193.248047	1464.640259
1192.424805	1519.198486
1192.148438	1468.841553
1191.330078	1427.541748
1191.048828	1354.833618
1190.235352	1466.086914
1189.948242	1359.058472
1189.140625	1363.059692
1188.848633	1317.838257
1188.044922	1330.837036
1187.748047	1265.279541
1186.949219	1303.191284
1186.646484	1276.335083
1185.854492	1273.274170
1185.545898	1205.646362
1184.757813	1309.529419
1184.444336	1223.520386
1183.662109	1208.912354
1183.342773	1193.727295
1182.566406	1199.555054
1182.241211	1229.746460
1181.469727	1224.402466
1181.138672	1163.671875
1180.373047	1151.215820
1180.036133	1147.520630
1179.276367	1201.133667
1178.933594	1131.376831
1178.178711	1175.833252
1177.831055	1230.844849
1177.082031	1145.985962
1176.727539	1155.767090
1175.984375	1148.040161
1175.624023	1135.101074
1174.886719	1200.196411
1174.520508	1150.686646
1173.788086	1111.160156
1173.416992	1136.824951
1172.690430	1158.749878
1172.312500	1061.840332
1171.591797	1174.455688
1171.208008	1186.080322
1170.493164	1105.956909
1170.103516	1108.856323
1169.394531	1133.042480
1168.998047	1201.351440
1168.294922	1132.820435
1167.893555	1087.969971
1167.196289	1164.438354
1166.787109	1132.937134
1166.096680	1132.376099
1165.681641	1085.189331
1164.997070	1184.442017
1164.576172	1091.710693
1163.897461	1150.114990
1163.469727	1150.202515
1162.796875	1188.521606
1162.362305	1177.037598
1161.696289	1092.861328
1161.255859	1151.910645
1160.595703	1083.559814
1160.148438	1092.923828
1159.495117	1121.956299
1159.041016	1144.585938
1158.394531	1176.232544
1157.933594	1126.255249
1157.292969	1241.838623
1156.826172	1159.832397
1156.191406	1239.323975
1155.717773	1089.619751
1155.089844	1157.381836
1154.609375	1168.297119
1153.988281	1193.456177
1153.500977	1215.368530
1152.886719	1172.804077
1152.391602	1172.244385
1151.784180	1177.108398
1151.282227	1084.065308
1150.681641	1151.932251
1150.172852	1178.440186
1149.579102	1072.354614
1149.062500	1184.914673
1148.475586	1119.742676
1147.953125	1137.334229
1147.373047	1173.910645
1146.842773	1179.840698
1146.269531	1173.677979
1145.732422	1184.058350
1145.166016	1177.975952
1144.621094	1186.023315
1144.061523	1204.920898
1143.509766	1149.737549
1142.958008	1141.277344
1142.398438	1167.455444
1141.853516	1220.290405
1141.287109	1167.173462
1140.749023	1240.419800
1140.174805	1162.394653
1139.644531	1271.856445
1139.062500	1166.609253
1138.540039	1156.208740
1137.950195	1141.607178
1137.434570	1185.387085
1136.837891	1107.630249
1136.329102	1167.057129
1135.724609	1159.023926
1135.223633	1205.266602
1134.611328	1098.111206
1134.118164	1227.634644
1133.498047	1088.864746
1133.011719	1116.630859
1132.383789	1162.670410
1131.905273	1175.166382
1131.269531	1162.388306
1130.798828	1183.969727
1130.155273	1218.192383
1129.692383	1208.582520
1129.041016	1256.025879
1128.585938	1194.789551
1127.925781	1248.993652
1127.478516	1205.841309
1126.810547	1215.062744
1126.371094	1189.796265
1125.695313	1208.043457
1125.263672	1169.243164
1124.580078	1178.619995
1124.156250	1234.455444
1123.463867	1261.219604
1123.047852	1213.901245
1122.347656	1198.202637
1121.939453	1242.984131
1121.230469	1215.823242
1120.831055	1274.310669
1120.114258	1226.719482
1119.722656	1274.054932
1118.997070	1235.372070
1118.613281	1258.017578
1117.879883	1210.458618
1117.504883	1149.570068
1116.761719	1169.898804
1116.395508	1122.295776
1115.644531	1176.321899
1115.285156	1144.601685
1114.526367	1160.383667
1114.175781	1139.866089
1113.407227	1119.865112
1113.065430	1132.879883
1112.289063	1099.478638
1111.956055	1119.140991
1111.169922	1101.443481
1110.844727	1141.428955
1110.050781	1058.734863
1109.734375	1107.435547
1108.930664	1107.602905
1108.624023	1149.970459
1107.811523	1082.773560
1107.512695	1070.989258
1106.691406	1060.187988
1106.401367	1016.784546
1105.571289	1055.464844
1105.289063	1066.058716
1104.450195	1023.973267
1104.177734	1056.848877
1103.329102	1046.024902
1103.065430	1038.649902
1102.208008	1085.903687
1101.953125	1045.182983
1101.086914	1058.885620
1100.840820	1029.240723
1099.964844	1009.593933
1099.728516	1026.785645
1098.842773	1053.907959
1098.615234	1120.923950
1097.720703	1006.868896
1097.501953	1062.303833
1096.597656	1035.572021
1096.388672	1044.125122
1095.475586	1041.995972
1095.275391	1100.037720
1094.352539	1035.060913
1094.161133	1061.657715
1093.228516	976.945190
1093.047852	1036.757446
1092.105469	1050.123413
1091.933594	1065.713745
1090.981445	1058.760864
1090.818359	1108.117188
1089.856445	987.339355
1089.704102	1056.309937
1088.732422	1040.451416
1088.588867	1065.063965
1087.607422	1029.080566
1087.473633	1026.736938
1086.482422	1011.048828
1086.358398	1013.080017
1085.357422	999.690430
1085.243164	1071.136353
1084.231445	966.127686
1084.126953	1008.186523
1083.105469	1016.957764
1083.010742	1059.500000
1081.979492	1036.684082
1081.894531	1025.691528
1080.852539	1054.181152
1080.778320	1074.741211
1079.726563	1060.575317
1079.661133	984.978333
1078.599609	1015.946960
1078.543945	989.253479
1077.471680	1053.394531
1077.426758	1013.665771
1076.344727	977.750000
1076.309570	1006.746948
1075.216797	1072.818726
1075.191406	1035.619019
1074.087891	1008.286804
1074.074219	961.609192
1072.959961	979.234253
1072.956055	1037.431030
1071.836914	994.746338
1071.831055	1074.230835
1070.718750	958.783752
1070.702148	996.460083
1069.599609	985.400879
1069.573242	1024.990479
1068.480469	996.368958
1068.443359	1007.028137
1067.361328	1000.631714
1067.313477	1037.753906
1066.242188	1058.486816
1066.183594	1039.706177
1065.122070	1047.106445
1065.052734	1019.541504
1064.001953	984.390381
1063.921875	1041.396240
1062.881836	1013.200500
1062.791016	1041.135132
1061.761719	1028.611084
1061.660156	1036.453979
1060.640625	970.398682
1060.528320	1031.775024
1059.519531	1092.867920
1059.396484	1016.054077
1058.398438	1012.367188
1058.264648	1059.963867
1057.277344	983.176270
1057.131836	938.273560
1056.156250	1020.866150
1055.999023	1026.323242
1055.034180	1087.510986
1054.866211	1015.031860
1053.912109	1062.778320
1053.733398	1016.982117
1052.790039	1020.234985
1052.599609	1010.109314
1051.666992	1086.838257
1051.465820	1042.928345
1050.543945	995.320618
1050.332031	1025.030151
1049.421875	1052.996460
1049.197266	1015.955994
1048.297852	1026.069946
1048.062500	1028.918701
1047.174805	1023.632629
1046.927734	1004.428894
1046.050781	1012.296875
1045.791992	1008.579041
1044.926758	1049.901733
1044.657227	1028.137939
1043.802734	1038.565063
1043.520508	964.047791
1042.678711	1002.774841
1042.384766	990.208984
1041.553711	1013.682129
1041.248047	917.360901
1040.428711	1002.359558
1040.111328	952.317627
1039.303711	1031.038696
1038.974609	1007.045532
1038.178711	1033.046509
1037.837891	1008.987854
1037.053711	1021.726501
1036.700195	1050.487061
1035.927734	1012.631775
1035.562500	1030.445801
1034.801758	1014.641846
1034.423828	1043.362793
1033.674805	1014.431091
1033.285156	1003.569153
1032.548828	1029.755493
1032.146484	1029.658569
1031.421875	1045.073364
1031.007813	1062.319092
1030.294922	1042.637695
1029.868164	1051.076416
1029.167969	1011.370056
1028.728516	1053.001709
1028.040039	1037.769043
1027.588867	1063.698608
1026.913086	1046.421021
1026.448242	1087.545654
1025.785156	1094.966797
1025.308594	1074.114990
1024.657227	1054.849487
1024.166992	1040.967285
1023.528320	1056.845337
1023.026367	1053.846313
1022.399414	1078.776489
1021.884766	1044.814697
1021.271484	1131.703857
1020.743164	1079.583862
1020.141602	1091.611816
1019.601563	1022.385986
1019.012695	1042.681274
1018.458984	1057.142700
1017.882813	1053.530029
1017.316406	986.850586
1016.752930	1020.117432
1016.173828	1065.349609
1015.623047	1092.912598
1015.031250	1106.628662
1014.493164	1050.657837
1013.887695	1038.563843
1013.362305	1037.169556
1012.744141	1099.501099
1012.231445	1114.337036
1011.599609	1040.213989
1011.100586	1054.419800
1010.455078	1057.423706
1009.969727	1054.199097
1009.310547	1059.334961
1008.837891	1049.559082
1008.166016	984.817871
1007.707031	1036.084351
1007.020508	1060.970703
1006.575195	1055.745361
1005.875000	1034.506226
1005.442383	995.902344
1004.729492	1058.239868
1004.310547	1101.665283
1003.583008	1084.142334
1003.177734	1059.495850
1002.437500	1044.606812
1002.044922	1052.652954
1001.290039	1050.876709
1000.912109	1103.178223
1000.143555	1054.963379
999.778320	1083.093384
998.996094	1028.540161
998.644531	1014.497559
997.848633	1063.129639
997.510742	1102.483032
996.701172	1038.895508
996.376953	1036.116089
995.552734	988.544800
995.242188	1040.306274
994.404297	983.933777
994.108398	1055.512451
993.255859	1040.260742
992.973633	1050.884033
992.106445	1035.638184
991.838867	975.772766
990.957031	1009.266296
990.703125	1030.621826
989.807617	1011.177429
989.567383	1032.606323
988.431641	972.954834
987.295898	985.954407
986.160156	1093.562500
985.023438	1003.137329
983.886719	1016.122009
982.750000	1097.268066
981.612305	1024.486694
980.475586	1039.656372
979.337891	1026.251343
978.200195	1032.625610
977.061523	1122.468140
975.922852	1067.327026
974.784180	1058.318359
973.645508	1077.851318
972.506836	1099.570557
971.367188	1116.891846
970.227539	1114.461304
969.087891	1127.385132
967.948242	1056.973511
966.807617	1131.291748
965.666992	1139.819458
964.526367	1117.662598
963.385742	1134.953369
962.244141	1108.425537
961.102539	1178.273193
959.960938	1105.764771
958.819336	1131.799683
957.676758	1135.936279
956.534180	1050.353394
955.391602	1067.631958
954.248047	1021.471191
953.105469	1036.561523
951.961914	1027.595093
950.818359	1033.933838
949.673828	1009.673523
948.530273	989.793396
947.385742	1002.689270
946.241211	998.107239
945.095703	952.039063
943.951172	980.216125
942.805664	1060.764526
941.660156	1025.623047
940.513672	1053.765991
939.368164	983.740906
938.221680	1029.326782
937.075195	950.615417
935.927734	1020.166931
934.781250	961.105347
933.633789	952.183899
932.486328	965.050537
931.337891	1038.895020
930.189453	1003.832092
929.041992	994.908691
927.892578	1068.698853
926.744141	1035.827881
925.594727	1044.308228
924.445313	1120.215088
923.295898	1046.034424
922.146484	1069.726440
920.996094	1056.453857
919.845703	1097.519653
918.695313	1040.789795
917.544922	1062.289673
916.393555	1038.170166
915.242188	1072.689697
914.090820	1072.458740
912.938477	1072.227783
911.787109	1056.806641
910.634766	1112.987671
909.481445	1173.482544
908.329102	1045.280273
907.175781	1131.781372
906.022461	1083.847900
904.869141	1107.453491
903.715820	1172.217285
902.561523	1113.474243
901.407227	1141.389526
900.252930	1156.300415
899.097656	1145.226074
897.942383	1164.458252
896.787109	1164.206421
895.631836	1237.513062
894.475586	1230.756348
893.320313	1258.603027
892.164063	1325.355103
891.006836	1409.370972
889.850586	1454.449585
888.693359	1512.472778
887.536133	1527.266357
886.378906	1701.874023
885.220703	1606.497070
884.062500	1707.612305
882.904297	1832.425049
881.746094	1862.237427
880.586914	1855.360962
879.427734	1893.782715
878.268555	1904.153687
877.109375	1847.684082
875.949219	1834.349365
874.789063	1708.957397
873.628906	1611.629395
872.468750	1525.114258
871.307617	1453.712036
870.146484	1431.863770
868.985352	1360.512573
867.823242	1336.541626
866.662109	1271.697266
865.500000	1226.242798
864.336914	1273.293945
863.174805	1126.791504
862.011719	1199.642212
860.848633	1113.403442
859.685547	1132.501099
858.521484	1130.105347
857.357422	1181.411133
856.193359	1065.185425
855.029297	1058.511475
853.864258	1214.982910
852.700195	1148.186890
851.535156	1130.770508
850.369141	1115.506714
849.204102	1121.696899
848.038086	1183.635254
846.872070	1213.389404
845.705078	1228.127075
844.538086	1200.000977
843.372070	1240.443481
842.204102	1304.429321
841.037109	1381.235596
839.869141	1385.214844
838.701172	1479.093628
837.533203	1527.990112
836.364258	1602.539917
835.196289	1766.899170
834.027344	2106.554199
832.857422	2315.631592
831.688477	2793.966553
830.518555	3165.229980
829.348633	3401.714355
828.178711	3779.089111
827.007813	3961.938477
825.836914	3948.254883
824.666016	3960.195801
823.495117	3782.168701
822.323242	3623.424805
821.151367	3347.409912
819.979492	2954.201172
818.806641	2637.936523
817.634766	2511.563965
816.461914	2221.114502
815.288086	2073.577637
814.115234	1843.010498
812.941406	1763.787476
811.767578	1656.912964
810.593750	1596.928589
809.418945	1481.622681
808.244141	1543.016113
807.069336	1455.434448
805.894531	1438.094116
804.718750	1427.141846
803.542969	1386.424561
802.367188	1405.251587
801.191406	1334.800049
800.014648	1334.504883
798.837891	1336.334106
797.661133	1276.564453
796.483398	1282.652710
795.306641	1301.476929
794.128906	1256.612793
792.950195	1275.434204
791.772461	1296.368652
790.593750	1257.898926
789.415039	1270.344727
788.235352	1356.995605
787.056641	1293.099487
785.876953	1309.767578
784.697266	1250.147827
783.516602	1298.594116
782.335938	1270.772339
781.156250	1293.782471
779.974609	1234.218628
778.793945	1191.613525
777.612305	1146.911133
776.430664	1148.771729
775.249023	1192.934082
774.066406	1124.999634
772.883789	1131.091797
771.701172	1190.024292
770.518555	1122.135376
769.334961	1132.449463
768.151367	1142.758789
766.967773	1125.609497
765.783203	1216.147461
764.598633	1171.547607
763.414063	1304.243286
762.229492	1312.392212
761.044922	1392.259888
759.859375	1396.167358
758.673828	1602.493042
757.487305	1576.838379
756.301758	1650.252441
755.115234	1645.669556
753.928711	1622.128662
752.741211	1543.837158
751.553711	1471.897705
750.366211	1475.779175
749.178711	1424.934448
747.990234	1443.554565
746.802734	1390.635620
745.614258	1329.326904
744.424805	1297.485840
743.236328	1271.966309
742.046875	1259.069702
740.856445	1225.163940
739.666992	1222.788452
738.476563	1256.123047
737.286133	1199.139526
736.095703	1236.663452
734.904297	1206.998291
733.713867	1112.287964
732.521484	1189.671143
731.330078	1214.576782
730.137695	1224.790283
728.946289	1195.160400
727.752930	1249.395752
726.560547	1257.498413
725.367188	1229.976074
724.173828	1223.414917
722.980469	1202.195679
721.786133	1241.710205
720.591797	1256.085205
719.397461	1207.663452
718.203125	1213.669189
717.007813	1238.500732
715.812500	1236.130249
714.617188	1219.122803
713.420898	1202.122925
712.225586	1208.122559
711.029297	1216.209106
709.832031	1161.614746
708.635742	1253.258301
707.438477	1142.296143
706.241211	1252.692871
705.042969	1179.352905
703.845703	1199.955444
702.647461	1251.844604
701.448242	1253.647827
700.250000	1322.184937
699.050781	1353.161011
697.851563	1325.756348
696.651367	1283.775513
695.452148	1318.906006
694.251953	1289.444214
693.051758	1272.491333
691.850586	1295.107056
690.649414	1269.833618
689.448242	1307.008057
688.247070	1294.227417
687.044922	1302.255371
685.843750	1356.035278
684.640625	1314.141113
683.438477	1311.764282
682.235352	1375.896973
681.032227	1361.039429
679.829102	1387.737427
678.625000	1408.192261
677.421875	1443.173218
676.216797	1388.868530
675.012695	1392.704102
673.807617	1462.940918
672.602539	1435.638306
671.397461	1435.312012
670.192383	1393.512085
668.986328	1422.219971
667.780273	1463.351196
666.573242	1421.572876
665.367188	1412.962158
664.160156	1396.069946
662.953125	1430.956421
661.745117	1378.870972
660.537109	1370.277222
659.329102	1309.951416
658.121094	1286.894165
656.912109	1385.888184
655.703125	1340.075684
654.494141	1312.891846
653.285156	1242.311768
652.075195	1320.559082
650.865234	1384.307617
649.655273	1317.890381
648.444336	1274.220337
647.233398	1261.540894
646.022461	1244.738647
644.811523	1205.242432
643.599609	1256.549316
642.387695	1248.010620
641.175781	1227.101440
639.962891	1226.820679
638.750000	1280.136475
637.537109	1228.319824
636.324219	1160.043091
635.110352	1252.477173
633.896484	1198.642456
632.681641	1264.257324
631.467773	1274.260376
630.252930	1269.851929
629.038086	1298.367554
627.822266	1306.298218
626.607422	1299.828369
625.391602	1309.811035
624.174805	1284.841187
622.958984	1383.199219
621.742188	1358.223755
620.525391	1347.640015
619.307617	1345.276245
618.090820	1318.272949
616.873047	1432.932739
615.654297	1272.512817
614.436523	1339.934814
613.217773	1319.111450
611.999023	1355.726074
610.779297	1330.807251
609.560547	1252.597656
608.340820	1266.656250
607.120117	1229.479858
605.900391	1270.169556
604.679688	1335.418579
603.458984	1363.778564
602.237305	1330.707886
601.015625	1289.465332
599.793945	1195.037842
598.572266	1249.999146
597.349609	1190.395142
596.127930	1171.716187
594.904297	1220.511108
593.681641	1179.350220
592.458008	1185.207764
591.234375	1101.171021
590.010742	1133.596436
588.786133	1104.745483
587.561523	1118.780640
586.336914	1081.781860
585.111328	1148.871826
583.886719	1091.481323
582.660156	1123.863159
581.434570	1095.053711
580.208008	1094.799683
578.981445	1074.163208
577.754883	1106.518433
576.528320	1100.149658
575.300781	1051.010010
574.073242	1113.893311
572.844727	1144.172974
571.616211	1123.552856
570.387695	1180.270264
569.159180	1159.651123
567.929688	1104.463257
566.701172	1132.675781
565.470703	1144.610474
564.241211	1097.594604
563.010742	1115.628052
561.780273	1164.127441
560.549805	1092.765503
559.318359	1112.817749
558.086914	1086.165405
556.855469	1102.150146
555.623047	1107.980835
554.390625	1111.779907
553.158203	1115.577026
551.925781	1060.564697
550.692383	1147.494141
549.458984	1037.773438
548.225586	1078.059448
546.991211	1104.144897
545.756836	1103.886719
544.522461	1067.178345
543.288086	1125.640137
542.052734	1068.703125
540.817383	1112.971802
539.581055	1183.520020
538.345703	1150.880615
537.109375	1160.721802
535.873047	1206.948608
534.635742	1135.923096
533.398438	1075.034424
532.161133	1143.471313
530.923828	1189.658325
529.685547	1231.784790
528.447266	1154.779419
527.208008	1202.949097
525.969727	1186.523315
524.730469	1188.261841
523.491211	1208.151978
522.250977	1187.703125
521.010742	1219.679688
519.770508	1245.594604
518.530273	1223.135864
517.289063	1253.066528
516.047852	1238.672607
514.805664	1214.217285
513.564453	1298.483521
512.322266	1259.936523
511.080078	1277.749268
509.836914	1217.095947
508.593750	1265.078857
507.350586	1417.599487
506.107422	1322.780518
504.863281	1298.350098
503.619141	1354.305298
502.375000	1426.304810
501.129883	1365.715454
499.884766	1427.638306
498.639648	1467.449707
497.393555	1428.969849
496.147461	1460.735596
494.901367	1436.317383
493.655273	1492.132690
492.408203	1511.829956
491.161133	1497.439331
489.914063	1525.142090
488.666016	1542.813232
487.417969	1532.431274
486.169922	1534.070313
484.920898	1623.806274
483.671875	1629.425903
482.422852	1603.022217
481.172852	1608.643677
479.923828	1726.280396
478.673828	1673.873779
477.422852	1699.467529
476.172852	1747.036621
474.920898	1858.532349
473.669922	1872.075439
472.418945	1949.530884
471.166992	2002.985107
469.914063	2102.333496
468.662109	2123.788818
467.409180	2316.852051
466.156250	2380.142090
464.902344	2612.943848
463.649414	2725.985840
462.395508	2960.586670
461.140625	3181.122803
459.886719	3349.742676
458.631836	3490.390137
457.375977	3680.763916
456.121094	3697.804688
454.865234	3808.404541
453.608398	3514.914795
452.352539	3422.539795
451.095703	3141.218506
449.838867	2975.387207
448.582031	2620.735352
447.324219	2443.179932
446.066406	2192.173340
444.807617	2004.870361
443.549805	1942.807129
442.291016	1852.968994
441.031250	1715.520386
439.772461	1721.063232
438.512695	1673.019043
437.251953	1724.203857
435.992188	1698.001587
434.731445	1612.316528
433.470703	1711.062866
432.208984	1671.006470
430.948242	1628.987427
429.686523	1634.538452
428.423828	1519.259033
427.161133	1544.636475
425.898438	1552.182983
424.635742	1502.324585
423.372070	1458.426758
422.108398	1483.793457
420.844727	1443.876587
419.580078	1437.595215
418.315430	1536.095337
417.050781	1482.358887
415.786133	1468.168091
414.520508	1521.151611
413.254883	1475.357178
411.988281	1463.152344
410.721680	1512.149902
409.455078	1476.258179
408.188477	1503.523926
406.920898	1465.678711
405.653320	1485.044678
404.385742	1545.806396
403.117188	1502.064209
401.848633	1468.196655
400.580078	1556.501099
399.310547	1601.427368
398.041016	1591.191284
396.771484	1641.993164
395.500977	1610.099976
394.230469	1617.579102
392.959961	1630.956543
391.688477	1701.367310
390.417969	1708.818115
389.145508	1712.333008
387.874023	1751.224243
386.601563	1815.640991
385.329102	1693.398438
384.056641	1712.624878
382.783203	1706.315552
381.509766	1796.198975
380.235352	1856.599487
378.961914	1822.789429
377.687500	1769.379395
376.412109	1798.363037
375.136719	1882.230591
373.861328	1830.804565
372.585938	1906.783691
371.310547	1857.335449
370.034180	1890.178101
368.756836	1876.006104
367.480469	1895.123047
366.203125	1967.077026
364.924805	2017.470459
363.647461	1968.066040
362.369141	2045.815674
361.090820	2057.044189
359.811523	2021.349854
358.532227	2087.301514
357.252930	2090.694824
355.973633	2193.711670
354.693359	2136.534912
353.413086	2214.106445
352.131836	2147.192139
350.850586	2234.479736
349.569336	2265.144287
348.288086	2276.287598
347.005859	2303.025635
345.723633	2372.640625
344.441406	2422.729980
343.158203	2605.300049
341.875000	2546.210693
340.590820	2635.171631
339.307617	2605.310791
338.022461	2929.760986
336.738281	2888.163574
335.453125	2916.632568
334.167969	3106.541260
332.882813	3154.388184
331.596680	3208.043457
330.310547	3187.807861
329.024414	3223.937500
327.737305	3285.305176
326.450195	3377.719238
325.163086	3520.574707
323.875000	3443.983887
322.586914	3532.405762
321.298828	3591.676758
320.009766	3637.338379
318.720703	3776.069092
317.431641	4033.005615
316.141602	4033.936279
314.851563	4224.787109
313.561523	4413.604492
312.271484	4604.263672
310.980469	4818.064941
309.688477	5033.694336
308.397461	5429.220703
307.105469	5799.392090
305.812500	5948.834961
304.520508	6376.711426
303.227539	6815.973633
301.934570	7166.090332
300.640625	7469.645996
299.346680	8039.685547
298.052734	8584.325195
296.757813	9126.757813
295.462891	9655.401367
294.167969	10278.356445
292.872070	10808.369141
291.576172	11336.184570
290.280273	12237.908203
288.983398	12728.455078
287.686523	13585.029297
286.389648	14123.166016
285.092773	14994.364258
283.794922	15641.666992
282.496094	16481.222656
281.198242	16993.042969
279.899414	17312.115234
278.599609	18069.779297
277.300781	18594.265625
276.000977	18851.130859
274.700195	19613.585938
273.400391	20173.798828
272.099609	20506.933594
270.797852	20976.320313
269.497070	21024.775391
268.195313	21307.496094
266.892578	21789.748047
265.590820	21646.000000
264.288086	21732.597656
262.984375	21782.697266
261.681641	21554.654297
260.377930	21466.703125
259.073242	21160.250000
257.768555	20968.943359
256.463867	20584.207031
255.159180	20094.308594
253.853516	19874.681641
252.547852	19300.964844
251.242188	18771.562500
249.935547	18171.623047
248.628906	17883.826172
247.321289	17332.230469
246.013672	16406.134766
244.706055	16189.731445
243.398438	15654.274414
242.089844	15218.443359
240.781250	14635.749023
239.471680	14223.314453
238.162109	13969.550781
236.852539	13347.536133
235.541992	12819.341797
234.232422	12478.373047
232.920898	12082.267578
231.610352	11604.375000
230.298828	11426.005859
228.986328	10965.675781
227.674805	10461.760742
226.362305	10360.008789
225.048828	10166.902344
223.736328	9509.372070
222.422852	9295.645508
221.108398	8994.499023
219.794922	8906.564453
218.479492	8613.279297
217.165039	8331.550781
215.849609	8101.290039
214.534180	8135.292480
213.218750	7840.604004
211.902344	7660.027832
210.585938	7468.150879
209.268555	7316.237305
207.951172	7270.681152
206.633789	7257.402344
205.315430	7103.761230
203.997070	7109.493652
202.678711	6967.343262
201.359375	6961.732910
200.040039	6916.331543
198.720703	6923.995117
197.400391	6943.017090
196.080078	7096.458496
194.759766	7030.241211
193.438477	7090.848633
192.117188	7189.260742
190.794922	7060.650391
189.473633	7055.015137
188.150391	7149.574219
186.828125	7213.842773
185.504883	7034.340332
184.181641	7143.936523
182.857422	7289.354004
181.533203	7251.563477
180.208984	7296.838867
178.883789	7326.993164
177.558594	7309.968262
176.233398	7255.232422
174.907227	7307.994141
173.581055	7379.576172
172.253906	7240.060059
170.926758	7196.697266
169.599609	7198.559082
168.272461	7094.972656
166.944336	7145.801270
165.615234	7172.135742
164.287109	7177.758301
162.958008	7427.900879
161.627930	7437.210449
160.298828	7438.993652
158.968750	7557.300293
157.637695	8023.149414
156.306641	8175.046387
154.975586	8435.782227
153.644531	8801.514648
152.312500	9138.895508
150.979492	9295.955078
149.647461	9557.981445
148.314453	9966.151367
146.980469	10158.481445
145.647461	10523.155273
144.312500	10812.673828
142.978516	10819.144531
141.643555	10945.477539
140.308594	10906.964844
138.972656	11108.079102
137.636719	11105.095703
136.300781	11068.435547
134.964844	11087.904297
133.626953	11232.645508
132.290039	11098.761719
130.952148	11230.334961
129.614258	11255.333984
128.276367	10874.980469
126.937500	10735.724609
125.597656	10512.531250
124.258789	10453.698242
122.918945	10452.738281
121.579102	10237.255859
120.238281	10286.701172
118.897461	10117.984375
117.555664	10035.095703
116.213867	10008.150391
114.872070	10120.931641
113.529297	10075.348633
112.187500	10227.144531
110.843750	10190.859375
109.500000	10128.540039
108.156250	9936.028320
106.812500	9698.983398
105.467773	9300.304688
104.123047	8641.607422
102.777344	7929.377441
101.431641	7319.712402
100.085938	6314.776855
98.739258	5477.499023
