#Wave		#Intensity
3199.956055	24.823456
3199.250977	46.100704
3198.545898	14.182634
3197.840820	42.541302
3197.134766	42.534695
3196.429688	38.984077
3195.724609	49.608379
3195.018555	35.429039
3194.312500	28.338814
3193.606445	35.417988
3192.901367	24.788721
3192.195313	35.406921
3191.488281	38.941521
3190.782227	60.172924
3190.076172	56.624462
3189.369141	24.769314
3188.663086	91.985863
3187.956055	21.224169
3187.249023	45.978466
3186.541992	49.507473
3185.834961	-3.535691
3185.127930	38.886459
3184.420898	53.018616
3183.712891	38.874172
3183.005859	42.401478
3182.297852	21.197382
3181.590820	28.258696
3180.882813	28.254213
3180.174805	49.437019
3179.466797	49.429165
3178.757813	35.300930
3178.049805	28.236248
3177.341797	24.702780
3176.632813	56.454491
3175.924805	7.055685
3175.215820	35.272789
3174.506836	42.320580
3173.797852	38.787655
3173.088867	31.730270
3172.379883	24.675142
3171.669922	31.720093
3170.960938	56.382221
3170.250977	17.616611
3169.541016	45.795822
3168.832031	66.921577
3168.122070	3.521621
3167.412109	38.731583
3166.701172	42.245815
3165.991211	42.238991
3165.281250	52.790203
3164.570313	0.000000
3163.860352	28.145660
3163.149414	70.352745
3162.438477	38.687733
3161.727539	21.098974
3161.016602	45.707016
3160.305664	52.730289
3159.593750	52.721710
3158.882813	66.769958
3158.170898	21.081812
3157.458984	42.156746
3156.748047	77.274750
3156.036133	24.583405
3155.324219	42.136086
3154.611328	31.596893
3153.899414	28.081528
3153.187500	63.173080
3152.474609	31.581360
3151.761719	45.610031
3151.049805	56.126202
3150.336914	28.058487
3149.624023	10.520202
3148.911133	59.604660
3148.197266	49.078102
3147.484375	77.110008
3146.770508	45.557487
3146.057617	31.534590
3145.343750	49.045696
3144.629883	52.540272
3143.916016	21.012629
3143.202148	38.516773
3142.488281	52.514164
3141.774414	38.503998
3141.059570	31.498041
3140.344727	17.496004
3139.630859	41.983429
3138.916016	59.466629
3138.201172	13.989818
3137.486328	55.949947
3136.771484	52.444328
3136.055664	45.444168
3135.340820	34.951214
3134.625000	27.956299
3133.910156	52.409294
3133.194336	59.387260
3132.478516	38.420616
3131.762695	24.445385
3131.046875	24.441286
3130.330078	48.874371
3129.614258	59.337482
3128.897461	76.776779
3128.181641	45.360466
3127.464844	48.841515
3126.748047	38.369011
3126.031250	55.800068
3125.314453	27.895329
3124.596680	55.781246
3123.879883	87.143478
3123.162109	45.306953
3122.445313	41.814732
3121.727539	34.839714
3121.009766	45.283958
3120.291992	62.690243
3119.574219	45.268612
3118.856445	66.150589
3118.137695	48.734264
3117.419922	45.245560
3116.701172	38.278198
3115.982422	66.105637
3115.263672	59.137085
3114.544922	55.648952
3113.826172	38.252136
3113.107422	59.106853
3112.387695	59.096767
3111.668945	76.465111
3110.949219	38.226025
3110.229492	34.744991
3109.509766	52.108570
3108.790039	48.626339
3108.070313	59.036156
3107.350586	48.609676
3106.629883	59.015911
3105.910156	27.767427
3105.189453	31.232992
3104.468750	58.985516
3103.748047	38.160538
3103.027344	52.028145
3102.306641	58.955078
3101.585938	69.346970
3100.864258	20.800505
3100.143555	69.323059
3099.421875	24.258884
3098.700195	90.088875
3097.978516	20.786148
3097.256836	65.811424
3096.535156	83.115837
3095.813477	90.026573
3095.090820	65.777260
3094.369141	79.611305
3093.646484	34.607609
3092.923828	55.362572
3092.201172	69.191200
3091.478516	41.507511
3090.755859	89.917313
3090.032227	55.324108
3089.309570	58.771637
3088.585938	62.217960
3087.863281	89.854736
3087.139648	76.017677
3086.416016	76.004425
3085.692383	37.995583
3084.967773	48.349571
3084.244141	75.964630
3083.519531	72.499016
3082.795898	82.841530
3082.071289	65.571404
3081.346680	69.010445
3080.622070	89.697868
3079.897461	58.638329
3079.171875	51.730629
3078.447266	68.962074
3077.721680	68.949966
3076.997070	58.597179
3076.271484	72.372032
3075.545898	75.804985
3074.820313	55.121201
3074.094727	62.000439
3073.368164	51.657932
3072.642578	41.319065
3071.916016	86.066208
3071.189453	72.282867
3070.463867	30.972904
3069.737305	48.171566
3069.009766	51.603275
3068.283203	55.033764
3067.556641	24.073013
3066.829102	58.452690
3066.102539	51.566772
3065.375000	48.120464
3064.647461	99.660439
3063.919922	30.923618
3063.192383	75.577660
3062.463867	68.694771
3061.736328	75.550827
3061.007813	72.103889
3060.279297	48.060715
3059.551758	85.807442
3058.823242	54.906994
3058.094727	68.621521
3057.365234	54.887444
3056.636719	58.307514
3055.907227	61.726364
3055.178711	82.287140
3054.449219	68.560379
3053.719727	65.120735
3052.990234	68.535896
3052.260742	30.835642
3051.530273	71.936966
3050.800781	71.924103
3050.070313	99.305984
3049.340820	71.898354
3048.610352	51.346767
3047.879883	61.605080
3047.149414	34.218906
3046.417969	82.110641
3045.687500	78.675247
3044.957031	51.300732
3044.225586	61.549820
3043.494141	88.889313
3042.762695	61.527691
3042.031250	99.110115
3041.299805	82.007408
3040.568359	75.159920
3039.835938	51.236168
3039.103516	51.226936
3038.372070	116.093452
3037.639648	88.761337
3036.907227	78.505470
3036.174805	78.491302
3035.441406	95.537369
3034.708984	47.760052
3033.975586	88.681206
3033.243164	71.614174
3032.509766	88.649124
3031.776367	88.633080
3031.042969	88.617027
3030.309570	57.931404
3029.575195	88.584908
3028.841797	88.568848
3028.107422	88.552780
3027.373047	105.562996
3026.638672	71.497437
3025.904297	57.868362
3025.169922	88.488472
3024.435547	115.694656
3023.700195	112.271446
3022.965820	115.652565
3022.230469	112.230591
3021.495117	88.407997
3020.759766	71.393448
3020.024414	122.366463
3019.289063	95.156563
3018.552734	61.160919
3017.817383	101.916260
3017.081055	84.914711
3016.344727	152.818573
3015.608398	101.860435
3014.872070	98.447090
3014.135742	118.793724
3013.398438	84.837135
3012.662109	88.214478
3011.924805	101.767296
3011.187500	108.531906
3010.451172	122.076019
3009.712891	101.711372
3008.975586	166.098114
3008.238281	101.674065
3007.500000	105.043922
3006.762695	108.412521
3006.024414	149.039841
3005.286133	142.239166
3004.547852	138.826996
3003.809570	77.864243
3003.071289	111.697708
3002.332031	115.061310
3001.592773	115.040123
3000.854492	128.550583
3000.115234	145.438324
2999.375977	152.174850
2998.636719	145.384720
2997.896484	172.401230
2997.157227	168.989624
2996.416992	121.650070
2995.677734	141.898880
2994.937500	114.849304
2994.197266	175.619415
2993.457031	165.456940
2992.715820	87.777237
2991.975586	158.644882
2991.234375	165.365128
2990.494141	155.211990
2989.752930	209.160019
2989.011719	158.527420
2988.270508	145.008835
2987.528320	198.928726
2986.787109	215.747070
2986.044922	168.521133
2985.303711	165.120056
2984.561523	171.827744
2983.819336	198.744186
2983.077148	205.443100
2982.334961	215.506790
2981.591797	249.133408
2980.849609	232.256851
2980.106445	228.848221
2979.363281	255.723938
2978.620117	245.583832
2977.876953	235.447479
2977.133789	262.306885
2976.389648	268.982544
2975.646484	319.357239
2974.902344	352.907928
2974.158203	282.273682
2973.414063	366.215332
2972.669922	352.710358
2971.925781	302.266693
2971.181641	369.368042
2970.436523	379.370789
2969.692383	466.572418
2968.947266	352.380859
2968.202148	385.868744
2967.457031	389.151276
2966.710938	439.390289
2965.965820	456.075470
2965.220703	462.695740
2964.474609	445.847839
2963.728516	516.148071
2962.982422	492.594421
2962.236328	515.954468
2961.490234	515.857666
2960.743164	562.648193
2959.997070	549.148621
2959.250000	609.306580
2958.502930	569.025574
2957.755859	552.185730
2957.008789	585.541382
2956.261719	635.611084
2955.514648	548.529541
2954.766602	591.899109
2954.018555	611.848267
2953.271484	658.532288
2952.523438	588.222534
2951.775391	618.185608
2951.026367	584.659912
2950.278320	584.549683
2949.529297	637.873901
2948.781250	637.753540
2948.032227	647.648315
2947.283203	627.499451
2946.534180	540.615540
2945.784180	513.821350
2945.035156	593.785156
2944.285156	566.991028
2943.536133	583.556824
2942.786133	563.442566
2942.036133	533.335815
2941.286133	546.565735
2940.535156	563.122681
2939.785156	503.049835
2939.034180	486.300415
2938.284180	526.170593
2937.533203	476.127411
2936.782227	456.063538
2936.031250	472.618530
2935.279297	439.252197
2934.528320	405.898438
2933.776367	442.411835
2933.025391	395.766998
2932.273438	408.992401
2931.521484	345.748993
2930.768555	368.950409
2930.016602	348.940796
2929.264648	332.261353
2928.511719	328.876160
2927.758789	328.813599
2927.005859	322.109558
2926.252930	285.527283
2925.500000	338.584167
2924.747070	268.824432
2923.993164	348.409698
2923.240234	285.309723
2922.486328	295.206085
2921.732422	258.670593
2920.978516	298.409119
2920.223633	261.886902
2919.469727	311.552795
2918.715820	291.610748
2917.960938	248.484406
2917.206055	225.249481
2916.451172	268.260590
2915.696289	238.408279
2914.941406	274.779205
2914.185547	244.937012
2913.430664	178.703613
2912.674805	248.151962
2911.918945	248.104462
2911.163086	231.519821
2910.407227	185.180374
2909.651367	208.288010
2908.894531	198.331512
2908.138672	194.988586
2907.381836	211.472488
2906.625000	254.379028
2905.868164	201.482376
2905.111328	214.653137
2904.353516	171.689545
2903.596680	198.065277
2902.838867	211.229050
2902.081055	204.588821
2901.323242	188.053574
2900.565430	191.315964
2899.807617	158.300003
2899.049805	227.512497
2898.291016	207.688828
2897.532227	187.872772
2896.773438	214.199646
2896.014648	177.916214
2895.255859	227.293594
2894.497070	164.673767
2893.738281	237.084518
2892.978516	194.240143
2892.218750	200.785828
2891.458984	171.128677
2890.699219	190.837479
2889.939453	174.352310
2889.179688	171.029633
2888.418945	180.861801
2887.659180	164.388062
2886.898438	174.217682
2886.137695	167.611038
2885.376953	174.150345
2884.616211	124.838379
2883.854492	183.936768
2883.093750	164.197495
2882.332031	151.032455
2881.570313	187.112701
2880.808594	183.794434
2880.046875	150.944763
2879.285156	157.477066
2878.522461	147.606155
2877.760742	167.254547
2876.998047	144.270081
2876.235352	173.746170
2875.472656	196.655624
2874.709961	176.955734
2873.946289	153.987137
2873.183594	180.162735
2872.419922	137.552109
2871.656250	127.702156
2870.892578	147.320023
2870.128906	183.295959
2869.365234	147.262772
2868.600586	163.593491
2867.836914	150.476746
2867.072266	150.447479
2866.307617	130.798447
2865.542969	130.772995
2864.778320	183.046555
2864.013672	160.134552
2863.248047	143.766281
2862.483398	137.204727
2861.717773	137.177994
2860.952148	146.947769
2860.186523	153.448868
2859.419922	166.475876
2858.654297	153.389023
2857.887695	146.833176
2857.122070	189.214722
2856.355469	146.775879
2855.588867	169.574554
2854.822266	153.239380
2854.054688	176.027878
2853.288086	153.179520
2852.520508	159.666580
2851.752930	153.119644
2850.985352	149.832474
2850.217773	185.625656
2849.450195	130.238144
2848.682617	192.063660
2847.914063	146.460556
2847.145508	156.194016
2846.377930	149.656616
2845.609375	136.616226
2844.839844	191.875671
2844.071289	162.574646
2843.302734	130.034210
2842.533203	120.258064
2841.763672	152.730286
2840.994141	165.696091
2840.224609	175.408493
2839.455078	129.906723
2838.684570	149.363403
2837.915039	136.348495
2837.144531	152.550491
2836.374023	175.236343
2835.603516	133.023666
2834.833008	162.192093
2834.062500	113.512146
2833.291016	119.974953
2832.520508	142.644852
2831.749023	123.169044
2830.977539	93.978928
2830.206055	145.800659
2829.433594	152.250702
2828.662109	113.355858
2827.889648	139.238327
2827.118164	158.635666
2826.345703	135.946625
2825.573242	126.211266
2824.799805	129.421921
2824.027344	174.685135
2823.254883	139.073685
2822.481445	145.513504
2821.708008	135.785797
2820.934570	151.920761
2820.161133	177.744507
2819.387695	148.629669
2818.613281	122.756775
2817.839844	177.639160
2817.065430	184.062378
2816.291016	125.912506
2815.516602	158.166473
2814.741211	103.271957
2813.966797	187.143387
2813.192383	112.908997
2812.416992	141.914642
2811.641602	145.111221
2810.866211	141.858429
2810.090820	148.277145
2809.314453	157.916092
2808.539063	167.551208
2807.762695	144.967484
2806.986328	161.043030
2806.209961	170.671753
2805.433594	177.077057
2804.657227	125.538803
2803.880859	128.732193
2803.103516	144.794952
2802.326172	131.898087
2801.548828	196.199615
2800.771484	141.492920
2799.994141	157.540329
2799.216797	154.294540
2798.438477	163.905350
2797.660156	131.740829
2796.881836	147.777374
2796.103516	150.959869
2795.325195	112.394547
2794.546875	147.689133
2793.767578	163.709686
2792.989258	131.583527
2792.209961	147.600876
2791.430664	153.987595
2790.651367	150.749466
2789.871094	131.478622
2789.091797	125.040085
2788.311523	157.070297
2787.531250	157.038956
2786.751953	185.845734
2785.970703	140.958267
2785.190430	163.350800
2784.410156	195.341339
2783.628906	188.898956
2782.847656	99.232155
2782.067383	160.019852
2781.285156	169.587128
2780.503906	127.964684
2779.722656	153.526886
2778.940430	140.704819
2778.159180	143.873840
2777.376953	182.203705
2776.594727	162.991714
2775.812500	182.130722
2775.029297	182.094223
2774.247070	191.639709
2773.463867	182.021210
2772.680664	185.177429
2771.897461	159.603683
2771.114258	191.485992
2770.331055	191.447556
2769.546875	185.028824
2768.763672	146.717529
2767.979492	169.010147
2767.195313	175.352661
2766.411133	140.253937
2765.626953	200.777756
2764.841797	152.942780
2764.056641	178.397354
2763.272461	162.436325
2762.487305	178.325562
2761.702148	159.187210
2760.916016	168.704468
2760.130859	152.758179
2759.344727	152.727417
2758.559570	187.689621
2757.773438	162.207474
2756.987305	171.714462
2756.201172	174.859100
2755.414063	187.538284
2754.627930	190.678421
2753.840820	174.753281
2753.053711	165.187927
2752.266602	152.450378
2751.479492	168.296631
2750.692383	180.961685
2749.904297	187.273376
2749.116211	180.888550
2748.328125	206.234711
2747.540039	145.921204
2746.751953	174.435699
2745.963867	155.374908
2745.174805	190.216476
2744.386719	183.838699
2743.597656	202.815414
2742.808594	148.912399
2742.019531	155.217636
2741.229492	202.692154
2740.440430	167.820404
2739.650391	158.289032
2738.861328	132.935822
2738.071289	180.376282
2737.280273	183.503525
2736.490234	199.282333
2735.700195	158.128464
2734.909180	215.011032
2734.118164	180.193207
2733.327148	199.120438
2732.536133	151.679977
2731.745117	211.676910
2730.953125	157.935715
2730.162109	170.535858
2729.370117	208.390289
2728.578125	154.682510
2727.786133	167.275589
2726.994141	183.019012
2726.201172	179.826859
2725.409180	151.402283
2724.616211	132.449997
2723.823242	201.787399
2723.030273	179.680252
2722.236328	148.127167
2721.443359	182.757919
2720.649414	138.615631
2719.856445	166.934738
2719.062500	173.198776
2718.268555	151.124405
2717.473633	169.980209
2716.679688	188.828293
2715.884766	166.764206
2715.089844	229.647110
2714.295898	150.969940
2713.500000	185.529236
2712.705078	176.059494
2711.910156	194.883087
2711.114258	138.275803
2710.318359	157.099380
2709.522461	182.197937
2708.726563	153.894272
2707.930664	210.383713
2707.134766	207.201141
2706.337891	185.187241
2705.541016	200.839844
2704.744141	153.736435
2703.947266	175.662689
2703.150391	194.443726
2702.352539	200.674866
2701.555664	222.577896
2700.757813	184.921066
2699.959961	166.081360
2699.162109	194.243881
2698.364258	166.013000
2697.565430	172.242172
2696.767578	222.303192
2695.968750	169.040833
2695.169922	197.173676
2694.371094	178.358444
2693.571289	193.963928
2692.772461	203.307327
2691.972656	184.502426
2691.173828	181.337830
2690.374023	162.545166
2689.573242	165.636826
2688.773438	174.976334
2687.973633	171.816254
2687.172852	168.657440
2686.372070	199.848969
2685.571289	206.051620
2684.770508	187.280899
2683.969727	190.362839
2683.167969	212.163818
2682.367188	168.448135
2681.565430	202.719635
2680.763672	168.378326
2679.961914	180.813309
2679.159180	174.542160
2678.357422	193.203033
2677.554688	165.123154
2676.751953	199.352615
2675.949219	177.511551
2675.146484	171.247498
2674.343750	214.793137
2673.540039	196.074707
2672.736328	196.033951
2671.932617	214.659195
2671.128906	199.062759
2670.325195	171.033966
2669.521484	152.343994
2668.716797	195.830048
2667.912109	189.573730
2667.107422	136.713211
2666.302734	167.749420
2665.498047	204.984314
2664.693359	211.151901
2663.887695	201.794266
2663.082031	180.024994
2662.276367	176.884171
2661.470703	201.667892
2660.665039	210.931564
2659.858398	179.874603
2659.052734	213.944016
2658.246094	201.499313
2657.439453	167.364410
2656.632813	198.316299
2655.826172	192.078690
2655.051758	195.564163
2655.018555	216.817627
2654.246094	198.668350
2654.210938	198.191727
2653.440430	226.569565
2653.404297	191.957993
2652.634766	189.294708
2652.596680	136.199692
2651.829102	248.215271
2651.788086	198.067093
2651.023438	136.496323
2650.980469	163.989899
2650.217773	201.609680
2650.171875	216.544983
2649.411133	186.071106
2649.364258	151.549667
2648.604492	198.443680
2648.555664	176.255447
2647.798828	226.313095
2647.747070	210.225479
2646.992188	185.980560
2646.938477	210.181290
2646.185547	189.049500
2646.128906	203.956604
2645.378906	189.018738
2645.320313	234.809723
2644.571289	226.165924
2644.510742	219.315567
2643.764648	182.761841
2643.701172	222.357712
2642.957031	195.120636
2642.891602	203.784988
2642.150391	198.185425
2642.081055	203.742065
2641.342773	247.691284
2641.271484	172.835632
2640.535156	213.598785
2640.460938	222.170410
2639.727539	191.897919
2639.651367	219.038528
2638.918945	219.718063
2638.840820	206.654724
2638.111328	207.305573
2638.029297	197.359879
2637.303711	210.365143
2637.218750	157.237961
2636.495117	197.958191
2636.408203	231.183472
2635.686523	182.462692
2635.596680	231.134644
2634.877930	210.261368
2634.785156	237.248093
2634.069336	256.600281
2633.973633	194.071045
2633.260742	228.738434
2633.162109	212.509064
2632.452148	253.425079
2632.349609	255.572769
2631.642578	210.122665
2631.538086	203.183548
2630.833984	219.356522
2630.725586	203.140533
2630.024414	188.430054
2629.913086	169.247925
2629.214844	247.080444
2629.100586	255.356400
2628.405273	213.071564
2628.288086	163.024353
2627.595703	225.386139
2627.474609	212.194260
2626.785156	194.479034
2626.662109	209.074631
2625.975586	216.051910
2625.848633	209.030273
2625.165039	178.984665
2625.035156	230.499161
2624.355469	268.432312
2624.221680	187.432846
2623.544922	197.434555
2623.407227	184.321030
2622.734375	172.726425
2622.593750	178.139130
2621.923828	225.123672
2621.779297	196.525543
2621.113281	172.668762
2620.964844	187.273575
2620.301758	243.545578
2620.150391	214.858383
2619.491211	212.681442
2619.335938	224.018921
2618.679688	228.054962
2618.521484	227.039337
2617.868164	234.179367
2617.706055	187.114182
2617.056641	203.332184
2616.890625	205.475082
2616.245117	243.341614
2616.076172	202.365143
2615.433594	237.141235
2615.259766	226.845886
2614.621094	197.071274
2614.444336	232.927155
2613.809570	230.904037
2613.628906	220.620743
2612.997070	240.099762
2612.812500	214.446609
2612.185547	190.816376
2611.996094	192.960739
2611.373047	190.784195
2611.179688	211.292801
2610.559570	224.595093
2610.363281	186.755157
2609.747070	230.709412
2609.546875	195.897949
2608.934570	221.443588
2608.729492	189.735550
2608.121094	246.006821
2607.912109	208.052536
2607.308594	236.741470
2607.095703	223.302704
2606.495117	248.997528
2606.277344	232.429749
2605.681641	245.881790
2605.459961	238.495224
2604.868164	215.110062
2604.642578	192.589478
2604.054688	187.421219
2603.824219	207.829788
2603.240234	221.180878
2603.005859	195.562546
2602.426758	248.786179
2602.187500	210.795639
2601.612305	221.105621
2601.369141	207.696030
2600.798828	196.504852
2600.550781	189.329239
2599.984375	242.519318
2599.731445	183.182495
2599.169922	208.715195
2598.913086	213.666977
2598.354492	214.817200
2598.093750	210.569305
2597.540039	230.121948
2597.274414	225.779373
2596.725586	233.150375
2596.455078	207.428299
2595.910156	239.244965
2595.634766	240.931000
2595.094727	236.137283
2594.815430	176.847961
2594.279297	220.765854
2593.995117	249.972549
2593.463867	226.859314
2593.174805	228.584152
2592.648438	217.624969
2592.354492	207.204941
2591.833008	220.652206
2591.533203	188.881409
2591.016602	226.742447
2590.712891	204.069733
2590.201172	248.148376
2589.891602	219.251465
2589.384766	214.412292
2589.070313	234.426620
2588.568359	241.937912
2588.249023	255.682861
2587.751953	238.834229
2587.427734	206.936630
2586.935547	220.424332
2586.606445	209.934402
2586.118164	235.690887
2585.784180	228.140198
2585.301758	247.891739
2584.961914	228.090820
2584.484375	208.070679
2584.139648	212.838669
2583.666992	238.628021
2583.317383	243.191498
2582.849609	244.704315
2582.495117	194.511032
2582.032227	235.487106
2581.671875	191.430283
2581.214844	247.677261
2580.849609	185.312927
2580.397461	220.119370
2580.026367	200.459000
2579.579102	253.704666
2579.203125	197.378876
2578.761719	210.874466
2578.379883	245.911026
2577.943359	220.004669
2577.555664	218.540085
2577.125000	235.241852
2576.732422	209.388718
2576.306641	210.764435
2575.908203	263.954437
2575.488281	213.781754
2575.083984	215.364227
2574.668945	250.386398
2574.259766	230.480545
2573.850586	253.395691
2573.434570	230.430344
2573.031250	259.456299
2572.610352	218.254868
2572.211914	238.047729
2571.785156	230.329926
2571.392578	259.365662
2570.959961	236.339691
2570.573242	250.167801
2570.134766	218.112122
2569.753906	195.218750
2569.309570	251.379929
2568.933594	228.731903
2568.484375	202.876846
2568.114258	219.544144
2567.658203	257.324860
2567.293945	222.554337
2566.832031	242.135162
2566.473633	198.130035
2566.005859	260.238373
2565.653320	225.523819
2565.179688	254.130722
2564.833008	265.096283
2564.353516	229.877472
2564.012695	222.398010
2563.526367	205.634811
2563.191406	261.957031
2562.699219	229.776810
2562.371094	237.547104
2561.872070	202.522003
2561.549805	216.190689
2561.044922	229.676086
2560.728516	246.596603
2560.217773	244.732651
2559.907227	240.465363
2559.389648	220.513123
2559.085938	234.336273
2558.562500	262.745605
2558.264648	243.423248
2557.734375	229.474487
2557.442383	219.042206
2556.906250	238.480270
2556.620117	249.420624
2556.078125	226.355545
2555.798828	231.129425
2555.249023	253.462433
2554.976563	243.251053
2554.420898	220.222458
2554.154297	237.127747
2553.591797	235.254379
2553.331055	243.164825
2552.762695	262.341309
2552.508789	264.394836
2551.933594	195.958939
2551.686523	233.963089
2551.103516	226.056610
2550.863281	224.807709
2550.274414	232.033585
2550.040039	236.917358
2549.444336	234.995132
2549.216797	224.727783
2548.614258	225.906967
2548.393555	258.087341
2547.784180	246.937057
2547.570313	242.862473
2546.954102	234.839432
2546.746094	245.854446
2546.123047	270.908661
2545.922852	236.706528
2545.292969	240.754425
2545.098633	251.835083
2544.461914	255.744965
2544.274414	242.689285
2543.630859	216.583054
2543.450195	233.546722
2542.799805	249.616821
2542.625977	275.960449
2541.967773	279.629150
2541.801758	306.230988
2541.136719	228.463455
2540.976563	245.547256
2540.304688	246.445358
2540.151367	275.812347
2539.472656	234.371597
2539.327148	230.307510
2538.640625	234.319550
2538.501953	245.415329
2537.807617	243.277756
2537.676758	263.546967
2536.975586	252.231964
2536.850586	290.758270
2536.142578	225.157013
2536.025391	245.283249
2535.309570	261.124023
2535.199219	263.405060
2534.476563	237.059830
2534.374023	254.276413
2533.643555	264.007813
2533.547852	293.575897
2532.809570	254.950714
2532.721680	226.950821
2531.976563	248.896362
2531.895508	239.011826
2531.142578	305.804413
2531.068359	290.392426
2530.308594	242.790466
2530.242188	269.169434
2529.473633	269.706940
2529.415039	287.263885
2528.639648	230.697723
2528.588867	256.979187
2527.804688	284.563416
2527.761719	250.887314
2526.969727	254.552429
2526.934570	262.930756
2526.134766	278.447998
2526.106445	253.818283
2525.299805	236.478134
2525.279297	250.751282
2524.464844	233.432434
2524.452148	256.747009
2523.628906	239.364227
2523.624023	256.700531
2522.795898	311.004272
2522.792969	257.258850
2521.967773	265.664215
2521.957031	281.126801
2521.139648	292.781311
2521.121094	254.153351
2520.311523	280.656921
2520.285156	212.245117
2519.482422	274.571442
2519.448242	254.039169
2518.654297	247.371063
2518.612305	236.053909
2517.825195	250.342285
2517.775391	262.886993
2516.996094	274.421753
2516.937500	268.801178
2516.166992	244.221054
2516.100586	280.684692
2515.337891	283.365448
2515.263672	203.002747
2514.507813	274.271881
2514.425781	247.726913
2513.678711	292.302460
2513.587891	226.783127
2512.848633	289.236298
2512.750000	238.665207
2512.018555	298.220520
2511.912109	217.732834
2511.188477	274.071838
2511.073242	268.377106
2510.358398	274.021790
2510.234375	226.578323
2509.528320	225.800873
2509.395508	226.527084
2508.697266	270.911499
2508.556641	259.255249
2507.867188	273.871521
2507.717773	253.238007
2507.036133	288.866547
2506.878906	235.309067
2506.205078	249.703461
2506.039063	268.012878
2505.374023	327.863770
2505.199219	241.156891
2504.542969	255.626709
2504.359375	258.961609
2503.710938	261.593475
2503.519531	297.589447
2502.879883	291.608185
2502.678711	252.893570
2502.047852	282.537476
2501.838867	267.708801
2501.215820	285.490753
2500.998047	252.778610
2500.383789	300.461365
2500.157227	291.372559
2499.551758	285.385834
2499.316406	279.416199
2498.719727	309.361389
2498.474609	267.465210
2497.886719	291.286743
2497.633789	267.404266
2497.053711	228.182632
2496.791992	252.490891
2496.221680	330.203491
2495.950195	267.282318
2495.388672	273.118011
2495.108398	225.653534
2494.554688	318.078796
2494.265625	264.191803
2493.721680	285.018036
2493.423828	296.776917
2492.888672	305.962860
2492.581055	293.741943
2492.054688	308.905457
2491.738281	308.506805
2491.220703	308.848389
2490.895508	293.607544
2490.387695	290.803436
2490.051758	252.029541
2489.552734	311.731598
2489.208984	266.793640
2488.718750	290.695862
2488.365234	290.442017
2487.884766	302.627289
2487.521484	305.190460
2487.049805	284.596741
2486.677734	302.158081
2486.215820	296.524780
2485.833008	287.280396
2485.380859	251.550156
2484.989258	260.565613
2484.545898	317.373474
2484.144531	266.426300
2483.710938	290.372772
2483.299805	290.041870
2482.875000	248.417175
2482.455078	316.605469
2482.040039	302.234650
2481.609375	286.950043
2481.204102	296.194763
2480.764648	304.629303
2480.368164	293.148376
2479.918945	316.386597
2479.532227	299.075378
2479.073242	257.189545
2478.696289	302.009918
2478.227539	313.285034
2477.860352	298.964050
2477.381836	316.167480
2477.023438	313.853790
2476.535156	319.048553
2476.187500	271.955933
2475.688477	292.393524
2475.350586	322.700714
2474.841797	301.184204
2474.513672	298.741241
2473.995117	283.401855
2473.676758	286.738098
2473.148438	292.190430
2472.839844	307.588654
2472.300781	339.334442
2472.001953	361.274506
2471.453125	297.955017
2471.165039	325.384827
2470.605469	289.037750
2470.327148	286.523895
2469.757813	303.714020
2469.489258	298.406586
2468.910156	324.279388
2468.651367	363.987946
2468.061523	291.783569
2467.813477	316.192627
2467.212891	315.288666
2466.975586	351.922089
2466.364258	329.944946
2466.136719	319.056030
2465.515625	276.853577
2465.297852	316.014954
2464.666992	306.234650
2464.458984	271.244995
2463.817383	273.780579
2463.620117	336.757538
2462.967773	300.205383
2462.781250	330.735138
2462.118164	273.652740
2461.942383	312.798828
2461.268555	294.181519
2461.102539	262.105988
2460.418945	285.289337
2460.263672	288.857971
2459.568359	273.460846
2459.423828	318.577240
2458.717773	258.698059
2458.583984	324.470947
2457.867188	290.967133
2457.744141	288.695038
2457.016602	285.022186
2456.903320	270.786652
2456.166016	311.394470
2456.063477	270.735657
2455.314453	276.077454
2455.222656	318.277557
2454.462891	302.439362
2454.382813	312.269592
2453.611328	275.947754
2453.541992	282.476349
2452.759766	302.297180
2452.701172	312.151825
2451.907227	261.146790
2451.859375	282.369781
2451.055664	264.018860
2451.018555	255.570709
2450.203125	263.956635
2450.176758	282.263153
2449.350586	246.301453
2449.334961	291.121735
2448.497070	299.009796
2448.493164	270.276215
2447.651367	252.408081
2447.644531	296.008423
2446.809570	287.987671
2446.791016	307.658844
2445.967773	287.933167
2445.937500	275.362823
2445.125000	270.071747
2445.083984	240.153320
2444.282227	311.562195
2444.230469	281.088562
2443.439453	269.969421
2443.375977	260.530823
2442.596680	252.121445
2442.522461	278.028809
2441.753906	314.350647
2441.667969	280.888794
2440.911133	332.081085
2440.813477	295.448334
2440.067383	299.409149
2439.958008	263.208282
2439.223633	287.496765
2439.103516	292.384155
2438.380859	299.295441
2438.248047	271.852631
2437.536133	251.834442
2437.392578	257.175720
2436.692383	296.219513
2436.537109	283.410278
2435.848633	275.431763
2435.680664	274.579620
2435.003906	242.807602
2434.825195	286.195618
2434.160156	304.932007
2433.968750	280.288025
2433.315430	284.154358
2433.112305	280.221130
2432.470703	316.653412
2432.255859	218.870468
2431.625000	295.881378
2431.398438	285.922394
2430.780273	313.574493
2430.541992	288.770905
2429.935547	292.810883
2429.684570	274.120911
2429.089844	295.712158
2428.827148	259.477875
2428.244141	260.177063
2427.968750	244.841766
2427.398438	242.391434
2427.111328	288.494324
2426.552734	292.587433
2426.252930	259.291260
2425.706055	262.982910
2425.394531	253.403625
2424.860352	322.018616
2424.536133	244.606796
2424.013672	327.864532
2423.677734	256.193115
2423.166992	239.206741
2422.818359	288.147919
2422.320313	298.213074
2421.959961	261.889587
2421.473633	280.443756
2421.100586	279.281616
2420.626953	236.117950
2420.240234	253.037933
2419.779297	295.090912
2419.380859	252.976898
2418.931641	262.580597
2418.520508	261.637054
2418.084961	286.128479
2417.661133	273.199371
2417.237305	303.768890
2416.799805	246.982254
2416.388672	309.607910
2415.939453	244.017532
2415.541016	277.119629
2415.079102	235.245667
2414.692383	277.066437
2414.217773	258.417206
2413.844727	268.172363
2413.356445	272.868835
2412.996094	268.120850
2412.147461	282.798431
2411.298828	268.017792
2410.449219	309.191833
2409.600586	312.076477
2408.750977	297.298676
2407.901367	250.153687
2407.051758	288.356934
2406.202148	323.603607
2405.352539	276.480682
2404.501953	267.605255
2403.651367	285.194550
2402.801758	305.716614
2401.950195	238.060242
2401.099609	223.322052
2400.249023	258.533478
2399.397461	305.480560
2398.546875	267.243835
2397.695313	296.553955
2396.843750	296.496582
2395.991211	322.854614
2395.139648	278.775024
2394.288086	316.861847
2393.435547	278.667084
2392.583008	331.402954
2391.730469	266.830322
2390.877930	275.573486
2390.024414	257.933655
2389.171875	290.119080
2388.318359	284.202942
2387.464844	266.571625
2386.611328	287.021393
2385.757813	266.468079
2384.903320	242.995102
2384.049805	301.489532
2383.195313	251.680176
2382.340820	292.594452
2381.486328	330.567413
2380.631836	298.330200
2379.776367	286.575195
2378.921875	280.672058
2378.066406	315.694550
2377.210938	321.478088
2376.355469	289.273865
2375.499023	248.318024
2374.643555	274.556946
2373.787109	283.264130
2372.930664	280.289154
2372.074219	291.910889
2371.217773	326.876343
2370.361328	309.304657
2369.503906	323.831207
2368.647461	317.934235
2367.790039	279.960724
2366.932617	306.147125
2366.075195	326.493042
2365.216797	314.770966
2364.359375	241.859955
2363.500977	265.119812
2362.642578	285.457703
2361.784180	299.963074
2360.925781	285.345825
2360.067383	285.289856
2359.208008	308.518311
2358.348633	325.917633
2357.490234	363.675964
2356.629883	369.422241
2355.770508	311.184387
2354.911133	328.569397
2354.050781	296.526489
2353.190430	313.907501
2352.330078	296.409912
2351.469727	276.013763
2350.609375	284.673950
2349.749023	325.277618
2348.887695	299.080353
2348.026367	290.312103
2347.165039	264.131958
2346.303711	307.609589
2345.442383	319.154572
2344.580078	295.884979
2343.717773	284.225586
2342.856445	289.968872
2341.994141	263.819611
2341.130859	275.361725
2340.268555	312.980988
2339.405273	310.021759
2338.542969	301.270050
2337.679688	301.210510
2336.816406	318.525055
2335.953125	280.825653
2335.088867	312.610016
2334.225586	353.063660
2333.361328	295.125946
2332.497070	297.960327
2331.632813	326.823792
2330.767578	271.817261
2329.903320	309.347717
2329.038086	349.753784
2328.172852	312.115051
2327.307617	320.721313
2326.442383	314.880066
2325.577148	280.158783
2324.710938	332.081085
2323.845703	277.160461
2322.979492	334.835724
2322.113281	343.427063
2321.246094	331.817352
2320.379883	349.060150
2319.512695	377.832977
2318.646484	328.735840
2317.779297	314.255066
2316.912109	317.075043
2316.043945	311.248077
2315.176758	331.355591
2314.308594	305.362610
2313.440430	311.062195
2312.572266	308.120575
2311.704102	313.817291
2310.835938	319.511688
2309.966797	333.837524
2309.098633	319.384277
2308.229492	339.457886
2307.360352	304.875885
2306.490234	373.829742
2305.621094	368.005035
2304.750977	336.312408
2303.881836	324.749664
2303.011719	301.698212
2302.141602	316.001617
2301.270508	307.321930
2300.400391	335.976410
2299.529297	301.456970
2298.658203	332.971527
2297.787109	321.425415
2296.916016	358.661896
2296.044922	301.215668
2295.172852	375.727112
2294.300781	321.167969
2293.428711	312.502625
2292.556641	326.772064
2291.684570	320.974854
2290.812500	335.236816
2289.939453	346.628357
2289.066406	349.422913
2288.193359	312.126648
2287.320313	323.515869
2286.447266	326.313293
2285.573242	346.280487
2284.699219	351.933380
2283.825195	326.116608
2282.951172	354.652008
2282.077148	311.687866
2281.203125	334.496735
2280.328125	311.562439
2279.453125	322.930939
2278.578125	300.008148
2277.703125	337.084137
2276.828125	354.152649
2275.952148	316.959869
2275.077148	345.445190
2274.201172	368.210297
2273.325195	333.890839
2272.448242	353.795837
2271.572266	276.703827
2270.695313	367.913300
2269.819336	339.324371
2268.942383	342.106781
2268.064453	370.540833
2267.187500	347.668060
2266.310547	327.653687
2265.432617	330.436066
2264.554688	341.761292
2263.676758	370.166534
2262.798828	378.632263
2261.919922	352.939117
2261.041992	358.559113
2260.163086	352.796265
2259.284180	315.745636
2258.405273	369.717285
2257.525391	329.834747
2256.646484	363.881836
2255.766602	312.647583
2254.886719	335.317596
2254.006836	377.866089
2253.126953	346.543701
2252.247070	360.673126
2251.366211	329.366882
2250.485352	343.493988
2249.604492	329.233154
2248.723633	337.679230
2247.842773	340.447693
2246.960938	368.743408
2246.080078	360.160736
2245.198242	360.087524
2244.316406	354.344788
2243.433594	359.941071
2242.551758	357.034271
2241.668945	354.128571
2240.786133	368.218750
2239.903320	356.816284
2239.020508	376.562714
2238.137695	348.178802
2237.253906	336.787292
2236.371094	325.400360
2235.487305	328.163025
2234.603516	384.664429
2233.718750	350.651917
2232.834961	387.334778
2231.950195	339.202118
2231.065430	347.611206
2230.180664	344.714722
2229.295898	299.445068
2228.411133	432.129608
2227.525391	344.503540
2226.639648	372.665344
2225.753906	341.540070
2224.868164	406.377808
2223.982422	352.686371
2223.095703	355.435150
2222.209961	363.823425
2221.323242	349.650177
2220.436523	360.855316
2219.549805	310.046539
2218.662109	405.795990
2217.775391	419.800110
2216.887695	388.728485
2216.000000	360.485840
2215.112305	357.596222
2214.223633	408.195435
2213.335938	346.191284
2212.447266	357.376221
2211.558594	346.049225
2210.669922	365.668030
2209.781250	329.033630
2208.891602	362.706177
2208.001953	390.742645
2207.113281	348.504547
2206.222656	399.011902
2205.333008	345.551910
2204.443359	387.612671
2203.552734	328.560547
2202.662109	381.837952
2201.771484	378.952332
2200.880859	381.680786
2199.990234	333.901917
2199.098633	342.249115
2198.208008	361.811829
2197.316406	381.366425
2196.424805	364.466309
2195.532227	361.588165
2194.640625	336.291718
2193.748047	375.448303
2192.855469	392.178467
2191.962891	372.492676
2191.070313	375.215912
2190.176758	347.143036
2189.284180	377.859924
2188.390625	391.773773
2187.497070	344.130127
2186.603516	402.800781
2185.708984	383.140991
2184.815430	357.897095
2183.920898	363.414063
2183.026367	391.288025
2182.131836	366.058044
2181.237305	371.569763
2180.341797	349.147400
2179.446289	390.964111
2178.551758	402.051208
2177.655273	351.721924
2176.759766	393.511993
2175.864258	376.688690
2174.967773	340.344391
2174.071289	359.797699
2173.174805	362.511597
2172.278320	381.952179
2171.381836	390.235077
2170.484375	373.433167
2169.586914	325.989594
2168.689453	381.635010
2167.791992	353.704926
2166.894531	389.829926
2165.996094	400.884552
2165.097656	400.801178
2164.199219	378.455719
2163.300781	400.634460
2162.402344	375.516632
2161.502930	400.467682
2160.604492	358.677612
2159.705078	358.602905
2158.805664	389.100372
2157.905273	377.904449
2157.005859	397.272583
2156.105469	377.746887
2155.205078	355.452362
2154.304688	358.154602
2153.404297	371.958923
2152.502930	394.083160
2151.602539	413.423462
2150.701172	380.048248
2149.799805	368.874878
2148.898438	363.251984
2147.996094	399.216431
2147.094727	429.622314
2146.192383	426.761292
2145.290039	368.489471
2144.387695	401.652618
2143.484375	373.874176
2142.582031	398.715637
2141.678711	415.241821
2140.775391	473.276550
2139.872070	356.958405
2138.968750	426.047089
2138.064453	401.064148
2137.160156	428.633850
2136.255859	373.247955
2135.351563	428.454071
2134.447266	381.382294
2133.542969	375.776123
2132.637695	458.571625
2131.732422	414.284943
2130.827148	428.004517
2129.921875	383.742737
2129.015625	436.105103
2128.109375	386.341003
2127.204102	380.741791
2126.296875	399.970612
2125.390625	427.464844
2124.484375	421.860352
2123.577148	396.961456
2122.669922	427.194946
2121.762695	446.393555
2120.855469	438.034698
2119.947266	432.433685
2119.040039	426.834961
2118.131836	418.485382
2117.223633	385.365753
2116.315430	401.796661
2115.406250	415.469116
2114.498047	396.125305
2113.588867	393.291382
2112.679688	393.208313
2111.770508	406.870880
2110.860352	362.808136
2109.951172	390.211090
2109.041016	445.076263
2108.130859	395.539673
2107.220703	414.679535
2106.309570	370.661499
2105.399414	425.484222
2104.488281	395.204865
2103.577148	397.865051
2102.666016	436.187164
2101.753906	405.924652
2100.842773	394.869995
2099.930664	446.876099
2099.018555	449.522278
2098.106445	438.465271
2097.194336	424.673096
2096.281250	413.625946
2095.368164	443.663391
2094.455078	388.807526
2093.541992	473.587372
2092.628906	448.854462
2091.714844	421.395660
2090.800781	410.363037
2089.887695	451.303284
2088.972656	412.923004
2088.058594	377.292999
2087.143555	423.680878
2086.229492	456.384766
2085.314453	415.303619
2084.399414	434.336853
2083.483398	423.319855
2082.568359	442.343201
2081.652344	431.329102
2080.736328	433.966400
2079.820313	422.958710
2078.903320	450.150238
2077.987305	420.050507
2077.070313	447.230927
2076.153320	449.861786
2075.236328	384.345184
2074.319336	430.592560
2073.401367	460.472015
2072.483398	449.477081
2071.565430	452.104401
2070.647461	438.392914
2069.729492	441.021393
2068.810547	446.370453
2067.892578	421.784088
2066.973633	462.502747
2066.053711	418.883240
2065.134766	465.023834
2064.215820	402.390411
2063.295898	432.205017
2062.375977	472.877533
2061.456055	472.775970
2060.535156	472.674377
2059.615234	380.230988
2058.694336	448.033051
2057.773438	469.654846
2056.852539	442.411987
2055.930664	445.030396
2055.009766	442.221588
2054.087891	477.387970
2053.166016	428.471893
2052.244141	469.048523
2051.321289	395.759125
2050.399414	414.644440
2049.476563	482.292786
2048.553711	414.465607
2047.630859	476.667999
2046.707031	465.734070
2045.783203	419.611572
2044.860352	465.532898
2043.936523	492.492340
2043.011719	440.982971
2042.087891	430.068268
2041.163086	454.313477
2040.238281	443.400513
2039.313477	467.632233
2038.388672	456.721039
2037.463867	505.256409
2036.538086	475.432404
2035.612305	475.329376
2034.686523	477.926483
2033.760742	440.028931
2032.833984	458.826294
2031.907227	437.139587
2031.056641	448.244507
2030.980469	461.324951
2030.130859	434.743164
2030.053711	447.738647
2029.204102	467.067474
2029.126953	447.641388
2028.278320	477.785889
2028.199219	496.072968
2027.351563	480.403931
2027.272461	469.010498
2026.425781	442.544373
2026.344727	498.552155
2025.499023	450.563263
2025.416992	463.417908
2024.572266	504.437317
2024.488281	425.605194
2023.645508	461.198547
2023.560547	492.840485
2022.717773	442.243866
2022.631836	444.267609
2021.791016	452.953186
2021.703125	495.317749
2020.863281	450.180359
2020.774414	479.061676
2019.935547	495.922516
2019.844727	535.463440
2019.007813	503.922211
2018.916016	521.895752
2018.080078	431.089752
2017.986328	489.506714
2017.152344	484.893066
2017.056641	467.887787
2016.223633	487.503510
2016.126953	473.162506
2015.295898	463.183685
2015.196289	454.244293
2014.367188	500.798828
2014.265625	502.515564
2013.438477	444.180817
2013.335938	540.018982
2012.509766	481.786163
2012.405273	472.749084
2011.581055	462.865814
2011.473633	502.186035
2010.651367	484.311127
2010.542969	429.583893
2009.722656	446.565613
2009.611328	456.332977
2008.792969	481.454681
2008.679688	480.386597
2007.863281	467.925507
2007.748047	461.499420
2006.933594	513.553711
2006.816406	490.906342
2006.002930	481.205444
2005.883789	477.388947
2005.073242	499.937103
2004.952148	498.735260
2004.142578	470.289551
2004.019531	445.010193
2003.212891	494.390259
2003.085938	450.272949
2002.282227	507.736786
2002.153320	431.416840
2001.351563	475.417053
2001.220703	498.297607
2000.419922	507.560608
2000.287109	543.721497
1999.489258	528.952759
1999.353516	482.011627
1998.557617	491.276764
1998.419922	530.096252
1997.625977	509.980011
1997.485352	479.123016
1996.695313	499.156647
1996.550781	572.680298
1995.762695	493.703308
1995.617188	481.587708
1994.831055	490.934479
1994.682617	500.205963
1993.899414	541.811218
1993.747070	508.118744
1992.966797	474.672424
1992.812500	446.511230
1992.034180	463.864227
1991.876953	470.470978
1991.101563	490.591339
1990.941406	518.473022
1990.168945	461.021484
1990.005859	499.654968
1989.236328	503.818878
1989.070313	523.586975
1988.303711	468.898071
1988.133789	456.702118
1987.370117	484.889435
1987.198242	507.334747
1986.436523	482.125763
1986.261719	536.588196
1985.502930	498.109009
1985.325195	499.103577
1984.569336	492.666290
1984.387695	517.672119
1983.635742	508.641907
1983.451172	501.550690
1982.702148	508.552277
1982.513672	493.438019
1981.767578	479.025269
1981.576172	503.995392
1980.833008	540.480591
1980.638672	535.876404
1979.898438	502.932678
1979.700195	514.434021
1978.963867	486.795563
1978.761719	516.984924
1978.029297	502.754791
1977.824219	535.520264
1977.093750	491.970764
1976.885742	530.074097
1976.159180	515.943115
1975.946289	508.651733
1975.223633	537.234070
1975.007813	519.188904
1974.288086	521.104736
1974.068359	519.073608
1973.352539	537.043335
1973.128906	518.958313
1972.416992	510.234070
1972.189453	497.557129
1971.480469	494.117889
1971.250000	532.028381
1970.543945	526.075134
1970.309570	507.974121
1969.608398	488.602020
1969.369141	550.404419
1968.671875	555.251953
1968.428711	513.064819
1967.734375	509.779816
1967.488281	510.292786
1966.797852	491.009125
1966.547852	510.179138
1965.861328	541.614380
1965.606445	547.257751
1964.923828	528.179688
1964.665039	555.103699
1963.986328	501.414215
1963.723633	517.804260
1963.048828	565.323303
1962.782227	530.962769
1962.111328	466.574768
1961.839844	536.152710
1961.173828	525.135742
1960.898438	543.993896
1960.235352	546.362976
1959.956055	514.688965
1959.296875	532.941345
1959.012695	509.269073
1958.358398	583.465942
1958.070313	514.458923
1957.419922	495.457306
1957.127930	554.112732
1956.481445	492.704895
1956.184570	540.735413
1955.542969	489.953369
1955.241211	458.462189
1954.603516	559.085144
1954.297852	519.297485
1953.664063	535.027893
1953.353516	503.287872
1952.725586	548.238098
1952.409180	566.734009
1951.785156	502.904327
1951.465820	569.254639
1950.845703	548.040039
1950.520508	513.537842
1949.906250	526.661682
1949.576172	550.473694
1948.965820	470.718475
1948.631836	521.245056
1948.025391	547.742615
1947.686523	542.290527
1947.084961	560.935730
1946.741211	523.655640
1946.144531	512.990356
1945.795898	534.114441
1945.204102	544.787231
1944.849609	520.776611
1944.262695	552.659424
1943.904297	578.804199
1943.322266	523.337097
1942.958008	539.038696
1942.380859	571.050903
1942.011719	509.858063
1941.439453	544.391357
1941.065430	522.948975
1940.498047	544.292236
1940.118164	570.361267
1939.555664	581.357483
1939.170898	559.672791
1938.614258	536.131531
1938.223633	572.743408
1937.671875	557.262817
1937.276367	569.975342
1936.729492	546.548523
1936.329102	554.017578
1935.787109	567.669983
1935.380859	535.429382
1934.844727	554.305359
1934.432617	590.685120
1933.901367	548.900574
1933.484375	585.278809
1932.958984	514.334412
1932.536133	564.060120
1932.015625	508.938782
1931.587891	585.014038
1931.072266	622.805725
1930.638672	558.535583
1930.128906	559.097534
1929.689453	587.383179
1929.185547	551.047119
1928.740234	589.883484
1928.241211	556.243530
1927.791016	526.562317
1927.297852	561.437927
1926.840820	563.293884
1926.353516	601.051819
1925.890625	534.218323
1925.409180	526.816345
1924.940430	605.134583
1924.464844	545.247192
1923.990234	539.236633
1923.519531	537.207703
1923.040039	562.782532
1922.575195	627.067810
1922.088867	567.913086
1921.629883	563.463379
1921.137695	575.669861
1920.684570	558.069641
1920.186523	541.374451
1919.739258	563.255371
1919.235352	575.407898
1918.793945	613.385437
1918.283203	583.157349
1917.847656	586.837952
1917.331055	567.267090
1916.902344	544.442566
1916.378906	567.137817
1915.956055	597.190552
1915.426758	624.759338
1915.009766	586.512146
1914.474609	593.123535
1914.063477	615.459473
1913.521484	611.355103
1913.116211	522.911499
1912.568359	608.592224
1912.169922	578.264526
1911.615234	582.226807
1911.222656	578.157166
1910.662109	558.495300
1910.275391	572.770752
1909.708008	574.096252
1909.328125	609.610413
1908.753906	592.310852
1908.380859	583.111877
1907.799805	573.833557
1907.432617	553.985107
1906.845703	584.180786
1906.485352	574.982178
1905.891602	589.285034
1905.537109	593.334351
1904.936523	565.583923
1904.588867	609.043030
1903.981445	554.982910
1903.640625	598.385193
1903.026367	588.879700
1902.692383	569.282288
1902.071289	596.594482
1901.743164	545.460327
1901.115234	572.913086
1900.793945	613.857483
1900.159180	572.781494
1899.845703	597.938232
1899.203125	588.338867
1898.895508	568.856812
1898.247070	507.162170
1897.946289	608.246887
1897.290039	541.022766
1896.997070	589.704651
1896.333984	587.932800
1896.046875	568.537231
1895.376953	522.486572
1895.096680	563.167358
1894.419922	582.438293
1894.146484	576.217346
1893.461914	605.805115
1893.196289	644.505737
1892.504883	571.727234
1892.246094	565.480408
1891.546875	579.425354
1891.294922	575.892761
1890.588867	618.432922
1890.344727	554.751221
1889.629883	581.766602
1889.393555	599.334045
1888.671875	563.374634
1888.442383	657.040833
1887.712891	599.750916
1887.491211	588.597717
1886.753906	583.970154
1886.539063	554.333557
1885.794922	607.292603
1885.587891	643.536072
1884.835938	586.305603
1884.635742	567.255371
1883.875977	609.616516
1883.683594	596.030823
1882.916016	622.498169
1882.731445	540.789307
1881.956055	578.085999
1881.778320	601.055054
1880.996094	603.985718
1880.826172	587.820435
1880.035156	614.256592
1879.873047	642.806946
1879.074219	590.694336
1878.919922	574.481995
1878.113281	611.369629
1877.966797	590.109436
1877.152344	621.631348
1877.013672	608.353088
1876.191406	605.884583
1876.059570	602.994324
1875.229492	673.337219
1875.106445	592.395081
1874.267578	634.193176
1874.152344	589.661987
1873.305664	615.855591
1873.198242	581.689331
1872.342773	607.918213
1872.244141	589.437988
1871.380859	636.347107
1871.289063	646.948914
1870.417969	638.795288
1870.334961	633.732239
1869.455078	560.762512
1869.379883	630.993469
1868.491211	607.350769
1868.424805	573.283203
1867.528320	617.588501
1867.469727	607.198059
1866.564453	620.038330
1866.513672	554.747681
1865.600586	596.550049
1865.558594	669.756226
1864.636719	606.782715
1864.602539	640.855408
1863.671875	588.493225
1863.646484	583.197876
1862.708008	596.130981
1862.690430	617.078064
1861.743164	671.137878
1861.734375	572.518127
1860.778320	611.614746
1860.778320	626.939270
1859.821289	616.724304
1859.812500	606.071716
1858.864258	580.027954
1858.847656	574.856079
1857.907227	637.386108
1857.881836	590.254028
1856.950195	642.487549
1856.916016	613.409241
1855.993164	613.640808
1855.949219	592.564026
1855.035156	592.637268
1854.983398	633.816711
1854.077148	636.897583
1854.016602	638.840271
1853.119141	631.555847
1853.049805	594.731323
1852.161133	636.653076
1852.083008	623.028076
1851.203125	620.878357
1851.115234	589.281738
1850.244141	607.717896
1850.147461	620.150208
1849.286133	602.385559
1849.179688	648.420593
1848.327148	683.093750
1848.211914	637.936462
1847.368164	617.794128
1847.244141	588.725220
1846.408203	695.861877
1846.275391	671.194519
1845.449219	685.304932
1845.306641	647.807556
1844.489258	659.120605
1844.337891	670.876831
1843.530273	632.946350
1843.369141	650.080444
1842.570313	690.116943
1842.399414	655.084473
1841.609375	656.135437
1841.429688	667.821411
1840.649414	637.786255
1840.459961	665.085083
1839.688477	629.854919
1839.490234	618.536926
1838.728516	697.390442
1838.519531	680.228943
1837.767578	699.857300
1837.549805	669.763184
1836.805664	660.703918
1836.579102	672.179321
1835.844727	650.173279
1835.607422	677.168945
1834.882813	683.849792
1834.636719	648.691772
1833.921875	668.119202
1833.665039	725.744019
1832.959961	701.779053
1832.693359	751.300537
1831.998047	693.846924
1831.721680	676.523621
1831.035156	633.954285
1830.749023	681.505615
1830.073242	698.772949
1829.777344	676.200684
1829.110352	680.457153
1828.804688	688.891602
1828.147461	669.938293
1827.832031	699.006409
1827.184570	664.615723
1826.858398	698.839172
1826.221680	672.273438
1825.885742	719.221069
1825.258789	698.094116
1824.912109	654.848083
1824.294922	687.579712
1823.938477	677.797913
1823.331055	684.851685
1822.963867	659.667786
1822.367188	741.778076
1821.990234	700.568481
1821.403320	681.991699
1821.015625	685.006897
1820.438477	655.932495
1820.041016	692.537231
1819.474609	699.870483
1819.066406	674.420471
1818.509766	743.791199
1818.090820	615.292725
1817.544922	663.321838
1817.115234	668.969849
1816.580078	686.507629
1816.139648	725.183472
1815.614258	688.963623
1815.164063	725.008789
1814.649414	706.955994
1814.187500	724.833984
1813.683594	667.981567
1813.211914	696.492249
1812.717773	732.565125
1812.235352	688.644104
1811.751953	696.188843
1811.257813	703.834167
1810.786133	703.815186
1810.281250	708.781677
1809.819336	672.632690
1809.303711	680.470581
1808.852539	690.606628
1808.326172	731.456787
1807.885742	643.922607
1807.348633	644.344360
1806.918945	656.723938
1806.371094	738.771545
1805.952148	703.125427
1805.392578	700.257202
1804.984375	708.156372
1804.414063	720.527954
1804.017578	744.193359
1803.435547	710.135315
1803.049805	632.956787
1802.456055	692.086121
1802.082031	725.819946
1801.477539	722.556458
1801.113281	782.491821
1800.498047	684.092041
1800.145508	738.444336
1799.518555	694.133484
1799.176758	709.902832
1798.538086	665.899780
1798.208008	709.763062
1797.558594	675.940491
1797.239258	722.525513
1796.578125	714.027222
1796.270508	696.583740
1795.597656	754.644714
1795.301758	729.979004
1794.616211	721.325500
1794.332031	727.256104
1793.635742	708.408264
1793.362305	667.809082
1792.654297	731.163635
1792.392578	773.371399
1791.672852	743.719849
1791.422852	747.444702
1790.690430	720.620667
1790.452148	736.989502
1789.708984	692.441162
1789.482422	718.809204
1788.726563	771.170166
1788.511719	783.063782
1787.744141	791.337097
1787.541016	803.511780
1786.760742	750.441162
1786.569336	733.831909
1785.778320	714.651611
1785.598633	774.876099
1784.794922	750.072815
1784.626953	738.689026
1783.811523	737.178528
1783.656250	833.755493
1782.828125	698.876709
1782.684570	794.998169
1781.843750	774.927124
1781.711914	748.539185
1780.859375	779.816650
1780.740234	843.546936
1779.875000	731.374146
1779.767578	771.383728
1778.890625	794.665588
1778.795898	719.815247
1777.905273	791.931335
1777.823242	771.077515
1776.919922	796.811096
1776.849609	794.052063
1775.934570	781.392395
1775.876953	773.340393
1774.949219	735.544800
1774.903320	801.442627
1773.962891	778.470398
1773.929688	819.260803
1772.977539	778.277771
1772.956055	834.504028
1771.991211	714.723083
1771.982422	831.770752
1771.008789	782.838196
1771.003906	775.358398
1770.034180	808.343994
1770.017578	820.764160
1769.060547	790.223328
1769.030273	843.353882
1768.085938	828.543030
1768.042969	764.653625
1767.110352	830.942505
1767.054688	797.371033
1766.135742	779.494202
1766.067383	807.295654
1765.160156	838.301819
1765.079102	769.143616
1764.185547	838.134460
1764.090820	819.541138
1763.209961	809.778625
1763.102539	831.981079
1762.233398	799.368530
1762.113281	781.209961
1761.257813	814.578186
1761.124023	839.148926
1760.281250	791.365906
1760.134766	823.777954
1759.305664	791.207642
1759.145508	810.940735
1758.329102	785.929260
1758.155273	805.686707
1757.351563	829.283813
1757.165039	848.410767
1756.375000	816.322754
1756.174805	800.234863
1755.397461	813.600769
1755.184570	810.129517
1754.420898	902.967102
1754.193359	764.510071
1753.443359	831.177063
1753.202148	794.588379
1752.464844	928.174683
1751.487305	843.625977
1750.509766	861.348206
1749.531250	843.287415
1748.552734	881.441650
1747.574219	858.275146
1746.594727	870.872070
1745.616211	906.444153
1744.636719	896.050476
1743.657227	860.137573
1742.677734	842.101746
1741.697266	836.829651
1740.717773	849.415100
1739.737305	856.894897
1738.756836	928.115784
1737.775391	897.337646
1736.794922	884.413025
1735.813477	912.265198
1734.833008	929.915100
1733.851563	858.405884
1732.869141	929.539734
1731.887695	911.528809
1730.905273	916.435974
1729.922852	946.792480
1728.940430	936.422607
1727.958008	910.792114
1726.975586	946.218201
1725.992188	897.708191
1725.008789	928.037231
1724.025391	950.727783
1723.041992	940.369080
1722.057617	985.916931
1721.074219	1016.203186
1720.089844	1008.377197
1719.105469	967.541016
1718.120117	949.571960
1717.135742	997.609741
1716.150391	926.345093
1715.165039	956.605957
1714.179688	994.465149
1713.194336	1012.017700
1712.208008	1029.563110
1711.222656	1004.000183
1710.236328	1041.818481
1709.250000	1021.331970
1708.262695	1076.867798
1707.276367	1058.915527
1706.289063	1073.896484
1705.301758	1081.274414
1704.314453	1058.268433
1703.327148	1121.333374
1702.338867	1050.244751
1701.350586	1110.755127
1700.362305	1100.409790
1699.374023	1069.835205
1698.385742	1122.718262
1697.396484	1109.848389
1696.407227	1031.265625
1695.417969	1096.759399
1694.428711	1088.955444
1693.439453	1068.524170
1692.449219	1116.291016
1691.458984	1085.762207
1690.468750	1057.770386
1689.478516	1057.553711
1688.487305	1092.665894
1687.497070	1137.855225
1686.505859	1066.993652
1685.514648	1069.296875
1684.522461	1058.991943
1683.531250	1076.420898
1682.539063	1018.231445
1681.546875	1012.982788
1680.554688	954.829956
1679.562500	1052.867920
1678.569336	1042.578491
1677.576172	1034.810791
1676.583008	1074.874512
1675.589844	996.634094
1674.596680	1049.270020
1673.602539	940.878357
1672.608398	1013.625488
1671.614258	1081.313232
1670.620117	1025.779053
1669.625977	1025.567749
1668.630859	1027.869507
1667.635742	1017.607239
1666.640625	1004.837036
1665.645508	971.979309
1664.649414	1059.665771
1663.654297	1014.257507
1662.658203	971.377808
1661.662109	920.987244
1660.665039	978.503662
1659.668945	1041.013184
1658.671875	958.035828
1657.674805	1007.986389
1656.677734	995.243408
1655.679688	1020.101501
1654.682617	934.690796
1653.684570	977.088440
1652.686523	1039.507080
1651.688477	981.692566
1650.689453	943.932312
1649.691406	973.776123
1648.692383	983.585388
1647.693359	1015.910706
1646.693359	1008.194885
1645.694336	1017.990601
1644.694336	967.765747
1643.694336	985.066101
1642.694336	999.859497
1641.694336	1014.646729
1640.693359	1026.929077
1639.692383	1081.673706
1638.691406	1016.512085
1637.690430	1066.241943
1636.689453	996.117249
1635.687500	1045.830444
1634.685547	1035.630859
1633.683594	1115.254639
1632.681641	1007.760864
1631.678711	1042.466187
1630.676758	1077.156982
1629.673828	1034.553345
1628.670898	1059.261597
1627.666992	1041.597778
1626.664063	1036.397949
1625.660156	1053.617676
1624.656250	1070.829956
1623.652344	1048.198486
1622.647461	1080.340210
1621.643555	1092.558350
1620.638672	1062.471558
1619.633789	1099.565186
1618.628906	1129.181763
1617.623047	1034.452515
1616.617188	1078.986938
1615.611328	1073.790039
1614.605469	1103.386719
1613.599609	1115.578857
1612.592773	1090.504761
1611.586914	1090.276489
1610.580078	1117.361572
1609.572266	1189.120239
1608.565430	1109.447632
1607.557617	1161.325928
1606.549805	1146.196899
1605.541992	1061.622070
1604.534180	1093.638306
1603.526367	1095.888306
1602.517578	1155.151123
1601.508789	1112.776855
1600.500000	1139.799316
1599.490234	1149.469238
1598.481445	1146.751099
1597.471680	1111.842529
1596.461914	1146.269287
1595.452148	1108.900024
1594.441406	1135.888550
1593.430664	1145.546509
1592.420898	1076.042969
1591.409180	1088.182251
1590.398438	1122.569946
1589.387695	1100.084717
1588.375977	1127.040527
1587.364258	1062.555542
1586.352539	1124.095215
1585.339844	1086.808105
1584.328125	1091.518066
1583.315430	1086.349976
1582.302734	1091.057739
1581.289063	1080.955811
1580.276367	1073.325562
1579.262695	1147.105835
1578.249023	1063.006958
1577.235352	1062.782593
1576.220703	1104.468750
1575.207031	1025.361450
1574.192383	1042.394775
1573.177734	1012.609253
1572.163086	1046.880615
1571.147461	1100.839233
1570.131836	1080.908691
1569.117188	1083.141724
1568.100586	1041.072632
1567.084961	1085.143921
1566.068359	1062.772949
1565.052734	1028.113525
1564.036133	1035.272949
1563.018555	1030.136353
1562.001953	1056.956543
1560.984375	1007.582031
1559.966797	990.169434
1558.949219	992.415833
1557.931641	1056.060059
1556.913086	1016.549011
1555.894531	994.239014
1554.875977	1001.391113
1553.857422	1114.056396
1552.837891	1008.325745
1551.819336	1039.998291
1550.799805	1093.727905
1549.780273	997.875793
1548.759766	1054.042603
1547.740234	1088.128784
1546.719727	1048.693726
1545.699219	1050.920288
1544.678711	1031.103149
1543.657227	1050.472900
1542.636719	1057.593506
1541.615234	1059.815918
1540.593750	1040.013306
1539.571289	1078.936768
1538.549805	1027.339722
1537.527344	1039.348267
1536.504883	1041.571655
1535.481445	980.237305
1534.458984	1094.894287
1533.435547	1028.687744
1532.412109	1052.897217
1531.388672	1003.824463
1530.365234	979.191345
1529.340820	998.512878
1528.316406	1022.707825
1527.291992	1037.130981
1526.267578	992.993103
1525.243164	1019.612610
1524.217773	1041.343140
1523.192383	1033.805664
1522.166992	1014.082764
1521.140625	1050.423340
1520.115234	1030.705078
1519.088867	1015.867554
1518.062500	1042.441528
1517.036133	1078.744507
1516.008789	1059.036743
1514.981445	1041.771362
1513.954102	1036.680786
1512.926758	1031.592407
1511.899414	1060.560791
1510.871094	1055.469238
1509.842773	1064.968384
1508.814453	1025.845093
1507.786133	1064.510986
1506.756836	1061.852417
1505.727539	1039.760132
1504.698242	1097.828369
1503.668945	1063.596069
1502.639648	1031.806152
1501.609375	1036.438721
1500.579102	1053.202881
1499.548828	1082.090698
1498.518555	1047.898071
1497.487305	1037.971680
1496.456055	1139.583252
1495.424805	1144.185913
1494.393555	1105.161743
1493.361328	1187.308228
1492.330078	1082.882324
1491.297852	1092.336914
1490.264648	1089.679688
1489.232422	1113.654419
1488.199219	1115.834595
1487.166016	1183.352051
1486.132813	1120.191528
1485.099609	1132.044067
1484.065430	1170.493530
1483.032227	1133.972778
1481.998047	1097.467651
1480.962891	1157.650513
1479.928711	1099.409302
1478.893555	1125.744873
1477.858398	1147.238403
1476.823242	1154.234253
1475.788086	1161.226929
1474.751953	1110.288330
1473.715820	1146.245117
1472.679688	1068.792725
1471.643555	1138.512085
1470.606445	1121.384155
1469.569336	1157.306885
1468.532227	1161.876953
1467.495117	1070.044434
1466.458008	1098.726074
1465.419922	1124.986206
1464.381836	1141.601074
1463.343750	1136.537231
1462.305664	1117.031250
1461.266602	1092.719727
1460.227539	1114.139404
1459.188477	1106.679688
1458.149414	1123.276123
1457.109375	1154.293945
1456.069336	1161.255615
1455.029297	1151.387939
1453.989258	1146.330811
1452.949219	1160.497314
1451.908203	1153.038086
1450.867188	1186.409912
1449.826172	1066.095459
1448.784180	1245.907593
1447.743164	1195.234497
1446.701172	1125.386963
1445.659180	1206.708252
1444.617188	1189.655396
1443.574219	1208.579590
1442.531250	1229.892822
1441.488281	1208.051880
1440.445313	1181.427490
1439.401367	1243.462280
1438.358398	1262.353394
1437.314453	1264.472168
1436.269531	1355.179443
1435.225586	1266.312988
1434.180664	1246.889771
1433.135742	1394.966675
1432.090820	1332.463745
1431.045898	1320.213501
1430.000000	1372.530029
1428.954102	1278.994263
1427.908203	1424.511230
1426.862305	1319.056763
1425.816406	1440.610229
1424.769531	1416.408813
1423.722656	1418.486084
1422.674805	1384.749756
1421.627930	1432.185303
1420.580078	1374.596069
1419.532227	1419.626709
1418.484375	1373.992188
1417.436523	1419.002930
1416.387695	1456.840698
1415.338867	1506.580811
1414.290039	1434.750366
1413.241211	1396.310181
1412.191406	1415.061035
1411.141602	1436.185059
1410.091797	1443.012573
1409.041992	1464.120850
1407.991211	1480.459473
1406.940430	1365.910767
1405.889648	1427.466553
1404.838867	1412.880249
1403.788086	1296.043579
1402.736328	1374.216431
1401.684570	1366.782104
1400.632813	1280.926880
1399.580078	1311.531616
1398.528320	1256.606812
1397.475586	1280.078369
1396.421875	1272.672363
1395.369141	1258.147827
1394.315430	1243.629639
1393.261719	1324.030151
1392.208008	1300.014404
1391.154297	1278.380859
1390.099609	1351.606201
1389.045898	1325.229126
1387.990234	1301.233643
1386.935547	1388.622925
1385.880859	1412.006592
1384.825195	1335.897949
1383.769531	1394.803833
1382.712891	1413.435059
1381.657227	1420.222534
1380.600586	1453.038452
1379.543945	1353.344360
1378.487305	1338.851074
1377.429688	1421.326416
1376.373047	1404.459717
1375.315430	1371.053223
1374.257813	1403.835327
1373.199219	1344.452271
1372.140625	1360.689331
1371.082031	1358.024780
1370.023438	1353.000000
1368.964844	1369.223755
1367.905273	1236.747314
1366.845703	1321.420166
1365.786133	1264.505981
1364.726563	1287.810425
1363.666016	1327.610962
1362.605469	1242.442017
1361.544922	1352.946167
1360.484375	1253.670166
1359.422852	1317.002197
1358.361328	1264.887695
1357.299805	1321.123779
1356.238281	1294.929932
1355.176758	1318.179321
1354.114258	1174.329224
1353.051758	1305.825562
1351.988281	1218.497803
1350.925781	1251.150024
1349.862305	1267.328735
1348.798828	1259.992676
1347.735352	1238.558594
1346.670898	1318.170044
1345.607422	1207.464355
1344.542969	1272.955078
1343.477539	1242.144287
1342.413086	1225.432617
1341.347656	1347.203857
1340.282227	1309.357056
1339.216797	1264.489136
1338.150391	1334.568970
1337.084961	1299.094971
1336.018555	1338.657837
1334.952148	1361.795654
1333.884766	1349.772461
1332.817383	1361.182861
1331.750000	1344.480347
1330.682617	1412.088989
1329.615234	1451.572021
1328.546875	1336.549805
1327.478516	1385.392578
1326.410156	1504.402954
1325.341797	1436.228760
1324.272461	1445.259155
1323.203125	1367.776245
1322.133789	1414.218506
1321.063477	1290.036865
1319.994141	1357.503784
1318.923828	1343.181152
1317.853516	1380.244507
1316.782227	1351.913452
1315.711914	1344.604492
1314.640625	1309.292358
1313.569336	1297.329346
1312.497070	1278.373169
1311.425781	1275.751343
1311.421875	1328.850708
1310.353516	1301.111450
1310.349609	1240.260620
1309.281250	1233.211304
1309.277344	1291.319092
1308.208008	1251.577148
1308.204102	1225.834717
1307.135742	1286.245483
1307.130859	1190.664429
1306.062500	1244.020386
1306.057617	1188.121704
1304.988281	1267.028931
1304.984375	1187.908813
1303.915039	1131.684326
1303.911133	1203.997437
1302.840820	1219.892700
1302.837891	1171.183838
1301.767578	1152.117798
1301.763672	1143.037720
1300.692383	1207.703369
1300.689453	1189.383423
1299.618164	1244.652100
1299.615234	1144.953735
1298.542969	1121.094971
1298.541016	1214.549194
1297.468750	1130.141479
1297.465820	1216.656494
1296.392578	1171.731812
1296.391602	1162.941772
1295.317383	1171.464966
1295.316406	1151.104492
1294.241211	1189.788574
1294.241211	1229.947876
1293.166016	1190.206909
1293.165039	1161.638184
1292.089844	1173.722046
1292.088867	1244.992310
1291.013672	1215.337402
1291.012695	1163.430786
1289.938477	1222.087158
1289.935547	1179.417236
1288.862305	1286.907593
1288.858398	1267.352051
1287.785156	1235.578613
1287.781250	1280.986572
1286.708984	1219.099365
1286.704102	1266.773438
1285.631836	1321.031128
1285.625977	1280.401489
1284.554688	1239.546875
1284.547852	1256.918579
1283.477539	1283.416748
1283.469727	1307.638428
1282.400391	1218.211426
1282.391602	1212.302246
1281.323242	1303.828369
1281.312500	1200.437744
1280.245117	1206.168823
1280.233398	1227.966064
1279.166992	1208.267456
1279.154297	1144.295044
1278.088867	1201.090332
1278.075195	1245.930664
1277.010742	1170.732666
1276.995117	1169.239502
1275.931641	1114.889648
1275.915039	1222.211792
1274.853516	1200.430176
1274.834961	1120.103882
1273.774414	1142.284668
1273.753906	1182.317871
1272.695313	1125.858765
1272.673828	1098.771362
1271.615234	1097.857910
1271.592773	1140.147217
1270.536133	1174.075073
1270.510742	1195.376831
1269.456055	1139.129395
1269.429688	1181.232666
1268.375977	1159.753418
1268.347656	1187.894409
1267.295898	1097.049316
1267.265625	1095.199463
1266.215820	1152.383423
1266.183594	1136.527954
1265.134766	1140.602661
1265.101563	1170.908813
1264.054688	1175.089355
1264.018555	1085.208130
1262.973633	1107.802612
1262.935547	1108.042480
1261.892578	1172.342285
1261.852539	1091.632080
1260.810547	1169.813232
1260.768555	1167.523438
1259.729492	1118.744263
1259.684570	1118.811035
1258.647461	1074.627319
1258.600586	1095.490112
1257.565430	1118.329102
1257.516602	1187.468018
1256.483398	1155.083984
1256.432617	1164.141724
1255.401367	1201.063965
1255.347656	1073.989746
1254.318359	1196.221802
1254.262695	1080.654297
1253.235352	1175.219238
1253.177734	1193.282837
1252.152344	1193.467773
1252.091797	1105.489136
1251.069336	1170.165039
1251.005859	1107.536133
1249.986328	1151.485962
1249.919922	1134.904541
1248.902344	1086.670532
1248.833984	1169.164551
1247.818359	1185.656494
1247.747070	1111.369629
1246.734375	1134.696289
1246.660156	1170.923828
1245.650391	1139.095703
1245.573242	1099.355469
1244.566406	1141.187744
1244.486328	1080.705688
1243.481445	1166.328735
1243.398438	1206.891479
1242.396484	1101.582153
1242.311523	1158.347168
1241.311523	1163.586914
1241.222656	1089.145264
1240.226563	1114.990723
1240.134766	1171.593140
1239.141602	1176.969238
1239.045898	1120.793579
1238.055664	1238.924316
1237.958008	1097.571533
1236.969727	1169.619141
1236.868164	1161.594482
1235.883789	1146.379150
1235.779297	1110.832031
1234.797852	1199.098267
1234.689453	1156.465210
1233.710938	1145.946777
1233.599609	1133.255859
1232.624023	1104.318481
1232.509766	1089.415405
1231.537109	1120.211426
1231.419922	1052.474243
1230.450195	1136.098267
1230.329102	1040.766968
1229.363281	1161.176270
1229.238281	1097.822021
1228.275391	1131.070435
1228.147461	1102.148926
1227.188477	1117.065308
1227.055664	1044.620972
1226.100586	1167.410645
1225.964844	1094.763916
1225.011719	1148.808228
1224.872070	1140.303711
1223.923828	1098.052246
1223.780273	1087.385132
1222.834961	1107.030640
1222.688477	1105.440796
1221.747070	1150.450073
1221.595703	1084.588989
1220.657227	1150.231201
1220.502930	1072.897339
1219.568359	1115.580688
1219.409180	1148.120483
1218.479492	1080.943359
1218.316406	1134.132446
1217.389648	1071.559082
1217.222656	1120.150879
1216.299805	1160.825439
1216.128906	1183.882202
1215.209961	1234.001709
1215.035156	1149.330566
1214.120117	1187.901123
1213.940430	1155.914551
1213.029297	1160.160522
1212.845703	1153.359619
1211.938477	1228.709717
1211.750977	1237.572876
1210.847656	1251.393921
1210.655273	1209.888672
1209.756836	1274.069214
1209.560547	1230.145142
1208.666016	1276.116089
1208.464844	1200.193604
1207.574219	1204.862427
1207.369141	1213.598877
1206.482422	1273.336548
1206.272461	1181.384277
1205.390625	1174.633545
1205.175781	1228.989136
1204.298828	1208.747314
1204.079102	1215.022461
1203.207031	1238.270020
1202.982422	1139.527710
1202.114258	1228.878174
1201.885742	1205.336426
1201.021484	1256.097412
1200.788086	1268.836060
1199.928711	1283.305908
1199.690430	1225.265503
1198.835938	1180.139404
1198.591797	1161.223267
1197.742188	1301.104370
1197.494141	1213.305908
1196.648438	1220.835938
1196.395508	1197.088745
1195.554688	1186.313721
1195.296875	1164.951904
1194.460938	1272.927002
1194.197266	1121.456421
1193.367188	1174.430908
1193.098633	1159.853149
1192.272461	1137.652588
1191.999023	1150.484253
1191.177734	1128.296387
1190.899414	1172.943604
1190.083008	1144.062866
1189.798828	1072.671387
1188.988281	1095.895630
1188.698242	1101.954346
1187.893555	1095.683228
1187.597656	1056.262695
1186.797852	1081.777222
1186.497070	1078.722412
1185.702148	1081.567139
1185.396484	1012.623535
1184.606445	1017.479431
1184.294922	1048.702148
1183.509766	1049.214233
1183.193359	1005.335083
1182.414063	1062.692993
1182.090820	1020.978394
1181.317383	1067.046143
1180.989258	984.443115
1180.220703	1053.161011
1179.886719	1013.690186
1179.124023	1080.305298
1178.784180	1065.595459
1178.026367	975.275391
1177.680664	1038.141846
1176.929688	1018.371582
1176.578125	974.442749
1175.832031	1006.783875
1175.474609	992.335693
1174.734375	967.872375
1174.371094	946.798096
1173.635742	1031.436401
1173.266602	971.482361
1172.538086	987.982117
1172.162109	984.834778
1171.439453	1010.548950
1171.057617	1002.707520
1170.340820	973.942078
1169.953125	1045.463623
1169.242188	985.126892
1168.848633	947.932251
1168.142578	994.032532
1167.743164	983.895203
1167.043945	993.837585
1166.637695	981.398865
1165.944336	1016.380432
1165.531250	944.992371
1164.844727	995.720886
1164.425781	985.450134
1163.744141	1034.164429
1163.319336	946.800049
1162.644531	1031.688721
1162.211914	996.274231
1161.543945	1024.669800
1161.105469	937.312500
1160.443359	1044.912109
1159.998047	975.474670
1159.342773	931.151367
1158.890625	1000.073425
1158.241211	1012.711426
1157.783203	972.750122
1157.140625	985.269409
1156.675781	954.465393
1156.039063	1035.009766
1155.567383	1001.609741
1154.937500	964.456909
1154.458984	1003.624573
1153.835938	1007.374878
1153.349609	1010.147827
1152.733398	1050.275757
1152.241211	1036.956055
1151.630859	979.761230
1151.131836	960.080566
1150.528320	997.707642
1150.022461	1011.672424
1149.425781	981.640747
1148.912109	1036.207764
1148.323242	1033.578735
1147.801758	968.395752
1147.219727	1012.978394
1146.691406	988.426270
1146.116211	987.854736
1145.581055	1037.709961
1145.012695	965.006104
1144.470703	1008.203796
1143.909180	1037.289063
1143.359375	1030.459595
1142.804688	939.715027
1142.248047	1066.200806
1141.700195	991.598694
1141.135742	991.731995
1140.595703	1072.886719
1140.024414	1043.202759
1139.491211	1018.360779
1138.912109	1045.198364
1138.386719	993.269897
1137.798828	986.518433
1137.281250	1033.790405
1136.686523	1008.746216
1136.175781	952.164368
1135.573242	1030.963013
1135.070313	1096.692871
1134.459961	1044.186646
1133.963867	1010.564941
1133.346680	1025.973389
1132.858398	999.061829
1132.232422	1016.746704
1131.751953	1044.059814
1131.118164	1047.915039
1130.645508	1039.332520
1130.003906	1063.364380
1129.539063	1059.455688
1128.889648	1058.620361
1128.431641	1043.434326
1127.774414	1026.971069
1127.325195	1040.967651
1126.659180	1015.512573
1126.217773	1083.653931
1125.543945	1046.642456
1125.109375	1047.322510
1124.428711	1093.441528
1124.001953	1038.085938
1123.312500	1043.892822
1122.893555	1069.465576
1122.196289	1034.680176
1121.786133	1105.343994
1121.079102	1059.057251
1120.677734	1080.313477
1119.962891	1063.276001
1119.568359	1023.724182
1118.845703	1087.633789
1118.459961	1037.045288
1117.728516	1038.145752
1117.350586	1090.932861
1116.610352	1019.997498
1116.241211	1050.149902
1115.492188	1106.963623
1115.131836	1022.901672
1114.374023	1006.084473
1114.021484	1067.748657
1113.255859	976.780823
1112.912109	968.437744
1112.136719	983.245667
1111.801758	1011.025574
1111.018555	965.132080
1110.691406	1008.570618
1109.898438	976.063354
1109.580078	956.598450
1108.779297	946.794983
1108.469727	994.661804
1107.659180	855.031921
1107.358398	1003.460754
1106.539063	970.881470
1106.247070	958.269043
1105.418945	950.560791
1105.134766	942.332520
1104.297852	974.866272
1104.023438	960.130493
1103.177734	876.494873
1102.911133	879.005005
1102.055664	916.414246
1101.798828	968.732849
1100.934570	913.959595
1100.686523	914.604370
1099.812500	862.476257
1099.574219	882.965027
1098.690430	909.053345
1098.460938	867.062256
1097.568359	882.098999
1097.347656	920.786255
1096.446289	915.286072
1096.234375	918.354248
1095.323242	874.984619
1095.121094	900.208740
1094.200195	861.413330
1094.006836	888.803833
1093.076172	856.749939
1092.892578	897.599365
1091.953125	925.506226
1091.778320	940.044373
1090.829102	867.447510
1090.664063	903.963989
1089.704102	818.312073
1089.548828	935.177063
1088.580078	933.711914
1088.434570	979.830383
1087.455078	946.816101
1087.319336	932.554932
1086.330078	922.139221
1086.203125	961.501526
1085.204102	899.695801
1085.087891	907.526367
1084.079102	912.798157
1083.971680	931.985291
1082.953125	837.078979
1082.855469	911.636292
1081.827148	956.741211
1081.739258	958.478516
1080.700195	894.364014
1080.623047	924.698303
1079.573242	823.142761
1079.505859	902.124329
1078.446289	924.973450
1078.388672	897.463989
1077.319336	873.738159
1077.271484	917.419128
1076.191406	891.256958
1076.154297	881.437195
1075.063477	877.735840
1075.036133	876.783569
1073.935547	884.164795
1073.918945	896.730347
1072.806641	908.313599
1072.800781	851.831299
1071.681641	887.421997
1071.677734	870.434448
1070.563477	885.005371
1070.548828	872.431335
1069.444336	846.839111
1069.419922	885.495728
1068.325195	942.725220
1068.290039	902.979736
1067.206055	946.998840
1067.160156	909.391724
1066.086914	915.542114
1066.030273	924.648560
1064.966797	906.423889
1064.899414	884.609497
1063.846680	881.684509
1063.768555	862.278076
1062.726563	903.819885
1062.637695	864.272217
1061.606445	856.778992
1061.506836	952.449768
1060.485352	867.756531
1060.375000	932.326843
1059.364258	880.959656
1059.243164	1000.563904
1058.243164	929.834412
1058.111328	929.650146
1057.122070	860.532776
1056.978516	905.132263
1056.000000	867.042236
1055.845703	913.732788
1054.877930	880.234253
1054.712891	913.502686
1053.755859	891.192688
1053.580078	915.478455
1052.633789	911.056580
1052.446289	906.425964
1051.511719	922.003967
1051.312500	917.221619
1050.388672	921.813660
1050.177734	899.355652
1049.265625	892.683472
1049.043945	894.721008
1048.142578	859.113770
1047.909180	854.837463
1047.018555	892.314575
1046.774414	903.079163
1045.895508	901.029175
1045.638672	883.031982
1044.771484	903.067139
1044.502930	876.203857
1043.646484	918.447144
1043.367188	908.996277
1042.522461	893.799866
1042.231445	902.164673
1041.397461	889.168945
1041.094727	888.736755
1040.273438	875.649963
1039.958008	884.112671
1039.147461	908.798462
1038.821289	916.869019
1038.022461	924.160828
1037.683594	903.447021
1036.896484	917.305908
1036.545898	894.426880
1035.771484	919.336243
1035.408203	922.760986
1034.645508	939.126831
1034.269531	955.473389
1033.518555	892.318176
1033.131836	878.372437
1032.392578	920.982849
1031.992188	878.148560
1031.265625	931.885315
1030.853516	840.612793
1030.138672	956.093018
1029.713867	893.060303
1029.011719	940.369202
1028.574219	971.805115
1027.883789	935.738770
1027.434570	945.239197
1026.755859	908.940857
1026.294922	938.419800
1025.627930	966.379761
1025.154297	883.379517
1024.500000	948.450378
1024.012695	946.705383
1023.372070	952.683838
1022.872070	911.408691
1022.243164	987.926575
1021.730469	898.033081
1021.114258	965.574341
1020.588867	939.408264
1019.985352	914.447266
1019.447266	882.247925
1018.855469	947.461853
1018.304688	960.812378
1017.726563	929.558167
1017.162109	940.872803
1016.596680	887.321350
1016.019531	962.505981
1015.466797	940.231384
1014.875977	894.462891
1014.335938	891.374207
1013.732422	892.046204
1013.206055	906.667542
1012.588867	898.373840
1012.075195	906.477844
1011.445313	930.921204
1010.944336	919.550903
1010.300781	891.356506
1009.812500	919.358459
1009.156250	873.653320
1008.681641	928.004028
1008.010742	873.427673
1007.549805	930.018677
1006.866211	927.777100
1006.417969	876.817200
1005.720703	958.091309
1005.285156	878.841553
1004.574219	896.750854
1004.153320	905.149414
1003.428711	907.425171
1003.020508	924.824463
1002.282227	830.863953
1001.887695	957.731689
1001.135742	896.053894
1000.753906	939.880310
999.988281	924.156433
999.621094	948.506226
998.840820	921.737427
998.487305	963.744446
997.693359	995.566345
997.353516	939.288025
996.545898	895.123413
996.219727	1022.859131
995.397461	914.486694
995.084961	932.281067
994.249023	901.187927
993.950195	934.288391
993.100586	885.719666
992.815430	918.670471
991.951172	933.353027
991.680664	936.097656
990.801758	907.008606
990.545898	927.092041
989.652344	900.248352
989.410156	922.493347
988.274414	959.719177
987.138672	902.297913
986.001953	880.104980
984.865234	921.715454
983.728516	952.311584
982.591797	899.337585
981.455078	987.083862
980.317383	982.479370
979.179688	936.124756
978.041992	929.335754
976.903320	918.156494
975.765625	942.119080
974.626953	968.267090
973.487305	959.281494
972.348633	963.467651
971.208984	987.399963
970.069336	969.640625
968.929688	1039.620361
967.790039	1078.870728
966.649414	1017.255737
965.508789	1038.958862
964.368164	1082.566895
963.226563	1062.618286
962.085938	1044.868530
960.944336	1044.646484
959.802734	1031.286987
958.660156	1009.176636
957.517578	965.189209
956.375977	1026.252563
955.232422	980.092346
954.089844	993.007080
952.946289	942.499756
951.802734	926.994751
950.659180	977.071533
949.515625	941.897217
948.371094	911.107605
947.226563	948.048767
946.082031	936.926514
944.937500	919.258423
943.791992	978.004333
942.646484	888.309631
941.500977	918.669373
940.354492	874.840088
939.208984	868.109497
938.062500	913.718811
936.916016	876.459106
935.768555	900.249084
934.621094	878.263184
933.474609	939.082825
932.326172	884.422119
931.178711	879.876770
930.030273	862.268616
928.881836	929.570068
927.733398	933.723694
926.584961	892.178467
925.435547	926.796265
924.286133	933.122620
923.136719	954.668640
921.986328	926.199280
920.836914	912.957947
919.686523	904.068726
918.535156	975.575928
917.384766	929.747620
916.233398	949.094177
915.082031	925.004822
913.930664	916.122009
912.779297	968.015259
911.626953	965.636780
910.474609	984.954224
909.322266	945.699280
908.168945	956.338196
907.015625	956.131958
905.862305	1014.451782
904.708984	1025.068604
903.555664	955.513123
902.401367	1093.945435
901.247070	1056.891235
900.091797	1071.819946
898.937500	1062.928955
897.782227	1069.192261
896.626953	1055.977661
895.471680	1096.854248
894.315430	1098.779907
893.159180	1081.242188
892.002930	1135.058594
890.846680	1186.689941
889.689453	1272.876099
888.532227	1229.388062
887.375000	1317.687378
886.217773	1427.545166
885.059570	1507.126221
883.901367	1405.338623
882.743164	1584.170044
881.584961	1620.508789
880.425781	1641.730347
879.266602	1729.805176
878.107422	1679.832275
876.948242	1690.246948
875.788086	1521.753784
874.627930	1504.182983
873.467773	1439.220215
872.307617	1329.050415
871.146484	1259.846558
869.985352	1296.175293
868.824219	1229.161011
867.662109	1188.001953
866.500000	1194.198242
865.337891	1129.400879
864.175781	1109.797729
863.013672	1038.595825
861.850586	1001.822144
860.687500	1033.844116
859.523438	949.811584
858.360352	1033.392822
857.196289	985.912170
856.032227	1000.729309
854.868164	994.069641
853.703125	972.386902
852.538086	997.927368
851.373047	1012.728455
850.208008	967.458984
849.041992	1050.889648
847.875977	1069.957520
846.709961	1078.298218
845.542969	1054.486328
844.376953	1075.683350
843.209961	1073.305420
842.041992	1085.921387
840.875000	1081.400635
839.707031	1168.941162
838.539063	1271.426392
837.371094	1264.727539
836.202148	1350.030396
835.034180	1480.215576
833.865234	1612.482056
832.695313	1858.009521
831.526367	2116.254883
830.356445	2425.678467
829.186523	2852.483643
828.015625	3035.571777
826.845703	3186.542969
825.674805	3309.688477
824.503906	3302.556152
823.332031	3203.649658
822.160156	3085.581299
820.988281	2888.628906
819.816406	2710.959229
818.644531	2396.889893
817.471680	2163.974365
816.298828	2029.211426
815.125977	1794.348145
813.952148	1655.464478
812.778320	1542.203247
811.604492	1486.492188
810.430664	1388.222168
809.255859	1373.014771
808.081055	1268.428101
806.906250	1263.892456
805.731445	1250.849487
804.555664	1220.797607
803.379883	1175.874268
802.204102	1158.607300
801.028320	1149.849365
799.851563	1162.344727
798.674805	1168.461060
797.498047	1142.714355
796.320313	1178.561523
795.142578	1171.931396
793.964844	1197.142944
792.787109	1171.412231
791.608398	1181.760986
790.429688	1109.378784
789.250977	1166.392090
788.072266	1136.450073
786.892578	1140.437500
785.712891	1138.065186
784.533203	1137.812622
783.353516	1150.270264
782.172852	1160.604248
780.992188	1086.236816
779.810547	1107.165039
778.629883	1094.220093
777.448242	1125.717041
776.266602	1114.889038
775.084961	1127.331543
773.902344	1074.215820
772.719727	1023.237732
771.537109	1044.146606
770.353516	1041.801025
769.170898	1069.034302
767.987305	1073.020752
766.803711	1085.452393
765.619141	1123.213989
764.434570	1091.301147
763.250000	1103.719971
762.065430	1160.440918
760.879883	1193.932861
759.694336	1280.133545
758.508789	1364.187012
757.323242	1412.366699
756.136719	1401.513672
754.950195	1375.915894
753.763672	1331.369995
752.576172	1373.194946
751.389648	1322.352295
750.202148	1317.846313
749.013672	1258.619629
747.826172	1275.171997
746.637695	1239.122559
745.449219	1289.324585
744.259766	1221.745361
743.071289	1196.243408
741.881836	1212.790649
740.691406	1141.070679
739.501953	1159.723633
738.311523	1062.841675
737.121094	1121.403564
735.930664	1095.957764
734.739258	1097.810913
733.547852	1120.649170
732.356445	1122.495850
731.165039	1109.657959
729.972656	1189.101685
728.780273	1184.641235
727.587891	1215.818726
726.394531	1228.120117
725.202148	1219.463013
724.008789	1187.766479
722.814453	1170.744507
721.621094	1162.105591
720.426758	1180.684937
719.232422	1146.932129
718.037109	1104.824585
716.841797	1150.599854
715.646484	1152.432251
714.451172	1147.990601
713.255859	1174.909546
712.059570	1124.481934
710.863281	1161.842041
709.666016	1205.452759
708.469727	1182.205078
707.272461	1202.820679
706.075195	1223.426880
704.876953	1181.405029
703.678711	1229.135010
702.480469	1178.785156
701.282227	1234.837524
700.083984	1194.935913
698.884766	1234.279541
697.685547	1259.014038
696.485352	1244.141479
695.285156	1268.862305
694.084961	1237.329468
692.884766	1226.636719
691.684570	1253.426392
690.483398	1259.387451
689.282227	1246.615356
688.080078	1273.381958
686.878906	1291.815430
685.676758	1252.007446
684.474609	1226.772339
683.271484	1336.670776
682.068359	1294.800903
680.865234	1352.687256
679.662109	1317.064697
678.458008	1376.996460
677.254883	1360.072266
676.049805	1303.712036
674.845703	1430.021606
673.640625	1458.747070
672.435547	1354.687622
671.230469	1418.676392
670.024414	1399.691284
668.819336	1430.470093
667.613281	1417.708618
666.406250	1427.746948
665.199219	1419.135132
663.992188	1362.888062
662.785156	1472.329346
661.578125	1424.376709
660.370117	1424.052124
659.162109	1444.421387
657.953125	1408.920776
656.745117	1358.957153
655.536133	1325.559937
654.327148	1376.944580
653.117188	1298.083984
651.907227	1293.654541
650.697266	1260.302002
649.487305	1243.489502
648.276367	1230.814575
647.065430	1189.240356
645.854492	1213.738647
644.643555	1229.970825
643.431641	1200.804321
642.219727	1138.646606
641.007813	1202.317139
639.794922	1187.609253
638.582031	1174.969360
637.369141	1195.309082
636.155273	1221.820557
634.942383	1229.780273
633.728516	1178.011963
632.513672	1167.447021
631.299805	1206.291138
630.084961	1216.304688
628.869141	1193.392334
627.654297	1174.604614
626.438477	1201.071167
625.222656	1211.076172
624.006836	1216.965088
622.790039	1218.740845
621.573242	1236.953369
620.356445	1257.211792
619.139648	1306.213867
617.921875	1231.993774
616.704102	1235.816162
615.486328	1196.536621
614.267578	1204.468872
613.048828	1206.243042
611.830078	1234.678711
610.610352	1203.636963
609.391602	1207.459717
608.171875	1168.240112
606.951172	1184.363403
605.731445	1200.479004
604.510742	1232.972168
603.289063	1232.687744
602.068359	1218.072998
600.846680	1213.698364
599.625000	1164.308472
598.403320	1204.954834
597.180664	1167.861206
595.958008	1118.515625
594.735352	1118.257080
593.511719	1113.910767
592.289063	1054.394531
591.064453	1039.850098
589.840820	1055.949097
588.616211	1047.536743
587.391602	1016.671631
586.166992	1077.667236
584.942383	1036.606323
583.716797	1079.208008
582.491211	1019.808899
581.264648	1046.081299
580.038086	1074.380127
578.811523	1068.016235
577.584961	1120.749268
576.358398	1067.520508
575.130859	1061.162354
573.902344	1081.278931
572.674805	1072.884399
571.446289	1035.998535
570.217773	1092.734619
568.989258	1100.618164
567.759766	1132.905273
566.530273	1075.704590
565.300781	1126.279053
564.070313	1073.171265
562.840820	1093.241943
561.610352	1054.387329
560.378906	1031.799561
559.147461	1124.968018
557.916016	1035.378906
556.684570	1057.463989
555.453125	1055.188110
554.220703	1083.344116
552.988281	1054.695679
551.754883	1066.616089
550.521484	1064.339722
549.288086	1090.439941
548.054688	1112.475220
546.820313	1096.008057
545.585938	1089.675537
544.351563	1054.996582
543.117188	1089.165771
541.881836	1040.334961
540.646484	1078.538330
539.410156	1054.009155
538.174805	1039.604248
536.938477	1110.134277
535.701172	1075.506348
534.464844	1067.169556
533.227539	1087.126099
531.990234	1022.224487
530.751953	1096.714722
529.513672	1169.150635
528.275391	1116.387695
527.037109	1081.814209
525.797852	1073.488647
524.558594	1069.201660
523.319336	1173.828491
522.079102	1084.830200
520.838867	1106.750366
519.598633	1130.675537
518.358398	1114.289429
517.117188	1176.477051
515.875977	1131.891113
514.634766	1157.800781
513.392578	1183.698120
512.150391	1181.406372
510.908203	1249.540649
509.665039	1184.872559
508.421875	1196.660156
507.178711	1262.731323
505.934570	1308.668823
504.691406	1252.086182
503.447266	1287.957642
502.202148	1313.767944
500.958008	1309.440552
499.712891	1321.178101
498.466797	1330.902588
497.221680	1304.497681
495.975586	1352.343506
494.729492	1317.921753
493.482422	1357.719482
492.235352	1359.402832
490.988281	1369.103271
489.741211	1378.798950
488.493164	1358.436035
487.245117	1382.151123
485.997070	1487.963135
484.748047	1449.568726
483.499023	1489.258301
482.250000	1524.926392
481.000977	1578.583984
479.750977	1578.208618
478.500977	1511.840332
477.250000	1567.461426
475.999023	1587.076782
474.748047	1620.671143
473.497070	1668.234497
472.245117	1739.743774
470.993164	1713.369141
469.741211	1832.748169
468.488281	1836.303101
467.236328	2037.411133
465.982422	2114.731201
464.729492	2168.079346
463.475586	2319.111572
462.221680	2505.956055
460.967773	2593.054688
459.712891	2739.890869
458.458008	2928.491943
457.203125	3077.168701
455.947266	3177.984619
454.691406	3133.427734
453.435547	3122.726074
452.178711	2996.621582
450.921875	2701.485352
449.665039	2509.909668
448.408203	2209.065918
447.150391	2063.420654
445.892578	1915.857666
444.633789	1823.999146
443.375000	1722.252197
442.116211	1614.596069
440.857422	1588.396606
439.597656	1506.629150
438.337891	1532.065918
437.078125	1581.298950
435.818359	1537.279541
434.557617	1568.639282
433.295898	1522.661011
432.035156	1548.062256
430.773438	1515.982422
429.511719	1489.861328
428.249023	1457.810547
426.987305	1398.051636
425.724609	1379.896362
424.460938	1442.900391
423.198242	1406.933350
421.934570	1410.550171
420.669922	1453.722046
419.406250	1370.320801
418.141602	1356.151123
416.875977	1332.105957
415.611328	1373.278320
414.345703	1337.387573
413.080078	1388.413208
411.813477	1417.694336
410.546875	1350.233765
409.280273	1320.303101
408.013672	1347.605835
406.746094	1396.593506
405.478516	1370.617065
404.209961	1407.745239
402.942383	1413.316650
401.673828	1397.207764
400.404297	1404.748779
399.134766	1404.407104
397.865234	1429.665527
396.595703	1474.598877
395.326172	1489.986084
394.055664	1501.429932
392.784180	1522.704468
391.513672	1583.305298
390.242188	1624.212646
388.970703	1586.464600
387.698242	1686.312744
386.425781	1624.988525
385.153320	1599.053833
383.880859	1653.653931
382.607422	1621.833984
381.333984	1650.882324
380.059570	1672.066162
378.785156	1703.049561
377.510742	1720.286499
376.236328	1717.904053
374.960938	1778.261597
373.685547	1779.785767
372.410156	1787.187866
371.133789	1784.790161
369.857422	1890.120483
368.581055	1928.820190
367.303711	1877.445923
366.026367	1898.514038
364.749023	1984.144287
363.470703	1966.049805
362.192383	2006.637573
360.914063	2041.339111
359.634766	2017.378540
358.356445	2026.653320
357.076172	2022.246094
355.796875	2080.348877
354.516602	2073.977051
353.236328	2165.228760
351.955078	2110.040039
350.673828	2230.508789
349.392578	2194.840332
348.111328	2276.218018
346.829102	2267.855225
345.546875	2282.890381
344.263672	2358.337891
342.981445	2398.673584
341.697266	2329.896729
340.414063	2508.497803
339.129883	2461.145264
337.845703	2542.292969
336.561523	2551.392822
335.276367	2646.096680
333.991211	2674.617188
332.705078	2788.689453
331.419922	2747.167969
330.133789	2839.783691
328.846680	2897.374268
327.560547	2927.737305
326.272461	2932.834961
324.985352	3081.622314
323.697266	3164.330566
322.409180	3078.145264
321.121094	3244.246582
319.832031	3408.324463
318.542969	3477.290771
317.253906	3627.655273
315.963867	3772.128662
314.673828	3978.542725
313.383789	4140.291992
312.092773	4363.941406
310.801758	4686.238281
309.510742	4783.799316
308.218750	5194.860352
306.926758	5487.678711
305.634766	5944.784180
304.341797	6214.057129
303.048828	6589.539551
301.755859	6895.241699
300.461914	7305.148438
299.167969	7732.236816
297.874023	8159.108887
296.579102	8637.905273
295.284180	9245.810547
293.989258	9855.338867
292.693359	10341.060547
291.397461	10851.614258
290.101563	11419.769531
288.804688	12047.410156
287.507813	12703.647461
286.210938	13053.121094
284.913086	13764.643555
283.615234	14610.642578
282.317383	15163.493164
281.018555	15758.417969
279.719727	16326.091797
278.420898	17041.646484
277.121094	17472.109375
275.821289	17977.363281
274.521484	18509.275391
273.220703	19050.525391
271.919922	19616.482422
270.619141	19788.265625
269.317383	20374.869141
268.015625	20772.972656
266.713867	20681.291016
265.411133	20679.865234
264.108398	20799.330078
262.804688	20888.033203
261.501953	20614.195313
260.198242	20204.351563
258.893555	20237.535156
257.588867	20025.388672
256.284180	19501.037109
254.979492	19024.837891
253.673828	18851.451172
252.368164	17964.031250
251.061523	17685.724609
249.755859	17021.021484
248.448242	16630.222656
247.141602	16168.856445
245.833984	15780.381836
244.526367	15363.428711
243.217773	15005.931641
241.909180	14352.471680
240.600586	14075.636719
239.291992	13583.153320
237.982422	13132.921875
236.671875	12778.351563
235.362305	12433.501953
234.051758	11972.459961
232.741211	11584.125977
231.429688	11115.910156
230.118164	10962.452148
228.806641	10671.863281
227.494141	10072.779297
226.181641	9744.470703
224.868164	9581.997070
223.555664	9286.344727
222.242188	8922.327148
220.927734	8714.520508
219.613281	8550.572266
218.298828	8280.208008
216.984375	8105.045898
215.668945	7954.682617
214.353516	7855.703125
213.037109	7675.083008
211.720703	7561.029785
210.404297	7595.139648
209.087891	7316.012207
207.770508	7202.136719
206.452148	7150.930176
205.134766	7103.542480
203.816406	7063.763184
202.497070	7086.565430
201.178711	6842.113281
199.859375	6906.644531
198.539063	6866.952148
197.218750	6793.189941
195.898438	6901.226074
194.578125	6729.062500
193.256836	6812.455078
191.935547	6757.697266
190.613281	6867.514648
189.291992	6826.003906
187.968750	6761.829590
186.646484	6722.255371
185.323242	6801.730957
183.999023	6714.942383
182.675781	6718.840332
181.351563	6788.810059
180.026367	6670.003418
178.702148	6749.380859
177.376953	6598.575684
176.050781	6726.960449
174.724609	6708.215332
173.398438	6755.449707
172.072266	6731.050781
170.745117	6708.546875
169.416992	6524.081543
168.089844	6650.390625
166.761719	6490.506348
165.433594	6549.005859
164.104492	6662.033691
162.775391	6769.356934
161.445313	6799.525391
160.116211	6965.029297
158.785156	7010.161621
157.455078	7346.498047
156.124023	7609.395996
154.792969	7847.739746
153.460938	8198.598633
152.128906	8434.777344
150.796875	8796.546875
149.463867	9133.734375
148.130859	9300.079102
146.797852	9674.445313
145.463867	9861.169922
144.129883	10087.144531
142.794922	10164.998047
141.460938	10411.367188
140.125000	10562.109375
138.790039	10553.659180
137.454102	10509.655273
136.117188	10721.981445
134.781250	10691.042969
133.444336	10579.714844
132.106445	10481.528320
130.768555	10587.099609
129.430664	10318.938477
128.092773	10288.137695
126.753906	10206.932617
125.414063	9914.815430
124.075195	9833.750000
122.735352	9881.468750
121.394531	9774.336914
120.053711	9596.397461
118.712891	9524.817383
117.372070	9561.375977
116.030273	9657.538086
114.688477	9774.136719
113.345703	9700.714844
112.002930	9832.127930
110.660156	9667.522461
109.316406	9720.714844
107.972656	9781.318359
106.627930	9628.011719
105.283203	9127.105469
103.938477	8529.815430
102.592773	8025.760742
101.247070	7156.004883
99.901367	6537.448730
98.554688	5505.180176
