#Wave		#Intensity
3199.956055	53.193123
3199.250977	60.285538
3198.545898	49.639221
3197.840820	21.270651
3197.134766	31.901022
3196.429688	38.984077
3195.724609	56.695290
3195.018555	28.343231
3194.312500	38.965866
3193.606445	88.544975
3192.901367	38.953705
3192.195313	38.947613
3191.488281	70.802765
3190.782227	77.870842
3190.076172	38.929317
3189.369141	28.307789
3188.663086	63.682518
3187.956055	35.373615
3187.249023	56.588879
3186.541992	88.406197
3185.834961	45.963978
3185.127930	42.421593
3184.420898	38.880318
3183.712891	45.942204
3183.005859	81.269501
3182.297852	70.657936
3181.590820	38.855705
3180.882813	35.317764
3180.174805	21.187294
3179.466797	49.429165
3178.757813	67.071770
3178.049805	49.413433
3177.341797	67.050400
3176.632813	56.454491
3175.924805	42.334110
3175.215820	45.854626
3174.506836	52.900723
3173.797852	24.683052
3173.088867	56.409370
3172.379883	35.250202
3171.669922	49.342365
3170.960938	52.858330
3170.250977	81.036415
3169.541016	38.750313
3168.832031	59.877201
3168.122070	45.781071
3167.412109	66.900002
3166.701172	14.081939
3165.991211	70.398315
3165.281250	52.790203
3164.570313	21.112663
3163.860352	59.809528
3163.149414	59.799835
3162.438477	56.273067
3161.727539	56.263931
3161.016602	28.127396
3160.305664	38.668880
3159.593750	52.721710
3158.882813	21.085249
3158.170898	49.190895
3157.458984	52.695934
3156.748047	63.224796
3156.036133	70.238297
3155.324219	31.602064
3154.611328	66.704552
3153.899414	38.612103
3153.187500	35.096157
3152.474609	66.671761
3151.761719	56.135426
3151.049805	45.602539
3150.336914	66.638908
3149.624023	59.614475
3148.911133	66.616974
3148.197266	24.539051
3147.484375	52.575008
3146.770508	45.557487
3146.057617	91.099922
3145.343750	56.052227
3144.629883	49.037586
3143.916016	66.539993
3143.202148	38.516773
3142.488281	77.020775
3141.774414	80.508362
3141.059570	48.996952
3140.344727	41.990410
3139.630859	55.977905
3138.916016	62.964664
3138.201172	48.964363
3137.486328	59.446819
3136.771484	34.962887
3136.055664	55.931282
3135.340820	76.892670
3134.625000	66.396210
3133.910156	83.854874
3133.194336	76.854103
3132.478516	24.449484
3131.762695	73.336159
3131.046875	27.932899
3130.330078	59.347450
3129.614258	94.241882
3128.897461	59.327511
3128.181641	55.828266
3127.464844	52.330193
3126.748047	66.273750
3126.031250	108.112633
3125.314453	87.172905
3124.596680	48.808590
3123.879883	87.143478
3123.162109	62.732704
3122.445313	41.814732
3121.727539	62.711483
3121.009766	73.151009
3120.291992	80.104202
3119.574219	80.090622
3118.856445	52.224152
3118.137695	55.696304
3117.419922	48.725986
3116.701172	55.677376
3115.982422	76.543373
3115.263672	97.402260
3114.544922	59.127014
3113.826172	79.981735
3113.107422	83.444969
3112.387695	66.049332
3111.668945	93.843544
3110.949219	76.452049
3110.229492	59.066483
3109.509766	55.582474
3108.790039	86.832748
3108.070313	52.090725
3107.350586	62.498154
3106.629883	41.658291
3105.910156	65.947639
3105.189453	62.465984
3104.468750	72.864464
3103.748047	97.135910
3103.027344	72.839401
3102.306641	79.762756
3101.585938	90.151062
3100.864258	76.268517
3100.143555	69.323059
3099.421875	72.776657
3098.700195	38.114521
3097.978516	69.287163
3097.256836	72.738945
3096.535156	96.968483
3095.813477	86.564018
3095.090820	48.467453
3094.369141	93.456749
3093.646484	89.979790
3092.923828	79.583694
3092.201172	93.408119
3091.478516	41.507511
3090.755859	79.542236
3090.032227	86.443916
3089.309570	76.057411
3088.585938	76.044174
3087.863281	79.486885
3087.139648	86.383728
3086.416016	62.185436
3085.692383	62.174587
3084.967773	82.884979
3084.244141	93.229317
3083.519531	89.760689
3082.795898	79.389801
3082.071289	51.766899
3081.346680	75.911491
3080.622070	79.348114
3079.897461	79.334206
3079.171875	86.217712
3078.447266	68.962074
3077.721680	62.054970
3076.997070	62.044071
3076.271484	96.496040
3075.545898	96.479073
3074.820313	65.456429
3074.094727	68.889374
3073.368164	96.428139
3072.642578	48.205574
3071.916016	65.410316
3071.189453	72.282867
3070.463867	68.828674
3069.737305	92.902306
3069.009766	65.364143
3068.283203	113.507133
3067.556641	82.536049
3066.829102	58.452690
3066.102539	96.257973
3065.375000	72.180695
3064.647461	120.279839
3063.919922	89.334900
3063.192383	113.366486
3062.463867	82.433723
3061.736328	78.984955
3061.007813	109.872589
3060.279297	82.389793
3059.551758	85.807442
3058.823242	82.360489
3058.094727	54.897217
3057.365234	82.331161
3056.636719	82.316490
3055.907227	113.165001
3055.178711	78.858505
3054.449219	126.836700
3053.719727	89.112579
3052.990234	75.389488
3052.260742	95.933105
3051.530273	113.043808
3050.800781	92.473846
3050.070313	95.881638
3049.340820	106.135666
3048.610352	71.885475
3047.879883	95.830124
3047.149414	75.281593
3046.417969	88.953201
3045.687500	54.730606
3044.957031	68.400970
3044.225586	133.357941
3043.494141	68.376396
3042.762695	82.036926
3042.031250	92.274940
3041.299805	95.675308
3040.568359	95.658081
3039.835938	95.640846
3039.103516	68.302582
3038.372070	95.606377
3037.639648	95.589127
3036.907227	112.638283
3036.174805	112.617950
3035.441406	119.421707
3034.708984	88.697235
3033.975586	95.502838
3033.243164	95.485565
3032.509766	122.744942
3031.776367	105.677902
3031.042969	95.433716
3030.309570	95.416428
3029.575195	91.992020
3028.841797	115.820801
3028.107422	95.364532
3027.373047	115.778770
3026.638672	95.329910
3025.904297	115.736725
3025.169922	136.136108
3024.435547	85.069603
3023.700195	129.282272
3022.965820	105.447929
3022.230469	95.225952
3021.495117	112.210152
3020.759766	88.391891
3020.024414	125.765533
3019.289063	139.336395
3018.552734	135.913147
3017.817383	115.505096
3017.081055	129.070374
3016.344727	129.046799
3015.608398	152.790649
3014.872070	122.210175
3014.135742	115.399620
3013.398438	115.378510
3012.662109	95.000206
3011.924805	122.120758
3011.187500	135.664886
3010.451172	118.685020
3009.712891	145.786301
3008.975586	118.641502
3008.238281	142.343689
3007.500000	152.483109
3006.762695	145.679337
3006.024414	132.103500
3005.286133	152.399109
3004.547852	159.143143
3003.809570	152.343079
3003.071289	172.623734
3002.332031	169.207809
3001.592773	121.807190
3000.854492	121.784760
3000.115234	121.762321
2999.375977	179.228165
2998.636719	172.433029
2997.896484	148.738312
2997.157227	138.571503
2996.416992	121.650070
2995.677734	185.819962
2994.937500	131.738907
2994.197266	168.864822
2993.457031	172.210281
2992.715820	155.298187
2991.975586	182.272842
2991.234375	131.617142
2990.494141	195.702072
2989.752930	192.292282
2989.011719	222.612961
2988.270508	198.965622
2987.528320	205.672073
2986.787109	165.181351
2986.044922	225.818314
2985.303711	202.187820
2984.561523	239.211166
2983.819336	195.375641
2983.077148	229.018539
2982.334961	296.321838
2981.591797	215.466721
2980.849609	272.649353
2980.106445	252.406128
2979.363281	235.535202
2978.620117	292.682098
2977.876953	282.536987
2977.133789	292.573059
2976.389648	316.054504
2975.646484	309.272247
2974.902344	309.214569
2974.158203	339.400482
2973.414063	352.776245
2972.669922	359.428650
2971.925781	443.324493
2971.181641	402.946960
2970.436523	396.157135
2969.692383	436.362671
2968.947266	385.940948
2968.202148	416.067169
2967.457031	456.246307
2966.710938	486.348022
2965.965820	452.721954
2965.220703	479.460083
2964.474609	486.074707
2963.728516	499.390045
2962.982422	556.263062
2962.236328	582.961548
2961.490234	592.901367
2960.743164	572.695435
2959.997070	562.542542
2959.250000	595.915222
2958.502930	625.928162
2957.755859	615.770752
2957.008789	625.692810
2956.261719	685.790894
2955.514648	598.699890
2954.766602	575.178772
2954.018555	655.312866
2953.271484	621.761414
2952.523438	661.750366
2951.775391	668.308777
2951.026367	624.750916
2950.278320	651.355347
2949.529297	671.270447
2948.781250	597.685242
2948.032227	577.542053
2947.283203	640.850525
2946.534180	583.998230
2945.784180	557.195862
2945.035156	600.456909
2944.285156	603.678650
2943.536133	533.537659
2942.786133	533.436768
2942.036133	516.669067
2941.286133	559.896606
2940.535156	536.466003
2939.785156	533.032959
2939.034180	539.593628
2938.284180	456.236511
2937.533203	509.423035
2936.782227	496.010712
2936.031250	455.977051
2935.279297	452.562866
2934.528320	445.822876
2933.776367	452.391052
2933.025391	412.395874
2932.273438	379.066132
2931.521484	405.590179
2930.768555	445.399597
2930.016602	332.324554
2929.264648	348.874420
2928.511719	365.417969
2927.758789	328.813599
2927.005859	358.637451
2926.252930	375.169586
2925.500000	338.584167
2924.747070	295.375000
2923.993164	328.500580
2923.240234	295.262390
2922.486328	285.255341
2921.732422	324.996399
2920.978516	288.462158
2920.223633	258.571899
2919.469727	265.151306
2918.715820	278.355713
2917.960938	258.423798
2917.206055	258.374420
2916.451172	271.572449
2915.696289	268.209320
2914.941406	297.953369
2914.185547	264.796783
2913.430664	274.674072
2912.674805	234.917191
2911.918945	244.796402
2911.163086	264.594086
2910.407227	261.236603
2909.651367	294.248138
2908.894531	241.303329
2908.138672	244.561966
2907.381836	247.819321
2906.625000	274.200775
2905.868164	260.936188
2905.111328	241.071991
2904.353516	231.120529
2903.596680	264.087036
2902.838867	217.829956
2902.081055	273.885040
2901.323242	240.840530
2900.565430	260.585541
2899.807617	220.960434
2899.049805	234.107056
2898.291016	220.875427
2897.532227	280.161163
2896.773438	227.381165
2896.014648	233.926865
2895.255859	217.411255
2894.497070	243.717178
2893.738281	217.327484
2892.978516	263.376465
2892.218750	210.660553
2891.458984	197.456177
2890.699219	197.418076
2889.939453	187.510986
2889.179688	233.521225
2888.418945	167.708206
2887.659180	220.279999
2886.898438	249.821579
2886.137695	230.054367
2885.376953	233.295761
2884.616211	233.250656
2883.854492	206.928864
2883.093750	200.320938
2882.332031	167.449036
2881.570313	160.851273
2880.808594	229.743042
2880.046875	232.979965
2879.285156	203.407883
2878.522461	193.528061
2877.760742	193.490555
2876.998047	226.241714
2876.235352	190.137314
2875.472656	190.100433
2874.709961	226.110107
2873.946289	219.513580
2873.183594	167.059998
2872.419922	219.428360
2871.656250	219.385757
2870.892578	196.426697
2870.128906	235.666229
2869.365234	206.167877
2868.600586	232.302765
2867.836914	212.630188
2867.072266	196.235840
2866.307617	212.547470
2865.542969	212.506119
2864.778320	202.658691
2864.013672	196.083130
2863.248047	202.579773
2862.483398	192.739975
2861.717773	156.774841
2860.952148	212.257904
2860.186523	202.421906
2859.419922	186.061279
2858.654297	212.133759
2857.887695	205.566452
2857.122070	208.788666
2856.355469	208.747910
2855.588867	202.185059
2854.822266	244.530930
2854.054688	205.365860
2853.288086	205.325729
2852.520508	205.285599
2851.752930	179.182556
2850.985352	244.292068
2850.217773	221.448151
2849.450195	198.613159
2848.682617	188.808350
2847.914063	221.318176
2847.145508	253.815277
2846.377930	208.217896
2845.609375	221.188187
2844.839844	198.379944
2844.071289	175.580612
2843.302734	182.047897
2842.533203	247.016571
2841.763672	211.222733
2840.994141	237.172836
2840.224609	214.388168
2839.455078	181.869400
2838.684570	233.786194
2837.915039	214.261917
2837.144531	214.219833
2836.374023	230.403336
2835.603516	214.135666
2834.833008	194.630524
2834.062500	197.835449
2833.291016	210.766815
2832.520508	181.547989
2831.749023	226.890335
2830.977539	174.995239
2830.206055	204.120926
2829.433594	191.123230
2828.662109	252.621613
2827.889648	187.809845
2827.118164	233.097305
2826.345703	229.814529
2825.573242	220.060669
2824.799805	245.901657
2824.027344	216.738968
2823.254883	219.930466
2822.481445	245.756134
2821.708008	219.843658
2820.934570	187.476685
2820.161133	206.829971
2819.387695	190.633713
2818.613281	197.056931
2817.839844	235.775620
2817.065430	229.270676
2816.291016	206.625656
2815.516602	167.850143
2814.741211	193.634918
2813.966797	200.049820
2813.192383	180.654388
2812.416992	199.970627
2811.641602	209.605103
2810.866211	225.683853
2810.090820	196.628387
2809.314453	196.589432
2808.539063	212.661148
2807.762695	177.182480
2806.986328	251.227142
2806.209961	151.350418
2805.433594	180.296631
2804.657227	202.793457
2803.880859	196.316589
2803.103516	180.189270
2802.326172	231.625900
2801.548828	202.632401
2800.771484	189.729141
2799.994141	183.261200
2799.216797	205.726044
2798.438477	196.043640
2797.660156	192.791458
2796.881836	186.327988
2796.103516	218.410019
2795.325195	186.253815
2794.546875	192.638000
2793.767578	221.489563
2792.989258	224.654800
2792.209961	198.940308
2791.430664	186.068359
2790.651367	230.935349
2789.871094	189.200943
2789.091797	205.193985
2788.311523	211.564072
2787.531250	195.497467
2786.751953	208.275391
2785.970703	208.233795
2785.190430	211.395157
2784.410156	233.769150
2783.628906	220.915726
2782.847656	204.866379
2782.067383	224.027802
2781.285156	223.983002
2780.503906	223.938187
2779.722656	188.710144
2778.940430	207.859390
2778.159180	223.803757
2777.376953	226.955505
2776.594727	204.538635
2775.812500	198.107101
2775.029297	198.067398
2774.247070	182.057724
2773.463867	236.308243
2772.680664	223.489990
2771.897461	223.445160
2771.114258	217.017456
2770.331055	188.256775
2769.546875	229.690948
2768.763672	191.370697
2767.979492	223.220963
2767.195313	267.811340
2766.411133	210.380905
2765.626953	207.151657
2764.841797	229.414169
2764.056641	261.224701
2763.272461	232.506897
2762.487305	226.091339
2761.702148	248.332047
2760.916016	213.267914
2760.130859	257.779419
2759.344727	264.091156
2758.559570	219.501419
2757.773438	241.720947
2756.987305	270.291290
2756.201172	193.934631
2755.414063	263.825043
2754.627930	187.500443
2753.840820	225.590591
2753.053711	222.368362
2752.266602	247.731857
2751.479492	241.331009
2750.692383	238.107483
2749.904297	231.711121
2749.116211	291.960480
2748.328125	193.543335
2747.540039	237.914993
2746.751953	237.866867
2745.963867	206.109573
2745.174805	291.665253
2744.386719	269.418793
2743.597656	231.336334
2742.808594	202.774323
2742.019531	218.571777
2741.229492	247.031052
2740.440430	221.649597
2739.650391	202.609955
2738.861328	262.706482
2738.071289	212.021255
2737.280273	281.583008
2736.490234	268.872986
2735.700195	268.818390
2734.909180	215.011032
2734.118164	208.644775
2733.327148	224.405579
2732.536133	230.679962
2731.745117	224.314331
2730.953125	233.744843
2730.162109	240.013428
2729.370117	252.594299
2728.578125	258.856445
2727.786133	227.242310
2726.994141	224.040512
2726.201172	214.530289
2725.409180	230.257645
2724.616211	239.671417
2723.823242	230.163757
2723.030273	258.487366
2722.236328	211.160004
2721.443359	233.173904
2720.649414	189.021317
2719.856445	229.928970
2719.062500	251.925491
2718.268555	258.170868
2717.473633	217.196930
2716.679688	232.888214
2715.884766	242.280075
2715.089844	254.813919
2714.295898	239.035736
2713.500000	226.408554
2712.705078	248.369644
2711.910156	251.462051
2711.114258	219.984222
2710.318359	245.075043
2709.522461	263.872864
2708.726563	257.537354
2707.930664	238.644211
2707.134766	226.037613
2706.337891	251.101349
2705.541016	288.707275
2704.744141	247.860779
2703.947266	244.673035
2703.150391	260.303711
2702.352539	282.199005
2701.555664	235.117508
2700.757813	272.680206
2699.959961	263.223297
2699.162109	225.573532
2698.364258	285.041199
2697.565430	256.797424
2696.767578	241.089386
2695.968750	231.648560
2695.169922	275.417175
2694.371094	194.003922
2693.571289	225.248428
2692.772461	287.758057
2691.972656	218.901169
2691.173828	240.741592
2690.374023	262.572968
2689.573242	209.389954
2688.773438	278.087402
2687.973633	262.410278
2687.172852	227.999878
2686.372070	277.914978
2685.571289	252.881531
2684.770508	259.071899
2683.969727	262.138977
2683.167969	234.004211
2682.367188	249.552795
2681.565430	258.857391
2680.763672	243.213150
2679.961914	264.985016
2679.159180	236.878647
2678.357422	271.107483
2677.554688	221.202713
2676.751953	267.880066
2675.949219	230.453598
2675.146484	245.973679
2674.343750	261.487305
2673.540039	255.208359
2672.736328	295.606750
2671.932617	245.769226
2671.128906	264.380219
2670.325195	270.544617
2669.521484	248.724884
2668.716797	226.914185
2667.912109	223.759155
2667.107422	279.640656
2666.302734	242.304718
2665.498047	263.994965
2664.693359	273.255402
2663.887695	248.362183
2663.082031	270.037476
2662.276367	276.187561
2661.470703	254.411804
2660.665039	310.193481
2659.858398	248.102905
2659.052734	260.453583
2658.246094	266.599091
2657.439453	266.543304
2656.632813	294.375763
2655.826172	281.921967
2655.051758	282.481567
2655.018555	269.473328
2654.246094	220.397705
2654.210938	318.964813
2653.440430	279.332336
2653.404297	263.168213
2652.634766	235.842590
2652.596680	269.303925
2651.829102	316.474457
2651.788086	294.005859
2651.023438	291.605804
2650.980469	300.132477
2650.217773	263.643433
2650.171875	303.162964
2649.411133	294.612579
2649.364258	278.356537
2648.604492	275.960724
2648.555664	275.205872
2647.798828	272.815796
2647.747070	204.042374
2646.992188	316.166931
2646.938477	259.635712
2646.185547	251.032944
2646.128906	281.212891
2645.378906	300.570770
2645.320313	293.512146
2644.571289	244.754898
2644.510742	284.183563
2643.764648	281.886902
2643.701172	259.417328
2642.957031	260.160858
2642.891602	250.099762
2642.150391	247.731781
2642.081055	265.482086
2641.342773	269.364288
2641.271484	305.548706
2640.535156	294.085297
2640.460938	265.370209
2639.727539	303.322540
2639.651367	308.504974
2638.918945	281.610474
2638.840820	259.089508
2638.111328	290.846619
2638.029297	283.704834
2637.303711	300.079681
2637.218750	277.478760
2636.495117	275.285614
2636.408203	277.420166
2635.686523	324.721741
2635.596680	261.952606
2634.877930	247.366318
2634.785156	317.357849
2634.069336	312.248535
2633.973633	252.600418
2633.260742	302.923859
2633.162109	326.463196
2632.452148	299.783325
2632.349609	314.077393
2631.642578	293.553741
2631.538086	329.403625
2630.833984	271.878510
2630.725586	317.022339
2630.024414	271.833527
2629.913086	298.491791
2629.214844	274.877014
2629.100586	295.351990
2628.405273	318.063354
2628.288086	329.124634
2627.595703	274.785858
2627.474609	307.527924
2626.785156	280.914154
2626.662109	270.567169
2625.975586	299.386230
2625.848633	325.841309
2625.165039	280.820770
2625.035156	291.965607
2624.355469	302.372040
2624.221680	282.685608
2623.544922	302.321655
2623.407227	328.705841
2622.734375	317.693268
2622.593750	245.709152
2621.923828	280.633606
2621.779297	282.505463
2621.113281	311.420471
2620.964844	260.954987
2620.301758	332.948395
2620.150391	313.079376
2619.491211	329.810364
2619.335938	291.531464
2618.679688	274.282318
2618.521484	291.469421
2617.868164	305.049438
2617.706055	297.542236
2617.056641	311.159851
2616.890625	337.347137
2616.245117	295.706268
2616.076172	325.010681
2615.433594	314.135132
2615.259766	291.221069
2614.621094	289.448425
2614.444336	334.066589
2613.809570	298.635895
2613.628906	306.417694
2612.997070	335.524048
2612.812500	254.272415
2612.185547	280.069183
2611.996094	303.223999
2611.373047	292.330627
2611.179688	272.537079
2610.559570	319.971100
2610.363281	247.986359
2609.747070	279.927429
2609.546875	290.786011
2608.934570	267.577667
2608.729492	290.723816
2608.121094	301.358337
2607.912109	281.482849
2607.308594	319.754730
2607.095703	318.129883
2606.495117	301.256287
2606.277344	247.721176
2605.681641	335.013947
2605.459961	296.590210
2604.868164	304.227081
2604.642578	281.241760
2604.054688	310.320374
2603.824219	351.476837
2603.240234	313.339600
2603.005859	290.288147
2602.426758	334.786316
2602.187500	296.335876
2601.612305	331.658447
2601.369141	281.000519
2600.798828	322.390778
2600.550781	320.638245
2599.984375	313.126221
2599.731445	360.258911
2599.169922	279.310028
2598.913086	329.657623
2598.354492	279.262360
2598.093750	296.017731
2597.540039	312.965851
2597.274414	326.464783
2596.725586	303.709045
2596.455078	344.697021
2595.910156	291.388092
2595.634766	271.428589
2595.094727	300.538361
2594.815430	301.861176
2594.279297	321.950195
2593.995117	295.699249
2593.463867	288.172638
2593.174805	326.113403
2592.648438	278.927765
2592.354492	313.854553
2591.833008	269.686035
2591.533203	322.926270
2591.016602	303.344635
2590.712891	319.810760
2590.201172	291.038208
2589.891602	316.696564
2589.384766	251.168686
2589.070313	337.939667
2588.568359	294.000488
2588.249023	292.208984
2587.751953	306.197723
2587.427734	313.448120
2586.935547	336.759399
2586.606445	295.125183
2586.118164	278.543793
2585.784180	304.186920
2585.301758	324.401550
2584.961914	310.203522
2584.484375	284.567261
2584.139648	301.014679
2583.666992	342.645355
2583.317383	279.670227
2582.849609	305.880402
2582.495117	337.355072
2582.032227	308.885681
2581.671875	294.741852
2581.214844	308.832123
2580.849609	315.943329
2580.397461	296.549713
2580.026367	340.172852
2579.579102	351.518524
2579.203125	318.842804
2578.761719	345.345154
2578.379883	327.881378
2577.943359	320.840149
2577.555664	330.845398
2577.125000	342.169952
2576.732422	330.773468
2576.306641	247.419128
2575.908203	318.565704
2575.488281	290.132385
2575.083984	303.329895
2574.668945	314.509735
2574.259766	275.970123
2573.850586	320.560791
2573.434570	324.421661
2573.031250	360.186401
2572.610352	306.163086
2572.211914	296.033722
2571.785156	336.402924
2571.392578	329.546936
2570.959961	306.029602
2570.573242	289.828552
2570.134766	348.373535
2569.753906	344.683105
2569.309570	357.383514
2568.933594	326.324188
2568.484375	305.829285
2568.114258	304.922424
2567.658203	305.762451
2567.293945	341.453217
2566.832031	305.695648
2566.473633	313.959900
2566.005859	317.732910
2565.653320	356.571442
2565.179688	278.333649
2564.833008	316.896698
2564.353516	344.816223
2564.012695	344.259918
2563.526367	317.524353
2563.191406	371.613464
2562.699219	338.618439
2562.371094	319.774963
2561.872070	320.407928
2561.549805	392.797150
2561.044922	290.117157
2560.728516	337.928680
2560.217773	290.053528
2559.907227	331.781342
2559.389648	314.155670
2559.085938	356.069397
2558.562500	323.146912
2558.264648	322.535797
2557.734375	341.192322
2557.442383	313.352051
2556.906250	323.004913
2556.620117	358.922363
2556.078125	319.915833
2555.798828	377.105896
2555.249023	316.828064
2554.976563	349.673370
2554.420898	368.042999
2554.154297	331.370819
2553.591797	319.704681
2553.331055	346.509888
2552.762695	340.742157
2552.508789	349.487427
2551.933594	340.667084
2551.686523	364.617798
2551.103516	331.549683
2550.863281	325.059784
2550.274414	304.355743
2550.040039	346.263855
2549.444336	328.390656
2549.216797	352.276001
2548.614258	355.426971
2548.393555	373.467560
2547.784180	346.314178
2547.570313	333.935913
2546.954102	331.183838
2546.746094	330.841156
2546.123047	331.110596
2545.922852	315.608704
2545.292969	318.999634
2545.098633	376.235535
2544.461914	297.867676
2544.274414	291.227142
2543.630859	366.987946
2543.450195	373.068146
2542.799805	375.928955
2542.625977	321.448425
2541.967773	354.798279
2541.801758	324.422943
2541.136719	321.652496
2540.976563	354.679382
2540.304688	336.608307
2540.151367	339.461365
2539.472656	345.547852
2539.327148	351.522003
2538.640625	363.495697
2538.501953	333.280090
2537.807617	330.377197
2537.676758	330.191040
2536.975586	345.317566
2536.850586	363.447845
2536.142578	300.209351
2536.025391	390.636292
2535.309570	327.155396
2535.199219	381.483185
2534.476563	318.080261
2534.374023	372.333313
2533.643555	303.008972
2533.547852	387.399109
2532.809570	356.931000
2532.721680	317.731140
2531.976563	353.852661
2531.895508	372.132324
2531.142578	374.760284
2531.068359	308.541962
2530.308594	305.736145
2530.242188	429.461365
2529.473633	347.622284
2529.415039	377.978790
2528.639648	347.544617
2528.588867	356.747589
2527.804688	371.430145
2527.761719	344.592224
2526.969727	320.436584
2526.934570	326.396790
2526.134766	323.358948
2526.106445	350.510956
2525.299805	344.240326
2525.279297	377.637482
2524.464844	386.061340
2524.452148	320.178619
2523.628906	320.149658
2523.624023	359.380737
2522.795898	359.315613
2522.792969	335.034760
2521.967773	338.118103
2521.957031	370.848145
2521.139648	359.185333
2521.121094	340.864502
2520.311523	341.013245
2520.285156	379.649719
2519.482422	353.020416
2519.448242	349.677460
2518.654297	325.805786
2518.612305	328.682678
2517.825195	352.892120
2517.775391	322.634033
2516.996094	331.718597
2516.937500	385.281708
2516.166992	382.914490
2516.100586	331.446808
2515.337891	346.670471
2515.263672	394.064148
2514.507813	343.593353
2514.425781	319.358795
2513.678711	385.718719
2513.587891	349.126648
2512.848633	352.506744
2512.750000	349.047882
2512.018555	370.516388
2511.912109	334.055847
2511.188477	364.425201
2511.073242	366.782043
2510.358398	367.369873
2510.234375	333.904907
2509.528320	310.099854
2509.395508	345.751862
2508.697266	358.205200
2508.556641	336.733826
2507.867188	349.110962
2507.717773	372.408813
2507.036133	318.956818
2506.878906	360.410095
2506.205078	336.949249
2506.039063	372.240082
2505.374023	366.966766
2505.199219	366.201202
2504.542969	348.855286
2504.359375	330.399261
2503.710938	378.859497
2503.519531	357.107330
2502.879883	393.821350
2502.678711	374.877533
2502.047852	390.743347
2501.838867	353.970551
2501.215820	321.552765
2500.998047	365.785522
2500.383789	366.562866
2500.157227	389.487823
2499.551758	393.532043
2499.316406	386.426666
2498.719727	348.407013
2498.474609	389.310486
2497.886719	351.345856
2497.633789	365.452484
2497.053711	369.295593
2496.791992	359.428223
2496.221680	402.247894
2495.950195	365.285828
2495.388672	372.160797
2495.108398	341.449432
2494.554688	381.094391
2494.265625	338.403015
2493.721680	372.023529
2493.423828	347.228973
2492.888672	398.951599
2492.581055	356.050873
2492.054688	407.875153
2491.738281	364.868622
2491.220703	350.827759
2490.895508	361.819397
2490.387695	407.724426
2490.051758	358.771454
2489.552734	383.669678
2489.208984	361.653625
2488.718750	395.586151
2488.365234	394.171326
2487.884766	347.571960
2487.521484	385.191864
2487.049805	377.465118
2486.677734	346.593079
2486.215820	356.428802
2485.833008	370.206696
2485.380859	383.314514
2484.989258	384.926483
2484.545898	356.296631
2484.144531	405.560028
2483.710938	413.107666
2483.299805	372.910980
2482.875000	326.234619
2482.455078	343.235840
2482.040039	421.931519
2481.609375	384.572235
2481.204102	403.901917
2480.764648	393.356293
2480.368164	352.974579
2479.918945	411.006866
2479.532227	412.723999
2479.073242	348.831787
2478.696289	388.725616
2478.227539	416.728180
2477.860352	358.756866
2477.381836	390.038391
2477.023438	421.460815
2476.535156	345.635925
2476.187500	373.565857
2475.688477	401.671906
2475.350586	361.544342
2474.841797	372.051086
2474.513672	352.514679
2473.995117	371.964935
2473.676758	358.422607
2473.148438	363.024475
2472.839844	435.999451
2472.300781	362.940308
2472.001953	382.174713
2471.453125	383.506439
2471.165039	382.103302
2470.605469	362.771881
2470.327148	411.878113
2469.757813	362.687622
2469.489258	399.864838
2468.910156	315.435394
2468.651367	384.872498
2468.061523	371.360931
2467.813477	384.800446
2467.212891	406.633972
2466.975586	429.464264
2466.364258	421.268982
2466.136719	444.292969
2465.515625	353.430084
2465.297852	393.528046
2464.666992	403.405273
2464.458984	384.512146
2463.817383	394.479553
2463.620117	375.499542
2462.967773	370.841949
2462.781250	360.531097
2462.118164	373.697845
2461.942383	363.442444
2461.268555	391.261414
2461.102539	396.137451
2460.418945	379.405396
2460.263672	375.217590
2459.568359	429.304108
2459.423828	366.214966
2458.717773	352.770081
2458.583984	449.496429
2457.867188	349.748383
2457.744141	413.697021
2457.016602	379.050110
2456.903320	386.838043
2456.166016	364.272797
2456.063477	389.740326
2455.314453	384.746246
2455.222656	371.819580
2454.462891	355.292847
2454.382813	386.619476
2453.611328	352.273743
2453.541992	374.652832
2452.759766	349.255981
2452.701172	380.527924
2451.907227	375.581909
2451.859375	398.290009
2451.055664	363.759308
2451.018555	421.988831
2450.203125	416.464935
2450.176758	368.427704
2449.350586	366.520020
2449.334961	347.563690
2448.497070	384.022369
2448.493164	412.839508
2447.651367	400.883423
2447.644531	404.447174
2446.809570	374.087067
2446.791016	345.749969
2445.967773	388.858185
2445.937500	380.820953
2445.125000	365.042023
2445.083984	330.942993
2444.282227	367.940125
2444.230469	357.216736
2443.439453	361.937012
2443.375977	357.132141
2442.596680	433.055664
2442.522461	351.194275
2441.753906	388.489960
2441.667969	374.518402
2440.911133	391.381256
2440.813477	377.354797
2440.067383	352.769196
2439.958008	353.868896
2439.223633	358.629974
2439.103516	365.480194
2438.380859	364.488495
2438.248047	368.316467
2437.536133	414.786133
2437.392578	359.461487
2436.692383	382.123169
2436.537109	371.062958
2435.848633	367.242340
2435.680664	347.606110
2435.003906	405.666382
2434.825195	379.647247
2434.160156	355.260590
2433.968750	373.717377
2433.315430	372.952606
2433.112305	394.060974
2432.470703	402.475342
2432.255859	329.764832
2431.625000	381.686981
2431.398438	338.438782
2430.780273	319.490997
2430.541992	390.861633
2429.935547	360.837677
2429.684570	344.109222
2429.089844	411.039917
2428.827148	367.350677
2428.244141	387.309021
2427.968750	367.262665
2427.398438	393.147064
2427.111328	317.635162
2426.552734	398.982849
2426.252930	337.952637
2425.706055	375.267731
2425.394531	372.823730
2424.860352	354.515930
2424.536133	398.942017
2424.013672	363.309357
2423.677734	369.733246
2423.166992	398.677887
2422.818359	346.359619
2422.320313	351.359955
2421.959961	366.645416
2421.473633	357.196777
2421.100586	375.284637
2420.626953	413.206421
2420.240234	349.017853
2419.779297	377.716370
2419.380859	380.919220
2418.931641	377.643982
2418.520508	375.013123
2418.084961	383.471161
2417.661133	366.203400
2417.237305	365.702362
2416.799805	354.492188
2416.388672	398.067322
2415.939453	366.026306
2415.541016	362.613983
2415.079102	328.182220
2414.692383	368.439392
2414.217773	409.402527
2413.844727	418.466766
2413.356445	351.246063
2412.996094	415.440002
2412.147461	377.064575
2411.298828	371.101563
2410.449219	365.140839
2409.600586	376.847076
2408.750977	362.056793
2407.901367	373.759033
2407.051758	406.053650
2406.202148	400.091736
2405.352539	423.544891
2404.501953	347.004608
2403.651367	405.740692
2402.801758	355.689514
2401.950195	385.011017
2401.099609	364.367554
2400.249023	373.110840
2399.397461	396.537262
2398.546875	384.713654
2397.695313	372.894562
2396.843750	390.436096
2395.991211	399.165710
2395.139648	390.285034
2394.288086	393.143402
2393.435547	404.800598
2392.583008	375.394501
2391.730469	416.372559
2390.877930	398.702057
2390.024414	383.969421
2389.171875	451.296356
2388.318359	383.820465
2387.464844	410.110199
2386.611328	354.383545
2385.757813	363.099396
2384.903320	368.884125
2384.049805	386.374939
2383.195313	386.299805
2382.340820	412.558197
2381.486328	386.149536
2380.631836	394.848816
2379.776367	383.074982
2378.921875	377.153046
2378.066406	391.695068
2377.210938	414.998962
2376.355469	417.840027
2375.499023	353.488007
2374.643555	388.468872
2373.787109	376.712097
2372.930664	417.514069
2372.074219	414.513458
2371.217773	411.513947
2370.361328	402.679657
2369.503906	452.196716
2368.647461	402.522247
2367.790039	414.108551
2366.932617	370.292267
2366.075195	402.286072
2365.216797	437.181885
2364.359375	434.182312
2363.500977	413.703461
2362.642578	372.842712
2361.784180	422.278137
2360.925781	480.429169
2360.067383	459.957123
2359.208008	384.192596
2358.348633	442.316803
2357.490234	418.954712
2356.629883	442.143158
2355.770508	418.790192
2354.911133	450.692535
2354.050781	409.904266
2353.190430	412.730255
2352.330078	371.965363
2351.469727	430.000366
2350.609375	427.010925
2349.749023	467.586578
2348.887695	374.576355
2348.026367	449.983734
2347.165039	383.136475
2346.303711	383.060974
2345.442383	417.802338
2344.580078	406.116638
2343.717773	400.236023
2342.856445	414.655518
2341.994141	460.959534
2341.130859	379.709320
2340.268555	379.634338
2339.405273	417.225555
2338.542969	385.278015
2337.679688	396.786896
2336.816406	385.125732
2335.953125	382.154480
2335.088867	425.496948
2334.225586	428.306732
2333.361328	419.541779
2332.497070	439.708466
2331.632813	433.836914
2330.767578	465.559387
2329.903320	433.665039
2329.038086	502.951721
2328.172852	436.383087
2327.307617	392.955841
2326.442383	439.098816
2325.577148	473.670502
2324.710938	410.047943
2323.845703	447.498688
2322.979492	435.863770
2322.113281	441.549072
2321.246094	441.461334
2320.379883	475.991119
2319.512695	539.349365
2318.646484	455.616333
2317.779297	493.005676
2316.912109	487.142578
2316.043945	484.163696
2315.176758	432.202942
2314.308594	458.043915
2313.440430	383.067322
2312.572266	426.185486
2311.704102	440.495819
2310.835938	426.015594
2309.966797	420.174835
2309.098633	420.091003
2308.229492	445.898071
2307.360352	442.932892
2306.490234	425.590790
2305.621094	462.881317
2304.750977	405.299561
2303.881836	445.453064
2303.011719	436.744080
2302.141602	387.820190
2301.270508	453.802490
2300.400391	442.225372
2299.529297	450.749939
2298.658203	433.437073
2297.787109	482.138123
2296.916016	424.655670
2296.044922	401.620880
2295.172852	444.562622
2294.300781	481.751953
2293.428711	461.586426
2292.556641	490.158112
2291.684570	455.669647
2290.812500	481.365692
2289.939453	441.163361
2289.066406	412.433594
2288.193359	412.350800
2287.320313	480.979340
2286.447266	480.882751
2285.573242	443.582428
2284.699219	417.742065
2283.825195	472.010864
2282.951172	480.496277
2282.077148	468.961548
2281.203125	474.585114
2280.328125	423.038940
2279.453125	437.242767
2278.578125	485.727478
2277.703125	468.489807
2276.828125	428.410461
2275.952148	425.468658
2275.077148	451.077179
2274.201172	448.131897
2273.325195	473.725464
2272.448242	442.244812
2271.572266	416.482025
2270.695313	407.841858
2269.819336	496.154968
2268.942383	461.844147
2268.064453	441.798676
2267.187500	458.807861
2266.310547	418.826874
2265.432617	458.622467
2264.554688	501.249908
2263.676758	464.131897
2262.798828	478.272308
2261.919922	472.483002
2261.041992	455.313141
2260.163086	492.207703
2259.284180	509.175385
2258.405273	500.540314
2257.525391	412.293427
2256.646484	477.594910
2255.766602	468.971375
2254.886719	437.617889
2254.006836	494.351105
2253.126953	437.440399
2252.247070	417.472046
2251.366211	494.050323
2250.485352	476.917267
2249.604492	422.894318
2248.723633	451.184845
2247.842773	456.767334
2246.960938	485.039398
2246.080078	479.269012
2245.198242	496.183594
2244.316406	456.396088
2243.433594	476.142548
2242.551758	501.548126
2241.668945	447.618530
2240.786133	470.187042
2239.903320	438.940674
2239.020508	501.139862
2238.137695	475.561279
2237.253906	534.897461
2236.371094	489.515350
2235.487305	438.493713
2234.603516	526.085144
2233.718750	503.355164
2232.834961	455.189056
2231.950195	494.669739
2231.065430	545.438721
2230.180664	474.689117
2229.295898	494.366852
2228.411133	494.265869
2227.525391	448.984100
2226.639648	474.301361
2225.753906	451.623230
2224.868164	471.285370
2223.982422	499.403900
2223.095703	465.450775
2222.209961	490.738586
2221.323242	501.917175
2220.436523	470.803436
2219.549805	524.260498
2218.662109	476.246674
2217.775391	476.149109
2216.887695	478.868408
2216.000000	492.851746
2215.112305	464.593506
2214.223633	447.607391
2213.335938	489.734039
2212.447266	489.633545
2211.558594	506.413513
2210.669922	478.181244
2209.781250	464.021790
2208.891602	514.536682
2208.001953	469.453400
2207.113281	460.925354
2206.222656	494.549957
2205.333008	494.448273
2204.443359	480.302673
2203.552734	432.464294
2202.662109	466.066925
2201.771484	513.690918
2200.880859	457.455658
2199.990234	530.314819
2199.098633	490.931122
2198.208008	409.492432
2197.316406	487.924683
2196.424805	479.413361
2195.532227	434.466400
2194.640625	510.042419
2193.748047	453.900177
2192.855469	507.030762
2191.962891	543.335205
2191.070313	487.220642
2190.176758	456.325104
2189.284180	495.416351
2188.390625	489.717224
2187.497070	500.807281
2186.603516	408.395264
2185.708984	458.650513
2184.815430	492.108521
2183.920898	500.393219
2183.026367	452.776154
2182.131836	483.420135
2181.237305	528.020203
2180.341797	494.392731
2179.446289	457.986542
2178.551758	510.940094
2177.655273	516.417114
2176.759766	513.519226
2175.864258	530.154480
2174.967773	504.937164
2174.071289	482.519409
2173.174805	501.939148
2172.278320	521.350769
2171.381836	479.431671
2170.484375	537.855225
2169.586914	462.515167
2168.689453	537.631836
2167.791992	484.603607
2166.894531	490.071899
2165.996094	495.537842
2165.097656	523.268188
2164.199219	445.242035
2163.300781	511.921783
2162.402344	520.160095
2161.502930	497.803589
2160.604492	486.578156
2159.705078	469.797607
2158.805664	494.713318
2157.905273	450.150879
2157.005859	477.838348
2156.105469	499.959137
2155.205078	463.754242
2154.304688	491.421417
2153.404297	499.646332
2152.502930	466.239227
2151.602539	488.339142
2150.701172	479.914948
2149.799805	471.494202
2148.898438	493.579010
2147.996094	510.109894
2147.094727	507.231506
2146.192383	520.981323
2145.290039	493.166382
2144.387695	501.373260
2143.484375	523.423828
2142.582031	539.927429
2141.678711	534.277832
2140.775391	528.630554
2139.872070	564.492310
2138.968750	561.607483
2138.064453	531.064270
2137.160156	495.002960
2136.255859	514.252747
2135.351563	494.795349
2134.447266	514.036987
2133.542969	502.876862
2132.637695	533.158569
2131.732422	544.094177
2130.827148	543.979919
2129.921875	513.497498
2129.015625	518.909912
2128.109375	543.637024
2127.204102	524.209717
2126.296875	540.649963
2125.390625	565.356750
2124.484375	504.578094
2123.577148	565.118774
2122.669922	534.682678
2121.762695	542.836609
2120.855469	487.623535
2119.947266	570.151428
2119.040039	542.493469
2118.131836	536.872681
2117.223633	525.749023
2116.315430	492.613708
2115.406250	547.538757
2114.498047	533.668823
2113.588867	539.056702
2112.679688	522.444580
2111.770508	514.086853
2110.860352	555.206360
2109.951172	538.601196
2109.041016	565.961182
2108.130859	532.879822
2107.220703	532.767090
2106.309570	513.434814
2105.399414	570.972412
2104.488281	510.472961
2103.577148	565.242798
2102.666016	526.716614
2101.753906	600.658752
2100.842773	578.594238
2099.930664	520.898499
2099.018555	548.197937
2098.106445	578.226074
2097.194336	523.306824
2096.281250	567.023621
2095.368164	542.255249
2094.455078	553.092407
2093.541992	531.074829
2092.628906	552.857300
2091.714844	550.003418
2090.800781	506.114380
2089.887695	574.385986
2088.972656	544.183289
2088.058594	568.673523
2087.143555	549.418457
2086.229492	530.171509
2085.314453	524.594055
2084.399414	538.140625
2083.483398	562.605774
2082.568359	537.911133
2081.652344	545.986206
2080.736328	556.787109
2079.820313	575.769592
2078.903320	564.733948
2077.987305	597.344543
2077.070313	597.216919
2076.153320	586.183533
2075.236328	536.992920
2074.319336	613.185608
2073.401367	569.459473
2072.483398	528.476074
2071.565430	591.003967
2070.647461	560.925110
2069.729492	528.136719
2068.810547	476.309906
2067.892578	604.103699
2066.973633	576.768127
2066.053711	590.244568
2065.134766	562.923584
2064.215820	568.240479
2063.295898	595.301270
2062.375977	570.714233
2061.456055	614.065308
2060.535156	546.020447
2059.615234	535.039307
2058.694336	534.924316
2057.773438	578.245544
2056.852539	583.549561
2055.930664	548.147217
2055.009766	572.446350
2054.087891	585.885254
2053.166016	637.284180
2052.244141	615.456726
2051.321289	604.481384
2050.399414	609.771240
2049.476563	566.287598
2048.553711	582.419006
2047.630859	571.459900
2046.707031	625.491699
2045.783203	563.091675
2044.860352	584.622742
2043.936523	600.732422
2043.011719	614.129639
2042.087891	643.750000
2041.163086	570.596069
2040.238281	573.176270
2039.313477	581.161438
2038.388672	591.845581
2037.463867	634.947876
2036.538086	613.199768
2035.612305	618.468323
2034.686523	564.331238
2033.760742	626.298828
2032.833984	607.270081
2031.907227	582.852783
2031.056641	599.459534
2030.980469	582.726257
2030.130859	577.857361
2030.053711	631.149658
2029.204102	607.457703
2029.126953	571.686584
2028.278320	591.158813
2028.199219	609.307007
2027.351563	558.671997
2027.272461	590.306335
2026.425781	647.625916
2026.344727	549.754822
2025.499023	588.160461
2025.416992	603.520996
2024.572266	601.548218
2024.488281	614.164490
2023.645508	544.807617
2023.560547	614.030762
2022.717773	566.287842
2022.631836	589.664246
2021.791016	587.760681
2021.703125	635.298889
2020.863281	598.443359
2020.774414	653.999939
2019.935547	568.693787
2019.844727	602.732666
2019.007813	576.681030
2018.916016	651.024536
2018.080078	616.997192
2017.986328	615.917786
2017.152344	608.810181
2017.056641	607.716309
2016.223633	579.078735
2016.126953	575.322571
2015.295898	638.223999
2015.196289	626.265808
2014.367188	605.805054
2014.265625	642.252502
2013.438477	611.085144
2013.335938	599.125549
2012.509766	597.522522
2012.405273	639.285706
2011.581055	583.964417
2011.473633	614.976501
2010.651367	597.317078
2010.542969	601.417419
2009.722656	616.045349
2009.611328	671.077942
2008.792969	632.077332
2008.679688	641.410034
2007.863281	648.103760
2007.748047	657.368347
2006.933594	610.349182
2006.816406	635.763977
2006.002930	631.750183
2005.883789	606.123047
2005.073242	612.826111
2004.952148	597.946045
2004.142578	588.533813
2004.019531	654.111328
2003.212891	650.230652
2003.085938	675.409424
2002.282227	644.745117
2002.153320	597.552551
2001.351563	663.435120
2001.220703	624.211487
2000.419922	668.690979
2000.287109	621.395996
1999.489258	609.503906
1999.353516	613.225891
1998.557617	595.975098
1998.419922	554.191528
1997.625977	587.819031
1997.485352	663.812927
1996.695313	609.185791
1996.550781	586.060669
1995.762695	641.277649
1995.617188	650.143372
1994.831055	710.916077
1994.682617	617.901489
1993.899414	665.193970
1993.747070	596.370911
1992.966797	638.260071
1992.812500	652.387634
1992.034180	624.742004
1991.876953	665.609497
1991.101563	705.057495
1990.941406	638.737366
1990.168945	603.080444
1990.005859	646.612305
1989.236328	680.691467
1989.070313	633.112854
1988.303711	643.060181
1988.133789	683.717773
1987.370117	680.452576
1987.198242	616.812256
1986.436523	656.226746
1986.261719	600.658386
1985.502930	669.501343
1985.325195	648.567749
1984.569336	677.416138
1984.387695	635.082275
1983.635742	647.849182
1983.451172	624.270569
1982.702148	655.764771
1982.513672	664.140930
1981.767578	663.677490
1981.576172	669.327209
1980.833008	684.965515
1980.638672	639.852417
1979.898438	642.041687
1979.700195	647.707092
1978.963867	644.602905
1978.761719	674.212280
1978.029297	644.488831
1977.824219	631.434326
1977.093750	681.807312
1976.885742	665.922241
1976.159180	652.280396
1975.946289	639.143555
1975.223633	673.547180
1975.007813	689.589355
1974.288086	638.687378
1974.068359	641.521729
1973.352539	665.292480
1973.128906	667.992493
1972.416992	625.103516
1972.189453	643.897461
1971.480469	657.043213
1971.250000	704.937622
1970.543945	638.233276
1970.309570	648.930298
1969.608398	672.829041
1969.369141	635.491089
1968.671875	686.056458
1968.428711	611.424377
1967.734375	632.554016
1967.488281	656.470398
1966.797852	635.109619
1966.547852	658.981384
1965.861328	704.365479
1965.606445	669.460938
1964.923828	666.893555
1964.665039	661.343689
1963.986328	618.766479
1963.723633	671.817810
1963.048828	666.654846
1962.782227	661.048706
1962.111328	650.538574
1961.839844	706.022888
1961.173828	666.415894
1960.898438	634.217285
1960.235352	671.626709
1959.956055	657.952942
1959.296875	679.500244
1959.012695	620.671692
1958.358398	650.071655
1958.070313	641.747742
1957.419922	700.565979
1957.127930	660.163025
1956.481445	580.592773
1956.184570	715.679260
1955.542969	697.651001
1955.241211	657.217468
1954.603516	713.499146
1954.297852	678.266113
1953.664063	708.046875
1953.353516	654.274231
1952.725586	715.903137
1952.409180	630.292969
1951.785156	665.217346
1951.465820	675.162476
1950.845703	699.682190
1950.520508	706.776306
1949.906250	691.575989
1949.576172	693.385132
1948.965820	691.450867
1948.631836	701.167236
1948.025391	640.805725
1947.686523	695.719116
1947.084961	680.566528
1946.741211	679.694397
1946.144531	680.443176
1945.795898	674.253357
1945.204102	709.552185
1944.849609	700.537109
1944.262695	685.510193
1943.904297	713.594177
1943.322266	664.133423
1942.958008	694.937134
1942.380859	727.757874
1942.011719	702.705933
1941.439453	690.447571
1941.065430	718.394592
1940.498047	735.458313
1940.118164	734.076050
1939.555664	676.923096
1939.170898	641.511719
1938.614258	740.498535
1938.223633	715.269409
1937.671875	697.905334
1937.276367	746.773254
1936.729492	719.003113
1936.329102	670.097473
1935.787109	681.734497
1935.380859	691.046814
1934.844727	663.044678
1934.432617	669.794739
1933.901367	697.395447
1933.484375	698.643616
1932.958984	723.779907
1932.536133	727.479370
1932.015625	678.585022
1931.587891	669.340393
1931.072266	710.263550
1930.638672	761.399963
1930.128906	749.879578
1929.689453	737.521484
1929.185547	710.003052
1928.740234	716.287109
1928.241211	717.819031
1927.791016	710.859131
1927.297852	693.852539
1926.840820	737.020081
1926.353516	738.737671
1925.890625	715.799927
1925.409180	667.124207
1924.940430	736.685608
1924.464844	698.763367
1923.990234	731.257507
1923.519531	770.085938
1923.040039	725.831726
1922.575195	769.944031
1922.088867	652.048340
1921.629883	772.447388
1921.137695	678.186401
1920.684570	729.986816
1920.186523	670.148010
1919.739258	721.918884
1919.235352	719.916748
1918.793945	716.497681
1918.283203	753.901672
1917.847656	769.233521
1917.331055	743.224976
1916.902344	721.518555
1916.378906	724.676086
1915.956055	747.809387
1915.426758	698.260498
1915.009766	713.325562
1914.474609	716.472290
1914.063477	697.344666
1913.521484	711.061035
1913.116211	763.239502
1912.568359	710.898682
1912.169922	718.209778
1911.615234	692.377808
1911.222656	694.316589
1910.662109	723.684082
1910.275391	762.814514
1909.708008	678.954041
1909.328125	791.701782
1908.753906	733.836487
1908.380859	754.615356
1907.799805	686.504089
1907.432617	696.438416
1906.845703	678.487976
1906.485352	722.684021
1905.891602	694.046814
1905.537109	709.364197
1904.936523	741.019714
1904.588867	714.505066
1903.981445	748.703308
1903.640625	756.548706
1903.026367	769.469482
1902.692383	753.771912
1902.071289	730.043213
1901.743164	743.090881
1901.115234	688.018921
1900.793945	679.722046
1900.159180	737.554199
1899.845703	713.838135
1899.203125	794.911133
1898.895508	708.437378
1898.247070	739.829346
1897.946289	737.268921
1897.290039	752.727295
1896.997070	718.702576
1896.333984	760.393127
1896.046875	705.407288
1895.376953	721.031494
1895.096680	797.381836
1894.419922	707.806213
1894.146484	744.609680
1893.461914	718.087952
1893.196289	670.812073
1892.504883	715.311707
1892.246094	736.439636
1891.546875	738.636841
1891.294922	699.486206
1890.588867	686.277893
1890.344727	759.825195
1889.629883	753.948608
1889.393555	743.910278
1888.671875	685.960754
1888.442383	772.680054
1887.712891	719.701111
1887.491211	741.002502
1886.753906	727.355652
1886.539063	711.963928
1885.794922	766.283386
1885.587891	743.349854
1884.835938	753.076965
1884.635742	724.826294
1883.875977	698.193298
1883.683594	732.566528
1882.916016	747.518738
1882.731445	756.054932
1881.956055	736.929443
1881.778320	771.660217
1880.996094	778.412598
1880.826172	784.635315
1880.035156	749.601257
1879.873047	742.507629
1879.074219	707.792297
1878.919922	729.251099
1878.113281	746.651428
1877.966797	702.885925
1877.152344	704.862366
1877.013672	710.619385
1876.191406	761.906372
1876.059570	707.862915
1875.229492	730.531921
1875.106445	768.016663
1874.267578	709.568604
1874.152344	778.353760
1873.305664	802.950928
1873.198242	759.864441
1872.342773	722.227600
1872.244141	730.903137
1871.380859	750.629822
1871.289063	775.291016
1870.417969	781.615417
1870.334961	701.819214
1869.455078	771.048401
1869.379883	740.959106
1868.491211	755.295227
1868.424805	706.787537
1867.528320	703.220459
1867.469727	751.145874
1866.564453	760.130676
1866.513672	779.786804
1865.600586	734.015869
1865.558594	708.999756
1864.636719	733.844055
1864.602539	763.794983
1863.671875	751.819580
1863.646484	800.262512
1862.708008	720.540894
1862.690430	779.191833
1861.743164	772.197266
1861.734375	721.529724
1860.778320	744.915405
1860.778320	787.560059
1859.821289	736.933228
1859.812500	748.524475
1858.864258	775.983337
1858.847656	802.726929
1857.907227	809.793823
1857.881836	714.518005
1856.950195	739.121826
1856.916016	786.820313
1855.993164	770.315002
1855.949219	752.996216
1855.035156	798.885437
1854.983398	770.928040
1854.077148	764.799133
1854.016602	801.783325
1853.119141	822.066528
1853.049805	773.150696
1852.161133	756.677856
1852.083008	754.872192
1851.203125	785.228516
1851.115234	801.216431
1850.244141	813.768127
1850.147461	790.691467
1849.286133	782.318909
1849.179688	756.921265
1848.327148	748.274414
1848.211914	785.152588
1847.368164	797.658203
1847.244141	730.742249
1846.408203	854.841553
1846.275391	777.036743
1845.449219	750.447937
1845.306641	784.595581
1844.489258	784.171143
1844.337891	761.187195
1843.530273	797.043518
1843.369141	820.339600
1842.570313	755.222290
1842.399414	781.459045
1841.609375	762.887634
1841.429688	747.753723
1840.649414	765.343567
1840.459961	835.223145
1839.688477	835.468750
1839.490234	752.553223
1838.728516	770.252136
1838.519531	760.104309
1837.767578	801.323608
1837.549805	798.563843
1836.805664	788.162537
1836.579102	764.893677
1835.844727	808.815552
1835.607422	831.656128
1834.882813	780.056824
1834.636719	852.051514
1833.921875	753.908813
1833.665039	795.230164
1832.959961	764.159424
1832.693359	789.894714
1831.998047	865.359619
1831.721680	797.423279
1831.035156	748.273926
1830.749023	799.804749
1830.073242	813.070435
1829.777344	748.191650
1829.110352	789.538025
1828.804688	822.557129
1828.147461	823.141235
1827.832031	773.532776
1827.184570	861.923523
1826.858398	799.040405
1826.221680	791.673401
1825.885742	850.222107
1825.258789	866.778564
1824.912109	734.457031
1824.294922	804.338501
1823.938477	772.792297
1823.331055	863.846985
1822.963867	813.675842
1822.367188	858.491455
1821.990234	769.855469
1821.403320	762.378540
1821.015625	797.891907
1820.438477	749.266785
1820.041016	836.174561
1819.474609	821.699768
1819.066406	800.072937
1818.509766	813.764587
1818.090820	751.169861
1817.544922	795.468018
1817.115234	802.251160
1816.580078	839.352783
1816.139648	763.620728
1815.614258	826.238281
1815.164063	809.550415
1814.649414	784.643433
1814.187500	781.181519
1813.683594	831.093384
1813.211914	811.720703
1812.717773	841.285034
1812.235352	803.844788
1811.751953	758.302368
1811.257813	760.140930
1810.786133	833.192932
1810.281250	821.367920
1809.819336	794.223999
1809.303711	823.727539
1808.852539	915.635803
1808.326172	716.111511
1807.885742	819.772949
1807.348633	782.418152
1806.918945	749.802917
1806.371094	805.235413
1805.952148	767.750916
1805.392578	759.037964
1804.984375	785.691772
1804.414063	751.188660
1804.017578	790.705444
1803.435547	789.323059
1803.049805	821.552063
1802.456055	768.700867
1802.082031	800.726624
1801.477539	763.407654
1801.113281	867.713684
1800.498047	768.327271
1800.145508	815.903503
1799.518555	808.971741
1799.176758	854.464905
1798.538086	834.288269
1798.208008	818.163269
1797.558594	857.041565
1797.239258	846.387024
1796.578125	780.329773
1796.270508	776.561829
1795.597656	803.084778
1795.301758	866.688843
1794.616211	805.437683
1794.332031	832.991943
1793.635742	802.692810
1793.362305	825.092346
1792.654297	787.211060
1792.392578	894.532898
1791.672852	794.659546
1791.422852	850.540527
1790.690430	809.743347
1790.452148	829.757446
1789.708984	794.270752
1789.482422	832.169800
1788.726563	855.158997
1788.511719	806.246643
1787.744141	758.258728
1787.541016	870.471130
1786.760742	842.020386
1786.569336	805.927673
1785.778320	841.813782
1785.598633	803.193787
1784.794922	793.297302
1784.626953	813.330078
1783.811523	805.812378
1783.656250	805.449036
1782.828125	777.659180
1782.684570	869.609619
1781.843750	843.527283
1781.711914	884.871033
1780.859375	817.918396
1780.740234	799.826477
1779.875000	838.032898
1779.767578	833.094421
1778.890625	830.209717
1778.795898	868.919861
1777.905273	873.155090
1777.823242	809.631348
1776.919922	784.123047
1776.849609	891.702454
1775.934570	860.039063
1775.876953	852.986755
1774.949219	844.608337
1774.903320	865.660828
1773.962891	839.328003
1773.929688	857.783997
1772.977539	844.190552
1772.956055	862.748779
1771.991211	843.981506
1771.982422	924.189697
1771.008789	849.571960
1771.003906	838.704712
1770.034180	869.932129
1770.017578	853.696106
1769.060547	903.112366
1769.030273	810.430176
1768.085938	920.888428
1768.042969	878.592041
1767.110352	889.929138
1767.054688	837.872375
1766.135742	887.187500
1766.067383	865.501892
1765.160156	856.247131
1765.079102	786.854187
1764.185547	889.396545
1764.090820	900.483459
1763.209961	943.033325
1763.102539	837.038757
1762.233398	876.230896
1762.113281	877.281128
1761.257813	870.932678
1761.124023	864.424500
1760.281250	873.319641
1760.134766	864.208740
1759.305664	857.781738
1759.145508	793.256653
1758.329102	852.490051
1758.155273	871.354004
1757.351563	918.866943
1757.165039	871.136047
1756.375000	928.919006
1756.174805	863.344849
1755.397461	869.887634
1755.184570	805.081970
1754.420898	831.343628
1754.193359	933.560120
1753.443359	895.113708
1753.202148	847.560974
1752.464844	843.795166
1751.487305	861.521057
1750.509766	874.127869
1749.531250	868.841553
1748.552734	878.886780
1747.574219	896.590942
1746.594727	886.195313
1745.616211	962.618103
1744.636719	885.839050
1743.657227	885.660889
1742.677734	882.930908
1741.697266	918.471558
1740.717773	877.473877
1739.737305	882.397705
1738.756836	928.115784
1737.775391	902.436157
1736.794922	907.351746
1735.813477	899.524048
1734.833008	924.819702
1733.851563	947.557861
1732.869141	960.099976
1731.887695	903.890320
1730.905273	962.257813
1729.922852	913.705627
1728.940430	977.136597
1727.958008	880.262756
1726.975586	930.956604
1725.992188	961.285217
1725.008789	983.973755
1724.025391	968.522156
1723.041992	978.492126
1722.057617	930.014465
1721.074219	983.176575
1720.089844	1003.297180
1719.105469	926.909363
1718.120117	1040.974609
1717.135742	972.225281
1716.150391	966.952026
1715.165039	951.531128
1714.179688	974.169922
1713.194336	1009.481323
1712.208008	1006.740234
1711.222656	948.222412
1710.236328	1013.935303
1709.250000	983.317139
1708.262695	965.380310
1707.276367	995.583252
1706.289063	995.380432
1705.301758	1038.226074
1704.314453	1035.482666
1703.327148	1002.365662
1702.338867	997.099854
1701.350586	1118.345703
1700.362305	1024.519409
1699.374023	1057.189453
1698.385742	1051.916260
1697.396484	1003.666992
1696.407227	1054.014160
1695.417969	1015.892273
1694.428711	1018.211182
1693.439453	1028.107178
1692.449219	992.539246
1691.458984	1055.461914
1690.468750	1009.804626
1689.478516	1029.789795
1688.487305	1027.055420
1687.497070	1031.890869
1686.505859	1003.932556
1685.514648	991.117126
1684.522461	990.913879
1683.531250	978.106140
1682.539063	1013.190735
1681.546875	1035.661499
1680.554688	929.636536
1679.562500	967.227966
1678.569336	873.851990
1677.576172	954.241638
1676.583008	1022.011780
1675.589844	938.748779
1674.596680	923.458313
1673.602539	1021.381287
1672.608398	993.503906
1671.614258	963.123230
1670.620117	1000.637329
1669.625977	1033.108643
1668.630859	977.606995
1667.635742	1050.271240
1666.640625	1032.470093
1665.645508	974.490906
1664.649414	1004.422546
1663.654297	976.599426
1662.658203	983.927917
1661.662109	1013.838806
1660.665039	1006.102478
1659.668945	1015.928528
1658.671875	988.131165
1657.674805	972.882385
1656.677734	955.132874
1655.679688	977.492859
1654.682617	1047.455078
1653.684570	1029.700928
1652.686523	961.857178
1651.688477	1016.753052
1650.689453	1006.527283
1649.691406	988.795776
1648.692383	1046.154419
1647.693359	985.883789
1646.693359	1043.218994
1645.694336	967.966492
1644.694336	970.266418
1643.694336	1010.067749
1642.694336	1037.354248
1641.694336	1059.631104
1640.693359	1009.438782
1639.692383	984.248169
1638.691406	1021.507263
1637.690430	1008.809692
1636.689453	1058.530640
1635.687500	1038.342407
1634.685547	1018.162415
1633.683594	1042.900391
1632.681641	1097.561401
1631.678711	1012.538940
1630.676758	994.874146
1629.673828	1064.468140
1628.670898	1071.723511
1627.666992	1111.369873
1626.664063	1051.346069
1625.660156	1073.544189
1624.656250	1033.475464
1623.652344	1000.892639
1622.647461	1100.254272
1621.643555	1045.272217
1620.638672	1102.283203
1619.633789	1067.225098
1618.628906	1094.361206
1617.623047	1091.645752
1616.617188	1004.402527
1615.611328	1108.588745
1614.605469	1053.684692
1613.599609	1048.494995
1612.592773	1073.116333
1611.586914	1139.947388
1610.580078	1077.633179
1609.572266	1087.337524
1608.565430	1034.988037
1607.557617	1064.548828
1606.549805	1111.463623
1605.541992	1086.426392
1604.534180	1128.356934
1603.526367	1187.625610
1602.517578	1108.052734
1601.508789	1060.731689
1600.500000	1065.464600
1599.490234	1082.582031
1598.481445	1082.354736
1597.471680	1109.366211
1596.461914	1081.899902
1595.452148	1094.048706
1594.441406	1103.717529
1593.430664	1073.795166
1592.420898	1093.358643
1591.409180	1065.924072
1590.398438	1112.679443
1589.387695	1038.282227
1588.375977	1149.284790
1587.364258	1072.439819
1586.352539	1015.391541
1585.339844	1027.527588
1584.328125	1096.457031
1583.315430	1076.473999
1582.302734	1098.463135
1581.289063	1031.597168
1580.276367	1122.673828
1579.262695	1073.098999
1578.249023	1077.805298
1577.235352	1080.043457
1576.220703	1050.231445
1575.207031	1064.798462
1574.192383	1047.323364
1573.177734	1049.565796
1572.163086	1101.072021
1571.147461	1056.510132
1570.131836	1058.748901
1569.117188	1048.678101
1568.100586	1048.456177
1567.084961	1072.840698
1566.068359	1082.453979
1565.052734	1074.845947
1564.036133	1027.895630
1563.018555	1037.512085
1562.001953	1044.666260
1560.984375	1076.392578
1559.966797	997.540405
1558.949219	1075.936035
1557.931641	1058.515991
1556.913086	1038.647949
1555.894531	1033.517578
1554.875977	1008.754272
1553.857422	1001.178406
1552.837891	991.152344
1551.819336	1037.545410
1550.799805	956.398804
1549.780273	1002.779358
1548.759766	990.309814
1547.740234	1070.973633
1546.719727	1033.992432
1545.699219	984.778442
1544.678711	1087.434204
1543.657227	1055.370239
1542.636719	1094.315552
1541.615234	1062.263428
1540.593750	1074.272583
1539.571289	1083.829834
1538.549805	1147.196045
1537.527344	1095.595337
1536.504883	1097.806641
1535.481445	1024.238037
1534.458984	1026.463379
1533.435547	1072.669678
1532.412109	1116.413086
1531.388672	1091.750732
1530.365234	1057.331299
1529.340820	1071.753418
1528.316406	1061.761108
1527.291992	1066.414673
1526.267578	1071.066284
1525.243164	1014.734070
1524.217773	1058.414307
1523.192383	1128.896240
1522.166992	1065.274414
1521.140625	1074.795044
1520.115234	1135.481323
1519.088867	1118.185181
1518.062500	1103.331909
1517.036133	1134.751587
1516.008789	1097.989746
1514.981445	1112.358643
1513.954102	1082.917725
1512.926758	1211.634521
1511.899414	1101.912964
1510.871094	1123.564087
1509.842773	1181.677246
1508.814453	1118.219727
1507.786133	1134.992310
1506.756836	1122.599121
1505.727539	1117.499146
1504.698242	1148.833618
1503.668945	1170.441284
1502.639648	1150.767334
1501.609375	1101.974609
1500.579102	1089.603882
1499.548828	1133.041138
1498.518555	1147.351318
1497.487305	1096.175781
1496.456055	1069.268555
1495.424805	1190.244263
1494.393555	1163.328125
1493.361328	1138.846558
1492.330078	1187.052124
1491.297852	1172.263916
1490.264648	1176.854126
1489.232422	1147.548218
1488.199219	1173.925659
1487.166016	1159.152588
1486.132813	1122.610962
1485.099609	1117.530640
1484.065430	1134.217896
1483.032227	1114.629883
1481.998047	1116.806274
1480.962891	1099.647217
1479.928711	1121.155884
1478.893555	1075.013916
1477.858398	1190.712646
1476.823242	1130.087036
1475.788086	1146.741699
1474.751953	1134.425049
1473.715820	1201.747437
1472.679688	1191.836548
1471.643555	1169.869385
1470.606445	1128.618896
1469.569336	1157.306885
1468.532227	1152.234741
1467.495117	1226.695068
1466.458008	1158.963257
1465.419922	1185.210327
1464.381836	1156.051636
1463.343750	1138.945190
1462.305664	1126.660767
1461.266602	1193.808350
1460.227539	1138.202881
1459.188477	1157.202026
1458.149414	1154.545044
1457.109375	1142.270020
1456.069336	1180.489624
1455.029297	1105.717041
1453.989258	1177.572510
1452.949219	1100.430176
1451.908203	1169.853271
1450.867188	1147.983643
1449.826172	1236.574707
1448.784180	1207.498047
1447.743164	1192.834351
1446.701172	1151.781982
1445.659180	1199.511108
1444.617188	1240.023926
1443.574219	1189.395752
1442.531250	1268.251953
1441.488281	1270.371948
1440.445313	1296.454956
1439.401367	1255.441650
1438.358398	1324.632690
1437.314453	1374.634521
1436.269531	1336.025024
1435.225586	1409.940186
1434.180664	1323.474243
1433.135742	1375.824829
1432.090820	1356.385864
1431.045898	1329.780273
1430.000000	1396.441772
1428.954102	1348.322876
1427.908203	1400.610107
1426.862305	1357.290283
1425.816406	1333.101929
1424.769531	1428.351440
1423.722656	1463.858521
1422.674805	1408.624756
1421.627930	1403.541626
1420.580078	1427.097900
1419.532227	1412.468994
1418.484375	1457.481323
1417.436523	1419.002930
1416.387695	1432.997192
1415.338867	1444.601318
1414.290039	1429.983765
1413.241211	1520.214844
1412.191406	1446.030273
1411.141602	1493.346680
1410.091797	1476.349487
1409.041992	1471.262939
1407.991211	1394.773682
1406.940430	1368.290405
1405.889648	1344.197632
1404.838867	1343.901245
1403.788086	1310.312012
1402.736328	1274.359863
1401.684570	1300.225830
1400.632813	1245.279541
1399.580078	1309.155640
1398.528320	1213.848999
1397.475586	1220.705566
1396.421875	1272.672363
1395.369141	1222.539917
1394.315430	1241.256226
1393.261719	1221.999268
1392.208008	1307.131226
1391.154297	1211.971436
1390.099609	1261.499146
1389.045898	1263.590576
1387.990234	1270.421265
1386.935547	1293.836426
1385.880859	1274.596558
1384.825195	1406.956299
1383.769531	1340.337891
1382.712891	1302.159546
1381.657227	1353.945435
1380.600586	1398.608643
1379.543945	1341.514526
1378.487305	1362.505737
1377.429688	1331.458862
1376.373047	1340.620605
1375.315430	1300.136597
1374.257813	1269.123901
1373.199219	1351.540771
1372.140625	1327.617065
1371.082031	1284.809570
1370.023438	1331.748657
1368.964844	1267.712402
1367.905273	1295.752441
1366.845703	1269.507324
1365.786133	1271.583496
1364.726563	1231.203369
1363.666016	1200.273438
1362.605469	1237.726929
1361.544922	1192.666748
1360.484375	1178.261475
1359.422852	1236.898315
1358.361328	1206.000854
1357.299805	1215.151245
1356.238281	1165.436890
1355.176758	1216.961914
1354.114258	1226.103271
1353.051758	1256.415894
1351.988281	1199.679321
1350.925781	1262.908936
1349.862305	1255.572388
1348.798828	1229.433105
1347.735352	1252.659790
1346.670898	1221.833252
1345.607422	1292.033936
1344.542969	1282.349609
1343.477539	1223.359497
1342.413086	1255.951050
1341.347656	1222.810425
1340.282227	1236.614990
1339.216797	1276.219116
1338.150391	1280.623291
1337.084961	1287.370239
1336.018555	1275.358765
1334.952148	1214.130981
1333.884766	1300.562012
1332.817383	1262.784058
1331.750000	1349.164917
1330.682617	1369.937134
1329.615234	1304.073608
1328.546875	1308.461182
1327.478516	1287.104614
1326.410156	1364.023193
1325.341797	1309.915405
1324.272461	1384.455322
1323.203125	1325.690918
1322.133789	1376.817749
1321.063477	1348.462402
1319.994141	1334.138794
1318.923828	1294.125854
1317.853516	1373.238281
1316.782227	1307.550171
1315.711914	1255.897949
1314.640625	1295.289307
1313.569336	1243.662842
1312.497070	1269.041992
1311.425781	1205.783203
1311.421875	1319.525391
1310.353516	1247.481323
1310.349609	1300.874878
1309.281250	1254.192261
1309.277344	1272.671875
1308.208008	1235.262329
1308.204102	1230.495728
1307.135742	1244.302734
1307.130859	1239.595825
1306.062500	1164.813110
1306.057617	1251.022217
1304.988281	1201.814209
1304.984375	1246.139648
1303.915039	1147.984253
1303.911133	1231.943237
1302.840820	1210.580566
1302.837891	1199.124634
1301.767578	1189.357910
1301.763672	1299.012329
1300.692383	1154.182861
1300.689453	1189.383423
1299.618164	1172.531982
1299.615234	1203.132202
1298.542969	1167.613525
1298.541016	1186.628540
1297.468750	1118.514526
1297.465820	1253.877441
1296.392578	1253.102051
1296.391602	1181.548828
1295.317383	1134.275635
1295.316406	1211.566528
1294.241211	1203.731445
1294.241211	1243.898193
1293.166016	1252.971680
1293.165039	1231.336426
1292.089844	1275.986938
1292.088867	1212.473877
1291.013672	1238.575195
1291.012695	1309.730469
1289.938477	1224.410522
1289.935547	1286.214844
1288.862305	1305.491211
1288.858398	1269.673218
1287.785156	1302.931519
1287.781250	1255.459717
1286.708984	1356.102905
1286.704102	1324.775879
1285.631836	1316.387817
1285.625977	1382.462524
1284.554688	1355.609375
1284.547852	1361.275269
1283.477539	1304.304199
1283.469727	1347.052979
1282.400391	1250.697021
1282.391602	1307.339355
1281.323242	1343.267944
1281.312500	1249.104126
1280.245117	1291.992432
1280.233398	1223.332153
1279.166992	1208.267456
1279.154297	1162.826050
1278.088867	1275.288940
1278.075195	1192.665894
1277.010742	1237.962891
1276.995117	1199.338623
1275.931641	1221.511108
1275.915039	1178.230713
1274.853516	1249.096313
1274.834961	1224.245850
1273.774414	1225.696899
1273.753906	1180.004150
1272.695313	1202.306030
1272.673828	1156.601318
1271.615234	1220.614258
1271.592773	1156.335938
1270.536133	1201.863892
1270.510742	1200.001099
1269.456055	1118.291626
1269.429688	1158.116577
1268.375977	1229.199707
1268.347656	1067.718384
1267.295898	1157.225098
1267.265625	1097.510010
1266.215820	1140.813354
1266.183594	1185.038330
1265.134766	1110.525879
1265.101563	1166.289795
1264.054688	1179.715698
1264.018555	1126.769287
1262.973633	1130.929932
1262.935547	1135.743530
1261.892578	1218.588501
1261.852539	1114.711060
1260.810547	1195.243896
1260.768555	1123.683716
1259.729492	1160.350464
1259.684570	1123.424683
1258.647461	1109.292603
1258.600586	1155.453857
1257.565430	1141.435059
1257.516602	1166.716187
1256.483398	1194.356812
1256.432617	1164.141724
1255.401367	1189.515259
1255.347656	1180.005981
1254.318359	1180.056641
1254.262695	1094.479370
1253.235352	1177.528076
1253.177734	1190.979126
1252.152344	1218.860718
1252.091797	1103.186035
1251.069336	1163.240967
1251.005859	1116.746460
1249.986328	1167.639038
1249.919922	1132.602539
1248.902344	1181.263916
1248.833984	1192.179565
1247.818359	1146.442261
1247.747070	1164.291992
1246.734375	1217.722900
1246.660156	1124.915039
1245.650391	1185.212891
1245.573242	1182.152100
1244.566406	1159.631104
1244.486328	1163.483154
1243.481445	1260.833618
1243.398438	1149.420410
1242.396484	1175.328247
1242.311523	1172.136963
1241.311523	1221.190308
1241.222656	1190.247314
1240.226563	1184.101685
1240.134766	1162.404175
1239.141602	1206.911743
1239.045898	1136.870483
1238.055664	1144.508179
1237.958008	1143.494995
1236.969727	1224.876709
1236.868164	1193.733398
1235.883789	1208.532227
1235.779297	1147.553833
1234.797852	1178.384399
1234.689453	1147.286987
1233.710938	1265.603882
1233.599609	1112.609497
1232.624023	1154.933105
1232.509766	1098.589478
1231.537109	1180.017456
1231.419922	1187.759644
1230.450195	1207.391846
1230.329102	1159.973755
1229.363281	1110.590332
1229.238281	1189.498169
1228.275391	1160.956421
1228.147461	1122.771240
1227.188477	1197.512329
1227.055664	1101.891846
1226.100586	1142.132080
1225.964844	1149.731079
1225.011719	1157.998779
1224.872070	1094.508423
1223.923828	1162.373291
1223.780273	1119.434448
1222.834961	1224.164551
1222.688477	1155.792114
1221.747070	1148.153687
1221.595703	1221.878662
1220.657227	1145.639404
1220.502930	1168.977661
1219.568359	1152.307739
1219.409180	1095.517334
1218.479492	1177.333130
1218.316406	1111.266846
1217.389648	1236.767334
1217.222656	1232.166016
1216.299805	1209.001953
1216.128906	1188.453125
1215.209961	1300.518555
1215.035156	1206.454346
1214.120117	1263.578247
1213.940430	1311.254761
1213.029297	1332.121094
1212.845703	1299.527954
1211.938477	1331.866333
1211.750977	1299.223145
1210.847656	1372.866211
1210.655273	1342.291626
1209.756836	1349.688354
1209.560547	1351.105591
1208.666016	1271.534058
1208.464844	1289.181396
1207.574219	1305.649414
1207.369141	1225.004883
1206.482422	1303.108765
1206.272461	1252.084961
1205.390625	1270.802368
1205.175781	1197.067383
1204.298828	1288.872559
1204.079102	1294.808228
1203.207031	1265.736328
1202.982422	1173.713501
1202.114258	1251.762329
1201.885742	1166.601685
1201.021484	1265.249268
1200.788086	1248.334229
1199.928711	1267.293091
1199.690430	1293.588867
1198.835938	1241.890869
1198.591797	1334.268188
1197.742188	1310.250977
1197.494141	1292.978882
1196.648438	1362.580933
1196.395508	1281.294556
1195.554688	1286.887573
1195.296875	1321.947388
1194.460938	1295.780273
1194.197266	1282.964355
1193.367188	1357.221680
1193.098633	1182.595337
1192.272461	1261.012573
1191.999023	1223.242188
1191.177734	1240.212402
1190.899414	1261.596313
1190.083008	1292.494141
1189.798828	1238.571777
1188.988281	1239.731934
1188.698242	1190.565063
1187.893555	1264.600952
1187.597656	1258.429199
1186.797852	1230.122192
1186.497070	1103.703369
1185.702148	1204.783691
1185.396484	1119.334961
1184.606445	1113.295898
1184.294922	1073.671143
1183.509766	1154.135742
1183.193359	1107.457153
1182.414063	1115.143433
1182.090820	1086.774780
1181.317383	1062.486206
1180.989258	1061.565430
1180.220703	1044.042725
1179.886719	1070.384277
1179.124023	1116.771240
1178.784180	1099.603760
1178.026367	1116.553589
1177.680664	1088.008911
1176.929688	1086.718750
1176.578125	1076.419312
1175.832031	1091.062134
1175.474609	1053.507080
1174.734375	1079.462280
1174.371094	1017.015198
1173.635742	1088.359009
1173.266602	1057.534424
1172.538086	1072.211060
1172.162109	1036.906494
1171.439453	1119.797485
1171.057617	1047.976440
1170.340820	1067.240234
1169.953125	1070.355591
1169.242188	1098.882935
1168.848633	1020.328064
1168.142578	1032.702026
1167.743164	1074.368286
1167.043945	1066.612915
1166.637695	1026.624634
1165.944336	1059.582275
1165.531250	1055.768921
1164.844727	1079.834229
1164.425781	1082.639038
1163.744141	1068.257690
1163.319336	1028.148071
1162.644531	1106.679199
1162.211914	973.682983
1161.543945	1031.485840
1161.105469	1020.880127
1160.443359	1090.343018
1159.998047	1083.860718
1159.342773	1037.893066
1158.890625	1018.133423
1158.241211	1055.853882
1157.783203	1081.084229
1157.140625	1062.456421
1156.675781	968.003906
1156.039063	1041.819092
1155.567383	1030.936157
1154.937500	1121.039307
1154.458984	1032.943970
1153.835938	1132.162354
1153.349609	1046.224487
1152.733398	1100.180908
1152.241211	1052.735840
1151.630859	1056.872070
1151.131836	1029.945557
1150.528320	1095.210938
1150.022461	1099.546021
1149.425781	1076.857666
1148.912109	1011.428894
1148.323242	1097.044067
1147.801758	1049.470703
1147.219727	1083.229736
1146.691406	1010.941711
1146.116211	1094.343628
1145.581055	1006.195984
1145.012695	1128.105713
1144.470703	1055.463379
1143.909180	1068.996582
1143.359375	1091.207275
1142.804688	1138.979980
1142.248047	1030.210815
1141.700195	1098.003052
1141.135742	1068.192017
1140.595703	1059.305786
1140.024414	1061.189087
1139.491211	1086.251465
1138.912109	1042.950562
1138.386719	1040.783936
1137.798828	1026.967896
1137.281250	1115.226929
1136.686523	1002.006226
1136.175781	1083.341431
1135.573242	1024.224731
1135.070313	1155.484741
1134.459961	1098.080078
1133.963867	1037.694214
1133.346680	1106.794067
1132.858398	1100.776245
1132.232422	1025.724609
1131.751953	1105.076294
1131.118164	1023.231812
1130.645508	1120.671631
1130.003906	1045.417236
1129.539063	1115.929810
1128.889648	1047.406128
1128.431641	1090.863159
1127.774414	1105.451294
1127.325195	1135.806274
1126.659180	1107.424316
1126.217773	1065.593140
1125.543945	1104.913696
1125.109375	1160.180542
1124.428711	1102.404175
1124.001953	1141.894531
1123.312500	1189.500122
1122.893555	1161.972046
1122.196289	1142.179443
1121.786133	1166.250732
1121.079102	1162.052246
1120.677734	1136.697266
1119.962891	1172.961304
1119.568359	1170.292603
1118.845703	1157.009521
1118.459961	1147.513184
1117.728516	1062.756958
1117.350586	1194.616577
1116.610352	1084.865845
1116.241211	1153.812744
1115.492188	1113.672485
1115.131836	1119.784424
1114.374023	1093.278442
1114.021484	1054.232788
1113.255859	1077.364624
1112.912109	1094.559937
1112.136719	1061.458374
1111.801758	1040.297974
1111.018555	983.004883
1110.691406	1069.354980
1109.898438	1114.543701
1109.580078	1091.647705
1108.779297	1053.979370
1108.469727	992.411438
1107.659180	1040.326050
1107.358398	1021.460083
1106.539063	1053.462158
1106.247070	1061.744141
1105.418945	1059.897583
1105.134766	991.810608
1104.297852	986.020325
1104.023438	1068.060913
1103.177734	1079.449219
1102.911133	1013.890686
1102.055664	954.319458
1101.798828	1024.923828
1100.934570	947.397095
1100.686523	1040.446777
1099.812500	1000.650757
1099.574219	1080.677246
1098.690430	995.948120
1098.460938	1073.719604
1097.568359	1017.977905
1097.347656	1026.339844
1096.446289	1006.591980
1096.234375	1010.414246
1095.323242	981.852966
1095.121094	1028.168579
1094.200195	1023.902161
1094.006836	1003.270935
1093.076172	1057.029175
1092.892578	962.675354
1091.953125	981.125549
1091.778320	1009.594238
1090.829102	976.434509
1090.664063	993.687500
1089.704102	980.640259
1089.548828	997.970764
1088.580078	1047.091187
1088.434570	977.588196
1087.455078	1009.048096
1087.319336	1040.157471
1086.330078	984.355835
1086.203125	990.637939
1085.204102	999.662048
1085.087891	1033.011475
1084.079102	1046.053345
1083.971680	992.474731
1082.953125	945.877075
1082.855469	1048.269775
1081.827148	1005.577209
1081.739258	1072.689819
1080.700195	998.669495
1080.623047	1050.081177
1079.573242	940.734619
1079.505859	982.711121
1078.446289	1022.572571
1078.388672	1047.414307
1077.319336	995.706665
1077.271484	1000.210632
1076.191406	1019.846313
1076.154297	1011.191956
1075.063477	953.096985
1075.036133	972.961365
1073.935547	948.427429
1073.918945	974.998596
1072.806641	1021.298950
1072.800781	990.449524
1071.681641	965.658203
1071.677734	998.895508
1070.563477	990.043884
1070.548828	934.431519
1069.444336	1054.638672
1069.419922	976.259033
1068.325195	1032.083008
1068.290039	960.522583
1067.206055	1049.739258
1067.160156	977.983276
1066.086914	1004.863281
1066.030273	984.374695
1064.966797	1024.750122
1064.899414	1008.454834
1063.846680	995.522217
1063.768555	957.349792
1062.726563	1028.792480
1062.637695	1001.317993
1061.606445	1006.269104
1061.506836	981.177979
1060.485352	997.139221
1060.375000	1022.908386
1059.364258	1041.539673
1059.243164	1040.321411
1058.243164	1016.797302
1058.111328	973.814026
1057.122070	1036.652222
1056.978516	969.153809
1056.000000	1011.920776
1055.845703	979.945313
1054.877930	996.113159
1054.712891	981.905029
1053.755859	991.451904
1053.580078	992.687500
1052.633789	1069.210693
1052.446289	1029.929321
1051.511719	1084.579468
1051.312500	1080.381226
1050.388672	1093.262085
1050.177734	1040.431030
1049.265625	1008.442871
1049.043945	1046.779541
1048.142578	957.043884
1047.909180	1017.873474
1047.018555	1039.179321
1046.774414	1002.197632
1045.895508	1016.716858
1045.638672	1015.156494
1044.771484	1036.525269
1044.502930	1003.891907
1043.646484	1069.668457
1043.367188	1021.245239
1042.522461	1009.415771
1042.231445	974.777893
1041.397461	1004.760864
1041.094727	963.531433
1040.273438	1049.001953
1039.958008	1027.066162
1039.147461	1046.562622
1038.821289	993.824463
1038.022461	1068.561035
1037.683594	1024.346313
1036.896484	1068.339355
1036.545898	1028.481079
1035.771484	1005.940369
1035.408203	995.263611
1034.645508	1054.575073
1034.269531	999.403198
1033.518555	1034.378784
1033.131836	1082.593994
1032.392578	1091.864014
1031.992188	1023.043030
1031.265625	1078.324463
1030.853516	1029.366577
1030.138672	989.367737
1029.713867	1026.909668
1029.011719	1091.183105
1028.574219	1033.228394
1027.883789	1099.825684
1027.434570	995.681213
1026.755859	1086.295166
1026.294922	951.575256
1025.627930	1074.986694
1025.154297	1052.164185
1024.500000	1090.274780
1024.012695	1047.511963
1023.372070	1092.263062
1022.872070	1056.007202
1022.243164	1072.099731
1021.730469	1011.929993
1021.114258	1078.519897
1020.588867	1002.911377
1019.985352	1060.581665
1019.447266	1009.221619
1018.855469	1005.017944
1018.304688	1004.585144
1017.726563	1066.778687
1017.162109	1083.097778
1016.596680	1075.406860
1016.019531	1056.569092
1015.466797	1026.511475
1014.875977	1047.549438
1014.335938	1072.745605
1013.732422	1038.534180
1013.206055	1030.505005
1012.588867	985.806824
1012.075195	1067.875122
1011.445313	1055.481079
1010.944336	1041.126221
1010.300781	1035.546509
1009.812500	1047.538208
1009.156250	1059.304688
1008.681641	1102.557129
1008.010742	1037.195435
1007.549805	1089.071777
1006.866211	1108.966431
1006.417969	1062.340210
1005.720703	1056.301147
1005.285156	1081.990845
1004.574219	1073.482788
1004.153320	1068.517822
1003.428711	1023.034607
1003.020508	1074.915283
1002.282227	1053.299927
1001.887695	1059.242432
1001.135742	1011.603455
1000.753906	1047.988647
999.988281	1078.909058
999.621094	1078.650024
998.840820	1041.585083
998.487305	1003.441040
997.693359	997.744812
997.353516	1106.860474
996.545898	1021.442505
996.219727	1071.356812
995.397461	1027.708862
995.084961	1088.763184
994.249023	1014.380615
993.950195	1024.632324
993.100586	1055.464478
992.815430	1079.492798
991.951172	1079.121460
991.680664	1096.886230
990.801758	1007.062317
990.545898	1046.006470
989.652344	1002.450439
989.410156	1083.214233
988.274414	1080.784668
987.138672	1040.943726
986.001953	1122.133789
984.865234	1099.899048
983.728516	1077.673584
982.591797	1123.622314
981.455078	1151.964233
980.317383	1112.157837
979.179688	1072.368286
978.041992	1100.702637
976.903320	1118.042236
975.765625	1082.668335
974.626953	1126.351563
973.487305	1071.234253
972.348633	1108.317017
971.208984	1123.441772
970.069336	1140.753662
968.929688	1188.764282
967.790039	1168.776733
966.649414	1166.336304
965.508789	1157.321167
964.368164	1218.435547
963.226563	1174.357544
962.085938	1180.679565
960.944336	1213.279175
959.802734	1103.542725
958.660156	1123.010010
957.517578	1127.148438
956.375977	1115.967651
955.232422	1078.539063
954.089844	999.568787
952.946289	1051.838501
951.802734	1084.408936
950.659180	1036.089355
949.515625	1016.200012
948.371094	1046.572021
947.226563	1079.115356
946.082031	1028.653564
944.937500	1017.516418
943.791992	1113.353149
942.646484	1030.177246
941.500977	1021.228699
940.354492	1014.465454
939.208984	1057.872070
938.062500	1066.368652
936.916016	1042.157837
935.768555	980.900940
934.621094	1013.380615
933.474609	1030.594360
932.326172	1052.157349
931.178711	1019.263184
930.030273	1066.948486
928.881836	1088.489502
927.733398	1096.962158
926.584961	1048.853760
925.435547	1009.468201
924.286133	1057.103882
923.136719	1041.654419
921.986328	1106.655884
920.836914	1078.159912
919.686523	1060.542236
918.535156	1051.623047
917.384766	1066.603027
916.233398	1090.263794
915.082031	1050.944458
913.930664	1076.769043
912.779297	1043.980591
911.626953	1141.404297
910.474609	1060.886841
909.322266	1069.334229
908.168945	1129.823608
907.015625	1045.024048
905.862305	1049.133911
904.708984	1085.749268
903.555664	1131.015503
902.401367	1106.942749
901.247070	1143.521606
900.091797	1115.125732
898.937500	1156.016479
897.782227	1134.122925
896.626953	1112.238770
895.471680	1228.822998
894.315430	1204.764648
893.159180	1258.565918
892.002930	1366.394287
890.846680	1348.806030
889.689453	1450.084595
888.532227	1492.982666
887.375000	1546.662598
886.217773	1598.159546
885.059570	1524.399902
883.901367	1554.291504
882.743164	1558.270752
881.584961	1555.774780
880.425781	1561.908936
879.266602	1542.157959
878.107422	1554.761353
876.948242	1468.186401
875.788086	1429.069092
874.627930	1387.813477
873.467773	1299.176270
872.307617	1223.501831
871.146484	1167.242432
869.985352	1197.131958
868.824219	1199.023926
867.662109	1144.958374
866.500000	1174.832886
865.337891	1146.610718
864.175781	1109.797729
863.013672	1111.706055
861.850586	1130.812134
860.687500	1113.370483
859.523438	1095.936401
858.360352	1108.587769
857.196289	1125.529419
856.032227	1142.463501
854.868164	1045.598022
853.703125	1068.981689
852.538086	1124.546143
851.373047	1171.503662
850.208008	1156.231445
849.041992	1198.872070
847.875977	1138.572021
846.709961	1155.472656
845.542969	1200.228271
844.376953	1214.964966
843.209961	1242.549072
842.041992	1291.539551
840.875000	1366.205078
839.707031	1483.656128
838.539063	1494.032959
837.371094	1545.064819
836.202148	1720.165527
835.034180	2010.697510
833.865234	2313.933105
832.695313	2672.625977
831.526367	3009.784668
830.356445	3472.887451
829.186523	3737.074219
828.015625	3973.373535
826.845703	3773.875000
825.674805	3506.134521
824.503906	3287.612305
823.332031	2926.184814
822.160156	2609.727539
820.988281	2342.477539
819.816406	2024.154541
818.644531	1838.184204
817.471680	1637.371826
816.298828	1541.092285
815.125977	1478.952026
813.952148	1365.704956
812.778320	1412.266235
811.604492	1392.787842
810.430664	1298.796753
809.255859	1319.797119
808.081055	1227.991699
806.906250	1259.636963
805.731445	1212.558228
804.555664	1222.924438
803.379883	1205.643311
802.204102	1169.236694
801.028320	1179.605225
799.851563	1168.719604
798.674805	1181.207886
797.498047	1212.806519
796.320313	1138.214355
795.142578	1103.993286
793.964844	1186.530029
792.787109	1141.702515
791.608398	1226.315674
790.429688	1245.134521
789.250977	1187.599243
788.072266	1265.784912
786.892578	1244.306396
785.712891	1284.296997
784.533203	1224.684692
783.353516	1220.176147
782.172852	1196.608398
780.992188	1160.346558
779.810547	1130.451416
778.629883	1206.393555
777.448242	1189.197266
776.266602	1104.311401
775.084961	1082.915039
773.902344	1167.258179
772.719727	1116.259399
771.537109	1145.602173
770.353516	1075.611938
769.170898	1104.950562
767.987305	1092.031006
766.803711	1138.246704
765.619141	1110.546143
764.434570	1175.734497
763.250000	1114.271851
762.065430	1177.320068
760.879883	1225.574219
759.694336	1381.363159
758.508789	1374.729492
757.323242	1530.415283
756.136719	1593.299805
754.950195	1614.014648
753.763672	1504.110962
752.576172	1474.289063
751.389648	1396.050293
750.202148	1364.160400
749.013672	1374.378906
747.826172	1331.986572
746.637695	1293.820679
745.449219	1289.324585
744.259766	1297.447266
743.071289	1311.873291
741.881836	1284.254883
740.691406	1250.344482
739.501953	1254.266235
738.311523	1260.286621
737.121094	1257.904053
735.930664	1190.436890
734.739258	1330.807129
733.547852	1265.452148
732.356445	1189.635742
731.165039	1187.271118
729.972656	1138.769409
728.780273	1144.803711
727.587891	1209.530029
726.394531	1192.492065
725.202148	1141.937012
724.008789	1185.671631
722.814453	1179.121948
721.621094	1203.983276
720.426758	1103.228638
719.232422	1199.255737
718.037109	1148.766479
716.841797	1181.979858
715.646484	1206.812012
714.451172	1181.447510
713.255859	1216.721191
712.059570	1176.734863
710.863281	1197.365967
709.666016	1167.847656
708.469727	1163.406860
707.272461	1169.409058
706.075195	1183.759521
704.876953	1198.103271
703.678711	1204.093262
702.480469	1230.943848
701.282227	1247.352783
700.083984	1203.277466
698.884766	1219.685059
697.685547	1242.338379
696.485352	1219.133545
695.285156	1250.110596
694.084961	1187.336426
692.884766	1195.398071
691.684570	1122.253784
690.483398	1203.183472
689.282227	1240.371826
688.080078	1173.508789
686.878906	1183.644043
685.676758	1187.535278
684.474609	1241.327271
683.271484	1155.814819
682.068359	1232.450928
680.865234	1211.392822
679.662109	1211.117920
678.458008	1163.073853
677.254883	1154.504028
676.049805	1220.673096
674.845703	1228.697754
673.640625	1209.743286
672.435547	1192.871948
671.230469	1234.082520
670.024414	1248.317261
668.819336	1289.496216
667.613281	1164.842407
666.406250	1181.155029
665.199219	1243.038086
663.992188	1188.902344
662.785156	1217.622559
661.578125	1248.399902
660.370117	1231.556763
659.162109	1200.235474
657.953125	1278.580078
656.745117	1141.772217
655.536133	1218.026245
654.327148	1219.815796
653.117188	1180.264160
651.907227	1163.462524
650.697266	1190.055664
649.487305	1212.505493
648.276367	1191.577271
647.065430	1135.559326
645.854492	1191.032715
644.643555	1168.059570
643.431641	1140.970337
642.219727	1128.332764
641.007813	1161.071289
639.794922	1115.445557
638.582031	1212.073608
637.369141	1154.091431
636.155273	1182.672852
634.942383	1155.622681
633.728516	1124.465942
632.513672	1126.267212
631.299805	1187.764526
630.084961	1164.853516
628.869141	1207.795410
627.654297	1193.118530
626.438477	1159.938599
625.222656	1176.121582
624.006836	1229.299194
622.790039	1183.802124
621.573242	1232.843872
620.356445	1234.614868
619.139648	1300.052490
617.921875	1215.567261
616.704102	1315.877319
615.486328	1301.207886
614.267578	1229.091675
613.048828	1216.500122
611.830078	1242.882568
610.610352	1191.333984
609.391602	1219.759766
608.171875	1192.834595
606.951172	1213.050293
605.731445	1188.187500
604.510742	1189.961548
603.289063	1138.495605
602.068359	1175.082153
600.846680	1178.904297
599.625000	1162.262207
598.403320	1108.803955
597.180664	1126.955444
595.958008	1138.963867
594.735352	1150.966675
593.511719	1120.042480
592.289063	1015.569946
591.064453	1150.168213
589.840820	1100.883179
588.616211	1074.082520
587.391602	1088.124390
586.166992	1116.446899
584.942383	1044.768555
583.716797	1099.608887
582.491211	1107.512451
581.264648	1076.668457
580.038086	1098.844238
578.811523	1131.200439
577.584961	1084.070190
576.358398	1083.818604
575.130859	1044.868164
573.902344	1095.533081
572.674805	1076.956055
571.446289	1086.882568
570.217773	1129.362549
568.989258	1102.652588
567.759766	1136.973145
566.530273	1055.369873
565.300781	1038.860352
564.070313	1109.756714
562.840820	1076.985474
561.610352	1095.018799
560.378906	1094.763672
559.147461	1053.895996
557.916016	1122.675537
556.684570	1087.909180
555.453125	1142.443970
554.220703	1075.229248
552.988281	1054.695679
551.754883	1123.394165
550.521484	1048.121216
549.288086	1055.983643
548.054688	1069.921509
546.820313	1029.153564
545.585938	1018.785828
544.351563	1107.645142
543.117188	1097.263672
541.881836	1129.390869
540.646484	1125.079346
539.410156	1060.078369
538.174805	1088.146118
536.938477	1069.692139
535.701172	1071.463135
534.464844	1099.508057
533.227539	1107.332886
531.990234	1078.790283
530.751953	1124.990967
529.513672	1116.649902
528.275391	1086.105957
527.037109	1110.070557
525.797852	1117.881104
524.558594	1157.965576
523.319336	1117.355591
522.079102	1115.076416
520.838867	1155.132935
519.598633	1132.691040
518.358398	1059.884766
517.117188	1224.825439
515.875977	1091.610229
514.634766	1177.936401
513.392578	1159.541016
512.150391	1203.545166
510.908203	1177.103516
509.665039	1162.744141
508.421875	1172.525757
507.178711	1212.463379
505.934570	1184.033691
504.691406	1133.509766
503.447266	1231.697388
502.202148	1223.370972
500.958008	1261.240356
499.712891	1206.729614
498.466797	1256.628906
497.221680	1246.296997
495.975586	1223.931030
494.729492	1257.742676
493.482422	1287.527222
492.235352	1327.322510
490.988281	1371.107788
489.741211	1366.774658
488.493164	1394.500732
487.245117	1392.166748
485.997070	1375.815186
484.748047	1385.499390
483.499023	1443.219360
482.250000	1456.885010
481.000977	1480.547607
479.750977	1468.194092
478.500977	1481.843506
477.250000	1505.482666
475.999023	1515.118652
474.748047	1576.707153
473.497070	1672.230225
472.245117	1713.777466
470.993164	1731.341553
469.741211	1766.865112
468.488281	1936.102173
467.236328	1975.550537
465.982422	2116.726074
464.729492	2251.850586
463.475586	2358.992920
462.221680	2525.892090
460.967773	2676.765869
459.712891	2817.604248
458.458008	3010.171143
457.203125	3077.168701
455.947266	3183.958252
454.691406	3051.807129
453.435547	2943.602295
452.178711	2700.143066
450.921875	2395.131348
449.665039	2233.461670
448.408203	2101.694580
447.150391	1866.620361
445.892578	1764.814941
444.633789	1655.110352
443.375000	1607.038086
442.116211	1574.876587
440.857422	1483.165405
439.597656	1544.344482
438.337891	1625.339355
437.078125	1575.346802
435.818359	1590.836426
434.557617	1624.166260
433.295898	1601.966309
432.035156	1613.473267
430.773438	1569.487671
429.511719	1531.466553
428.249023	1537.039429
426.987305	1403.992310
425.724609	1405.633301
424.460938	1371.646118
423.198242	1345.590332
421.934570	1341.308594
420.669922	1342.962280
419.406250	1336.705444
418.141602	1379.873901
416.875977	1304.436157
415.611328	1312.024170
414.345703	1363.068481
413.080078	1360.763428
411.813477	1358.459106
410.546875	1366.026001
409.280273	1349.906372
408.013672	1298.279175
406.746094	1335.443237
405.478516	1268.067261
404.209961	1405.773560
402.942383	1413.316650
401.673828	1332.175537
400.404297	1385.046875
399.134766	1404.407104
397.865234	1421.788574
396.595703	1460.817627
395.326172	1468.334961
394.055664	1481.751953
392.784180	1506.965942
391.513672	1526.266968
390.242188	1500.332031
388.970703	1501.931885
387.698242	1481.911255
386.425781	1577.830444
385.153320	1544.049561
383.880859	1549.564087
382.607422	1557.039185
381.333984	1625.363403
380.059570	1621.040649
378.785156	1587.289307
377.510742	1594.746826
376.236328	1612.005859
374.960938	1652.783447
373.685547	1605.335449
372.410156	1655.892212
371.133789	1604.547974
369.857422	1662.914307
368.581055	1672.296875
367.303711	1632.731934
366.026367	1700.833740
364.749023	1776.728760
363.470703	1776.291748
362.192383	1730.871582
360.914063	1749.998657
359.634766	1714.380859
358.356445	1837.082031
357.076172	1842.490845
355.796875	1783.435181
354.516602	1808.382935
353.236328	1833.317993
351.955078	1899.231201
350.673828	1879.247559
349.392578	1888.538086
348.111328	1950.486816
346.829102	1946.104492
345.546875	1990.462036
344.263672	2085.472412
342.981445	2092.750244
341.697266	2142.881592
340.414063	2124.822266
339.129883	2246.963379
337.845703	2285.338379
336.561523	2238.063965
335.276367	2268.638916
333.991211	2334.211426
332.705078	2316.129150
331.419922	2404.987061
330.133789	2530.731201
328.846680	2522.328613
327.560547	2554.727539
326.272461	2557.976074
324.985352	2584.523926
323.697266	2748.890869
322.409180	2847.187256
321.121094	2867.820801
319.832031	2931.120117
318.542969	3081.659180
317.253906	3152.628174
315.963867	3384.448486
314.673828	3517.318604
313.383789	3634.622070
312.092773	3924.254639
310.801758	4221.487305
309.510742	4346.268555
308.218750	4699.374512
306.926758	5025.212402
305.634766	5236.749023
304.341797	5672.527344
303.048828	6140.956055
301.755859	6417.774902
300.461914	6806.542969
299.167969	7330.361328
297.874023	7755.402832
296.579102	8340.511719
295.284180	8960.077148
293.989258	9616.000977
292.693359	10173.179688
291.397461	10768.659180
290.101563	11383.124023
288.804688	12192.025391
287.507813	12958.105469
286.210938	13419.294922
284.913086	14211.648438
283.615234	14787.857422
282.317383	15452.358398
281.018555	16187.755859
279.719727	16853.484375
278.420898	17557.359375
277.121094	17870.339844
275.821289	18715.921875
274.521484	19289.949219
273.220703	19806.009766
271.919922	20137.308594
270.619141	20449.218750
269.317383	20703.341797
268.015625	20972.693359
266.713867	21230.386719
265.411133	21038.798828
264.108398	20657.328125
262.804688	20730.720703
261.501953	20190.326172
260.198242	20079.716797
258.893555	19627.937500
257.588867	19214.712891
256.284180	18941.566406
254.979492	18260.550781
253.673828	17779.041016
252.368164	17439.449219
251.061523	17011.984375
249.755859	16416.339844
248.448242	15968.304688
247.141602	15631.423828
245.833984	15411.350586
244.526367	14767.013672
243.217773	14289.270508
241.909180	14075.433594
240.600586	13426.197266
239.291992	12815.484375
237.982422	12239.448242
236.671875	12020.621094
235.362305	11517.589844
234.051758	11365.825195
232.741211	10937.596680
231.429688	10353.240234
230.118164	10098.952148
228.806641	9659.941406
227.494141	9392.623047
226.181641	9163.536133
224.868164	8839.353516
223.555664	8760.917969
222.242188	8395.133789
220.927734	8263.573242
219.613281	8154.905762
218.298828	7941.697266
216.984375	7650.645996
215.668945	7593.538086
214.353516	7523.156250
213.037109	7270.431152
211.720703	7241.950684
210.404297	7145.127441
209.087891	6898.388184
207.770508	6925.058594
206.452148	6752.497070
205.134766	6678.657715
203.816406	6506.247559
202.497070	6481.799316
201.178711	6472.525391
199.859375	6347.670410
198.539063	6220.984863
197.218750	6225.039063
195.898438	6196.903320
194.578125	6140.387695
193.256836	6102.824219
191.935547	6036.901367
190.613281	6114.754883
189.291992	6062.096680
187.968750	6028.368652
186.646484	6172.304199
185.323242	6070.544922
183.999023	6118.058594
182.675781	6242.969238
181.351563	6156.370605
180.026367	6234.018555
178.702148	6296.528809
177.376953	6204.321289
176.050781	6249.831055
174.724609	6323.595703
173.398438	6276.687012
172.072266	6291.987305
170.745117	6344.955078
169.416992	6420.494629
168.089844	6367.956055
166.761719	6428.387207
165.433594	6475.611816
164.104492	6453.198242
162.775391	6588.790527
161.445313	6617.126465
160.116211	6756.360352
158.785156	7113.528809
157.455078	7145.455566
156.124023	7440.339844
154.792969	7742.577148
153.460938	8100.973633
152.128906	8363.455078
150.796875	8680.209961
149.463867	9019.304688
148.130859	9292.577148
146.797852	9498.205078
145.463867	9846.174805
144.129883	9772.331055
142.794922	10080.695313
141.460938	10190.366211
140.125000	10384.233398
138.790039	10430.115234
137.454102	10588.252930
136.117188	10615.341797
134.781250	10535.801758
133.444336	10624.590820
132.106445	10576.866211
130.768555	10484.311523
129.430664	10382.462891
128.092773	10286.270508
126.753906	10318.973633
125.414063	10232.178711
124.075195	10046.512695
122.735352	10081.113281
121.394531	9919.833008
120.053711	10139.061523
118.712891	9843.616211
117.372070	9852.130859
116.030273	10076.783203
114.688477	10196.993164
113.345703	10179.325195
112.002930	10321.779297
110.660156	10358.059570
109.316406	10284.531250
107.972656	10227.783203
106.627930	10016.703125
105.283203	9655.135742
103.938477	9178.519531
102.592773	8421.566406
101.247070	7713.326172
99.901367	6739.886719
98.554688	5991.641602
