#Wave		#Intensity
3199.956055	53.193123
3199.250977	17.731041
3198.545898	67.367516
3197.840820	42.541302
3197.134766	60.257484
3196.429688	63.792126
3195.724609	49.608379
3195.018555	42.514847
3194.312500	56.677628
3193.606445	17.708994
3192.901367	35.412457
3192.195313	14.162768
3191.488281	49.561935
3190.782227	28.316669
3190.076172	60.163490
3189.369141	31.846262
3188.663086	67.220436
3187.956055	31.836254
3187.249023	63.662491
3186.541992	63.652462
3185.834961	53.035358
3185.127930	81.308052
3184.420898	67.156914
3183.712891	60.078266
3183.005859	21.200739
3182.297852	63.592144
3181.590820	49.452717
3180.882813	31.785990
3180.174805	35.312157
3179.466797	38.837200
3178.757813	77.662048
3178.049805	21.177185
3177.341797	56.463497
3176.632813	42.340870
3175.924805	38.806267
3175.215820	35.272789
3174.506836	49.374008
3173.797852	45.839954
3173.088867	66.986130
3172.379883	21.150122
3171.669922	21.146729
3170.960938	56.382221
3170.250977	38.756546
3169.541016	59.886845
3168.832031	45.788448
3168.122070	42.259449
3167.412109	42.252636
3166.701172	77.450661
3165.991211	45.758907
3165.281250	31.674122
3164.570313	63.337994
3163.860352	56.291321
3163.149414	94.976204
3162.438477	21.102400
3161.727539	52.747437
3161.016602	70.318489
3160.305664	31.638174
3159.593750	24.603464
3158.882813	45.684708
3158.170898	52.704533
3157.458984	24.591436
3156.748047	52.687332
3156.036133	49.166809
3155.324219	70.226814
3154.611328	105.322975
3153.899414	70.203819
3153.187500	56.153851
3152.474609	45.617519
3151.761719	59.643887
3151.049805	80.681412
3150.336914	73.653526
3149.624023	63.121208
3148.911133	42.073875
3148.197266	49.078102
3147.484375	66.595009
3146.770508	73.592865
3146.057617	66.573021
3145.343750	56.052227
3144.629883	28.021477
3143.916016	21.012629
3143.202148	66.528969
3142.488281	49.013218
3141.774414	70.007271
3141.059570	45.497169
3140.344727	59.486416
3139.630859	34.986191
3138.916016	45.474480
3138.201172	52.461819
3137.486328	83.924919
3136.771484	59.436905
3136.055664	76.905518
3135.340820	69.902428
3134.625000	59.407135
3133.910156	62.891155
3133.194336	90.827576
3132.478516	48.898968
3131.762695	80.320557
3131.046875	34.916122
3130.330078	55.856422
3129.614258	55.847042
3128.897461	80.266632
3128.181641	87.231667
3127.464844	69.773590
3126.748047	80.226120
3126.031250	80.212601
3125.314453	66.251404
3124.596680	45.322262
3123.879883	80.171997
3123.162109	76.673302
3122.445313	59.237534
3121.727539	59.227512
3121.009766	59.217484
3120.291992	59.207451
3119.574219	59.197414
3118.856445	114.893135
3118.137695	80.063438
3117.419922	62.647697
3116.701172	62.637051
3115.982422	48.709419
3115.263672	66.094391
3114.544922	59.127014
3113.826172	93.891602
3113.107422	73.014351
3112.387695	45.191647
3111.668945	72.989426
3110.949219	66.026772
3110.229492	34.744991
3109.509766	93.795425
3108.790039	93.779366
3108.070313	41.672581
3107.350586	65.970276
3106.629883	83.316582
3105.910156	55.534855
3105.189453	83.287979
3104.468750	104.092087
3103.748047	76.321075
3103.027344	62.433773
3102.306641	76.294807
3101.585938	58.944923
3100.864258	83.202019
3100.143555	48.526142
3099.421875	79.707764
3098.700195	58.904263
3097.978516	76.215874
3097.256836	69.275185
3096.535156	79.652679
3095.813477	65.788651
3095.090820	86.549026
3094.369141	76.149948
3093.646484	41.529133
3092.923828	93.424339
3092.201172	58.812523
3091.478516	103.768776
3090.755859	72.625519
3090.032227	89.901680
3089.309570	82.971725
3088.585938	93.326942
3087.863281	82.942833
3087.139648	82.928375
3086.416016	76.004425
3085.692383	89.807739
3084.967773	110.513306
3084.244141	79.417564
3083.519531	58.689682
3082.795898	72.486336
3082.071289	86.278160
3081.346680	93.164108
3080.622070	103.497543
3079.897461	82.783524
3079.171875	72.422882
3078.447266	72.410172
3077.721680	75.844963
3076.997070	89.619217
3076.271484	65.479454
3075.545898	62.022263
3074.820313	110.242401
3074.094727	82.667252
3073.368164	82.652695
3072.642578	117.070679
3071.916016	68.852966
3071.189453	92.935112
3070.463867	92.918709
3069.737305	92.902306
3069.009766	134.168518
3068.283203	82.550644
3067.556641	89.414047
3066.829102	79.083046
3066.102539	103.133545
3065.375000	106.552452
3064.647461	92.787308
3063.919922	106.514687
3063.192383	92.754395
3062.463867	116.781105
3061.736328	120.194496
3061.007813	92.704994
3060.279297	85.822701
3059.551758	65.213654
3058.823242	116.677361
3058.094727	85.776901
3057.365234	68.609299
3056.636719	113.185181
3055.907227	99.448029
3055.178711	113.144814
3054.449219	78.844437
3053.719727	89.112579
3052.990234	68.535896
3052.260742	68.523651
3051.530273	85.639244
3050.800781	85.623932
3050.070313	92.457291
3049.340820	119.830589
3048.610352	92.424179
3047.879883	71.872589
3047.149414	109.500504
3046.417969	82.110641
3045.687500	109.461212
3044.957031	78.661118
3044.225586	123.099640
3043.494141	92.308136
3042.762695	92.291542
3042.031250	133.286026
3041.299805	116.177155
3040.568359	116.156242
3039.835938	92.225105
3039.103516	71.717712
3038.372070	109.264427
3037.639648	119.486412
3036.907227	102.398445
3036.174805	75.078636
3035.441406	92.125320
3034.708984	122.811562
3033.975586	112.556915
3033.243164	136.407944
3032.509766	102.287453
3031.776367	126.131683
3031.042969	92.025375
3030.309570	122.678268
3029.575195	119.248917
3028.841797	115.820801
3028.107422	102.176285
3027.373047	91.941971
3026.638672	119.162392
3025.904297	142.968903
3025.169922	108.908890
3024.435547	108.889091
3023.700195	119.075783
3022.965820	91.841743
3022.230469	112.230591
3021.495117	136.012299
3020.759766	125.788460
3020.024414	135.962738
3019.289063	139.336395
3018.552734	108.730522
3017.817383	129.093933
3017.081055	112.087425
3016.344727	159.610504
3015.608398	145.999954
3014.872070	166.341629
3014.135742	149.340683
3013.398438	139.132904
3012.662109	152.678909
3011.924805	118.728516
3011.187500	139.056503
3010.451172	176.332031
3009.712891	186.470840
3008.975586	169.487869
3008.238281	162.678497
3007.500000	142.317566
3006.762695	149.067215
3006.024414	172.750732
3005.286133	152.399109
3004.547852	135.440979
3003.809570	172.655487
3003.071289	165.854172
3002.332031	169.207809
3001.592773	206.395523
3000.854492	152.230957
3000.115234	162.349762
2999.375977	199.518143
2998.636719	108.193275
2997.896484	175.781647
2997.157227	172.369415
2996.416992	189.233444
2995.677734	195.955597
2994.937500	195.919403
2994.197266	165.487534
2993.457031	199.223648
2992.715820	199.186813
2991.975586	168.771164
2991.234375	188.988708
2990.494141	263.185547
2989.752930	182.171631
2989.011719	222.612961
2988.270508	188.848724
2987.528320	219.158768
2986.787109	205.633926
2986.044922	202.225357
2985.303711	262.844177
2984.561523	195.411942
2983.819336	266.115112
2983.077148	303.112762
2982.334961	242.445145
2981.591797	259.233398
2980.849609	181.766235
2980.106445	289.425690
2979.363281	248.994354
2978.620117	272.497131
2977.876953	275.809906
2977.133789	343.016693
2976.389648	349.677307
2975.646484	339.527161
2974.902344	362.991028
2974.158203	359.562897
2973.414063	359.495789
2972.669922	362.787811
2971.925781	376.154114
2971.181641	402.946960
2970.436523	399.514374
2969.692383	436.362671
2968.947266	466.485138
2968.202148	439.554810
2967.457031	483.084351
2966.710938	516.535156
2965.965820	489.610413
2965.220703	566.634644
2964.474609	573.232971
2963.728516	536.257751
2962.982422	616.580750
2962.236328	576.260864
2961.490234	663.245544
2960.743164	576.044556
2959.997070	646.254211
2959.250000	626.045776
2958.502930	646.011414
2957.755859	642.543396
2957.008789	675.882080
2956.261719	669.064331
2955.514648	668.938416
2954.766602	725.661621
2954.018555	705.464355
2953.271484	691.960327
2952.523438	741.962524
2951.775391	668.308777
2951.026367	741.682861
2950.278320	674.737366
2949.529297	701.327332
2948.781250	731.246216
2948.032227	647.648315
2947.283203	680.903687
2946.534180	664.089417
2945.784180	687.319458
2945.035156	660.502625
2944.285156	607.013916
2943.536133	683.595154
2942.786133	643.458069
2942.036133	633.336304
2941.286133	593.223816
2940.535156	606.439819
2939.785156	626.313721
2939.034180	646.179993
2938.284180	549.481934
2937.533203	576.014282
2936.782227	595.878662
2936.031250	502.573242
2935.279297	485.839539
2934.528320	552.288086
2933.776367	502.287140
2933.025391	448.979370
2932.273438	541.998047
2931.521484	465.431335
2930.768555	455.371246
2930.016602	415.405701
2929.264648	425.294556
2928.511719	448.467499
2927.758789	461.667572
2927.005859	371.920319
2926.252930	451.531555
2925.500000	434.848267
2924.747070	391.620758
2923.993164	378.273376
2923.240234	345.025726
2922.486328	398.030701
2921.732422	351.526703
2920.978516	341.512665
2920.223633	314.927307
2919.469727	381.154999
2918.715820	367.827179
2917.960938	301.494415
2917.206055	344.499207
2916.451172	311.314789
2915.696289	301.321564
2914.941406	347.612244
2914.185547	264.796783
2913.430664	324.313965
2912.674805	281.238892
2911.918945	258.028625
2911.163086	327.435181
2910.407227	271.156982
2909.651367	294.248138
2908.894531	333.858032
2908.138672	261.086426
2907.381836	297.383179
2906.625000	327.058746
2905.868164	260.936188
2905.111328	317.026184
2904.353516	221.215378
2903.596680	264.087036
2902.838867	267.336761
2902.081055	280.484680
2901.323242	300.225861
2900.565430	250.689896
2899.807617	257.237518
2899.049805	240.701630
2898.291016	270.325134
2897.532227	210.944870
2896.773438	276.811859
2896.014648	240.516357
2895.255859	220.705368
2894.497070	194.315048
2893.738281	237.084518
2892.978516	246.915436
2892.218750	217.243683
2891.458984	230.365540
2890.699219	253.353195
2889.939453	213.828308
2889.179688	233.521225
2888.418945	217.034164
2887.659180	220.279999
2886.898438	230.098831
2886.137695	226.767868
2885.376953	249.725037
2884.616211	226.680206
2883.854492	246.343887
2883.093750	252.864136
2882.332031	206.848801
2881.570313	203.526093
2880.808594	236.307129
2880.046875	210.010101
2879.285156	255.900238
2878.522461	226.329437
2877.760742	239.403580
2876.998047	206.568512
2876.235352	268.814819
2875.472656	255.652313
2874.709961	235.940979
2873.946289	222.789902
2873.183594	219.470978
2872.419922	265.279083
2871.656250	189.916031
2870.892578	252.080917
2870.128906	255.305084
2869.365234	225.802917
2868.600586	215.943405
2867.836914	202.816483
2867.072266	255.106598
2866.307617	189.657745
2865.542969	209.236786
2864.778320	199.389999
2864.013672	254.908066
2863.248047	235.253922
2862.483398	231.941315
2861.717773	209.033127
2860.952148	202.461380
2860.186523	212.216522
2859.419922	202.382446
2858.654297	218.660950
2857.887695	231.670135
2857.122070	231.624924
2856.355469	202.224533
2855.588867	251.100784
2854.822266	231.489273
2854.054688	211.885406
2853.288086	228.139709
2852.520508	228.095108
2851.752930	192.214020
2850.985352	237.777618
2850.217773	276.810211
2849.450195	234.428650
2848.682617	253.914673
2847.914063	224.572861
2847.145508	234.291016
2846.377930	234.245132
2845.609375	224.440948
2844.839844	250.414017
2844.071289	201.592560
2843.302734	188.549606
2842.533203	198.263290
2841.763672	243.718536
2840.994141	250.168610
2840.224609	204.643250
2839.455078	233.832092
2838.684570	227.292130
2837.915039	201.276352
2837.144531	230.448608
2836.374023	204.442398
2835.603516	214.135666
2834.833008	214.093567
2834.062500	191.349045
2833.291016	246.435043
2832.520508	252.870422
2831.749023	223.649048
2830.977539	249.530258
2830.206055	191.160873
2829.433594	246.192627
2828.662109	213.756760
2827.889648	204.000336
2827.118164	191.010284
2826.345703	190.972641
2825.573242	216.824478
2824.799805	177.955139
2824.027344	213.504059
2823.254883	239.336105
2822.481445	239.288864
2821.708008	200.445694
2820.934570	255.356171
2820.161133	206.829971
2819.387695	229.406677
2818.613281	261.665741
2817.839844	242.235214
2817.065430	226.041504
2816.291016	203.397125
2815.516602	206.584793
2814.741211	190.407669
2813.966797	229.089310
2813.192383	251.625763
2812.416992	238.674622
2811.641602	245.076736
2810.866211	241.804138
2810.090820	203.075226
2809.314453	199.812210
2808.539063	228.771835
2807.762695	183.625488
2806.986328	264.110596
2806.209961	225.415527
2805.433594	267.225372
2804.657227	196.355560
2803.880859	205.971497
2803.103516	228.454254
2802.326172	176.936447
2801.548828	199.416016
2800.771484	218.670868
2799.994141	208.982071
2799.216797	241.085220
2798.438477	170.333008
2797.660156	170.299118
2796.881836	224.878601
2796.103516	244.105316
2795.325195	195.887634
2794.546875	205.480530
2793.767578	221.489563
2792.989258	231.073502
2792.209961	234.236176
2791.430664	221.357178
2790.651367	256.594818
2789.871094	237.302887
2789.091797	230.843231
2788.311523	243.619232
2787.531250	217.931610
2786.751953	233.909286
2785.970703	221.048187
2785.190430	227.409943
2784.410156	227.364517
2783.628906	252.932495
2782.847656	208.067413
2782.067383	224.027802
2781.285156	223.983002
2780.503906	230.336426
2779.722656	239.885773
2778.940430	255.826935
2778.159180	236.592545
2777.376953	262.117615
2776.594727	230.105957
2775.812500	271.598450
2775.029297	236.403030
2774.247070	198.027695
2773.463867	217.148117
2772.680664	226.682709
2771.897461	261.750061
2771.114258	236.166061
2770.331055	277.598969
2769.546875	242.451569
2768.763672	261.539948
2767.979492	251.920792
2767.195313	235.929031
2766.411133	267.757507
2765.626953	267.703674
2764.841797	210.296310
2764.056641	267.596039
2763.272461	222.951828
2762.487305	251.566422
2761.702148	289.720734
2760.916016	222.817215
2760.130859	222.772354
2759.344727	254.545685
2758.559570	257.675568
2757.773438	251.262558
2756.987305	286.190796
2756.201172	238.444229
2755.414063	260.646423
2754.627930	276.483704
2753.840820	257.363922
2753.053711	257.311981
2752.266602	257.260010
2751.479492	266.734283
2750.692383	250.806549
2749.904297	272.974731
2749.116211	266.572601
2748.328125	228.444595
2747.540039	244.259399
2746.751953	250.553101
2745.963867	247.331482
2745.174805	244.111145
2744.386719	225.043930
2743.597656	263.026245
2742.808594	256.636261
2742.019531	234.410309
2741.229492	237.529861
2740.440430	224.816010
2739.650391	234.267761
2738.861328	246.880798
2738.071289	249.995209
2737.280273	249.944458
2736.490234	246.730515
2735.700195	275.143524
2734.909180	243.468369
2734.118164	256.064026
2733.327148	233.887497
2732.536133	224.359955
2731.745117	252.748550
2730.953125	265.332001
2730.162109	205.274643
2729.370117	252.594299
2728.578125	268.326813
2727.786133	249.335312
2726.994141	261.906525
2726.201172	280.782288
2725.409180	249.182938
2724.616211	268.053558
2723.823242	236.469620
2723.030273	255.335083
2722.236328	195.401794
2721.443359	242.626892
2720.649414	255.178787
2719.856445	236.228394
2719.062500	236.180145
2718.268555	242.428741
2717.473633	229.788055
2716.679688	267.506744
2715.884766	245.426575
2715.089844	242.230515
2714.295898	242.180954
2713.500000	283.010712
2712.705078	282.952759
2711.910156	223.172577
2711.114258	263.981079
2710.318359	267.068970
2709.522461	285.862274
2708.726563	235.552475
2707.930664	266.904724
2707.134766	285.686432
2706.337891	285.627777
2705.541016	266.740417
2704.744141	266.685638
2703.947266	247.809860
2703.150391	244.622757
2702.352539	219.488129
2701.555664	282.140991
2700.757813	244.471924
2699.959961	253.822464
2699.162109	269.435059
2698.364258	285.041199
2697.565430	247.402405
2696.767578	294.316925
2695.968750	250.430878
2695.169922	250.379257
2694.371094	228.423981
2693.571289	262.789825
2692.772461	262.735626
2691.972656	293.953003
2691.173828	265.753693
2690.374023	281.328186
2689.573242	268.769196
2688.773438	284.336548
2687.973633	306.145325
2687.172852	271.725891
2686.372070	256.056488
2685.571289	312.199432
2684.770508	296.528076
2683.969727	283.983887
2683.167969	283.925110
2682.367188	305.702179
2681.565430	283.807495
2680.763672	268.158081
2679.961914	296.159729
2679.159180	308.565613
2678.357422	283.572174
2677.554688	308.437592
2676.751953	277.224731
2675.949219	258.481750
2675.146484	255.314453
2674.343750	273.939087
2673.540039	283.219025
2672.736328	245.820343
2671.932617	283.101257
2671.128906	311.035553
2670.325195	258.105804
2669.521484	267.379242
2668.716797	279.757202
2667.912109	264.160095
2667.107422	248.569473
2666.302734	282.688843
2665.498047	260.889130
2664.693359	304.307159
2663.887695	307.348206
2663.082031	270.037476
2662.276367	294.806946
2661.470703	300.950531
2660.665039	294.683807
2659.858398	266.710632
2659.052734	275.956787
2658.246094	306.898956
2657.439453	309.934082
2656.632813	229.303223
2655.826172	291.216095
2655.051758	260.752197
2655.018555	312.836853
2654.246094	273.168976
2654.210938	281.803864
2653.440430	266.917572
2653.404297	266.264313
2652.634766	273.080902
2652.596680	272.399384
2651.829102	273.036804
2651.788086	303.290253
2651.023438	313.321106
2650.980469	315.603210
2650.217773	266.745117
2650.171875	346.471985
2649.411133	269.803101
2649.364258	259.799438
2648.604492	303.866882
2648.555664	318.496674
2647.798828	291.416870
2647.747070	296.788910
2646.992188	282.070496
2646.938477	312.181030
2646.185547	291.322174
2646.128906	290.483643
2645.378906	328.458801
2645.320313	349.125000
2644.571289	260.245728
2644.510742	305.806213
2643.764648	288.082214
2643.701172	299.565247
2642.957031	303.520996
2642.891602	280.976288
2642.150391	318.954681
2642.081055	296.352112
2641.342773	294.133423
2641.271484	333.325867
2640.535156	272.415863
2640.460938	339.427032
2639.727539	309.512787
2639.651367	293.079712
2638.918945	281.610474
2638.840820	293.017914
2638.111328	321.787750
2638.029297	314.542328
2637.303711	312.454102
2637.218750	299.060455
2636.495117	275.285614
2636.408203	280.502625
2635.686523	346.369873
2635.596680	302.015930
2634.877930	318.484131
2634.785156	301.952118
2634.069336	302.973816
2633.973633	298.807800
2633.260742	306.014923
2633.162109	338.782562
2632.452148	309.054962
2632.349609	344.869293
2631.642578	318.274048
2631.538086	381.738770
2630.833984	308.952850
2630.725586	280.087708
2630.024414	265.655487
2629.913086	320.032440
2629.214844	305.762054
2629.100586	316.888062
2628.405273	314.975372
2628.288086	332.200562
2627.595703	274.785858
2627.474609	279.850403
2626.785156	336.479614
2626.662109	319.761200
2625.975586	308.645599
2625.848633	375.024902
2625.165039	290.078613
2625.035156	279.672333
2624.355469	342.482605
2624.221680	337.993683
2623.544922	280.727264
2623.407227	313.345734
2622.734375	333.115265
2622.593750	297.922333
2621.923828	311.472473
2621.779297	288.646881
2621.113281	342.254181
2620.964844	325.426208
2620.301758	326.782684
2620.150391	306.940552
2619.491211	314.398651
2619.335938	337.562775
2618.679688	286.609619
2618.521484	322.150391
2617.868164	342.025116
2617.706055	352.756256
2617.056641	314.240662
2616.890625	337.347137
2616.245117	308.027374
2616.076172	346.473663
2615.433594	351.092224
2615.259766	288.155579
2614.621094	314.082336
2614.444336	331.001740
2613.809570	304.793335
2613.628906	312.546051
2612.997070	280.116394
2612.812500	346.178101
2612.185547	335.467499
2611.996094	330.789825
2611.373047	310.793610
2611.179688	290.910370
2610.559570	292.281281
2610.363281	324.525360
2609.747070	372.211182
2609.546875	315.273254
2608.934570	329.089783
2608.729492	312.145599
2608.121094	310.583618
2607.912109	321.257599
2607.308594	341.276672
2607.095703	275.304718
2606.495117	307.404358
2606.277344	330.294891
2605.681641	304.278717
2605.459961	266.013885
2604.868164	328.811096
2604.642578	327.096405
2604.054688	313.392853
2603.824219	311.744659
2603.240234	350.203064
2603.005859	317.789154
2602.426758	313.286285
2602.187500	271.895813
2601.612305	340.871155
2601.369141	311.544037
2600.798828	322.390778
2600.550781	342.014130
2599.984375	300.846771
2599.731445	338.887604
2599.169922	331.488831
2598.913086	314.395691
2598.354492	340.638702
2598.093750	347.897125
2597.540039	312.965851
2597.274414	344.771210
2596.725586	340.522247
2596.455078	289.789520
2595.910156	288.320862
2595.634766	341.573059
2595.094727	309.738495
2594.815430	341.499512
2594.279297	291.288269
2593.995117	313.989929
2593.463867	294.303986
2593.174805	316.970032
2592.648438	337.165436
2592.354492	310.807434
2591.833008	306.461395
2591.533203	356.437500
2591.016602	324.793243
2590.712891	338.085663
2590.201172	346.182281
2589.891602	353.238464
2589.384766	309.366302
2589.070313	334.895172
2588.568359	327.688049
2588.249023	286.121307
2587.751953	309.259705
2587.427734	334.750427
2586.935547	367.373901
2586.606445	316.422852
2586.118164	312.213898
2585.784180	358.940582
2585.301758	290.737244
2584.961914	301.079865
2584.484375	315.165863
2584.139648	343.582397
2583.666992	324.289368
2583.317383	322.228729
2582.849609	321.174408
2582.495117	322.158875
2582.032227	373.109436
2581.671875	349.436218
2581.214844	330.236328
2580.849609	367.587921
2580.397461	327.121826
2580.026367	328.023804
2579.579102	327.065063
2579.203125	334.025787
2578.761719	348.401306
2578.379883	343.061066
2577.943359	326.951385
2577.555664	312.633728
2577.125000	357.445404
2576.732422	345.946564
2576.306641	339.055847
2575.908203	303.395905
2575.488281	329.834717
2575.083984	363.995880
2574.668945	335.884186
2574.259766	339.655518
2573.850586	341.931519
2573.434570	285.005951
2573.031250	332.714569
2572.610352	324.350983
2572.211914	375.382965
2571.785156	354.586853
2571.392578	286.827881
2570.959961	330.269562
2570.573242	274.574432
2570.134766	302.933502
2569.753906	317.230469
2569.309570	327.096771
2568.933594	338.523224
2568.484375	330.053375
2568.114258	335.414673
2567.658203	311.817169
2567.293945	338.404541
2566.832031	329.909149
2566.473633	338.345154
2566.005859	341.941132
2565.653320	353.523834
2565.179688	347.917053
2564.833008	365.650055
2564.353516	335.742096
2564.012695	362.539215
2563.526367	317.524353
2563.191406	307.647217
2562.699219	365.828857
2562.371094	371.548035
2561.872070	377.839539
2561.549805	386.707275
2561.044922	398.911072
2560.728516	322.706665
2560.217773	371.631073
2559.907227	334.825195
2559.389648	353.425140
2559.085938	331.722778
2558.562500	377.508057
2558.264648	365.134888
2557.734375	317.037109
2557.442383	386.366119
2556.906250	310.929962
2556.620117	368.047485
2556.078125	380.277313
2555.798828	389.270599
2555.249023	380.193665
2554.976563	322.307648
2554.420898	337.875549
2554.154297	325.290619
2553.591797	370.978058
2553.331055	373.865936
2552.762695	292.495483
2552.508789	349.487427
2551.933594	313.534302
2551.686523	331.194519
2551.103516	328.535614
2550.863281	361.515106
2550.274414	334.489990
2550.040039	382.712677
2549.444336	340.441681
2549.216797	373.534027
2548.614258	352.414886
2548.393555	343.104340
2547.784180	391.485596
2547.570313	367.329498
2546.954102	343.226868
2546.746094	358.158325
2546.123047	358.201447
2545.922852	309.539307
2545.292969	325.018494
2545.098633	388.372192
2544.461914	300.876434
2544.274414	345.832245
2543.630859	336.906982
2543.450195	382.167358
2542.799805	360.891785
2542.625977	369.968933
2541.967773	309.696777
2541.801758	375.966766
2541.136719	372.756165
2540.976563	412.276886
2540.304688	381.689758
2540.151367	360.677704
2539.472656	321.509766
2539.327148	345.461273
2538.640625	366.499786
2538.501953	348.429169
2537.807617	333.380646
2537.676758	411.981476
2536.975586	372.342407
2536.850586	399.792633
2536.142578	366.255432
2536.025391	390.636292
2535.309570	357.169647
2535.199219	345.151459
2534.476563	327.082550
2534.374023	414.712708
2533.643555	327.009674
2533.547852	420.691223
2532.809570	341.933899
2532.721680	423.641541
2531.976563	350.853912
2531.895508	399.361542
2531.142578	347.777557
2531.068359	317.616699
2530.308594	353.694763
2530.242188	375.022614
2529.473633	359.609253
2529.415039	387.050293
2528.639648	395.481812
2528.588867	380.933868
2527.804688	368.434753
2527.761719	377.842346
2526.969727	353.378662
2526.934570	407.996002
2526.134766	356.293671
2526.106445	383.749084
2525.299805	353.220490
2525.279297	374.616364
2524.464844	389.054047
2524.452148	371.528015
2523.628906	365.030426
2523.624023	401.660828
2522.795898	443.860474
2522.792969	385.888245
2521.967773	392.458527
2521.957031	358.885284
2521.139648	389.368988
2521.121094	379.735016
2520.311523	374.209229
2520.285156	376.660339
2519.482422	380.175842
2519.448242	349.677460
2518.654297	392.173645
2518.612305	361.550934
2517.825195	358.924469
2517.775391	415.241943
2516.996094	398.062317
2516.937500	349.441528
2516.166992	358.793915
2516.100586	334.432800
2515.337891	361.743103
2515.263672	325.401459
2514.507813	373.733124
2514.425781	408.898651
2513.678711	421.879852
2513.587891	370.014557
2512.848633	358.532501
2512.750000	328.164673
2512.018555	403.652008
2511.912109	375.812836
2511.188477	385.507660
2511.073242	390.637787
2510.358398	394.470917
2510.234375	417.381134
2509.528320	370.313416
2509.395508	405.364258
2508.697266	346.164703
2508.556641	366.533264
2507.867188	436.388702
2507.717773	417.097900
2507.036133	373.119293
2506.878906	396.153229
2506.205078	385.084869
2506.039063	390.107635
2505.374023	397.046021
2505.199219	398.950897
2504.542969	378.929016
2504.359375	425.649506
2503.710938	345.784485
2503.519531	336.276062
2502.879883	366.764923
2502.678711	339.174896
2502.047852	375.714752
2501.838867	410.486847
2501.215820	375.645752
2500.998047	365.785522
2500.383789	369.567474
2500.157227	386.514618
2499.551758	444.601074
2499.316406	389.399170
2498.719727	336.392975
2498.474609	350.676605
2497.886719	354.348816
2497.633789	380.308289
2497.053711	411.329224
2496.791992	451.513123
2496.221680	366.225708
2495.950195	344.497192
2495.388672	405.175049
2495.108398	403.801056
2494.554688	402.099609
2494.265625	385.898163
2493.721680	399.025238
2493.423828	418.455444
2492.888672	416.949402
2492.581055	415.392670
2492.054688	395.878845
2491.738281	364.868622
2491.220703	383.811584
2490.895508	421.134033
2490.387695	410.722382
2490.051758	397.317169
2489.552734	401.654175
2489.208984	370.546753
2488.718750	431.548523
2488.365234	432.699341
2487.884766	395.512909
2487.521484	364.450745
2487.049805	416.409943
2486.677734	388.065765
2486.215820	437.299194
2485.833008	396.861572
2485.380859	428.234192
2484.989258	429.341095
2484.545898	386.237518
2484.144531	402.599731
2483.710938	452.023590
2483.299805	420.264740
2482.875000	410.037994
2482.455078	384.660858
2482.040039	386.022461
2481.609375	399.363464
2481.204102	394.926331
2480.764648	381.526031
2480.368164	481.600891
2479.918945	411.006866
2479.532227	343.936676
2479.073242	363.612793
2478.696289	391.715820
2478.227539	401.950592
2477.860352	394.632538
2477.381836	404.812561
2477.023438	412.493561
2476.535156	401.764832
2476.187500	382.531433
2475.688477	345.555969
2475.350586	403.375916
2474.841797	445.870728
2474.513672	427.199982
2473.995117	425.102753
2473.676758	388.291168
2473.148438	430.907104
2472.839844	421.067963
2472.300781	401.299835
2472.001953	432.932281
2471.453125	389.406555
2471.165039	402.999573
2470.605469	439.455353
2470.327148	420.832001
2469.757813	386.277039
2469.489258	444.625824
2468.910156	412.719238
2468.651367	447.526154
2468.061523	380.202850
2467.813477	447.442383
2467.212891	421.367096
2466.975586	411.569916
2466.364258	409.485229
2466.136719	408.510986
2465.515625	388.773102
2465.297852	387.565521
2464.666992	400.460724
2464.458984	453.068573
2463.817383	376.816284
2463.620117	426.162170
2462.967773	435.592133
2462.781250	411.184235
2462.118164	403.122864
2461.942383	363.442444
2461.268555	467.748596
2461.102539	416.986786
2460.418945	414.698944
2460.263672	437.753845
2459.568359	417.542358
2459.423828	425.762115
2458.717773	426.263824
2458.583984	419.728455
2457.867188	405.590546
2457.744141	461.316833
2457.016602	423.125702
2456.903320	398.740753
2456.166016	402.462677
2456.063477	407.591034
2455.314453	425.864166
2455.222656	401.565125
2454.462891	455.127197
2454.382813	419.333435
2453.611328	437.406555
2453.541992	428.174683
2452.759766	407.954468
2452.701172	460.795532
2451.907227	381.450378
2451.859375	374.511505
2451.055664	349.091583
2451.018555	413.073578
2450.203125	416.464935
2450.176758	418.937958
2449.350586	398.773804
2449.334961	374.299347
2448.497070	378.159454
2448.493164	433.629974
2447.651367	377.127350
2447.644531	404.447174
2446.809570	394.869690
2446.791016	377.980896
2445.967773	382.921417
2445.937500	366.173981
2445.125000	394.720215
2445.083984	386.588287
2444.282227	459.925171
2444.230469	395.280823
2443.439453	439.071136
2443.375977	398.114532
2442.596680	373.732971
2442.522461	421.433136
2441.753906	397.386658
2441.667969	368.666565
2440.911133	370.626190
2440.813477	406.607086
2440.067383	388.342560
2439.958008	429.906860
2439.223633	388.268829
2439.103516	421.033203
2438.380859	382.268433
2438.248047	362.470184
2437.536133	408.860626
2437.392578	350.694153
2436.692383	444.329254
2436.537109	371.062958
2435.848633	417.590088
2435.680664	350.527161
2435.003906	423.432770
2434.825195	420.532318
2434.160156	429.273224
2433.968750	356.199371
2433.315430	429.191498
2433.112305	385.304047
2432.470703	396.556610
2432.255859	414.394775
2431.625000	399.439850
2431.398438	350.109070
2430.780273	408.238495
2430.541992	420.030426
2429.935547	414.076019
2429.684570	370.354858
2429.089844	390.340057
2428.827148	364.435211
2428.244141	384.352478
2427.968750	390.580933
2427.398438	434.530975
2427.111328	410.885864
2426.552734	422.626282
2426.252930	329.212494
2425.706055	407.771240
2425.394531	366.998352
2424.860352	404.739014
2424.536133	352.350250
2424.013672	431.245239
2423.677734	384.289673
2423.166992	389.818390
2422.818359	381.286652
2422.320313	407.459442
2421.959961	421.933228
2421.473633	395.573303
2421.100586	366.557098
2420.626953	374.837250
2420.240234	401.370514
2419.779297	433.783630
2419.380859	389.642578
2418.931641	413.048096
2418.520508	415.712219
2418.084961	415.918732
2417.661133	337.139618
2417.237305	442.381866
2416.799805	374.831879
2416.388672	448.194305
2415.939453	377.646179
2415.541016	442.212158
2415.079102	424.023041
2414.692383	383.176971
2414.217773	357.138367
2413.844727	442.042358
2413.356445	409.303284
2412.996094	391.868958
2412.147461	391.793640
2411.298828	397.608826
2410.449219	432.868591
2409.600586	418.064728
2408.750977	420.927826
2407.901367	417.903809
2407.051758	417.823334
2406.202148	388.324310
2405.352539	423.544891
2404.501953	438.166840
2403.651367	470.423981
2402.801758	405.662415
2401.950195	434.974274
2401.099609	396.690491
2400.249023	423.054810
2399.397461	405.349182
2398.546875	399.397369
2397.695313	455.107544
2396.843750	455.019531
2395.991211	425.581085
2395.139648	443.105560
2394.288086	404.879028
2393.435547	428.267303
2392.583008	390.058350
2391.730469	404.643768
2390.877930	404.565338
2390.024414	410.348999
2389.171875	383.894958
2388.318359	404.329956
2387.464844	421.827606
2386.611328	389.529022
2385.757813	421.663788
2384.903320	418.654205
2384.049805	418.572845
2383.195313	453.609619
2382.340820	403.780365
2381.486328	453.433167
2380.631836	447.495331
2379.776367	447.408203
2378.921875	426.855408
2378.066406	382.925781
2377.210938	432.534149
2376.355469	467.513336
2375.499023	400.230225
2374.643555	464.410156
2373.787109	402.994324
2372.930664	411.674713
2372.074219	449.542755
2371.217773	388.165649
2370.361328	434.777313
2369.503906	420.105347
2368.647461	422.940033
2367.790039	443.271149
2366.932617	419.858948
2366.075195	460.588409
2365.216797	437.181885
2364.359375	431.268341
2363.500977	399.136414
2362.642578	442.750732
2361.784180	451.400757
2360.925781	416.371948
2360.067383	390.090210
2359.208008	427.850861
2358.348633	430.676880
2357.490234	413.135895
2356.629883	415.963623
2355.770508	439.148041
2354.911133	450.692535
2354.050781	444.789734
2353.190430	450.515411
2352.330078	459.144745
2351.469727	450.338226
2350.609375	467.678619
2349.749023	496.629242
2348.887695	423.939148
2348.026367	473.208710
2347.165039	432.479828
2346.303711	423.688660
2345.442383	449.717804
2344.580078	449.629120
2343.717773	449.540466
2342.856445	429.153961
2341.994141	478.354248
2341.130859	484.056915
2340.268555	457.879578
2339.405273	449.096954
2338.542969	428.730438
2337.679688	457.608246
2336.816406	460.413483
2335.953125	466.112671
2335.088867	422.602417
2334.225586	486.186005
2333.361328	431.115356
2332.497070	428.137177
2331.632813	430.944641
2330.767578	439.534302
2329.903320	459.684937
2329.038086	476.936981
2328.172852	468.172577
2327.307617	520.088623
2326.442383	453.542847
2325.577148	447.676392
2324.710938	490.902466
2323.845703	418.627808
2322.979492	456.069366
2322.113281	444.434998
2321.246094	432.805237
2320.379883	481.760712
2319.512695	522.044067
2318.646484	498.871033
2317.779297	475.707214
2316.912109	478.495087
2316.043945	504.337189
2315.176758	406.270782
2314.308594	478.209351
2313.440430	492.515137
2312.572266	454.981781
2311.704102	483.681702
2310.835938	460.557404
2309.966797	474.855103
2309.098633	428.723022
2308.229492	468.912140
2307.360352	422.799561
2306.490234	508.983582
2305.621094	471.506439
2304.750977	511.654755
2303.881836	477.065857
2303.011719	445.364044
2302.141602	496.984375
2301.270508	482.524170
2300.400391	445.096954
2299.529297	508.170319
2298.658203	502.327759
2297.787109	479.268250
2296.916016	453.348633
2296.044922	444.651672
2295.172852	513.398132
2294.300781	424.400543
2293.428711	475.921417
2292.556641	475.825989
2291.684570	498.657349
2290.812500	435.521332
2289.939453	441.163361
2289.066406	432.482452
2288.193359	415.214355
2287.320313	506.746094
2286.447266	452.258759
2285.573242	472.200653
2284.699219	457.799530
2283.825195	463.428864
2282.951172	483.356354
2282.077148	531.871033
2281.203125	457.431427
2280.328125	494.498199
2279.453125	528.692261
2278.578125	511.442474
2277.703125	531.335999
2276.828125	528.372925
2275.952148	496.856018
2275.077148	499.610809
2274.201172	470.966644
2273.325195	485.140533
2272.448242	516.427795
2271.572266	504.913147
2270.695313	479.142914
2269.819336	499.006439
2268.942383	490.353027
2268.064453	530.158386
2267.187500	527.201599
2266.310547	529.944214
2265.432617	501.351257
2264.554688	495.553894
2263.676758	461.284454
2262.798828	501.047180
2261.919922	495.253265
2261.041992	546.375793
2260.163086	514.968750
2259.284180	509.175385
2258.405273	537.512024
2257.525391	520.342773
2256.646484	557.194092
2255.766602	500.236145
2254.886719	497.293060
2254.006836	488.668915
2253.126953	508.453461
2252.247070	488.470703
2251.366211	533.801514
2250.485352	491.111237
2249.604492	525.070129
2248.723633	454.022491
2247.842773	544.716309
2246.960938	487.875885
2246.080078	507.628113
2245.198242	493.348267
2244.316406	532.934570
2243.433594	549.831238
2242.551758	529.884155
2241.668945	453.284576
2240.786133	490.014191
2239.903320	475.755066
2239.020508	546.440613
2238.137695	523.683533
2237.253906	540.557739
2236.371094	537.617981
2235.487305	495.073547
2234.603516	494.972595
2233.718750	497.699493
2232.834961	531.525085
2231.950195	491.843079
2231.065430	570.873657
2230.180664	497.293365
2229.295898	508.491608
2228.411133	545.104675
2227.525391	491.341095
2226.639648	482.771027
2225.753906	536.302612
2224.868164	519.260559
2223.982422	471.188995
2223.095703	530.331787
2222.209961	558.426636
2221.323242	493.457916
2220.436523	487.718536
2219.549805	515.804688
2218.662109	498.790894
2217.775391	549.402832
2216.887695	526.755249
2216.000000	532.279907
2215.112305	540.617920
2214.223633	492.649658
2213.335938	529.137939
2212.447266	506.517456
2211.558594	497.973297
2210.669922	545.689209
2209.781250	534.328125
2208.891602	469.549866
2208.001953	508.808777
2207.113281	531.188354
2206.222656	519.839417
2205.333008	505.685730
2204.443359	558.948730
2203.552734	547.600891
2202.662109	525.027161
2201.771484	516.497986
2200.880859	493.939850
2199.990234	516.285339
2199.098633	547.037537
2198.208008	558.143799
2197.316406	485.120514
2196.424805	507.449219
2195.532227	526.965698
2194.640625	512.844849
2193.748047	526.748352
2192.855469	515.434570
2191.962891	495.723328
2191.070313	526.422302
2190.176758	520.714539
2189.284180	545.797668
2188.390625	568.071960
2187.497070	514.796326
2186.603516	475.528717
2185.708984	553.736572
2184.815430	517.273193
2183.920898	547.916626
2183.026367	505.879517
2182.131836	519.746521
2181.237305	569.926575
2180.341797	483.220001
2179.446289	530.594177
2178.551758	536.068298
2177.655273	516.417114
2176.759766	549.800476
2175.864258	491.090454
2174.967773	513.306274
2174.071289	518.778076
2173.174805	529.824646
2172.278320	512.986877
2171.381836	537.966919
2170.484375	518.347534
2169.586914	495.949982
2168.689453	532.060486
2167.791992	534.735046
2166.894531	529.054871
2165.996094	523.377075
2165.097656	503.784821
2164.199219	534.290405
2163.300781	562.001099
2162.402344	609.171387
2161.502930	514.489746
2160.604492	586.674194
2159.705078	497.596283
2158.805664	508.609772
2157.905273	555.741821
2157.005859	525.066589
2156.105469	524.957092
2155.205078	597.048889
2154.304688	538.620117
2153.404297	599.575562
2152.502930	502.317261
2151.602539	566.029480
2150.701172	524.300110
2149.799805	535.284607
2148.898438	587.858154
2147.996094	576.645935
2147.094727	557.123108
2146.192383	557.006653
2145.290039	501.478180
2144.387695	512.453308
2143.484375	559.426514
2142.582031	526.083130
2141.678711	531.509521
2140.775391	575.681396
2139.872070	597.697754
2138.968750	556.074463
2138.064453	542.128052
2137.160156	591.791260
2136.255859	575.078369
2135.351563	569.429260
2134.447266	547.200684
2133.542969	569.190308
2132.637695	533.158569
2131.732422	557.903687
2130.827148	535.695984
2129.921875	530.061951
2129.015625	507.869263
2128.109375	576.751953
2127.204102	535.245667
2126.296875	537.891541
2125.390625	603.966431
2124.484375	595.567566
2123.577148	625.765625
2122.669922	603.585083
2121.762695	636.524170
2120.855469	556.496948
2119.947266	611.466736
2119.040039	531.478394
2118.131836	589.183350
2117.223633	622.090454
2116.315430	566.918579
2115.406250	594.313416
2114.498047	627.198425
2113.588867	602.313354
2112.679688	574.689087
2111.770508	519.585083
2110.860352	555.206360
2109.951172	566.080872
2109.041016	598.929810
2108.130859	579.575500
2107.220703	584.945313
2106.309570	587.567139
2105.399414	562.737244
2104.488281	631.229980
2103.577148	567.986694
2102.666016	587.069519
2101.753906	600.658752
2100.842773	619.726501
2099.930664	611.370361
2099.018555	608.499695
2098.106445	586.447327
2097.194336	572.623718
2096.281250	583.459106
2095.368164	621.676453
2094.455078	583.211304
2093.541992	599.512329
2092.628906	624.017151
2091.714844	574.630432
2090.800781	599.130005
2089.887695	588.061890
2088.972656	615.282593
2088.058594	598.747620
2087.143555	656.022034
2086.229492	579.362671
2085.314453	663.939331
2084.399414	655.602783
2083.483398	633.614258
2082.568359	581.599365
2081.652344	644.263733
2080.736328	570.433838
2079.820313	649.446289
2078.903320	586.559387
2077.987305	586.434143
2077.070313	616.306030
2076.153320	624.353638
2075.236328	561.525574
2074.319336	566.856018
2073.401367	618.503845
2072.483398	580.234070
2071.565430	596.450989
2070.647461	579.985657
2069.729492	588.028503
2068.810547	631.450867
2067.892578	639.479126
2066.973633	623.018433
2066.053711	625.604858
2065.134766	595.556824
2064.215820	674.275818
2063.295898	622.483948
2062.375977	644.091797
2061.456055	589.611389
2060.535156	622.082947
2059.615234	605.653687
2058.694336	564.793213
2057.773438	594.534180
2056.852539	654.118347
2055.930664	697.395203
2055.009766	618.567627
2054.087891	678.107910
2053.166016	677.961853
2052.244141	675.104553
2051.321289	615.324097
2050.399414	631.452026
2049.476563	666.539490
2048.553711	623.052856
2047.630859	614.793396
2046.707031	611.952881
2045.783203	655.135498
2044.860352	641.461060
2043.936523	622.380432
2043.011719	689.881287
2042.087891	659.979004
2041.163086	657.132019
2040.238281	654.286133
2039.313477	632.519897
2038.388672	670.217834
2037.463867	648.457458
2036.538086	656.420898
2035.612305	634.672729
2034.686523	626.434692
2033.760742	688.388794
2032.833984	620.765015
2031.907227	639.519043
2031.056641	607.560303
2030.980469	623.193359
2030.130859	639.963562
2030.053711	701.277405
2029.204102	610.157471
2029.126953	687.641846
2028.278320	539.871094
2028.199219	625.483337
2027.351563	653.133423
2027.272461	636.129150
2026.425781	626.038391
2026.344727	657.549866
2025.499023	650.214050
2025.416992	652.018250
2024.572266	642.011108
2024.488281	659.957458
2023.645508	598.748962
2023.560547	657.120667
2022.717773	657.972595
2022.631836	659.670044
2021.791016	641.683716
2021.703125	656.834412
2020.863281	622.704529
2020.774414	664.765320
2019.935547	679.198242
2019.844727	640.403503
2019.007813	609.018311
2018.916016	699.447876
2018.080078	673.577759
2017.986328	618.607361
2017.152344	635.748718
2017.056641	658.807495
2016.223633	624.866394
2016.126953	731.251099
2015.295898	624.759399
2015.196289	712.276550
2014.367188	646.192017
2014.265625	666.437744
2013.438477	627.237122
2013.335938	666.292114
2012.509766	686.343384
2012.405273	660.774292
2011.581055	750.811401
2011.473633	620.347473
2010.651367	661.891907
2010.542969	732.977539
2009.722656	645.637024
2009.611328	676.446533
2008.792969	629.387634
2008.679688	678.982178
2007.863281	709.955933
2007.748047	678.833435
2006.933594	691.012085
2006.816406	681.367310
2006.002930	685.516174
2005.883789	697.309692
2005.073242	658.519287
2004.952148	656.936218
2004.142578	671.842224
2004.019531	670.196045
2003.212891	647.543762
2003.085938	680.769775
2002.282227	655.490845
2002.153320	672.581543
2001.351563	679.550903
2001.220703	680.470947
2000.419922	671.376465
2000.287109	653.537109
1999.489258	657.834595
1999.353516	712.306091
1998.557617	676.512268
1998.419922	655.927124
1997.625977	668.342224
1997.485352	722.699524
1996.695313	654.807617
1996.550781	663.666870
1995.762695	711.040100
1995.617188	722.381531
1994.831055	689.454407
1994.682617	671.399475
1993.899414	694.698547
1993.747070	714.040527
1992.966797	729.440125
1992.812500	724.578125
1992.034180	675.686646
1991.876953	697.687073
1991.101563	691.653320
1990.941406	676.152954
1990.168945	718.335815
1990.005859	684.019653
1989.236328	704.810425
1989.070313	667.840576
1988.303711	635.021973
1988.133789	697.071655
1987.370117	669.736755
1987.198242	654.194763
1986.436523	717.831665
1986.261719	678.076599
1985.502930	755.197571
1985.325195	675.257751
1984.569336	704.191528
1984.387695	707.129456
1983.635742	661.234497
1983.451172	688.298279
1982.702148	703.943420
1982.513672	725.487244
1981.767578	719.875977
1981.576172	671.993835
1980.833008	709.046326
1980.638672	698.505554
1979.898438	676.818970
1979.700195	714.343628
1978.963867	727.518616
1978.761719	714.185303
1978.029297	711.344543
1977.824219	722.019836
1977.093750	724.587341
1976.885742	716.532349
1976.159180	713.765869
1975.946289	676.426941
1975.223633	708.293701
1975.007813	713.551880
1974.288086	756.269958
1974.068359	670.802795
1973.352539	713.385925
1973.128906	721.218994
1972.416992	729.287415
1972.189453	681.147705
1971.480469	739.841370
1971.250000	694.297058
1970.543945	702.323608
1970.309570	696.802185
1969.608398	718.218262
1969.369141	728.554688
1968.671875	731.437622
1968.428711	739.026001
1967.734375	707.286133
1967.488281	680.390381
1966.797852	701.822815
1966.547852	725.410950
1965.861328	741.718201
1965.606445	648.208191
1964.923828	693.569275
1964.665039	727.743652
1963.986328	730.784546
1963.723633	730.236755
1963.048828	751.986633
1962.782227	692.906433
1962.111328	730.522827
1961.839844	724.602478
1961.173828	762.379761
1960.898438	692.597107
1960.235352	754.247437
1959.956055	761.421326
1959.296875	754.112000
1959.012695	742.684082
1958.358398	714.013123
1958.070313	784.947632
1957.419922	719.212219
1957.127930	707.885620
1956.481445	687.123596
1956.184570	683.871277
1955.542969	766.883545
1955.241211	707.568848
1954.603516	740.122253
1954.297852	720.657776
1953.664063	750.636108
1953.353516	715.198547
1952.725586	734.532593
1952.409180	794.486938
1951.785156	729.078247
1951.465820	725.468750
1950.845703	728.946472
1950.520508	746.482788
1949.906250	744.774109
1949.576172	738.375793
1948.965820	739.320496
1948.631836	735.564087
1948.025391	733.868774
1947.686523	663.975281
1947.084961	752.345032
1946.741211	692.918030
1946.144531	749.550659
1945.795898	711.271179
1945.204102	667.032227
1944.849609	745.477234
1944.262695	728.022461
1943.904297	724.165955
1943.322266	765.081665
1942.958008	747.784119
1942.380859	711.821594
1942.011719	763.466248
1941.439453	751.525574
1941.065430	768.576538
1940.498047	793.870117
1940.118164	768.403320
1939.555664	769.834106
1939.170898	747.110352
1938.614258	719.265564
1938.223633	673.039490
1937.671875	703.212585
1937.276367	720.385498
1936.729492	700.431091
1936.329102	757.157410
1935.787109	763.967102
1935.380859	799.187683
1934.844727	745.262207
1934.432617	770.000244
1933.901367	697.395447
1933.484375	798.826477
1932.958984	792.711304
1932.536133	732.750977
1932.015625	742.202393
1931.587891	724.679565
1931.072266	789.770691
1930.638672	729.784729
1930.128906	800.224854
1929.689453	729.619446
1929.185547	744.443481
1928.740234	768.955261
1928.241211	768.145813
1927.791016	708.226318
1927.297852	791.839355
1926.840820	737.020081
1926.353516	730.794250
1925.890625	771.063904
1925.409180	749.191040
1924.940430	810.354187
1924.464844	783.461975
1923.990234	733.887878
1923.519531	804.488403
1923.040039	794.207153
1922.575195	799.048462
1922.088867	791.397400
1921.629883	775.092773
1921.137695	820.132385
1920.684570	793.463928
1920.186523	756.873047
1919.739258	761.584717
1919.235352	743.563599
1918.793945	798.458679
1918.283203	698.738098
1917.847656	721.652039
1917.331055	779.992249
1916.902344	774.377075
1916.378906	811.322144
1915.956055	776.876160
1915.426758	795.386902
1915.009766	816.361511
1914.474609	732.218933
1914.063477	771.305420
1913.521484	768.785583
1913.116211	784.367249
1912.568359	737.131104
1912.169922	784.221741
1911.615234	757.943848
1911.222656	760.316284
1910.662109	768.258789
1910.275391	768.093506
1909.708008	786.433228
1909.328125	818.091858
1908.753906	749.561523
1908.380859	762.530884
1907.799805	801.794861
1907.432617	812.511475
1906.845703	751.838013
1906.485352	785.984802
1905.891602	785.713379
1905.537109	777.927246
1904.936523	798.625488
1904.588867	856.878723
1903.981445	814.149414
1903.640625	746.004456
1903.026367	732.828064
1902.692383	822.296631
1902.071289	826.859009
1901.743164	851.128906
1901.115234	756.036011
1900.793945	785.105286
1900.159180	768.939514
1899.845703	769.153992
1899.203125	776.607300
1898.895508	755.842102
1898.247070	826.099182
1897.946289	792.564087
1897.290039	825.909119
1896.997070	726.600403
1896.333984	799.588623
1896.046875	821.220459
1895.376953	802.016907
1895.096680	831.592957
1894.419922	773.101990
1894.146484	802.494507
1893.461914	762.478821
1893.196289	807.605164
1892.504883	838.011108
1892.246094	757.480774
1891.546875	801.277405
1891.294922	762.597717
1890.588867	793.264160
1890.344727	751.937683
1889.629883	759.166260
1889.393555	820.141357
1888.671875	824.196228
1888.442383	788.449036
1887.712891	831.828491
1887.491211	785.672852
1886.753906	766.460815
1886.539063	830.186707
1885.794922	813.198730
1885.587891	769.616577
1884.835938	852.097412
1884.635742	764.219055
1883.875977	758.112854
1883.683594	764.074768
1882.916016	799.610657
1882.731445	742.928955
1881.956055	817.653137
1881.778320	850.401062
1880.996094	843.497253
1880.826172	810.877319
1880.035156	791.245789
1879.873047	766.120972
1879.074219	837.901184
1878.919922	831.556091
1878.113281	770.065613
1877.966797	781.567139
1877.152344	769.886536
1877.013672	807.641174
1876.191406	800.911804
1876.059570	723.593201
1875.229492	735.731445
1875.106445	791.607605
1874.267578	821.332153
1874.152344	817.664612
1873.305664	802.950928
1873.198242	838.471130
1872.342773	820.949341
1872.244141	775.438416
1871.380859	789.589844
1871.289063	783.148743
1870.417969	820.566345
1870.334961	874.655273
1869.455078	820.374756
1869.379883	811.651306
1868.491211	814.992065
1868.424805	821.967712
1867.528320	874.484497
1867.469727	834.897339
1866.564453	869.091431
1866.513672	837.354980
1865.600586	804.045654
1865.558594	769.173218
1864.636719	822.009094
1864.602539	808.262512
1863.671875	832.186462
1863.646484	808.108215
1862.708008	733.500244
1862.690430	839.330750
1861.743164	792.927368
1861.734375	786.885681
1860.778320	854.692444
1860.778320	784.969421
1859.821289	862.368713
1859.812500	818.455811
1858.864258	830.850830
1858.847656	838.979126
1857.907227	801.957153
1857.881836	836.193176
1856.950195	835.756104
1856.916016	835.996582
1855.993164	851.263367
1855.949219	828.037109
1855.035156	832.825012
1854.983398	799.385132
1854.077148	809.173157
1854.016602	843.165649
1853.119141	855.993103
1853.049805	850.724365
1852.161133	811.471741
1852.083008	860.864563
1851.203125	855.664307
1851.115234	814.139282
1850.244141	832.025757
1850.147461	844.954651
1849.286133	826.650330
1849.179688	857.671875
1848.327148	836.920227
1848.211914	836.807312
1847.368164	860.219666
1847.244141	800.459717
1846.408203	774.048584
1846.275391	872.552917
1845.449219	833.831055
1845.306641	851.699158
1844.489258	870.143433
1844.337891	866.979309
1843.530273	854.347290
1843.369141	799.702087
1842.570313	817.723450
1842.399414	856.252136
1841.609375	898.280701
1841.429688	874.098267
1840.649414	856.455872
1840.459961	902.247192
1839.688477	903.139099
1839.490234	788.634521
1838.728516	884.749084
1838.519531	930.161560
1837.767578	931.408569
1837.549805	914.484375
1836.805664	879.204468
1836.579102	878.211304
1835.844727	834.822449
1835.607422	965.545044
1834.882813	878.864014
1834.636719	916.405823
1833.921875	894.291870
1833.665039	869.863403
1832.959961	901.916016
1832.693359	890.239624
1831.998047	914.734497
1831.721680	892.599609
1831.035156	896.369812
1830.749023	879.528015
1830.073242	867.621460
1829.777344	935.882324
1829.110352	966.145203
1828.804688	879.107910
1828.147461	877.671082
1827.832031	925.155518
1827.184570	825.577393
1826.858398	922.364929
1826.221680	900.690674
1825.885742	904.163635
1825.258789	884.944580
1824.912109	850.018494
1824.294922	853.636658
1823.938477	939.674377
1823.331055	900.164856
1822.963867	849.611023
1822.367188	912.957642
1821.990234	854.539551
1821.403320	899.814087
1821.015625	890.252441
1820.438477	951.491028
1820.041016	936.207764
1819.474609	927.976440
1819.066406	928.289734
1818.509766	912.245667
1818.090820	846.027466
1817.544922	922.431946
1817.115234	833.008423
1816.580078	875.621094
1816.139648	876.370117
1815.614258	857.319336
1815.164063	881.282715
1814.649414	908.943420
1814.187500	888.754089
1813.683594	898.409363
1813.211914	926.949219
1812.717773	913.764954
1812.235352	878.085205
1811.751953	890.293518
1811.257813	880.432556
1810.786133	895.294312
1810.281250	887.896179
1809.819336	887.357727
1809.303711	854.425476
1808.852539	861.318420
1808.326172	882.351685
1807.885742	938.730530
1807.348633	902.593506
1806.918945	894.592468
1806.371094	904.931213
1805.952148	946.117310
1805.392578	920.046021
1804.984375	940.762512
1804.414063	896.827332
1804.017578	906.985657
1803.435547	871.065247
1803.049805	955.893921
1802.456055	932.145508
1802.082031	950.539978
1801.477539	893.621033
1801.113281	919.363281
1800.498047	924.034790
1800.145508	952.748047
1799.518555	921.258057
1799.176758	908.675659
1798.538086	954.201233
1798.208008	942.049194
1797.558594	943.765991
1797.239258	975.409424
1796.578125	938.435791
1796.270508	993.276794
1795.597656	943.305908
1795.301758	936.333496
1794.616211	912.489502
1794.332031	972.253723
1793.635742	912.266724
1793.362305	959.169861
1792.654297	922.234314
1792.392578	966.714233
1791.672852	914.367920
1791.422852	981.987732
1790.690430	906.505127
1790.452148	950.871094
1789.708984	868.097168
1789.482422	979.023315
1788.726563	939.147827
1788.511719	937.615906
1787.744141	1012.707947
1787.541016	978.636169
1786.760742	948.862854
1786.569336	968.143127
1785.778320	946.086792
1785.598633	980.823181
1784.794922	968.738098
1784.626953	960.038330
1783.811523	1009.171997
1783.656250	985.581360
1782.828125	978.427429
1782.684570	1047.133545
1781.843750	914.668091
1781.711914	1031.492065
1780.859375	955.084839
1780.740234	979.851746
1779.875000	970.086548
1779.767578	995.085022
1778.890625	992.697266
1778.795898	1084.864380
1777.905273	982.299438
1777.823242	1105.211060
1776.919922	966.831299
1776.849609	1035.608398
1775.934570	953.907593
1775.876953	991.725525
1774.949219	989.180908
1774.903320	1107.121094
1773.962891	1029.508057
1773.929688	1078.650513
1772.977539	1006.437378
1772.956055	1047.623535
1771.991211	1023.929504
1771.982422	1032.011841
1771.008789	1042.073120
1771.003906	1036.345093
1770.034180	1077.791992
1770.017578	1018.355530
1769.060547	1064.748901
1769.030273	962.385803
1768.085938	1067.101929
1768.042969	972.274780
1767.110352	1051.501343
1767.054688	989.752563
1766.135742	1033.342651
1766.067383	1009.752197
1765.160156	1053.645386
1765.079102	966.489685
1764.185547	1027.804077
1764.090820	994.073059
1763.209961	1058.349854
1763.102539	1011.527161
1762.233398	1045.328125
1762.113281	1066.895142
1761.257813	1080.981201
1761.124023	1018.605469
1760.281250	1009.055542
1760.134766	970.339661
1759.305664	1070.306763
1759.145508	985.255066
1758.329102	1080.332764
1758.155273	1007.739807
1757.351563	1036.604736
1757.165039	972.137329
1756.375000	1115.726440
1756.174805	981.991638
1755.397461	1028.514160
1755.184570	986.793274
1754.420898	1105.047607
1754.193359	1064.763184
1753.443359	1020.429688
1753.202148	1009.001099
1752.464844	1035.566772
1751.487305	1091.600830
1750.509766	1091.381836
1749.531250	1103.939941
1748.552734	1093.498657
1747.574219	1108.605347
1746.594727	1070.074463
1745.616211	1131.140137
1744.636719	1082.408569
1743.657227	1097.504883
1742.677734	1089.628662
1741.697266	1099.614502
1740.717773	1158.061523
1739.737305	1139.976196
1738.756836	1109.149414
1737.775391	1098.728760
1736.794922	1108.702271
1735.813477	1141.605591
1734.833008	1192.329468
1733.851563	1151.333740
1732.869141	1140.914551
1731.887695	1161.053467
1730.905273	1176.092896
1729.922852	1152.948975
1728.940430	1150.171265
1727.958008	1157.570923
1726.975586	1187.859985
1725.992188	1157.102539
1725.008789	1139.070435
1724.025391	1133.755615
1723.041992	1151.316772
1722.057617	1146.001343
1721.074219	1196.579224
1720.089844	1130.296875
1719.105469	1206.251953
1718.120117	1254.247437
1717.135742	1172.762573
1716.150391	1177.600342
1715.165039	1202.735352
1714.179688	1189.806519
1713.194336	1280.874512
1712.208008	1224.825073
1711.222656	1298.101196
1710.236328	1214.187500
1709.250000	1239.283691
1708.262695	1307.444214
1707.276367	1289.444946
1706.289063	1314.510132
1705.301758	1293.984131
1704.314453	1281.061768
1703.327148	1283.331787
1702.338867	1356.460693
1701.350586	1389.076538
1700.362305	1290.135620
1699.374023	1370.805420
1698.385742	1325.009888
1697.396484	1299.458008
1696.407227	1347.217163
1695.417969	1288.818604
1694.428711	1394.671387
1693.439453	1308.500122
1692.449219	1315.809082
1691.458984	1242.313965
1690.468750	1441.496094
1689.478516	1261.997314
1688.487305	1312.208374
1687.497070	1327.077271
1686.505859	1311.670654
1685.514648	1321.489502
1684.522461	1298.525879
1683.531250	1298.259521
1682.539063	1358.482056
1681.546875	1249.849365
1680.554688	1224.399414
1679.562500	1261.930298
1678.569336	1324.628662
1677.576172	1286.589600
1676.583008	1266.187012
1675.589844	1281.027222
1674.596680	1351.218262
1673.602539	1277.984497
1672.608398	1270.175903
1671.614258	1267.399780
1670.620117	1264.624634
1669.625977	1221.632080
1668.630859	1311.853027
1667.635742	1251.280029
1666.640625	1318.848633
1665.645508	1203.044189
1664.649414	1265.572388
1663.654297	1272.842896
1662.658203	1234.929932
1661.662109	1322.507568
1660.665039	1254.491821
1659.668945	1316.944336
1658.671875	1329.212036
1657.674805	1253.714355
1656.677734	1358.745483
1655.679688	1270.740723
1654.682617	1247.925049
1653.684570	1295.268555
1652.686523	1219.855347
1651.688477	1349.827271
1650.689453	1324.509766
1649.691406	1341.758301
1648.692383	1288.922363
1647.693359	1253.623779
1646.693359	1318.408691
1645.694336	1335.643677
1644.694336	1300.357056
1643.694336	1322.588745
1642.694336	1282.319824
1641.694336	1327.037964
1640.693359	1306.773438
1639.692383	1358.961914
1638.691406	1346.191650
1637.690430	1385.864746
1636.689453	1243.274170
1635.687500	1345.352295
1634.685547	1335.090454
1633.683594	1334.812622
1632.681641	1381.929565
1631.678711	1371.666016
1630.676758	1408.781738
1629.673828	1376.080566
1628.670898	1400.717651
1627.666992	1335.637329
1626.664063	1390.168457
1625.660156	1374.933594
1624.656250	1407.020752
1623.652344	1341.992920
1622.647461	1376.562500
1621.643555	1416.095093
1620.638672	1463.075562
1619.633789	1408.040527
1618.628906	1464.951660
1617.623047	1382.585571
1616.617188	1436.991821
1615.611328	1471.490112
1614.605469	1446.331299
1613.599609	1495.720459
1612.592773	1487.955200
1611.586914	1559.666626
1610.580078	1509.679565
1609.572266	1511.845947
1608.565430	1518.975220
1607.557617	1508.731079
1606.549805	1570.438599
1605.541992	1522.981323
1604.534180	1443.304932
1603.526367	1443.002197
1602.517578	1407.995361
1601.508789	1529.138794
1600.500000	1469.350098
1599.490234	1436.836548
1598.481445	1515.791870
1597.471680	1545.188721
1596.461914	1383.940674
1595.452148	1482.658691
1594.441406	1455.125244
1593.430664	1486.983643
1592.420898	1479.249878
1591.409180	1409.690674
1590.398438	1406.921387
1589.387695	1458.539307
1588.375977	1435.988037
1587.364258	1430.743530
1586.352539	1395.854492
1585.339844	1435.080688
1584.328125	1410.083252
1583.315430	1419.661865
1582.302734	1439.110107
1581.289063	1428.934814
1580.276367	1401.491699
1579.262695	1413.530396
1578.249023	1460.093140
1577.235352	1390.740967
1576.220703	1437.288574
1575.207031	1316.209106
1574.192383	1338.109619
1573.177734	1384.638428
1572.163086	1342.470459
1571.147461	1379.127441
1570.131836	1341.902588
1569.117188	1346.542114
1568.100586	1393.019165
1567.084961	1318.905029
1566.068359	1311.245361
1565.052734	1325.725220
1564.036133	1315.608032
1563.018555	1369.417603
1562.001953	1405.997925
1560.984375	1331.974365
1559.966797	1400.487793
1558.949219	1368.256470
1557.931641	1353.230469
1556.913086	1399.596436
1555.894531	1409.119019
1554.875977	1315.552979
1553.857422	1364.350952
1552.837891	1329.714233
1551.819336	1407.922119
1550.799805	1388.004517
1549.780273	1436.744995
1548.759766	1313.876343
1547.740234	1318.498413
1546.719727	1328.018799
1545.699219	1273.842773
1544.678711	1327.453491
1543.657227	1390.835938
1542.636719	1361.162109
1541.615234	1417.167114
1540.593750	1411.971069
1539.571289	1326.040161
1538.549805	1347.771851
1537.527344	1296.128418
1536.504883	1369.202148
1535.481445	1361.576538
1534.458984	1351.510132
1533.435547	1343.891357
1532.412109	1309.403564
1531.388672	1331.105469
1530.365234	1264.890503
1529.340820	1332.978149
1528.316406	1286.317505
1527.291992	1305.564941
1526.267578	1315.044922
1525.243164	1283.053223
1524.217773	1304.727417
1523.192383	1333.706787
1522.166992	1345.609863
1521.140625	1403.813965
1520.115234	1337.723633
1519.088867	1308.203491
1518.062500	1312.794434
1517.036133	1370.955200
1516.008789	1404.745239
1514.981445	1375.235474
1513.954102	1318.969482
1512.926758	1333.284546
1511.899414	1408.405273
1510.871094	1412.966919
1509.842773	1383.486328
1508.814453	1358.880127
1507.786133	1324.562744
1506.756836	1397.174194
1505.727539	1367.721802
1504.698242	1369.856567
1503.668945	1320.995972
1502.639648	1412.967529
1501.609375	1415.090820
1500.579102	1356.544678
1499.548828	1368.383789
1498.518555	1406.900146
1497.487305	1392.046143
1496.456055	1367.499878
1495.424805	1413.263550
1494.393555	1442.042236
1493.361328	1432.039063
1492.330078	1368.743774
1491.297852	1443.531616
1490.264648	1457.749268
1489.232422	1445.329834
1488.199219	1430.494995
1487.166016	1468.905273
1486.132813	1427.457886
1485.099609	1405.379517
1484.065430	1441.351440
1483.032227	1397.518677
1481.998047	1457.649780
1480.962891	1404.164795
1479.928711	1420.775146
1478.893555	1381.815552
1477.858398	1371.855591
1476.823242	1337.752686
1475.788086	1371.261719
1474.751953	1421.651855
1473.715820	1399.625610
1472.679688	1341.419312
1471.643555	1377.310059
1470.606445	1389.069458
1469.569336	1376.712891
1468.532227	1383.645874
1467.495117	1429.135986
1466.458008	1351.722168
1465.419922	1397.199097
1464.381836	1394.487305
1463.343750	1370.105347
1462.305664	1420.362915
1461.266602	1427.274902
1460.227539	1398.088501
1459.188477	1337.638916
1458.149414	1402.291260
1457.109375	1442.867432
1456.069336	1435.340698
1455.029297	1394.164917
1453.989258	1420.296753
1452.949219	1528.108276
1451.908203	1434.091187
1450.867188	1397.754150
1449.826172	1464.680786
1448.784180	1521.975708
1447.743164	1497.643188
1446.701172	1482.919312
1445.659180	1458.605591
1444.617188	1446.294800
1443.574219	1477.152832
1442.531250	1505.599731
1441.488281	1512.461670
1440.445313	1596.005493
1439.401367	1490.238037
1438.358398	1585.726563
1437.314453	1542.272949
1436.269531	1611.370605
1435.225586	1675.650391
1434.180664	1555.620605
1433.135742	1610.313232
1432.090820	1655.412720
1431.045898	1681.358887
1430.000000	1637.949585
1428.954102	1654.325317
1427.908203	1740.007080
1426.862305	1739.625610
1425.816406	1744.022339
1424.769531	1717.365723
1423.722656	1709.824951
1422.674805	1804.949707
1421.627930	1744.879150
1420.580078	1756.428223
1419.532227	1736.955078
1418.484375	1777.125366
1417.436523	1733.807007
1416.387695	1697.660522
1415.338867	1778.337524
1414.290039	1808.929443
1413.241211	1806.148682
1412.191406	1808.133423
1411.141602	1805.353760
1410.091797	1840.674438
1409.041992	1756.945068
1407.991211	1775.599243
1406.940430	1718.096802
1405.889648	1691.547852
1404.838867	1653.117432
1403.788086	1707.448364
1402.736328	1702.316528
1401.684570	1661.531738
1400.632813	1611.258667
1399.580078	1610.902954
1398.528320	1615.297974
1397.475586	1624.440796
1396.421875	1583.717285
1395.369141	1611.853516
1394.315430	1580.643677
1393.261719	1651.478516
1392.208008	1565.710815
1391.154297	1667.350098
1390.099609	1676.465942
1389.045898	1647.646240
1387.990234	1670.983154
1386.935547	1699.048828
1385.880859	1570.738892
1384.825195	1764.616943
1383.769531	1773.697998
1382.712891	1775.672119
1381.657227	1796.581421
1380.600586	1760.685059
1379.543945	1788.686035
1378.487305	1729.152222
1377.429688	1747.687622
1376.373047	1820.595947
1375.315430	1716.180298
1374.257813	1725.252197
1373.199219	1649.257813
1372.140625	1670.151733
1371.082031	1674.503540
1370.023438	1685.937134
1368.964844	1621.822021
1367.905273	1604.939331
1366.845703	1637.617188
1365.786133	1705.667725
1364.726563	1653.397583
1363.666016	1605.866821
1362.605469	1640.872314
1361.544922	1501.440186
1360.484375	1642.496460
1359.422852	1529.041870
1358.361328	1653.540283
1357.299805	1660.235718
1356.238281	1584.523315
1355.176758	1633.600830
1354.114258	1536.747559
1353.051758	1590.519043
1351.988281	1623.095459
1350.925781	1568.641113
1349.862305	1563.587402
1348.798828	1584.393799
1347.735352	1534.684448
1346.670898	1698.818115
1345.607422	1564.535522
1344.542969	1547.744385
1343.477539	1601.403442
1342.413086	1617.477051
1341.347656	1598.337646
1340.282227	1651.948730
1339.216797	1616.387817
1338.150391	1627.751953
1337.084961	1564.072754
1336.018555	1648.119873
1334.952148	1626.654297
1333.884766	1645.035156
1332.817383	1654.036377
1331.750000	1775.463623
1330.682617	1702.468872
1329.615234	1652.919189
1328.546875	1659.568848
1327.478516	1801.946411
1326.410156	1773.464111
1325.341797	1766.046753
1324.272461	1667.426758
1323.203125	1788.630493
1322.133789	1671.349121
1321.063477	1684.993774
1319.994141	1668.257690
1318.923828	1656.200806
1317.853516	1681.516235
1316.782227	1683.470825
1315.711914	1622.395996
1314.640625	1608.025757
1313.569336	1614.661743
1312.497070	1642.289673
1311.425781	1620.927246
1311.421875	1536.337891
1310.353516	1571.593384
1310.349609	1566.645020
1309.281250	1464.001343
1309.277344	1552.379883
1308.208008	1524.267090
1308.204102	1482.187988
1307.135742	1554.213379
1307.130859	1486.583008
1306.062500	1549.201416
1306.057617	1493.305908
1304.988281	1523.229736
1304.984375	1548.939941
1303.915039	1515.898071
1303.911133	1399.617920
1302.840820	1503.913574
1302.837891	1434.292725
1301.767578	1552.449585
1301.763672	1496.890503
1300.692383	1468.325317
1300.689453	1601.361572
1299.618164	1537.785034
1299.615234	1498.679199
1298.542969	1551.390747
1298.541016	1551.923950
1297.468750	1488.252197
1297.465820	1507.444458
1296.392578	1550.684692
1296.391602	1493.217163
1295.317383	1478.277222
1295.316406	1460.391113
1294.241211	1501.178589
1294.241211	1485.702637
1293.166016	1483.109375
1293.165039	1521.745972
1292.089844	1466.571411
1292.088867	1461.007690
1291.013672	1512.781372
1291.012695	1483.896729
1289.938477	1533.417358
1289.935547	1536.957031
1288.862305	1502.940918
1288.858398	1443.760132
1287.785156	1549.118286
1287.781250	1584.988770
1286.708984	1572.057617
1286.704102	1561.425903
1285.631836	1625.170044
1285.625977	1586.584473
1284.554688	1538.988037
1284.547852	1618.688477
1283.477539	1601.369873
1283.469727	1592.814819
1282.400391	1577.873779
1282.391602	1562.316895
1281.323242	1531.186279
1281.312500	1585.134033
1280.245117	1431.165771
1280.233398	1517.580688
1279.166992	1546.860718
1279.154297	1503.334961
1278.088867	1511.797119
1278.075195	1496.043091
1277.010742	1497.610596
1276.995117	1407.718018
1275.931641	1453.296875
1275.915039	1453.691284
1274.853516	1497.061523
1274.834961	1497.328979
1273.774414	1420.325562
1273.753906	1483.103271
1272.695313	1496.511841
1272.673828	1480.449707
1271.615234	1447.597534
1271.592773	1452.357910
1270.536133	1421.858154
1270.510742	1433.527344
1269.456055	1440.118774
1269.429688	1463.249023
1268.375977	1495.410522
1268.347656	1416.691284
1267.295898	1395.613403
1267.265625	1460.265991
1266.215820	1423.124146
1266.183594	1439.140137
1265.134766	1473.760498
1265.101563	1452.666016
1264.054688	1415.658813
1264.018555	1486.966064
1262.973633	1420.022461
1262.935547	1435.838379
1261.892578	1422.072021
1261.852539	1511.668213
1260.810547	1491.165039
1260.768555	1391.337280
1259.729492	1481.642822
1259.684570	1370.255127
1258.647461	1386.615845
1258.600586	1404.533691
1257.565430	1370.184204
1257.516602	1376.540649
1256.483398	1386.100830
1256.432617	1477.653198
1255.401367	1376.604126
1255.347656	1415.085205
1254.318359	1473.338867
1254.262695	1423.975220
1253.235352	1410.724854
1253.177734	1458.200806
1252.152344	1424.312622
1252.091797	1381.861450
1251.069336	1384.810669
1251.005859	1443.711426
1249.986328	1403.012939
1249.919922	1441.075562
1248.902344	1310.464600
1248.833984	1429.234619
1247.818359	1467.077026
1247.747070	1431.204834
1246.734375	1503.703247
1246.660156	1338.855835
1245.650391	1339.705566
1245.573242	1393.743530
1244.566406	1385.563232
1244.486328	1421.013062
1243.481445	1438.318481
1243.398438	1457.465210
1242.396484	1428.830444
1242.311523	1413.459351
1241.311523	1442.386963
1241.222656	1410.833618
1240.226563	1416.775269
1240.134766	1369.155884
1239.141602	1428.025269
1239.045898	1465.299805
1238.055664	1372.488647
1237.958008	1487.921143
1236.969727	1388.347046
1236.868164	1416.410645
1235.883789	1413.407227
1235.779297	1530.836792
1234.797852	1362.506958
1234.689453	1445.581543
1233.710938	1403.669678
1233.599609	1374.130005
1232.624023	1387.300049
1232.509766	1403.625854
1231.537109	1451.444458
1231.419922	1362.025513
1230.450195	1435.071533
1230.329102	1382.340210
1229.363281	1450.895508
1229.238281	1354.515259
1228.275391	1397.745605
1228.147461	1420.649292
1227.188477	1369.898926
1227.055664	1340.138794
1226.100586	1332.870361
1225.964844	1374.180664
1225.011719	1385.462769
1224.872070	1341.803223
1223.923828	1410.468750
1223.780273	1357.514526
1222.834961	1391.826904
1222.688477	1407.548828
1221.747070	1426.006958
1221.595703	1450.694946
1220.657227	1405.072876
1220.502930	1351.987793
1219.568359	1384.146484
1219.409180	1491.184326
1218.479492	1452.732788
1218.316406	1358.215088
1217.389648	1431.804810
1217.222656	1440.193970
1216.299805	1406.296387
1216.128906	1446.713257
1215.209961	1406.028076
1215.035156	1450.944214
1214.120117	1481.436646
1213.940430	1446.035278
1213.029297	1471.982300
1212.845703	1477.670654
1211.938477	1432.730469
1211.750977	1358.590088
1210.847656	1492.046509
1210.655273	1543.178833
1209.756836	1464.262939
1209.560547	1515.429321
1208.666016	1427.325562
1208.464844	1562.989868
1207.574219	1509.514038
1207.369141	1462.249756
1206.482422	1506.934204
1206.272461	1539.448608
1205.390625	1511.224365
1205.175781	1502.604614
1204.298828	1572.744995
1204.079102	1452.100098
1203.207031	1435.111450
1202.982422	1624.966553
1202.114258	1434.835449
1201.885742	1519.772095
1201.021484	1564.973755
1200.788086	1546.749878
1199.928711	1550.947266
1199.690430	1560.049927
1198.835938	1534.638672
1198.591797	1532.359253
1197.742188	1477.176514
1197.494141	1534.274170
1196.648438	1538.619141
1196.395508	1486.119629
1195.554688	1524.607422
1195.296875	1501.695923
1194.460938	1485.462402
1194.197266	1542.286865
1193.367188	1448.617065
1193.098633	1548.745117
1192.272461	1416.354614
1191.999023	1475.621094
1191.177734	1432.068481
1190.899414	1443.448120
1190.083008	1463.760986
1189.798828	1434.016113
1188.988281	1376.718994
1188.698242	1385.963257
1187.893555	1333.081177
1187.597656	1331.118164
1186.797852	1312.282471
1186.497070	1323.989868
1185.702148	1341.690918
1185.396484	1412.223877
1184.606445	1316.335571
1184.294922	1289.313354
1183.509766	1268.180786
1183.193359	1295.815674
1182.414063	1299.860474
1182.090820	1266.013184
1181.317383	1340.647827
1180.989258	1329.224976
1180.220703	1285.677002
1179.886719	1322.105957
1179.124023	1269.472656
1178.784180	1287.783325
1178.026367	1292.011963
1177.680664	1335.077515
1176.929688	1298.594604
1176.578125	1321.163086
1175.832031	1245.952026
1175.474609	1309.520630
1174.734375	1254.817993
1174.371094	1322.799194
1173.635742	1329.710571
1173.266602	1324.748657
1172.538086	1283.921509
1172.162109	1251.985352
1171.439453	1322.362427
1171.057617	1342.224731
1170.340820	1203.774170
1169.953125	1321.538452
1169.242188	1253.591064
1168.848633	1332.534790
1168.142578	1266.993408
1167.743164	1255.314575
1167.043945	1253.099609
1166.637695	1279.888794
1165.944336	1316.519531
1165.531250	1288.625977
1164.844727	1316.261108
1164.425781	1272.496338
1163.744141	1297.819458
1163.319336	1272.192017
1162.644531	1363.465210
1162.211914	1337.402100
1161.543945	1260.957275
1161.105469	1300.944580
1160.443359	1326.584106
1159.998047	1296.116821
1159.342773	1305.882935
1158.890625	1311.608765
1158.241211	1298.813843
1157.783203	1266.155029
1157.140625	1282.666382
1156.675781	1268.107666
1156.039063	1282.413452
1155.567383	1292.617920
1154.937500	1282.160400
1154.458984	1353.201660
1153.835938	1343.166504
1153.349609	1357.386108
1152.733398	1270.311890
1152.241211	1287.178101
1151.630859	1338.099854
1151.131836	1300.390747
1150.528320	1267.542236
1150.022461	1261.774048
1149.425781	1271.825562
1148.912109	1254.712524
1148.323242	1321.439453
1147.801758	1319.720703
1147.219727	1312.113037
1146.691406	1319.402710
1146.116211	1295.992920
1145.581055	1276.315674
1145.012695	1227.777710
1144.470703	1307.514282
1143.909180	1288.684448
1143.359375	1302.698975
1142.804688	1306.543579
1142.248047	1264.145142
1141.700195	1285.908813
1141.135742	1311.065186
1140.595703	1267.545410
1140.024414	1286.017212
1139.491211	1323.869019
1138.912109	1310.431396
1138.386719	1255.728516
1137.798828	1312.361694
1137.281250	1298.458862
1136.686523	1309.797363
1136.175781	1291.415283
1135.573242	1352.156250
1135.070313	1311.509033
1134.459961	1320.390869
1133.963867	1354.202271
1133.346680	1344.765991
1132.858398	1335.849609
1132.232422	1270.372192
1131.751953	1297.165283
1131.118164	1353.089355
1130.645508	1305.943970
1130.003906	1366.221191
1129.539063	1346.344482
1128.889648	1318.789795
1128.431641	1291.871094
1127.774414	1381.253540
1127.325195	1336.774048
1126.659180	1338.324585
1126.217773	1255.232544
1125.543945	1329.034180
1125.109375	1338.496216
1124.428711	1371.283203
1124.001953	1302.120850
1123.312500	1326.147095
1122.893555	1331.191284
1122.196289	1384.052734
1121.786133	1360.249878
1121.079102	1383.715454
1120.677734	1355.466309
1119.962891	1365.470215
1119.568359	1395.782471
1118.845703	1331.567993
1118.459961	1359.431152
1117.728516	1344.667236
1117.350586	1314.078247
1116.610352	1313.023193
1116.241211	1331.842407
1115.492188	1319.411133
1115.131836	1311.296875
1114.374023	1274.373657
1114.021484	1295.264648
1113.255859	1253.945190
1112.912109	1274.734375
1112.136719	1343.024170
1111.801758	1245.205200
1111.018555	1329.290649
1110.691406	1292.231079
1109.898438	1257.491211
1109.580078	1264.960815
1108.779297	1174.561646
1108.469727	1255.704224
1107.659180	1203.295532
1107.358398	1196.953247
1106.539063	1269.957642
1106.247070	1212.457764
1105.418945	1169.234375
1105.134766	1198.718872
1104.297852	1153.331421
1104.023438	1205.222412
1103.177734	1208.804688
1102.911133	1144.280151
1102.055664	1215.196533
1101.798828	1128.315308
1100.934570	1185.918335
1100.686523	1226.963135
1099.812500	1174.483154
1099.574219	1096.404419
1098.690430	1122.948242
1098.460938	1145.600464
1097.568359	1198.407227
1097.347656	1127.401733
1096.446289	1109.032715
1096.234375	1080.020508
1095.323242	1142.155518
1095.121094	1104.495483
1094.200195	1081.774902
1094.006836	1095.293579
1093.076172	1065.930420
1092.892578	1072.631226
1091.953125	1096.813843
1091.778320	1112.797119
1090.829102	1165.493530
1090.664063	1121.543457
1089.704102	1111.837036
1089.548828	1119.072754
1088.580078	1138.239258
1088.434570	1047.095581
1087.455078	1124.621948
1087.319336	1143.276489
1086.330078	1055.460571
1086.203125	1046.669434
1085.204102	1132.950317
1085.087891	1127.125366
1084.079102	1163.762085
1083.971680	1120.174683
1082.953125	1152.371338
1082.855469	1162.504272
1081.827148	1152.085083
1081.739258	1146.591187
1080.700195	1138.483276
1080.623047	1012.018494
1079.573242	1167.043457
1079.505859	1181.939575
1078.446289	1204.461792
1078.388672	1098.889893
1077.319336	1128.763184
1077.271484	1154.605591
1076.191406	1192.776733
1076.154297	1053.697754
1075.063477	1192.479492
1075.036133	1140.713379
1073.935547	1107.975952
1073.918945	1185.204712
1072.806641	1152.007446
1072.800781	1182.726440
1071.681641	1124.365967
1071.677734	1193.802002
1070.563477	1032.506226
1070.548828	1096.074951
1069.444336	1117.202026
1069.419922	1151.144409
1068.325195	1123.674805
1068.290039	1124.298340
1067.206055	1110.043457
1067.160156	1137.292847
1066.086914	1141.078125
1066.030273	1145.856323
1064.966797	1096.192383
1064.899414	1130.088623
1063.846680	1127.216919
1063.768555	1143.071167
1062.726563	1082.352173
1062.637695	1100.786621
1061.606445	1084.360962
1061.506836	1124.818848
1060.485352	1126.521973
1060.375000	1111.280640
1059.364258	1159.744385
1059.243164	1099.957642
1058.243164	1032.406006
1058.111328	1132.804077
1057.122070	1092.386230
1056.978516	1136.934448
1056.000000	1150.112671
1055.845703	1141.062378
1054.877930	1065.194824
1054.712891	1072.372681
1053.755859	1109.534912
1053.580078	1111.809937
1052.633789	1091.485962
1052.446289	1120.351318
1051.511719	1082.352417
1051.312500	1172.985352
1050.388672	1084.355713
1050.177734	1166.076294
1049.265625	1139.785400
1049.043945	1148.151855
1048.142578	1099.487549
1047.909180	1154.471191
1047.018555	1119.287354
1046.774414	1134.355591
1045.895508	1192.473145
1045.638672	1162.695557
1044.771484	1123.273193
1044.502930	1151.393555
1043.646484	1125.264526
1043.367188	1219.331543
1042.522461	1131.701782
1042.231445	1109.002441
1041.397461	1164.811279
1041.094727	1139.518921
1040.273438	1142.345337
1039.958008	1134.831177
1039.147461	1104.334595
1038.821289	1196.107300
1038.022461	1159.644165
1037.683594	1147.443726
1036.896484	1128.308472
1036.545898	1136.163818
1035.771484	1190.251709
1035.408203	1140.268921
1034.645508	1150.041870
1034.269531	1175.122437
1033.518555	1134.265137
1033.131836	1054.046875
1032.392578	1171.756470
1031.992188	1176.718994
1031.265625	1151.544067
1030.853516	1161.055298
1030.138672	1186.797607
1029.713867	1167.341675
1029.011719	1153.282959
1028.574219	1151.687744
1027.883789	1164.130005
1027.434570	1147.007202
1026.755859	1137.284546
1026.294922	1164.254517
1025.627930	1145.913574
1025.154297	1109.156372
1024.500000	1178.915039
1024.012695	1238.167847
1023.372070	1158.729370
1022.872070	1200.605591
1022.243164	1123.046509
1021.730469	1143.349487
1021.114258	1189.250977
1020.588867	1127.727905
1019.985352	1231.071899
1019.447266	1144.952026
1018.855469	1221.960083
1018.304688	1159.978516
1017.726563	1153.094727
1017.162109	1142.175781
1016.596680	1150.641113
1016.019531	1126.569580
1015.466797	1192.434570
1014.875977	1170.018677
1014.335938	1147.948364
1013.732422	1147.853516
1013.206055	1158.765259
1012.588867	1197.831787
1012.075195	1207.163208
1011.445313	1110.112549
1010.944336	1200.279175
1010.300781	1109.826172
1009.812500	1160.248047
1009.156250	1151.038330
1008.681641	1157.795532
1008.010742	1150.740967
1007.549805	1179.643677
1006.866211	1176.639648
1006.417969	1102.095215
1005.720703	1176.335327
1005.285156	1207.855103
1004.574219	1119.302124
1004.153320	1156.825073
1003.428711	1171.363770
1003.020508	1180.861816
1002.282227	1160.156494
1001.887695	1207.094971
1001.135742	1098.810669
1000.753906	1107.558472
999.988281	1198.787842
999.621094	1133.795776
998.840820	1133.105103
998.487305	1201.923828
997.693359	1128.453735
997.353516	1126.704590
996.545898	1160.829102
996.219727	1152.921021
995.397461	1103.916016
995.084961	1115.210938
994.249023	1195.053589
993.950195	1165.656982
993.100586	1105.517456
992.815430	1172.020752
991.951172	1198.782104
991.680664	1169.571411
990.801758	1135.392090
990.545898	1228.782349
989.652344	1104.652588
989.410156	1186.691895
988.274414	1142.417969
987.138672	1175.187988
986.001953	1157.338013
984.865234	1185.691162
983.728516	1145.852905
982.591797	1152.207642
981.455078	1103.599365
980.317383	1160.512573
979.179688	1182.242065
978.041992	1184.189087
976.903320	1104.862915
975.765625	1181.492065
974.626953	1172.459473
973.487305	1183.187012
972.348633	1180.741699
971.208984	1191.462646
970.069336	1180.241333
968.929688	1162.444702
967.790039	1135.884277
966.649414	1203.606445
965.508789	1249.380859
964.368164	1229.392700
963.226563	1148.065918
962.085938	1235.442017
960.944336	1189.188721
959.802734	1241.485596
958.660156	1168.981201
957.517578	1210.316650
956.375977	1201.306396
955.232422	1225.115356
954.089844	1115.492554
952.946289	1200.539063
951.802734	1149.998169
950.659180	1169.425659
949.515625	1164.805542
948.371094	1197.330811
947.226563	1135.910889
946.082031	1146.588379
944.937500	1155.077637
943.791992	1108.987061
942.646484	1110.932739
941.500977	1091.056274
940.354492	1136.637695
939.208984	1053.509766
938.062500	1164.500732
936.916016	1166.431885
935.768555	1098.609009
934.621094	1094.015259
933.474609	1089.423218
932.326172	1134.935791
931.178711	1165.183350
930.030273	1140.981689
928.881836	1140.737061
927.733398	1118.727173
926.584961	1103.254883
925.435547	1133.476196
924.286133	1111.481689
923.136719	1143.862671
921.986328	1143.616943
920.836914	1223.798462
919.686523	1193.109985
918.535156	1188.507813
917.384766	1155.667603
916.233398	1201.027588
915.082031	1202.940552
913.930664	1176.630615
912.779297	1169.865967
911.626953	1191.313721
910.474609	1273.498047
909.322266	1169.109863
908.168945	1207.892090
907.015625	1218.472046
905.862305	1205.203369
904.708984	1252.620850
903.555664	1258.850586
902.401367	1254.246338
901.247070	1314.616699
900.091797	1251.539185
898.937500	1283.741089
897.782227	1281.299194
896.626953	1296.169312
895.471680	1406.223511
894.315430	1362.660156
893.159180	1392.640015
892.002930	1400.986572
890.846680	1491.468140
889.689453	1523.561279
888.532227	1616.137451
887.375000	1704.353027
886.217773	1654.311035
885.059570	1792.141479
883.901367	1854.356079
882.743164	1935.968018
881.584961	2058.542480
880.425781	2071.039551
879.266602	2139.609375
878.107422	1966.632935
876.948242	1927.398926
875.788086	1916.202637
874.627930	1805.881592
873.467773	1844.270142
872.307617	1723.242065
871.146484	1615.187866
869.985352	1563.161499
868.824219	1562.821167
867.662109	1584.002563
866.500000	1484.678955
865.337891	1467.145508
864.175781	1421.659546
863.013672	1324.585938
861.850586	1246.903076
860.687500	1259.527222
859.523438	1293.634766
858.360352	1301.946045
857.196289	1209.299683
856.032227	1267.017822
854.868164	1232.388672
853.703125	1272.903809
852.538086	1326.277588
851.373047	1201.542236
850.208008	1222.730835
849.041992	1273.935547
847.875977	1252.214844
846.709961	1236.934570
845.542969	1277.385864
844.376953	1279.248901
843.209961	1289.680298
842.041992	1330.093018
840.875000	1366.205078
839.707031	1323.087280
838.539063	1404.134155
837.371094	1438.065796
836.202148	1531.888794
835.034180	1570.055298
833.865234	1762.182007
832.695313	1896.495361
831.526367	2133.355957
830.356445	2318.820313
829.186523	2519.159912
828.015625	2747.181885
826.845703	3009.275391
825.674805	3273.388672
824.503906	3368.735352
823.332031	3489.651611
822.160156	3465.410889
820.988281	3351.577637
819.816406	3293.250244
818.644531	2989.715088
817.471680	2878.192627
816.298828	2679.326416
815.125977	2550.872559
813.952148	2273.333984
812.778320	2093.903076
811.604492	2018.903442
810.430664	1850.253174
809.255859	1783.854858
808.081055	1681.305786
806.906250	1561.779541
805.731445	1629.508057
804.555664	1575.977295
803.379883	1496.953857
802.204102	1573.154785
801.028320	1553.678223
799.851563	1517.210571
798.674805	1485.007690
797.498047	1503.795166
796.320313	1497.091675
795.142578	1392.729980
793.964844	1447.609009
792.787109	1413.334351
791.608398	1396.047974
790.429688	1414.829224
789.250977	1359.376953
788.072266	1382.398193
786.892578	1326.977539
785.712891	1328.802368
784.533203	1320.032104
783.353516	1334.567627
782.172852	1342.742920
780.992188	1310.683350
779.810547	1297.690552
778.629883	1272.004395
777.448242	1326.737915
776.266602	1311.634155
775.084961	1247.890503
773.902344	1294.134033
772.719727	1274.818970
771.537109	1268.194214
770.353516	1314.402100
769.170898	1284.531372
767.987305	1337.051392
766.803711	1317.747559
765.619141	1325.899170
764.434570	1376.263672
763.250000	1437.157349
762.065430	1379.869751
760.879883	1474.485962
759.694336	1573.277710
758.508789	1638.289551
757.323242	1690.624023
756.136719	1696.569214
754.950195	1656.156006
753.763672	1556.775879
752.576172	1552.215820
751.389648	1537.129272
750.202148	1562.047852
749.013672	1488.033569
747.826172	1458.241333
746.637695	1483.160278
745.449219	1421.832642
744.259766	1427.822876
743.071289	1419.093750
741.881836	1364.126709
740.691406	1401.646729
739.501953	1428.645020
738.311523	1354.808105
737.121094	1358.704346
735.930664	1356.300171
734.739258	1343.401611
733.547852	1347.297363
732.356445	1380.564941
731.165039	1346.692627
729.972656	1354.779053
728.780273	1335.604370
727.587891	1379.325439
726.394531	1374.823975
725.202148	1374.514893
724.008789	1374.205933
722.814453	1365.519531
721.621094	1365.212402
720.426758	1438.174683
719.232422	1429.479370
718.037109	1416.602783
716.841797	1458.123779
715.646484	1380.408813
714.451172	1329.912598
713.255859	1438.323364
712.059570	1444.269531
710.863281	1420.957886
709.666016	1399.745850
708.469727	1422.405762
707.272461	1382.408569
706.075195	1448.904907
704.876953	1486.149048
703.678711	1481.639893
702.480469	1450.010132
701.282227	1516.430542
700.083984	1543.198120
698.884766	1538.679565
697.685547	1432.024292
696.485352	1577.579712
695.285156	1539.719604
694.084961	1522.706909
692.884766	1541.105469
691.684570	1478.293579
690.483398	1552.897583
689.282227	1552.546021
688.080078	1606.292236
686.878906	1539.361328
685.676758	1651.318726
684.474609	1628.072388
683.271484	1604.836426
682.068359	1673.057373
680.865234	1647.743530
679.662109	1616.208740
678.458008	1688.534058
677.254883	1698.532959
676.049805	1733.438843
674.845703	1650.024902
673.640625	1753.401611
672.435547	1750.928589
671.230469	1717.345093
670.024414	1745.985229
668.819336	1762.173340
667.613281	1726.536987
666.406250	1757.227051
665.199219	1702.962158
663.992188	1690.146851
662.785156	1685.620361
661.578125	1623.126953
660.370117	1620.687256
659.162109	1580.999878
657.953125	1615.810669
656.745117	1574.073730
655.536133	1563.374878
654.327148	1536.140991
653.117188	1546.125488
651.907227	1483.776245
650.697266	1588.807007
649.487305	1518.213867
648.276367	1449.717896
647.065430	1441.128052
645.854492	1546.071899
644.643555	1469.361206
643.431641	1477.278076
642.219727	1466.626343
641.007813	1488.975952
639.794922	1422.656982
638.582031	1543.950928
637.369141	1461.162231
636.155273	1479.371216
634.942383	1549.070068
633.728516	1524.001465
632.513672	1523.652100
631.299805	1541.829468
630.084961	1541.475830
628.869141	1539.064697
627.654297	1542.825684
626.438477	1495.169067
625.222656	1597.633667
624.006836	1564.375732
622.790039	1607.175903
621.573242	1629.408691
620.356445	1633.142700
619.139648	1708.757690
617.921875	1654.978394
616.704102	1640.227783
615.486328	1594.697998
614.267578	1598.434814
613.048828	1704.741333
611.830078	1628.463257
610.610352	1623.987183
609.391602	1656.413330
608.171875	1723.666504
606.951172	1696.631226
605.731445	1737.212036
604.510742	1749.100098
603.289063	1748.696533
602.068359	1711.443726
600.846680	1692.628296
599.625000	1786.364258
598.403320	1765.494141
597.180664	1642.368774
595.958008	1756.499023
594.735352	1756.093018
593.511719	1763.862427
592.289063	1659.241089
591.064453	1673.157715
589.840820	1736.086670
588.616211	1727.516846
587.391602	1772.030029
586.166992	1661.403687
584.942383	1697.748901
583.716797	1791.199585
582.491211	1762.229736
581.264648	1739.390625
580.038086	1759.373901
578.811523	1765.080322
577.584961	1750.406616
576.358398	1817.229614
575.130859	1820.881226
573.902344	1777.695923
572.674805	1791.533691
571.446289	1811.470947
570.217773	1835.468506
568.989258	1794.353516
567.759766	1834.614990
566.530273	1866.723633
565.300781	1809.365234
564.070313	1796.748901
562.840820	1816.651001
561.610352	1824.354248
560.378906	1736.591797
559.147461	1766.646484
557.916016	1709.390259
556.684570	1769.882080
555.453125	1787.732056
554.220703	1791.372437
552.988281	1707.795654
551.754883	1701.313477
550.521484	1694.834229
549.288086	1789.699829
548.054688	1706.200562
546.820313	1728.086548
545.585938	1749.962158
544.351563	1711.078857
543.117188	1684.360474
541.881836	1625.270264
540.646484	1719.995483
539.410156	1650.808960
538.174805	1642.332031
536.938477	1680.367188
535.701172	1635.497437
534.464844	1620.965942
533.227539	1614.523804
531.990234	1636.367310
530.751953	1656.180664
529.513672	1554.828979
528.275391	1623.102539
527.037109	1695.380493
525.797852	1610.233032
524.558594	1502.934448
523.319336	1601.408569
522.079102	1613.130493
520.838867	1534.129395
519.598633	1517.644653
518.358398	1591.842041
517.117188	1597.510864
515.875977	1518.586914
514.634766	1592.731201
513.392578	1626.578369
512.150391	1591.980347
510.908203	1666.054199
509.665039	1651.579590
508.421875	1606.943604
507.178711	1747.314575
505.934570	1688.604858
504.691406	1664.088867
503.447266	1802.337036
502.202148	1701.470093
500.958008	1737.218018
499.712891	1706.689087
498.466797	1698.255737
497.221680	1697.853882
495.975586	1709.490601
494.729492	1737.169312
493.482422	1716.702881
492.235352	1708.276123
490.988281	1766.002930
489.741211	1737.527222
488.493164	1745.129517
487.245117	1778.768433
485.997070	1796.369995
484.748047	1858.010742
483.499023	1791.513672
482.250000	1775.078247
481.000977	1880.695679
479.750977	1854.245117
478.500977	1863.803101
477.250000	1897.348022
475.999023	1928.877930
474.748047	1994.364746
473.497070	1977.906738
472.245117	2045.347534
470.993164	2118.746582
469.741211	2190.114014
468.488281	2315.338623
467.236328	2392.611084
465.982422	2457.876221
464.729492	2628.821045
463.475586	2674.057129
462.221680	3020.304932
460.967773	3139.170898
459.712891	3301.817627
458.458008	3558.018311
457.203125	3776.253662
455.947266	3817.165771
454.691406	3776.437256
453.435547	3676.019775
452.178711	3472.180908
450.921875	3220.695801
449.665039	2939.498047
448.408203	2696.213623
447.150391	2586.233398
445.892578	2339.174805
444.633789	2173.698242
443.375000	2085.772705
442.116211	1983.987061
440.857422	1973.582886
439.597656	1953.258301
438.337891	1811.886230
437.078125	1793.593750
435.818359	1793.162231
434.557617	1806.612305
433.295898	1847.812622
432.035156	1835.474609
430.773438	1829.087280
429.511719	1747.417236
428.249023	1754.918701
426.987305	1706.969482
425.724609	1708.537354
424.460938	1725.938477
423.198242	1727.500488
421.934570	1683.559937
420.669922	1665.352295
419.406250	1690.655640
418.141602	1737.692261
416.875977	1707.625488
415.611328	1703.260376
414.345703	1649.510498
413.080078	1684.660645
411.813477	1741.513062
410.546875	1691.740234
409.280273	1647.911987
408.013672	1619.889282
406.746094	1761.522705
405.478516	1711.792236
404.209961	1723.206299
402.942383	1781.922241
401.673828	1746.017090
400.404297	1767.264648
399.134766	1727.440552
397.865234	1807.758911
396.595703	1801.412598
395.326172	1797.037354
394.055664	1843.826782
392.784180	1890.593018
391.513672	1935.369385
390.242188	1928.998291
388.970703	1877.414795
387.698242	1959.503296
386.425781	1968.849487
385.153320	1976.226318
383.880859	1975.743286
382.607422	2038.091675
381.333984	2070.964111
380.059570	2072.420166
378.785156	2103.305420
377.510742	2083.174805
376.236328	2182.679443
374.960938	2089.996582
373.685547	2177.689453
372.410156	2261.419678
371.133789	2149.193115
369.857422	2272.062012
368.581055	2322.416992
367.303711	2394.281982
366.026367	2346.719971
364.749023	2432.239990
363.470703	2453.160645
362.192383	2454.512939
360.914063	2588.824707
359.634766	2525.632813
358.356445	2513.284668
357.076172	2612.312012
355.796875	2642.922119
354.516602	2603.212158
353.236328	2725.571777
351.955078	2709.283447
350.673828	2884.244873
349.392578	2766.474121
348.111328	2781.394287
346.829102	2843.106445
345.546875	2875.544922
344.263672	2964.489014
342.981445	2920.886719
341.697266	2986.397705
340.414063	2995.395508
339.129883	3150.421631
337.845703	3190.519287
336.561523	3298.711670
335.276367	3214.229248
333.991211	3287.347656
332.705078	3348.760986
331.419922	3377.091797
330.133789	3362.645996
328.846680	3492.006592
327.560547	3539.706299
326.272461	3643.707764
324.985352	3644.741699
323.697266	3684.600830
322.409180	3767.137451
321.121094	3917.543945
319.832031	3999.979980
318.542969	4117.282715
317.253906	4281.059570
315.963867	4376.910156
314.673828	4693.633789
313.383789	4833.892578
312.092773	5142.594238
310.801758	5334.953125
309.510742	5476.878906
308.218750	5841.314453
306.926758	6070.115723
305.634766	6434.217773
304.341797	6892.903809
303.048828	7043.923828
301.755859	7451.964355
300.461914	7844.337891
299.167969	8336.981445
297.874023	8672.916016
296.579102	9078.200195
295.284180	9525.752930
293.989258	10233.648438
292.693359	10373.864258
291.397461	11162.211914
290.101563	11421.698242
288.804688	12080.189453
287.507813	12526.296875
286.210938	13265.116211
284.913086	13706.841797
283.615234	14337.114258
282.317383	14734.046875
281.018555	15398.390625
279.719727	15790.999023
278.420898	16491.294922
277.121094	17043.099609
275.821289	17627.316406
274.521484	18232.384766
273.220703	18506.500000
271.919922	19341.656250
270.619141	19588.441406
269.317383	20146.283203
268.015625	20369.687500
266.713867	20846.404297
265.411133	21119.414063
264.108398	21192.710938
262.804688	21494.263672
261.501953	21655.644531
260.198242	21433.449219
258.893555	21115.511719
257.588867	21113.953125
256.284180	20851.816406
254.979492	20612.794922
253.673828	20042.593750
252.368164	19597.125000
251.061523	19475.351563
249.755859	18919.263672
248.448242	18483.976563
247.141602	17953.283203
245.833984	17338.724609
244.526367	17066.654297
243.217773	16613.164063
241.909180	16167.546875
240.600586	15827.211914
239.291992	15383.928711
237.982422	14956.143555
236.671875	14620.190430
235.362305	14022.990234
234.051758	13626.399414
232.741211	13256.710938
231.429688	12896.743164
230.118164	12695.171875
228.806641	12213.565430
227.494141	11977.976563
226.181641	11752.030273
224.868164	11415.752930
223.555664	11176.738281
222.242188	10688.521484
220.927734	10600.129883
219.613281	10412.865234
218.298828	9987.977539
216.984375	9858.001953
215.668945	9707.183594
214.353516	9309.407227
213.037109	9219.598633
211.720703	9040.568359
210.404297	9155.940430
209.087891	8844.135742
207.770508	8655.848633
206.452148	8632.722656
205.134766	8806.875000
203.816406	8396.871094
202.497070	8487.574219
201.178711	8460.718750
199.859375	8272.814453
198.539063	8424.092773
197.218750	8454.083984
195.898438	8307.977539
194.578125	8481.836914
193.256836	8309.302734
191.935547	8312.799805
190.613281	8320.076172
189.291992	8293.311523
187.968750	8228.750977
186.646484	8107.527344
185.323242	8218.757813
183.999023	8159.930176
182.675781	8169.112305
181.351563	8163.185547
180.026367	8045.904297
178.702148	8207.941406
177.376953	8183.139648
176.050781	8016.907227
174.724609	8129.798828
173.398438	8082.413086
172.072266	7923.871094
170.745117	7985.827148
169.416992	7891.426758
168.089844	8105.869629
166.761719	7823.243652
165.433594	7877.625977
164.104492	8007.233887
162.775391	8093.510254
161.445313	8061.273438
160.116211	8217.041992
158.785156	8605.772461
157.455078	8765.067383
156.124023	8911.126953
154.792969	9237.384766
153.460938	9587.873047
152.128906	10001.986328
150.796875	10215.102539
149.463867	10681.347656
148.130859	10901.665039
146.797852	11163.109375
145.463867	11475.020508
144.129883	11679.950195
142.794922	11978.436523
141.460938	12037.031250
140.125000	12271.594727
138.790039	12491.054688
137.454102	12527.000000
136.117188	12557.309570
134.781250	12514.655273
133.444336	12466.411133
132.106445	12242.470703
130.768555	12295.238281
129.430664	12140.587891
128.092773	12178.406250
126.753906	12091.088867
125.414063	11917.940430
124.075195	11815.803711
122.735352	11723.048828
121.394531	11945.583008
120.053711	11229.985352
118.712891	11402.189453
117.372070	11304.043945
116.030273	11459.359375
114.688477	11407.816406
113.345703	11576.049805
112.002930	11651.099609
110.660156	11735.412109
109.316406	11817.814453
107.972656	11658.333984
106.627930	11426.406250
105.283203	10984.505859
103.938477	10477.788086
102.592773	9969.485352
101.247070	8915.282227
99.901367	8006.517578
98.554688	6847.590332
