#Wave		#Intensity
3199.956055	56.739330
3199.250977	28.369665
3198.545898	74.458832
3197.840820	35.451084
3197.134766	35.445580
3196.429688	38.984077
3195.724609	28.347645
3195.018555	24.800327
3194.312500	46.050571
3193.606445	35.417988
3192.901367	35.412457
3192.195313	63.732460
3191.488281	10.620415
3190.782227	77.870842
3190.076172	49.546402
3189.369141	28.307789
3188.663086	21.227507
3187.956055	38.910976
3187.249023	0.000000
3186.541992	38.898727
3185.834961	31.821215
3185.127930	60.097256
3184.420898	60.087765
3183.712891	28.272125
3183.005859	38.868023
3182.297852	49.460556
3181.590820	49.452717
3180.882813	38.849541
3180.174805	14.124864
3179.466797	7.061309
3178.757813	52.951393
3178.049805	31.765779
3177.341797	42.347622
3176.632813	49.397678
3175.924805	52.917637
3175.215820	38.800068
3174.506836	52.900723
3173.797852	49.366104
3173.088867	24.679098
3172.379883	77.550446
3171.669922	17.622274
3170.960938	45.810555
3170.250977	24.663256
3169.541016	28.182045
3168.832031	14.088754
3168.122070	31.694588
3167.412109	28.168423
3166.701172	31.684361
3165.991211	66.878403
3165.281250	45.751507
3164.570313	35.187775
3163.860352	59.809528
3163.149414	49.246922
3162.438477	42.204800
3161.727539	70.329918
3161.016602	24.611471
3160.305664	59.760998
3159.593750	63.266052
3158.882813	66.769958
3158.170898	35.136353
3157.458984	24.591436
3156.748047	24.587421
3156.036133	35.119148
3155.324219	38.624744
3154.611328	49.150723
3153.899414	35.101910
3153.187500	70.192314
3152.474609	0.000000
3151.761719	52.626961
3151.049805	42.094650
3150.336914	45.595043
3149.624023	45.587540
3148.911133	45.580032
3148.197266	42.066944
3147.484375	45.565006
3146.770508	38.548641
3146.057617	45.549961
3145.343750	17.516321
3144.629883	45.534901
3143.916016	73.544205
3143.202148	35.015247
3142.488281	56.015110
3141.774414	35.003635
3141.059570	55.996517
3140.344727	34.992008
3139.630859	34.986191
3138.916016	41.976444
3138.201172	27.979635
3137.486328	52.453075
3136.771484	48.948040
3136.055664	66.418396
3135.340820	45.436577
3134.625000	62.901672
3133.910156	38.433483
3133.194336	45.413788
3132.478516	31.435049
3131.762695	41.906376
3131.046875	76.815468
3130.330078	76.802582
3129.614258	31.413961
3128.897461	48.857948
3128.181641	69.785332
3127.464844	55.818874
3126.748047	38.369011
3126.031250	52.312565
3125.314453	52.303741
3124.596680	38.349606
3123.879883	94.114960
3123.162109	52.277252
3122.445313	34.845608
3121.727539	41.807655
3121.009766	48.767338
3120.291992	24.379539
3119.574219	48.750813
3118.856445	62.668980
3118.137695	24.367132
3117.419922	97.451973
3116.701172	24.358852
3115.982422	31.313198
3115.263672	41.743824
3114.544922	76.517311
3113.826172	38.252136
3113.107422	34.768738
3112.387695	41.715366
3111.668945	62.562366
3110.949219	31.275837
3110.229492	48.642986
3109.509766	59.056377
3108.790039	59.046268
3108.070313	52.090725
3107.350586	48.609676
3106.629883	52.072865
3105.910156	59.005783
3105.189453	48.584656
3104.468750	76.334198
3103.748047	52.037094
3103.027344	58.965229
3102.306641	65.890968
3101.585938	76.281670
3100.864258	72.801765
3100.143555	48.526142
3099.421875	93.569984
3098.700195	76.229042
3097.978516	58.894085
3097.256836	76.202698
3096.535156	17.315800
3095.813477	76.176331
3095.090820	45.005493
3094.369141	76.149948
3093.646484	44.989895
3092.923828	72.663376
3092.201172	65.731644
3091.478516	86.473984
3090.755859	72.625519
3090.032227	34.577568
3089.309570	76.057411
3088.585938	65.674515
3087.863281	44.927368
3087.139648	65.651634
3086.416016	69.094933
3085.692383	27.633150
3084.967773	31.081867
3084.244141	65.605812
3083.519531	58.689682
3082.795898	75.938072
3082.071289	44.864647
3081.346680	34.505222
3080.622070	44.848934
3079.897461	72.435585
3079.171875	75.871590
3078.447266	10.344311
3077.721680	62.054970
3076.997070	89.619217
3076.271484	72.372032
3075.545898	58.576580
3074.820313	55.121201
3074.094727	41.333626
3073.368164	61.989517
3072.642578	48.205574
3071.916016	55.082375
3071.189453	65.398781
3070.463867	17.207169
3069.737305	68.816521
3069.009766	48.163055
3068.283203	44.714931
3067.556641	75.658043
3066.829102	44.699116
3066.102539	58.442341
3065.375000	61.869167
3064.647461	51.548504
3063.919922	75.591064
3063.192383	68.706963
3062.463867	41.216862
3061.736328	58.380184
3061.007813	85.837959
3060.279297	72.091072
3059.551758	58.349060
3058.823242	75.497116
3058.094727	68.621521
3057.365234	75.470230
3056.636719	72.026932
3055.907227	30.863182
3055.178711	54.858093
3054.449219	65.132362
3053.719727	65.120735
3052.990234	61.682308
3052.260742	75.376015
3051.530273	27.404558
3050.800781	71.924103
3050.070313	116.427704
3049.340820	61.627159
3048.610352	27.384943
3047.879883	47.915062
3047.149414	102.656723
3046.417969	75.268089
3045.687500	68.413261
3044.957031	58.140827
3044.225586	75.227554
3043.494141	88.889313
3042.762695	71.782310
3042.031250	68.351807
3041.299805	30.752777
3040.568359	71.743561
3039.835938	68.314896
3039.103516	75.132843
3038.372070	102.435402
3037.639648	85.347435
3036.907227	58.025784
3036.174805	85.316628
3035.441406	64.828926
3034.708984	71.640076
3033.975586	92.092018
3033.243164	85.254967
3032.509766	71.601212
3031.776367	40.907574
3031.042969	95.433716
3030.309570	47.708214
3029.575195	74.956467
3028.841797	64.723389
3028.107422	88.552780
3027.373047	47.673615
3026.638672	57.878876
3025.904297	74.888466
3025.169922	74.874863
3024.435547	88.472382
3023.700195	91.858459
3022.965820	74.834015
3022.230469	74.820389
3021.495117	88.407997
3020.759766	74.793137
3020.024414	74.779510
3019.289063	105.351913
3018.552734	40.773945
3017.817383	125.696724
3017.081055	54.345417
3016.344727	74.711304
3015.608398	74.697655
3014.872070	95.052361
3014.135742	128.976044
3013.398438	101.804565
3012.662109	91.607338
3011.924805	94.982811
3011.187500	74.615685
3010.451172	139.031021
3009.712891	84.759476
3008.975586	98.302963
3008.238281	94.895790
3007.500000	81.324326
3006.762695	111.800415
3006.024414	74.519920
3005.286133	91.439461
3004.547852	94.808678
3003.809570	121.874458
3003.071289	84.619476
3002.332031	94.756371
3001.592773	101.505997
3000.854492	111.636032
3000.115234	111.615463
2999.375977	94.686577
2998.636719	74.382881
2997.896484	98.032074
2997.157227	125.052322
2996.416992	70.962540
2995.677734	111.491974
2994.937500	114.849304
2994.197266	74.300522
2993.457031	124.936867
2992.715820	97.905380
2991.975586	104.638115
2991.234375	107.993553
2990.494141	111.347733
2989.752930	158.556793
2989.011719	131.544022
2988.270508	91.052063
2987.528320	121.380241
2986.787109	144.955063
2986.044922	114.594368
2985.303711	121.312691
2984.561523	107.813484
2983.819336	117.899094
2983.077148	114.509270
2982.334961	107.753395
2981.591797	114.466698
2980.849609	154.837906
2980.106445	154.809097
2979.363281	124.497177
2978.620117	154.751465
2977.876953	121.087280
2977.133789	124.427628
2976.389648	137.853561
2975.646484	184.891022
2974.902344	157.968323
2974.158203	174.740845
2973.414063	164.628906
2972.669922	157.879883
2971.925781	184.718536
2971.181641	174.610352
2970.436523	167.863190
2969.692383	214.824707
2968.947266	161.088394
2968.202148	161.058258
2967.457031	234.832657
2966.710938	197.893326
2965.965820	197.856262
2965.220703	204.524933
2964.474609	217.895569
2963.728516	187.690216
2962.982422	201.058945
2962.236328	164.167343
2961.490234	187.584610
2960.743164	231.087646
2959.997070	241.089645
2959.250000	217.609497
2958.502930	227.610229
2957.755859	271.072998
2957.008789	250.946320
2956.261719	257.589752
2955.514648	230.783752
2954.766602	220.708130
2954.018555	247.414047
2953.271484	277.452698
2952.523438	260.689545
2951.775391	274.006592
2951.026367	253.909454
2950.278320	250.521301
2949.529297	257.153351
2948.781250	283.817017
2948.032227	300.455414
2947.283203	267.021057
2946.534180	283.656281
2945.784180	296.948700
2945.035156	273.541473
2944.285156	246.807846
2943.536133	243.426559
2942.786133	283.388275
2942.036133	226.667725
2941.286133	286.613739
2940.535156	273.231140
2939.785156	283.173767
2939.034180	269.796814
2938.284180	236.443741
2937.533203	283.012787
2936.782227	299.603790
2936.031250	269.592255
2935.279297	266.213440
2934.528320	232.892548
2933.776367	246.153961
2933.025391	256.084534
2932.273438	269.336456
2931.521484	242.689194
2930.768555	275.881836
2930.016602	235.950439
2929.264648	245.873413
2928.511719	202.640869
2927.758789	269.029297
2927.005859	209.205185
2926.252930	195.885010
2925.500000	265.556213
2924.747070	232.317398
2923.993164	275.409576
2923.240234	228.911301
2922.486328	222.233795
2921.732422	235.456573
2920.978516	265.252563
2920.223633	275.147003
2919.469727	245.264954
2918.715820	231.963089
2917.960938	208.726898
2917.206055	202.062042
2916.451172	221.894577
2915.696289	231.785828
2914.941406	248.294464
2914.185547	208.527451
2913.430664	205.178238
2912.674805	248.151962
2911.918945	244.796402
2911.163086	238.134674
2910.407227	238.089050
2909.651367	214.900314
2908.894531	221.470184
2908.138672	237.952179
2907.381836	204.863968
2906.625000	237.860916
2905.868164	254.330215
2905.111328	237.769623
2904.353516	221.215378
2903.596680	224.473984
2902.838867	207.928589
2902.081055	211.188461
2901.323242	204.549500
2900.565430	201.211624
2899.807617	244.045853
2899.049805	250.593475
2898.291016	210.985474
2897.532227	207.648865
2896.773438	263.630341
2896.014648	184.505692
2895.255859	204.234818
2894.497070	283.238861
2893.738281	233.791687
2892.978516	200.824554
2892.218750	243.576263
2891.458984	246.820221
2890.699219	190.837479
2889.939453	253.304306
2889.179688	184.185760
2888.418945	230.187744
2887.659180	193.977905
2886.898438	233.385956
2886.137695	253.059799
2885.376953	207.008911
2884.616211	203.683670
2883.854492	200.359695
2883.093750	200.320938
2882.332031	252.815201
2881.570313	269.179657
2880.808594	180.512390
2880.046875	216.572922
2879.285156	203.407883
2878.522461	206.648605
2877.760742	232.844574
2876.998047	219.683975
2876.235352	229.476074
2875.472656	163.879684
2874.709961	199.894440
2873.946289	176.921387
2873.183594	262.054901
2872.419922	216.153320
2871.656250	219.385757
2870.892578	170.236465
2870.128906	196.388535
2869.365234	251.982956
2868.600586	193.040329
2867.836914	222.443893
2867.072266	189.694656
2866.307617	222.357361
2865.542969	232.122070
2864.778320	238.614258
2864.013672	202.619232
2863.248047	212.382019
2862.483398	222.140991
2861.717773	225.363846
2860.952148	202.461380
2860.186523	215.481384
2859.419922	208.910904
2858.654297	231.715332
2857.887695	234.933090
2857.122070	212.050980
2856.355469	205.486221
2855.588867	241.317642
2854.822266	202.145569
2854.054688	211.885406
2853.288086	237.917114
2852.520508	224.836609
2851.752930	221.534790
2850.985352	224.748703
2850.217773	214.934982
2849.450195	247.452469
2848.682617	224.616821
2847.914063	185.516708
2847.145508	214.766769
2846.377930	198.457687
2845.609375	247.210327
2844.839844	198.379944
2844.071289	250.364944
2843.302734	211.305603
2842.533203	211.264175
2841.763672	224.221054
2840.994141	237.172836
2840.224609	207.891556
2839.455078	178.621735
2838.684570	178.586670
2837.915039	233.740280
2837.144531	230.448608
2836.374023	181.726578
2835.603516	243.335983
2834.833008	220.581253
2834.062500	220.537888
2833.291016	171.856018
2832.520508	220.451141
2831.749023	233.372925
2830.977539	220.364380
2830.206055	174.960800
2829.433594	194.362610
2828.662109	200.801804
2827.889648	239.619446
2827.118164	220.147461
2826.345703	220.104065
2825.573242	242.713974
2824.799805	213.546173
2824.027344	219.973877
2823.254883	203.759109
2822.481445	190.784363
2821.708008	190.746704
2820.934570	223.032608
2820.161133	180.976227
2819.387695	180.940475
2818.613281	200.287369
2817.839844	209.937195
2817.065430	184.062378
2816.291016	238.910919
2815.516602	209.812668
2814.741211	245.270905
2813.966797	161.330505
2813.192383	183.880371
2812.416992	203.195953
2811.641602	206.380402
2810.866211	206.339523
2810.090820	186.958145
2809.314453	203.034973
2808.539063	186.884033
2807.762695	196.511475
2806.986328	164.263901
2806.209961	186.772858
2805.433594	177.077057
2804.657227	183.479797
2803.880859	177.006760
2803.103516	183.406937
2802.326172	234.842926
2801.548828	202.632401
2800.771484	186.513382
2799.994141	176.830978
2799.216797	196.082642
2798.438477	215.326630
2797.660156	202.431030
2796.881836	179.902893
2796.103516	202.350464
2795.325195	202.310181
2794.546875	195.848633
2793.767578	166.919678
2792.989258	202.189316
2792.209961	179.688019
2791.430664	170.027969
2790.651367	163.579208
2789.871094	185.994156
2789.091797	214.812454
2788.311523	169.892365
2787.531250	205.112091
2786.751953	182.641495
2785.970703	198.623001
2785.190430	160.147858
2784.410156	192.139023
2783.628906	195.302307
2782.847656	188.861191
2782.067383	163.220261
2781.285156	188.785675
2780.503906	195.146133
2779.722656	195.107086
2778.940430	185.474533
2778.159180	172.648621
2777.376953	179.007156
2776.594727	207.734543
2775.812500	156.568512
2775.029297	226.819122
2774.247070	175.669724
2773.463867	162.861084
2772.680664	204.333710
2771.897461	188.332352
2771.114258	172.337402
2770.331055	185.065979
2769.546875	181.838669
2768.763672	184.991669
2767.979492	175.387894
2767.195313	156.223282
2766.411133	200.818130
2765.626953	175.282181
2764.841797	191.178467
2764.056641	184.768677
2763.272461	181.546494
2762.487305	181.509949
2761.702148	146.452225
2760.916016	203.718597
2760.130859	194.130188
2759.344727	155.909225
2758.559570	168.602539
2757.773438	174.929626
2756.987305	187.613953
2756.201172	174.859100
2755.414063	130.323212
2754.627930	219.280182
2753.840820	174.753281
2753.053711	184.248077
2752.266602	161.978531
2751.479492	171.472031
2750.692383	215.884125
2749.904297	165.054489
2749.116211	139.633270
2748.328125	187.197662
2747.540039	164.954391
2746.751953	193.465057
2745.963867	202.938660
2745.174805	193.386749
2744.386719	190.177963
2743.597656	174.294495
2742.808594	218.616074
2742.019531	183.727005
2741.229492	190.023895
2740.440430	180.486099
2739.650391	205.775742
2738.861328	183.578033
2738.071289	158.224808
2737.280273	180.339676
2736.490234	180.303070
2735.700195	158.128464
2734.909180	164.420197
2734.118164	224.451202
2733.327148	167.514023
2732.536133	199.079956
2731.745117	233.792404
2730.953125	211.633850
2730.162109	198.958496
2729.370117	167.343719
2728.578125	202.034302
2727.786133	179.900162
2726.994141	195.641006
2726.201172	201.910873
2725.409180	208.178146
2724.616211	192.367844
2723.823242	204.940338
2723.030273	195.441666
2722.236328	182.795227
2721.443359	176.455917
2720.649414	189.021317
2719.856445	182.683289
2719.062500	198.391327
2718.268555	179.460236
2717.473633	176.275772
2716.679688	198.269699
2715.884766	210.815125
2715.089844	176.167648
2714.295898	198.148056
2713.500000	147.794479
2712.705078	166.627731
2711.910156	188.596542
2711.114258	185.415268
2710.318359	172.809326
2709.522461	213.611374
2708.726563	188.441971
2707.930664	194.683441
2707.134766	226.037613
2706.337891	172.632187
2705.541016	194.563599
2704.744141	175.698776
2703.947266	197.620529
2703.150391	210.124680
2702.352539	178.726044
2701.555664	231.982605
2700.757813	134.772980
2699.959961	194.283859
2699.162109	156.648285
2698.364258	206.733185
2697.565430	194.163910
2696.767578	203.517014
2695.968750	190.953537
2695.169922	184.654709
2694.371094	181.487549
2693.571289	175.193222
2692.772461	200.179520
2691.972656	197.011063
2691.173828	225.109024
2690.374023	209.433197
2689.573242	171.887268
2688.773438	231.218735
2687.973633	156.196594
2687.172852	187.397156
2686.372070	177.990494
2685.571289	206.051620
2684.770508	165.431458
2683.969727	159.155807
2683.167969	184.083313
2682.367188	215.239288
2681.565430	177.769531
2680.763672	224.504440
2679.961914	193.283188
2679.159180	174.542160
2678.357422	218.132446
2677.554688	183.816345
2676.751953	230.501450
2675.949219	202.425461
2675.146484	183.701859
2674.343750	202.341354
2673.540039	149.390259
2672.736328	217.815506
2671.932617	152.439133
2671.128906	195.952408
2670.325195	205.240753
2669.521484	202.088959
2668.716797	174.071152
2667.912109	198.897018
2667.107422	214.391174
2666.302734	214.346481
2665.498047	208.090134
2664.693359	201.836380
2663.887695	232.839539
2663.082031	183.128876
2662.276367	201.710022
2661.470703	176.847229
2660.665039	217.135422
2659.858398	213.988754
2659.052734	229.447205
2658.246094	213.899277
2657.439453	216.953857
2656.632813	154.934616
2655.826172	204.470871
2655.051758	204.876740
2655.018555	232.304596
2654.246094	145.897064
2654.210938	229.159180
2653.440430	220.362183
2653.404297	198.150192
2652.634766	189.294708
2652.596680	210.490433
2651.829102	195.469528
2651.788086	216.635895
2651.023438	170.620407
2650.980469	157.801605
2650.217773	235.728241
2650.171875	219.638489
2649.411133	210.880585
2649.364258	219.592377
2648.604492	192.242310
2648.555664	197.900848
2647.798828	167.409683
2647.747070	219.500122
2646.992188	232.475693
2646.938477	194.726791
2646.185547	198.347015
2646.128906	222.498108
2645.378906	179.722733
2645.320313	200.824112
2644.571289	216.871429
2644.510742	219.315567
2643.764648	238.519684
2643.701172	194.563004
2642.957031	207.509247
2642.891602	194.522034
2642.150391	222.958603
2642.081055	213.003067
2641.342773	201.249176
2641.271484	209.871841
2640.535156	170.259903
2640.460938	225.256119
2639.727539	216.658951
2639.651367	212.868423
2638.918945	235.191162
2638.840820	212.823532
2638.111328	176.364441
2638.029297	228.197372
2637.303711	213.458755
2637.218750	243.564697
2636.495117	228.889160
2636.408203	246.595703
2635.686523	225.758926
2635.596680	240.380035
2634.877930	185.524734
2634.785156	234.166962
2634.069336	213.318298
2633.973633	227.956467
2633.260742	179.281464
2633.162109	203.269547
2632.452148	228.700684
2632.349609	215.543304
2631.642578	182.312317
2631.538086	233.968933
2630.833984	206.998398
2630.725586	221.607849
2630.024414	284.189575
2629.913086	184.634109
2629.214844	256.345978
2629.100586	209.207657
2628.405273	188.367615
2628.288086	172.252151
2627.595703	216.123703
2627.474609	221.420090
2626.785156	209.913879
2626.662109	236.746277
2625.975586	216.051910
2625.848633	212.104248
2625.165039	206.758148
2625.035156	227.425842
2624.355469	191.296600
2624.221680	212.014206
2623.544922	206.689301
2623.407227	221.185226
2622.734375	240.583252
2622.593750	214.995514
2621.923828	243.626984
2621.779297	236.444794
2621.113281	234.336182
2620.964844	224.114273
2620.301758	228.131302
2620.150391	242.483032
2619.491211	188.022736
2619.335938	199.468903
2618.679688	191.073074
2618.521484	248.516022
2617.868164	252.667206
2617.706055	217.788651
2617.056641	215.655350
2616.890625	236.143005
2616.245117	224.859970
2616.076172	229.960388
2615.433594	234.061478
2615.259766	211.518448
2614.621094	255.576797
2614.444336	229.862320
2613.809570	243.218918
2613.628906	245.134171
2612.997070	197.004944
2612.812500	238.954788
2612.185547	246.214676
2611.996094	229.715164
2611.373047	249.250320
2611.179688	214.355011
2610.559570	279.974701
2610.363281	226.555450
2609.747070	255.318420
2609.546875	250.994247
2608.934570	215.292389
2608.729492	238.699570
2608.121094	236.781555
2607.912109	229.469711
2607.308594	249.039734
2607.095703	214.125885
2606.495117	224.405182
2606.277344	226.313171
2605.681641	252.028839
2605.459961	217.091797
2604.868164	215.110062
2604.642578	244.558060
2604.054688	236.580872
2603.824219	241.449310
2603.240234	199.677185
2603.005859	253.620178
2602.426758	242.643311
2602.187500	250.510757
2601.612305	205.751068
2601.369141	201.587326
2600.798828	211.856796
2600.550781	271.779083
2599.984375	214.890533
2599.731445	238.137238
2599.169922	236.339264
2598.913086	210.614594
2598.354492	205.610748
2598.093750	222.776230
2597.540039	217.848785
2597.274414	259.341187
2596.725586	227.014832
2596.455078	256.234955
2595.910156	196.303558
2595.634766	262.279327
2595.094727	214.670258
2594.815430	246.977325
2594.279297	239.162994
2593.995117	204.245865
2593.463867	248.318985
2593.174805	262.109833
2592.648438	211.494690
2592.354492	198.063553
2591.833008	242.104492
2591.533203	228.485565
2591.016602	248.191055
2590.712891	237.573715
2590.201172	217.512772
2589.891602	243.612732
2589.384766	229.727463
2589.070313	258.782623
2588.568359	223.562881
2588.249023	249.595184
2587.751953	223.524338
2587.427734	219.109360
2586.935547	198.994186
2586.606445	225.147034
2586.118164	238.751816
2585.784180	222.056458
2585.301758	257.072906
2584.961914	222.008392
2584.484375	229.489716
2584.139648	209.798111
2583.666992	244.746689
2583.317383	279.670227
2582.849609	220.233887
2582.495117	227.942612
2582.032227	204.904358
2581.671875	200.546005
2581.214844	275.196960
2580.849609	249.109177
2580.397461	226.233795
2580.026367	230.831573
2579.579102	250.647980
2579.203125	273.293823
2578.761719	238.379837
2578.379883	221.623520
2577.943359	207.782196
2577.555664	239.787033
2577.125000	253.572388
2576.732422	242.769516
2576.306641	229.091782
2575.908203	248.784637
2575.488281	232.105896
2575.083984	212.330933
2574.668945	250.386398
2574.259766	242.611099
2573.850586	228.972000
2573.434570	251.654190
2573.031250	262.508728
2572.610352	245.536728
2572.211914	222.788254
2571.785156	236.391251
2571.392578	219.697968
2570.959961	218.159714
2570.573242	265.421936
2570.134766	227.200134
2569.753906	231.822266
2569.309570	208.978500
2568.933594	274.478271
2568.484375	248.297028
2568.114258	253.085617
2567.658203	214.941925
2567.293945	234.749084
2566.832031	245.161850
2566.473633	256.044983
2566.005859	211.821945
2565.653320	237.714294
2565.179688	254.130722
2564.833008	234.625443
2564.353516	232.902176
2564.012695	222.398010
2563.526367	229.827148
2563.191406	265.003052
2562.699219	244.893692
2562.371094	249.729004
2561.872070	244.840027
2561.549805	264.909698
2561.044922	259.896606
2560.728516	283.129425
2560.217773	259.839600
2559.907227	243.509232
2559.389648	268.844757
2559.085938	249.552902
2558.562500	217.444641
2558.264648	219.080917
2557.734375	247.590897
2557.442383	261.633759
2556.906250	259.611420
2556.620117	240.295471
2556.078125	253.518204
2555.798828	231.129425
2555.249023	250.445023
2554.976563	279.738708
2554.420898	229.272690
2554.154297	243.207947
2553.591797	214.141800
2553.331055	200.610992
2552.762695	232.187134
2552.508789	258.316803
2551.933594	223.091705
2551.686523	252.193985
2551.103516	286.338379
2550.863281	255.187134
2550.274414	259.154388
2550.040039	239.954773
2549.444336	238.007904
2549.216797	279.391296
2548.614258	234.943253
2548.393555	264.159973
2547.784180	240.914200
2547.570313	251.969818
2546.954102	249.893250
2546.746094	264.065887
2546.123047	252.848083
2545.922852	260.984100
2545.292969	279.877014
2545.098633	260.937561
2544.461914	282.823853
2544.274414	227.521210
2543.630859	195.526367
2543.450195	257.811310
2542.799805	225.557373
2542.625977	285.058044
2541.967773	309.696777
2541.801758	209.207321
2541.136719	255.518341
2540.976563	263.735931
2540.304688	312.564850
2540.151367	254.596024
2539.472656	237.376358
2539.327148	236.368240
2538.640625	252.344116
2538.501953	236.325882
2537.807617	243.277756
2537.676758	260.517700
2536.975586	258.237488
2536.850586	260.470947
2536.142578	228.159119
2536.025391	242.255066
2535.309570	285.135437
2535.199219	278.543274
2534.476563	258.065125
2534.374023	272.438995
2533.643555	252.007462
2533.547852	263.310333
2532.809570	281.945496
2532.721680	281.419037
2531.976563	278.883881
2531.895508	275.317413
2531.142578	269.827423
2531.068359	296.442261
2530.308594	245.787888
2530.242188	290.340088
2529.473633	257.719971
2529.415039	272.144714
2528.639648	254.666306
2528.588867	263.025757
2527.804688	251.613983
2527.761719	250.887314
2526.969727	254.552429
2526.934570	271.997345
2526.134766	266.471741
2526.106445	274.969818
2525.299805	245.458313
2525.279297	226.582489
2524.464844	236.425156
2524.452148	253.726456
2523.628906	281.252960
2523.624023	271.800537
2522.795898	262.692932
2522.792969	248.284698
2521.967773	271.702057
2521.957031	257.201111
2521.139648	247.505859
2521.121094	266.113495
2520.311523	274.621307
2520.285156	298.936798
2519.482422	331.899536
2519.448242	274.960052
2518.654297	262.454681
2518.612305	283.862305
2517.825195	295.584869
2517.775391	247.950226
2516.996094	247.281128
2516.937500	295.681305
2516.166992	259.296448
2516.100586	304.572754
2515.337891	292.409027
2515.263672	244.797424
2514.507813	262.215973
2514.425781	292.496826
2513.678711	244.087631
2513.587891	274.526947
2512.848633	256.094635
2512.750000	295.348206
2512.018555	283.158875
2511.912109	310.194733
2511.188477	277.083618
2511.073242	223.647583
2510.358398	261.976868
2510.234375	268.316437
2509.528320	279.993073
2509.395508	295.081329
2508.697266	261.881134
2508.556641	244.355515
2507.867188	258.823639
2507.717773	286.009979
2507.036133	321.965820
2506.878906	244.244858
2506.205078	300.847565
2506.039063	256.101196
2505.374023	279.736969
2505.199219	300.701782
2504.542969	261.641449
2504.359375	297.657013
2503.710938	255.579834
2503.519531	288.661743
2502.879883	261.545471
2502.678711	276.695313
2502.047852	312.594666
2501.838867	255.810638
2501.215820	243.418442
2500.998047	300.360474
2500.383789	297.456757
2500.157227	273.533447
2499.551758	282.381775
2499.316406	264.553619
2498.719727	261.305267
2498.474609	285.296234
2497.886719	267.263092
2497.633789	306.029327
2497.053711	285.228302
2496.791992	270.313782
2496.221680	291.179443
2495.950195	326.678375
2495.388672	336.145233
2495.108398	270.190430
2494.554688	276.068390
2494.265625	287.939392
2493.721680	324.020477
2493.423828	299.744659
2492.888672	257.968689
2492.581055	314.511597
2492.054688	275.915558
2491.738281	314.439636
2491.220703	299.852783
2490.895508	293.607544
2490.387695	296.799408
2490.051758	311.330597
2489.552734	302.739349
2489.208984	272.722412
2488.718750	311.673920
2488.365234	305.260498
2487.884766	296.634674
2487.521484	293.338409
2487.049805	302.571259
2486.677734	311.045074
2486.215820	326.476807
2485.833008	281.357086
2485.380859	260.534088
2484.989258	325.707031
2484.545898	329.349823
2484.144531	287.148346
2483.710938	323.301636
2483.299805	295.961090
2482.875000	281.339935
2482.455078	307.728668
2482.040039	326.174011
2481.609375	272.158813
2481.204102	299.186615
2480.764648	289.841492
2480.368164	314.087555
2479.918945	292.731506
2479.532227	305.056885
2479.073242	298.576355
2478.696289	299.019714
2478.227539	289.640869
2477.860352	322.881165
2477.381836	310.257813
2477.023438	349.722809
2476.535156	304.277771
2476.187500	337.703522
2475.688477	336.695557
2475.350586	307.760864
2474.841797	321.853699
2474.513672	304.716064
2473.995117	312.922882
2473.676758	298.685516
2473.148438	253.821991
2472.839844	310.574951
2472.300781	321.630035
2472.001953	286.631012
2471.453125	345.155792
2471.165039	295.533020
2470.605469	297.885834
2470.327148	322.339386
2469.757813	280.124573
2469.489258	325.263184
2468.910156	306.591431
2468.651367	361.004425
2468.061523	330.098602
2467.813477	286.363129
2467.212891	318.235291
2466.975586	289.291901
2466.364258	335.836823
2466.136719	310.110535
2465.515625	347.539581
2465.297852	298.127319
2464.666992	312.123779
2464.458984	330.859283
2463.817383	329.714233
2463.620117	292.055206
2462.967773	279.603058
2462.781250	318.816772
2462.118164	332.502808
2461.942383	291.945587
2461.268555	279.472443
2461.102539	360.395721
2460.418945	320.582855
2460.263672	294.813812
2459.568359	291.103455
2459.423828	279.871613
2458.717773	311.613556
2458.583984	291.726166
2457.867188	320.357758
2457.744141	315.481171
2457.016602	308.529175
2456.903320	297.567749
2456.166016	290.830688
2456.063477	309.412170
2455.314453	284.888428
2455.222656	276.633759
2454.462891	302.439362
2454.382813	300.373596
2453.611328	275.947754
2453.541992	309.237274
2452.759766	296.427338
2452.701172	321.070435
2451.907227	281.686432
2451.859375	294.259033
2451.055664	252.284668
2451.018555	317.977509
2450.203125	234.628128
2450.176758	323.859833
2449.350586	316.673309
2449.334961	303.004242
2448.497070	296.078308
2448.493164	332.647644
2447.651367	335.554260
2447.644531	278.423767
2446.809570	258.298218
2446.791016	272.497833
2445.967773	308.711853
2445.937500	322.233093
2445.125000	299.749939
2445.083984	301.656006
2444.282227	302.660431
2444.230469	275.232574
2443.439453	314.469879
2443.375977	281.022003
2442.596680	252.121445
2442.522461	307.294983
2441.753906	258.004791
2441.667969	304.296204
2440.911133	287.605927
2440.813477	269.121246
2440.067383	358.698090
2439.958008	251.510132
2439.223633	257.857910
2439.103516	318.698730
2438.380859	314.112061
2438.248047	277.698914
2437.536133	302.201324
2437.392578	236.718552
2436.692383	269.559753
2436.537109	315.549591
2435.848633	334.664398
2435.680664	335.921844
2435.003906	239.846542
2434.825195	312.478882
2434.160156	328.616058
2433.968750	259.850342
2433.315430	298.954071
2433.112305	291.897003
2432.470703	295.937775
2432.255859	277.235931
2431.625000	295.881378
2431.398438	247.993927
2430.780273	298.783234
2430.541992	288.770905
2429.935547	340.133881
2429.684570	309.115082
2429.089844	298.669281
2428.827148	274.055267
2428.244141	307.481964
2427.968750	250.671341
2427.398438	251.259415
2427.111328	285.580231
2426.552734	283.721130
2426.252930	270.944794
2425.706055	271.847473
2425.394531	343.696869
2424.860352	254.069748
2424.536133	299.934509
2424.013672	333.772003
2423.677734	276.572113
2423.166992	333.708160
2422.818359	261.952667
2422.320313	271.639618
2421.959961	308.447754
2421.473633	309.964142
2421.100586	276.372406
2420.626953	309.904816
2420.240234	334.475433
2419.779297	233.121811
2419.380859	282.054688
2418.931641	274.381958
2418.520508	279.079529
2418.084961	247.781357
2417.661133	281.918488
2417.237305	265.429138
2416.799805	290.567352
2416.388672	294.864685
2415.939453	293.402039
2415.541016	253.534973
2415.079102	258.479797
2414.692383	315.384125
2414.217773	270.031433
2413.844727	303.535767
2413.356445	269.966003
2412.996094	279.906403
2412.147461	256.286072
2411.298828	250.346298
2410.449219	282.689697
2409.600586	315.020599
2408.750977	273.750275
2407.901367	320.785309
2407.051758	250.105515
2406.202148	276.533997
2405.352539	255.891708
2404.501953	276.427399
2403.651367	299.895294
2402.801758	255.743698
2401.950195	308.596619
2401.099609	290.906342
2400.249023	314.353210
2399.397461	279.044739
2398.546875	305.421509
2397.695313	305.362488
2396.843750	328.788300
2395.991211	255.348648
2395.139648	337.464508
2394.288086	278.721069
2393.435547	322.667145
2392.583008	252.218185
2391.730469	290.287933
2390.877930	278.505127
2390.024414	293.106445
2389.171875	272.536102
2388.318359	310.572266
2387.464844	275.359711
2386.611328	307.522919
2385.757813	310.391418
2384.903320	269.343964
2384.049805	304.416626
2383.195313	292.651367
2382.340820	263.335022
2381.486328	313.015167
2380.631836	280.781372
2379.776367	295.347900
2378.921875	277.748383
2378.066406	312.771454
2377.210938	236.724762
2376.355469	262.976257
2375.499023	341.802460
2374.643555	297.923492
2373.787109	309.546356
2372.930664	309.485962
2372.074219	291.910889
2371.217773	306.446564
2370.361328	291.796844
2369.503906	288.822418
2368.647461	282.932312
2367.790039	279.960724
2366.932617	294.484406
2366.075195	332.323273
2365.216797	300.198242
2364.359375	291.397522
2363.500977	326.301300
2362.642578	282.544861
2361.784180	323.261169
2360.925781	331.932892
2360.067383	250.356415
2359.208008	323.071045
2358.348633	357.927399
2357.490234	282.212555
2356.629883	314.154327
2355.770508	311.184387
2354.911133	311.123230
2354.050781	281.990875
2353.190430	281.935455
2352.330078	308.033813
2351.469727	305.067841
2350.609375	316.627136
2349.749023	328.181885
2348.887695	284.561890
2348.026367	299.021454
2347.165039	339.598236
2346.303711	356.943176
2345.442383	284.337708
2344.580078	284.281647
2343.717773	316.128448
2342.856445	298.667938
2341.994141	316.003723
2341.130859	315.941345
2340.268555	350.654633
2339.405273	289.739960
2338.542969	312.857330
2337.679688	312.795532
2336.816406	306.942322
2335.953125	318.462067
2335.088867	327.082672
2334.225586	344.381744
2333.361328	321.166473
2332.497070	332.674164
2331.632813	315.254822
2330.767578	292.058990
2329.903320	306.456635
2329.038086	317.957977
2328.172852	317.894958
2327.307617	338.057587
2326.442383	320.657684
2325.577148	285.935242
2324.710938	320.530426
2323.845703	334.902252
2322.979492	317.516632
2322.113281	323.225464
2321.246094	302.963654
2320.379883	331.751404
2319.512695	323.032776
2318.646484	305.666656
2317.779297	366.150421
2316.912109	305.545044
2316.043945	380.414337
2315.176758	360.169128
2314.308594	305.362610
2313.440430	316.822601
2312.572266	308.120575
2311.704102	331.091644
2310.835938	371.324402
2309.966797	345.349182
2309.098633	316.506927
2308.229492	348.088165
2307.360352	327.885376
2306.490234	313.441864
2305.621094	365.129974
2304.750977	316.191162
2303.881836	364.984131
2303.011719	336.178009
2302.141602	290.146942
2301.270508	367.637451
2300.400391	341.719604
2299.529297	333.038177
2298.658203	310.007996
2297.787109	350.124115
2296.916016	301.276001
2296.044922	358.590057
2295.172852	367.122681
2294.300781	344.108551
2293.428711	315.369598
2292.556641	369.768402
2291.684570	361.096710
2290.812500	349.563171
2289.939453	349.493042
2289.066406	306.461090
2288.193359	357.943420
2287.320313	320.652893
2286.447266	329.175690
2285.573242	343.418671
2284.699219	343.349640
2283.825195	337.559296
2282.951172	326.051025
2282.077148	388.894928
2281.203125	380.239868
2280.328125	331.571045
2279.453125	365.797882
2278.578125	385.724762
2277.703125	357.080658
2276.828125	374.145142
2275.952148	311.248871
2275.077148	325.460754
2274.201172	371.064636
2273.325195	365.282288
2272.448242	376.621368
2271.572266	365.134949
2270.695313	333.688812
2269.819336	373.541962
2268.942383	404.826355
2268.064453	344.888000
2267.187500	347.668060
2266.310547	358.994476
2265.432617	376.013428
2264.554688	336.065277
2263.676758	358.776794
2262.798828	355.857391
2261.919922	364.324249
2261.041992	344.330566
2260.163086	358.486542
2259.284180	324.279297
2258.405273	375.405243
2257.525391	366.798981
2256.646484	341.139221
2255.766602	358.123596
2254.886719	346.684296
2254.006836	392.071564
2253.126953	377.789459
2252.247070	360.673126
2251.366211	326.527496
2250.485352	366.204346
2249.604492	354.777130
2248.723633	351.867432
2247.842773	388.677795
2246.960938	368.743408
2246.080078	385.683929
2245.198242	328.898834
2244.316406	377.022858
2243.433594	365.609436
2242.551758	379.703094
2241.668945	396.623993
2240.786133	390.878387
2239.903320	385.135040
2239.020508	379.394012
2238.137695	396.301086
2237.253906	396.220337
2236.371094	424.435272
2235.487305	415.861786
2234.603516	356.380280
2233.718750	359.135437
2232.834961	412.780121
2231.950195	322.242004
2231.065430	344.785095
2230.180664	389.923187
2229.295898	392.668518
2228.411133	341.749542
2227.525391	395.331909
2226.639648	383.958252
2225.753906	338.717438
2224.868164	349.936462
2223.982422	347.043396
2223.095703	321.584167
2222.209961	358.182770
2221.323242	369.388489
2220.436523	372.132050
2219.549805	341.051208
2218.662109	374.797668
2217.775391	380.355804
2216.887695	419.714081
2216.000000	371.751038
2215.112305	371.674805
2214.223633	374.413727
2213.335938	346.191284
2212.447266	399.585999
2211.558594	410.757629
2210.669922	368.480835
2209.781250	351.531677
2208.891602	399.257965
2208.001953	373.876068
2207.113281	365.367676
2206.222656	359.672699
2205.333008	449.498444
2204.443359	365.142365
2203.552734	381.916534
2202.662109	412.721893
2201.771484	378.952332
2200.880859	387.293732
2199.990234	404.049377
2199.098633	350.665070
2198.208008	375.835541
2197.316406	378.562256
2196.424805	330.823242
2195.532227	386.815247
2194.640625	397.945190
2193.748047	353.033478
2192.855469	372.569550
2191.962891	324.880829
2191.070313	358.415192
2190.176758	377.937958
2189.284180	369.463043
2188.390625	391.773773
2187.497070	394.490631
2186.603516	411.192474
2185.708984	352.377838
2184.815430	380.265686
2183.920898	405.346466
2183.026367	377.313446
2182.131836	416.356079
2181.237305	365.982269
2180.341797	357.526947
2179.446289	390.964111
2178.551758	399.259186
2177.655273	368.470581
2176.759766	410.257202
2175.864258	410.172150
2174.967773	379.400299
2174.071289	370.954224
2173.174805	382.031464
2172.278320	437.711609
2171.381836	393.022461
2170.484375	379.006805
2169.586914	384.500549
2168.689453	384.420685
2167.791992	395.481110
2166.894531	409.321411
2165.996094	361.909668
2165.097656	367.401093
2164.199219	417.414398
2163.300781	386.723541
2162.402344	344.918976
2161.502930	397.686676
2160.604492	414.286530
2159.705078	436.439178
2158.805664	405.776093
2157.905273	389.019287
2157.005859	330.597473
2156.105469	394.412201
2155.205078	397.106934
2154.304688	333.167053
2153.404297	377.510559
2152.502930	430.161194
2151.602539	430.071381
2150.701172	457.722321
2149.799805	379.968872
2148.898438	399.299896
2147.996094	401.988770
2147.094727	388.045959
2146.192383	410.134216
2145.290039	396.195465
2144.387695	418.272705
2143.484375	434.801819
2142.582031	387.640198
2141.678711	448.461182
2140.775391	387.477875
2139.872070	403.999420
2138.968750	428.813629
2138.064453	428.723724
2137.160156	406.510803
2136.255859	453.427155
2135.351563	442.275177
2134.447266	458.764191
2133.542969	442.089569
2132.637695	455.809143
2131.732422	475.046722
2130.827148	455.617706
2129.921875	455.521973
2129.015625	400.223053
2128.109375	480.166687
2127.204102	466.270721
2126.296875	488.239990
2125.390625	568.114563
2124.484375	490.791809
2123.577148	479.661774
2122.669922	496.097351
2121.762695	449.149078
2120.855469	498.643280
2119.947266	504.046906
2119.040039	473.649139
2118.131836	473.549255
2117.223633	492.717651
2116.315430	465.093384
2115.406250	456.740875
2114.498047	514.412720
2113.588867	489.551514
2112.679688	486.698395
2111.770508	431.613007
2110.860352	448.013062
2109.951172	447.918365
2109.041016	403.865509
2108.130859	436.741699
2107.220703	414.679535
2106.309570	431.065613
2105.399414	436.464478
2104.488281	455.583405
2103.577148	496.645355
2102.666016	441.673798
2101.753906	479.978485
2100.842773	460.681641
2099.930664	455.100800
2099.018555	463.227234
2098.106445	441.205688
2097.194336	463.030640
2096.281250	432.800659
2095.368164	435.447388
2094.455078	479.164185
2093.541992	407.887390
2092.628906	487.171295
2091.714844	487.067719
2090.800781	434.984802
2089.887695	492.330872
2088.972656	497.695282
2088.058594	442.909180
2087.143555	448.281708
2086.229492	453.651917
2085.314453	480.877869
2084.399414	442.531891
2083.483398	426.050964
2082.568359	453.265228
2081.652344	466.818207
2080.736328	469.447937
2079.820313	474.805267
2078.903320	452.878418
2077.987305	460.964508
2077.070313	474.501129
2076.153320	477.126160
2075.236328	425.232971
2074.319336	436.043121
2073.401367	471.370758
2072.483398	479.442230
2071.565430	394.910461
2070.647461	460.176422
2069.729492	411.075470
2068.810547	481.753448
2067.892578	440.832397
2066.973633	508.753021
2066.053711	497.763855
2065.134766	437.829437
2064.215820	459.486328
2063.295898	464.824249
2062.375977	432.112213
2061.456055	467.341766
2060.535156	434.643127
2059.615234	434.549713
2058.694336	526.778259
2057.773438	428.933350
2056.852539	436.983612
2055.930664	472.166382
2055.009766	542.603149
2054.087891	493.662567
2053.166016	488.132538
2052.244141	482.604858
2051.321289	458.104736
2050.399414	436.325195
2049.476563	447.069153
2048.553711	498.442291
2047.630859	501.043060
2046.707031	484.688354
2045.783203	457.511993
2044.860352	465.532898
2043.936523	476.256317
2043.011719	468.037140
2042.087891	459.821442
2041.163086	467.834717
2040.238281	459.622498
2039.313477	497.366089
2038.388672	494.555908
2037.463867	451.218292
2036.538086	480.835052
2035.612305	472.628632
2034.686523	526.529175
2033.760742	507.518005
2032.833984	526.300781
2031.907227	461.425110
2031.056641	440.143707
2030.980469	466.720551
2030.130859	469.846649
2030.053711	488.196960
2029.204102	469.767273
2029.126953	498.877441
2028.278320	453.491699
2028.199219	523.033447
2027.351563	456.113831
2027.272461	498.660583
2026.425781	453.338135
2026.344727	493.162384
2025.499023	488.335052
2025.416992	490.360809
2024.572266	496.344727
2024.488281	536.047058
2023.645508	461.198547
2023.560547	533.237244
2022.717773	447.637085
2022.631836	468.500366
2021.791016	474.522400
2021.703125	511.469421
2020.863281	458.267426
2020.774414	527.506104
2019.935547	493.227295
2019.844727	500.483398
2019.007813	468.890198
2018.916016	527.276123
2018.080078	449.949951
2017.986328	511.023468
2017.152344	482.199219
2017.056641	502.844940
2016.223633	474.036560
2016.126953	516.177246
2015.295898	484.727112
2015.196289	483.810516
2014.367188	468.489227
2014.265625	494.453796
2013.438477	479.176880
2013.335938	569.572266
2012.509766	468.328430
2012.405273	491.551605
2011.581055	470.939056
2011.473633	472.645691
2010.651367	487.001770
2010.542969	531.610046
2009.722656	438.495148
2009.611328	493.913361
2008.792969	497.592804
2008.679688	526.009888
2007.863281	489.439331
2007.748047	512.479004
2006.933594	449.023438
2006.816406	490.906342
2006.002930	481.205444
2005.883789	498.844635
2005.073242	513.376282
2004.952148	557.725464
2004.142578	515.974854
2004.019531	503.987427
2003.212891	454.086700
2003.085938	501.196655
2002.282227	531.914734
2002.153320	509.125458
2001.351563	515.706665
2001.220703	492.939575
2000.419922	448.479462
2000.287109	541.043030
1999.489258	491.362183
1999.353516	503.434357
1998.557617	480.538452
1998.419922	492.614685
1997.625977	512.664124
1997.485352	532.656311
1996.695313	466.952972
1996.550781	532.539124
1995.762695	477.604279
1995.617188	540.448425
1994.831055	515.078796
1994.682617	508.230652
1993.899414	536.446716
1993.747070	468.004089
1992.966797	482.717712
1992.812500	540.091431
1992.034180	512.127563
1991.876953	542.645508
1991.101563	466.463898
1990.941406	537.180786
1990.168945	525.350037
1990.005859	542.406189
1989.236328	498.459106
1989.070313	494.201996
1988.303711	493.012817
1988.133789	531.483765
1987.370117	474.173645
1987.198242	518.015442
1986.436523	506.232056
1986.261719	552.605713
1985.502930	506.143036
1985.325195	517.786560
1984.569336	479.278625
1984.387695	509.666870
1983.635742	535.412537
1983.451172	501.550690
1982.702148	524.611816
1982.513672	498.772491
1981.767578	500.434204
1981.576172	487.995544
1980.833008	505.697174
1980.638672	466.559052
1979.898438	502.932678
1979.700195	509.103088
1978.963867	518.891968
1978.761719	530.309265
1978.029297	476.012512
1977.824219	572.820190
1977.093750	518.708313
1976.885742	532.737793
1976.159180	518.616394
1975.946289	540.608948
1975.223633	491.796356
1975.007813	548.476440
1974.288086	491.709076
1974.068359	548.354675
1973.352539	558.418213
1973.128906	545.571533
1972.416992	478.177490
1972.189453	564.075439
1971.480469	512.814209
1971.250000	563.950073
1970.543945	550.109009
1970.309570	523.931396
1969.608398	520.641479
1969.369141	563.699219
1968.671875	552.582458
1968.428711	552.940308
1967.734375	547.145874
1967.488281	587.368286
1966.797852	461.655304
1966.547852	539.408142
1965.861328	501.593597
1965.606445	526.005005
1964.923828	533.514832
1964.665039	525.887756
1963.986328	530.752258
1963.723633	531.081299
1963.048828	511.990906
1962.782227	570.784973
1962.111328	567.888184
1961.839844	578.620300
1961.173828	530.467041
1960.898438	570.530212
1960.235352	557.023743
1959.956055	533.260254
1959.296875	562.253113
1959.012695	570.275269
1958.358398	567.480591
1958.070313	588.710754
1957.419922	543.404785
1957.127930	554.112732
1956.481445	511.347778
1956.184570	498.324799
1955.542969	513.918518
1955.241211	548.564575
1954.603516	484.540466
1954.297852	580.235474
1953.664063	532.366028
1953.353516	564.212219
1952.725586	540.254028
1952.409180	619.699829
1951.785156	561.443481
1951.465820	548.073120
1950.845703	529.417358
1950.520508	550.597229
1949.906250	579.859863
1949.576172	566.352722
1948.965820	505.291016
1948.631836	566.225586
1948.025391	537.106873
1947.686523	550.226501
1947.084961	544.984924
1946.741211	563.326477
1946.144531	528.938232
1945.795898	536.758545
1945.204102	528.842285
1944.849609	528.707275
1944.262695	550.002380
1943.904297	613.162415
1943.322266	584.437378
1942.958008	549.608093
1942.380859	597.611389
1942.011719	546.842590
1941.439453	597.502686
1941.065430	581.054443
1940.498047	541.637146
1940.118164	617.891357
1939.555664	584.012085
1939.170898	496.313599
1938.614258	618.409119
1938.223633	604.415833
1937.671875	517.458313
1937.276367	591.085571
1936.729492	581.039429
1936.329102	646.353882
1935.787109	546.448669
1935.380859	596.093811
1934.844727	538.392273
1934.432617	574.863220
1933.901367	546.248901
1933.484375	627.461060
1932.958984	540.846497
1932.536133	529.794739
1932.015625	575.206848
1931.587891	558.662048
1931.072266	567.150757
1930.638672	629.669861
1930.128906	567.046753
1929.689453	595.285217
1929.185547	588.136841
1928.740234	581.983276
1928.241211	556.243530
1927.791016	597.648254
1927.297852	537.603271
1926.840820	565.926147
1926.353516	574.573730
1925.890625	628.956543
1925.409180	606.235840
1924.940430	599.872559
1924.464844	579.656006
1923.990234	647.083984
1923.519531	529.268677
1923.040039	623.268555
1922.575195	566.213135
1922.088867	609.980713
1921.629883	534.364319
1921.137695	617.727905
1920.684570	576.583801
1920.186523	578.166931
1919.739258	565.899780
1919.235352	575.407898
1918.793945	589.590332
1918.283203	609.425720
1917.847656	526.039429
1917.331055	606.660645
1916.902344	560.300110
1916.378906	580.265991
1915.956055	589.263245
1915.426758	616.884277
1915.009766	533.673218
1914.474609	590.499146
1914.063477	544.140137
1913.521484	579.868958
1913.116211	641.755005
1912.568359	563.997131
1912.169922	565.062134
1911.615234	624.189087
1911.222656	586.077148
1910.662109	603.070068
1910.275391	609.723694
1909.708008	574.096252
1909.328125	583.220337
1908.753906	652.590271
1908.380859	575.196289
1907.799805	600.036011
1907.432617	593.555420
1906.845703	612.996826
1906.485352	606.632568
1905.891602	620.713562
1905.537109	574.875061
1904.936523	631.045044
1904.588867	661.774048
1903.981445	604.721924
1903.640625	556.208252
1903.026367	641.224609
1902.692383	616.722473
1902.071289	646.310669
1901.743164	637.687927
1901.115234	635.698120
1900.793945	561.165894
1900.159180	690.476318
1899.845703	595.304138
1899.203125	627.561462
1898.895508	608.360718
1898.247070	658.787964
1897.946289	608.246887
1897.290039	593.295471
1896.997070	560.745972
1896.333984	614.063171
1896.046875	576.433594
1895.376953	616.534180
1895.096680	655.274170
1894.419922	634.674927
1894.146484	597.266418
1893.461914	571.859131
1893.196289	591.893005
1892.504883	655.267273
1892.246094	594.411987
1891.546875	608.135620
1891.294922	596.929932
1890.588867	607.995239
1890.344727	596.817688
1889.629883	620.898865
1889.393555	580.933472
1888.671875	597.281433
1888.442383	562.426941
1887.712891	631.042297
1887.491211	572.831726
1886.753906	649.145386
1886.539063	562.215088
1885.794922	662.027161
1885.587891	593.629211
1884.835938	609.757813
1884.635742	585.638672
1883.875977	599.195740
1883.683594	582.902405
1882.916016	648.544128
1882.731445	574.916748
1881.956055	637.977783
1881.778320	616.803223
1880.996094	643.036499
1880.826172	614.062439
1880.035156	611.653809
1879.873047	619.193665
1879.074219	653.146606
1878.919922	640.062134
1878.113281	652.994812
1877.966797	561.259644
1877.152344	624.232300
1877.013672	579.508789
1876.191406	668.293274
1876.059570	608.237793
1875.229492	652.539185
1875.106445	618.607300
1874.267578	628.994873
1874.152344	644.697083
1873.305664	644.439575
1873.198242	634.093750
1872.342773	626.103760
1872.244141	654.931091
1871.380859	625.957764
1871.289063	646.948914
1870.417969	633.601868
1870.334961	649.444641
1869.455078	602.300476
1869.379883	607.429382
1868.491211	604.755249
1868.424805	575.900940
1867.528320	643.537537
1867.469727	578.408508
1866.564453	617.444031
1866.513672	586.148499
1865.600586	625.080688
1865.558594	633.128967
1864.636719	596.410400
1864.602539	633.008179
1863.671875	674.045105
1863.646484	572.736877
1862.708008	616.865967
1862.690430	559.553833
1861.743164	655.590271
1861.734375	648.331055
1860.778320	588.091125
1860.778320	629.529907
1859.821289	587.978638
1859.812500	642.332397
1858.864258	606.155334
1858.847656	665.486511
1857.907227	619.100464
1857.881836	639.441833
1856.950195	632.040588
1856.916016	688.467773
1855.993164	642.364380
1855.949219	649.491577
1855.035156	629.187561
1854.983398	636.403687
1854.077148	634.287354
1854.016602	633.667419
1853.119141	660.262939
1853.049805	674.890747
1852.161133	683.619263
1852.083008	630.783630
1851.203125	628.704590
1851.115234	674.572510
1850.244141	615.542603
1850.147461	640.821838
1849.286133	586.739197
1849.179688	676.837463
1848.327148	581.411865
1848.211914	614.691833
1847.368164	617.794128
1847.244141	697.174622
1846.408203	633.312500
1846.275391	712.498840
1845.449219	661.853394
1845.306641	629.741211
1844.489258	625.252747
1844.337891	655.395081
1843.530273	638.155762
1843.369141	675.877258
1842.570313	617.198914
1842.399414	631.872803
1841.609375	637.909485
1841.429688	691.027588
1840.649414	640.389465
1840.459961	595.483154
1839.688477	637.663025
1839.490234	693.276794
1838.728516	588.097900
1838.519531	657.039307
1837.767578	694.653870
1837.549805	662.035156
1836.805664	660.703918
1836.579102	659.302307
1835.844727	639.770508
1835.607422	679.743713
1834.882813	634.446228
1834.636719	715.620300
1833.921875	652.521057
1833.665039	625.375183
1832.959961	706.977417
1832.693359	684.403870
1831.998047	636.676025
1831.721680	671.378967
1831.035156	633.954285
1830.749023	689.220764
1830.073242	672.796265
1829.777344	732.765015
1829.110352	670.068481
1828.804688	686.321106
1828.147461	646.568359
1827.832031	691.296753
1827.184570	643.846497
1826.858398	688.562134
1826.221680	713.803894
1825.885742	665.279541
1825.258789	612.454346
1824.912109	606.055481
1824.294922	640.876160
1823.938477	652.123718
1823.331055	721.169556
1822.963867	672.501770
1822.367188	638.032898
1821.990234	659.509521
1821.403320	679.398560
1821.015625	682.441345
1820.438477	614.450623
1820.041016	697.667114
1819.474609	658.396667
1819.066406	661.598755
1818.509766	663.451416
1818.090820	656.312256
1817.544922	673.686279
1817.115234	709.979492
1816.580078	621.742798
1816.139648	679.058716
1815.614258	678.603271
1815.164063	714.761292
1814.649414	639.626831
1814.187500	683.854004
1813.683594	662.803406
1813.211914	686.249695
1812.717773	639.376648
1812.235352	675.843994
1811.751953	680.660461
1811.257813	627.052307
1810.786133	652.064026
1810.281250	683.193909
1809.819336	698.503174
1809.303711	675.354248
1808.852539	589.731506
1808.326172	670.075806
1807.885742	628.406433
1807.348633	657.128967
1806.918945	679.993652
1806.371094	687.645447
1805.952148	679.860229
1805.392578	713.035645
1804.984375	682.311279
1804.414063	707.752625
1804.017578	723.521301
1803.435547	630.947571
1803.049805	653.624756
1802.456055	681.870850
1802.082031	635.415344
1801.477539	725.109619
1801.113281	733.424683
1800.498047	643.250732
1800.145508	741.026306
1799.518555	681.373718
1799.176758	678.925293
1798.538086	671.002502
1798.208008	596.200989
1797.558594	698.896973
1797.239258	660.594727
1796.578125	685.976196
1796.270508	660.464539
1795.597656	696.006775
1795.301758	714.502441
1794.616211	688.190430
1794.332031	714.361511
1793.635742	698.215332
1793.362305	678.122742
1792.654297	751.544556
1792.392578	737.280701
1791.672852	730.984924
1791.422852	695.896790
1790.690430	705.342468
1790.452148	729.258850
1789.708984	776.450562
1789.482422	770.336792
1788.726563	727.903198
1788.511719	723.818848
1787.744141	737.902771
1787.541016	708.223572
1786.760742	730.090210
1786.569336	744.131287
1785.778320	734.997559
1785.598633	743.984009
1784.794922	689.049927
1784.626953	736.115173
1783.811523	749.888489
1783.656250	751.409302
1782.828125	721.749084
1782.684570	758.978821
1781.843750	741.897461
1781.711914	745.966858
1780.859375	741.714844
1780.740234	815.257202
1779.875000	749.150635
1779.767578	725.100708
1778.890625	784.510132
1778.795898	753.235229
1777.905273	741.166504
1777.823242	807.061096
1776.919922	753.671631
1776.849609	755.505859
1775.934570	783.929382
1775.876953	793.894287
1774.949219	801.490173
1774.903320	775.755371
1773.962891	773.398926
1773.929688	762.760010
1772.977539	785.883057
1772.956055	813.962402
1771.991211	745.136841
1771.982422	770.158081
1771.008789	775.138123
1771.003906	765.223022
1770.034180	767.285278
1770.017578	838.496765
1769.060547	818.445557
1769.030273	787.636841
1768.085938	779.805237
1768.042969	802.633057
1767.110352	800.166809
1767.054688	804.965027
1766.135742	792.314880
1766.067383	794.642090
1765.160156	771.647827
1765.079102	786.854187
1764.185547	838.134460
1764.090820	791.717224
1763.209961	822.591553
1763.102539	826.923462
1762.233398	786.558167
1762.113281	821.660950
1761.257813	760.785339
1761.124023	775.960022
1760.281250	752.950073
1760.134766	775.766357
1759.305664	757.920593
1759.145508	826.098511
1758.329102	834.569885
1758.155273	788.007080
1757.351563	824.164795
1757.165039	818.110413
1756.375000	813.763733
1756.174805	780.039673
1755.397461	805.925293
1755.184570	777.320557
1754.420898	810.879822
1754.193359	761.986938
1753.443359	841.406921
1753.202148	784.498352
1752.464844	787.542175
1751.487305	792.497131
1750.509766	805.117737
1749.531250	794.734497
1748.552734	799.684753
1747.574219	814.850464
1746.594727	835.117798
1745.616211	847.716736
1744.636719	760.749390
1743.657227	821.852478
1742.677734	803.824402
1741.697266	801.111267
1740.717773	775.442017
1739.737305	777.836121
1738.756836	843.973389
1737.775391	848.901855
1736.794922	864.023132
1735.813477	802.691406
1734.833008	863.674622
1733.851563	825.292297
1732.869141	853.139221
1731.887695	835.143738
1730.905273	898.616394
1729.922852	852.622253
1728.940430	870.262268
1727.958008	870.086304
1726.975586	869.910278
1725.992188	859.561951
1725.008789	902.611572
1724.025391	973.606262
1723.041992	869.205994
1722.057617	932.555481
1721.074219	945.068970
1720.089844	901.697449
1719.105469	980.238403
1718.120117	926.721313
1717.135742	936.687012
1716.150391	959.338196
1715.165039	908.395020
1714.179688	961.485413
1713.194336	943.535339
1712.208008	1001.668518
1711.222656	1054.707275
1710.236328	1019.005005
1709.250000	995.988708
1708.262695	1056.597412
1707.276367	1074.115234
1706.289063	1020.708191
1705.301758	1055.951904
1704.314453	1093.712769
1703.327148	1088.427368
1702.338867	1070.490479
1701.350586	1072.802246
1700.362305	1047.286499
1699.374023	1158.355835
1698.385742	1072.145386
1697.396484	1059.285767
1696.407227	1134.897705
1695.417969	1048.744507
1694.428711	1139.486938
1693.439453	1111.467285
1692.449219	1063.254517
1691.458984	1105.962402
1690.468750	1103.211548
1689.478516	1062.601685
1688.487305	1034.625854
1687.497070	1052.074585
1686.505859	1092.218140
1685.514648	1069.296875
1684.522461	1096.813110
1683.531250	1023.482239
1682.539063	1040.914795
1681.546875	1018.022461
1680.554688	1010.255432
1679.562500	1022.642090
1678.569336	1032.505249
1677.576172	959.277222
1676.583008	1032.080811
1675.589844	1034.385376
1674.596680	946.104431
1673.602539	1046.538452
1672.608398	980.927917
1671.614258	1010.902161
1670.620117	1003.151550
1669.625977	1015.513123
1668.630859	1042.948364
1667.635742	977.405518
1666.640625	974.691895
1665.645508	1049.838135
1664.649414	986.845154
1663.654297	1029.320679
1662.658203	1019.068176
1661.662109	958.629761
1660.665039	1031.192261
1659.668945	1108.741699
1658.671875	995.655029
1657.674805	1063.149780
1656.677734	1007.777954
1655.679688	1012.582336
1654.682617	1012.372864
1653.684570	1049.743774
1652.686523	1064.555420
1651.688477	1029.274658
1650.689453	1056.603271
1649.691406	993.802368
1648.692383	1038.646118
1647.693359	1028.421875
1646.693359	1005.693176
1645.694336	1083.021973
1644.694336	1032.783569
1643.694336	1095.073486
1642.694336	999.859497
1641.694336	1019.644958
1640.693359	1014.435974
1639.692383	1046.700439
1638.691406	1073.956299
1637.690430	1098.703613
1636.689453	1080.999390
1635.687500	1103.238770
1634.685547	1025.648926
1633.683594	983.020874
1632.681641	1040.188843
1631.678711	1122.272217
1630.676758	1087.130615
1629.673828	1039.539185
1628.670898	1094.154907
1627.666992	1126.321045
1626.664063	1086.224854
1625.660156	1068.562500
1624.656250	1088.262085
1623.652344	1083.055420
1622.647461	1164.975098
1621.643555	1080.114624
1620.638672	1072.424438
1619.633789	1077.175903
1618.628906	1094.361206
1617.623047	1111.539063
1616.617188	1111.306763
1615.611328	1086.218140
1614.605469	1118.297363
1613.599609	1132.970947
1612.592773	1097.956909
1611.586914	1187.134766
1610.580078	1186.886230
1609.572266	1241.252808
1608.565430	1102.001709
1607.557617	1124.104004
1606.549805	1126.349365
1605.541992	1195.565063
1604.534180	1163.075684
1603.526367	1229.775146
1602.517578	1227.038208
1601.508789	1219.345703
1600.500000	1273.601929
1599.490234	1203.969971
1598.481445	1238.392090
1597.471680	1213.369263
1596.461914	1232.920288
1595.452148	1274.739990
1594.441406	1212.604370
1593.430664	1244.513794
1592.420898	1212.094360
1591.409180	1318.184448
1590.398438	1268.454590
1589.387695	1292.908569
1588.375977	1309.937500
1587.364258	1277.537842
1586.352539	1292.091919
1585.339844	1274.529419
1584.328125	1160.663940
1583.315430	1281.399170
1582.302734	1214.480591
1581.289063	1209.288574
1580.276367	1204.098511
1579.262695	1240.847778
1578.249023	1117.267212
1577.235352	1181.143433
1576.220703	1171.032715
1575.207031	1247.194458
1574.192383	1259.252319
1573.177734	1278.696289
1572.163086	1204.528564
1571.147461	1199.348389
1570.131836	1277.885254
1569.117188	1282.538208
1568.100586	1262.577515
1567.084961	1257.388916
1566.068359	1252.202393
1565.052734	1301.129272
1564.036133	1325.444458
1563.018555	1312.870728
1562.001953	1192.148560
1560.984375	1245.961182
1559.966797	1253.067993
1558.949219	1292.105835
1557.931641	1215.697021
1556.913086	1171.241333
1555.894531	1188.177002
1554.875977	1192.833496
1553.857422	1239.203735
1552.837891	1160.433350
1551.819336	1189.620605
1550.799805	1174.653931
1549.780273	1174.404175
1548.759766	1208.472168
1547.740234	1176.355469
1546.719727	1212.858521
1545.699219	1121.961548
1544.678711	1178.053711
1543.657227	1150.867676
1542.636719	1150.622559
1541.615234	1177.301270
1540.593750	1184.391602
1539.571289	1196.372070
1538.549805	1132.519775
1537.527344	1146.951416
1536.504883	1200.496826
1535.481445	1163.573486
1534.458984	1202.428589
1533.435547	1114.208130
1532.412109	1162.828491
1531.388672	1135.713867
1530.365234	1157.448120
1529.340820	1076.636108
1528.316406	1056.879395
1527.291992	1088.377441
1526.267578	1168.657715
1525.243164	1112.304688
1524.217773	1199.861450
1523.192383	1116.705200
1522.166992	1145.718506
1521.140625	1157.659058
1520.115234	1108.678101
1519.088867	1115.749023
1518.062500	1161.786499
1517.036133	1156.667358
1516.008789	1117.466309
1514.981445	1185.380005
1513.954102	1214.328003
1512.926758	1165.407471
1511.899414	1216.239502
1510.871094	1196.522705
1509.842773	1184.108643
1508.814453	1249.489014
1507.786133	1200.612793
1506.756836	1246.522339
1505.727539	1251.113159
1504.698242	1243.557739
1503.668945	1216.579102
1502.639648	1184.756226
1501.609375	1218.483032
1500.579102	1278.889160
1499.548828	1264.056641
1498.518555	1241.953247
1497.487305	1285.338867
1496.456055	1338.404175
1495.424805	1262.968018
1494.393555	1371.757813
1493.361328	1356.923584
1492.330078	1378.434082
1491.297852	1414.467285
1490.264648	1547.345215
1489.232422	1539.748291
1488.199219	1522.472778
1487.166016	1592.322388
1486.132813	1611.333862
1485.099609	1601.310181
1484.065430	1717.046265
1483.032227	1755.360840
1481.998047	1740.477295
1480.962891	1812.605225
1479.928711	1802.548096
1478.893555	1850.473267
1477.858398	1866.979614
1476.823242	1813.451660
1475.788086	1827.544189
1474.751953	1853.698853
1473.715820	1778.489746
1472.679688	1814.293701
1471.643555	1782.543213
1470.606445	1750.806274
1469.569336	1731.138184
1468.532227	1733.173218
1467.495117	1715.927124
1466.458008	1746.878052
1465.419922	1840.448486
1464.381836	1695.542480
1463.343750	1671.094971
1462.305664	1629.806274
1461.266602	1667.962158
1460.227539	1643.536133
1459.188477	1645.584595
1458.149414	1642.821411
1457.109375	1654.488037
1456.069336	1731.064209
1455.029297	1685.016602
1453.989258	1735.117188
1452.949219	1691.490967
1451.908203	1715.144165
1450.867188	1664.336060
1449.826172	1769.622559
1448.784180	1838.854004
1447.743164	1735.250000
1446.701172	1660.485718
1445.659180	1753.685303
1444.617188	1710.129639
1443.574219	1716.950317
1442.531250	1706.985718
1441.488281	1701.819092
1440.445313	1593.609131
1439.401367	1607.636108
1438.358398	1585.726563
1437.314453	1585.379883
1436.269531	1585.033203
1435.225586	1563.142456
1434.180664	1514.935181
1433.135742	1536.138306
1432.090820	1571.685303
1431.045898	1509.157104
1430.000000	1513.608887
1428.954102	1596.949829
1427.908203	1658.742920
1426.862305	1632.093750
1425.816406	1591.121704
1424.769531	1664.817749
1423.722656	1595.199829
1422.674805	1628.274780
1421.627930	1668.495850
1420.580078	1656.197266
1419.532227	1732.183228
1418.484375	1769.969116
1417.436523	1717.112793
1416.387695	1700.044922
1415.338867	1680.600464
1414.290039	1718.363770
1413.241211	1810.914185
1412.191406	1796.222168
1411.141602	1757.719116
1410.091797	1750.188477
1409.041992	1787.893921
1407.991211	1739.896851
1406.940430	1701.439331
1405.889648	1724.855347
1404.838867	1700.689209
1403.788086	1676.533447
1402.736328	1747.489746
1401.684570	1597.352417
1400.632813	1661.164917
1399.580078	1539.624023
1398.528320	1582.041870
1397.475586	1524.694458
1396.421875	1562.347778
1395.369141	1545.385376
1394.315430	1585.390381
1393.261719	1551.820313
1392.208008	1553.849365
1391.154297	1496.583130
1390.099609	1531.820435
1389.045898	1484.066895
1387.990234	1462.406494
1386.935547	1535.542114
1385.880859	1506.772095
1384.825195	1527.755615
1383.769531	1607.931763
1382.712891	1557.856323
1381.657227	1503.068848
1380.600586	1505.101685
1379.543945	1608.870972
1378.487305	1547.011719
1377.429688	1591.601807
1376.373047	1586.519287
1375.315430	1586.166748
1374.257813	1588.177368
1373.199219	1557.107300
1372.140625	1535.500122
1371.082031	1499.731689
1370.023438	1419.115112
1368.964844	1499.063965
1367.905273	1498.730103
1366.845703	1455.921875
1365.786133	1486.266479
1364.726563	1481.217773
1363.666016	1407.786377
1362.605469	1426.332886
1361.544922	1409.515259
1360.484375	1435.122437
1359.422852	1420.666016
1358.361328	1505.145630
1357.299805	1485.969849
1356.238281	1525.662842
1355.176758	1490.013428
1354.114258	1503.800415
1353.051758	1552.873657
1351.988281	1623.095459
1350.925781	1570.992920
1349.862305	1629.422607
1348.798828	1647.863525
1347.735352	1682.747437
1346.670898	1705.867188
1345.607422	1674.945679
1344.542969	1737.983032
1343.477539	1784.555176
1342.413086	1739.550781
1341.347656	1741.507446
1340.282227	1797.432739
1339.216797	1747.763306
1338.150391	1836.498169
1337.084961	1674.284790
1336.018555	1751.273926
1334.952148	1769.631104
1333.884766	1661.438721
1332.817383	1642.322144
1331.750000	1681.771606
1330.682617	1732.911865
1329.615234	1681.014160
1328.546875	1732.131104
1327.478516	1722.379883
1326.410156	1588.630859
1325.341797	1684.177002
1324.272461	1653.395142
1323.203125	1648.345825
1322.133789	1650.311157
1321.063477	1755.104492
1319.994141	1663.584717
1318.923828	1695.912231
1317.853516	1660.497314
1316.782227	1734.838867
1315.711914	1671.418091
1314.640625	1706.047607
1313.569336	1609.995117
1312.497070	1530.315308
1311.425781	1560.288208
1311.421875	1589.958252
1310.353516	1606.569458
1310.349609	1543.331909
1309.281250	1554.918579
1309.277344	1424.180420
1308.208008	1584.864868
1308.204102	1451.891724
1307.135742	1530.911865
1307.130859	1474.932739
1306.062500	1511.927368
1306.057617	1493.305908
1304.988281	1462.673218
1304.984375	1458.099854
1303.915039	1457.683960
1303.911133	1464.824829
1302.840820	1496.929443
1302.837891	1441.277954
1301.767578	1436.074097
1301.763672	1438.691040
1300.692383	1475.306274
1300.689453	1389.553589
1299.618164	1465.665039
1299.615234	1386.976440
1298.542969	1458.353882
1298.541016	1354.152466
1297.468750	1334.776123
1297.465820	1439.981689
1296.392578	1408.868042
1296.391602	1435.070068
1295.317383	1369.033447
1295.316406	1397.603516
1294.241211	1454.702515
1294.241211	1406.651245
1293.166016	1390.124390
1293.165039	1284.771851
1292.089844	1403.817993
1292.088867	1407.584595
1291.013672	1340.821655
1291.012695	1425.841309
1289.938477	1377.752197
1289.935547	1388.369141
1288.862305	1347.304077
1288.858398	1432.154297
1287.785156	1365.639526
1287.781250	1408.621094
1286.708984	1351.458740
1286.704102	1387.418579
1285.631836	1344.247803
1285.625977	1396.379883
1284.554688	1395.070557
1284.547852	1351.999146
1283.477539	1308.945801
1283.469727	1347.052979
1282.400391	1380.639648
1282.391602	1393.104492
1281.323242	1315.428223
1281.312500	1413.642944
1280.245117	1252.559937
1280.233398	1385.516357
1279.166992	1361.330200
1279.154297	1336.555054
1278.088867	1386.586914
1278.075195	1317.722168
1277.010742	1353.877075
1276.995117	1419.294556
1275.931641	1360.582520
1275.915039	1379.617798
1274.853516	1397.411987
1274.834961	1383.930054
1273.774414	1392.521484
1273.753906	1344.279175
1272.695313	1355.200439
1272.673828	1408.740479
1271.615234	1364.215942
1271.592773	1429.231201
1270.536133	1324.597534
1270.510742	1338.729614
1269.456055	1393.812744
1269.429688	1324.552368
1268.375977	1349.573242
1268.347656	1361.225342
1267.295898	1337.752197
1267.265625	1328.564819
1266.215820	1381.471802
1266.183594	1300.539185
1265.134766	1362.707886
1265.101563	1314.096924
1264.054688	1337.011108
1264.018555	1366.900391
1262.973633	1325.200195
1262.935547	1343.501587
1261.892578	1366.576538
1261.852539	1317.805420
1260.810547	1345.516357
1260.768555	1299.042969
1259.729492	1340.644043
1259.684570	1340.266479
1258.647461	1215.599854
1258.600586	1346.876343
1257.565430	1388.668945
1257.516602	1390.375244
1256.483398	1330.656738
1256.432617	1327.813110
1255.401367	1298.072998
1255.347656	1371.296021
1254.318359	1380.966553
1254.262695	1377.891846
1253.235352	1415.342529
1253.177734	1354.537231
1252.152344	1334.283081
1252.091797	1434.832764
1251.069336	1433.279053
1251.005859	1376.936890
1249.986328	1444.549438
1249.919922	1450.283691
1248.902344	1485.808472
1248.833984	1535.103882
1247.818359	1464.770264
1247.747070	1486.428101
1246.734375	1526.766235
1246.660156	1543.594971
1245.650391	1561.068359
1245.573242	1543.237427
1244.566406	1673.741943
1244.486328	1586.567993
1243.481445	1625.023315
1243.398438	1570.108398
1242.396484	1673.114380
1242.311523	1606.517212
1241.311523	1617.501099
1241.222656	1606.144531
1240.226563	1612.589844
1240.134766	1679.283447
1239.141602	1653.745483
1239.045898	1667.410156
1238.055664	1681.068359
1237.958008	1648.653442
1236.969727	1666.937500
1236.868164	1606.948853
1235.883789	1613.678223
1235.779297	1574.443848
1234.797852	1551.232666
1234.689453	1470.821899
1233.710938	1580.854248
1233.599609	1470.479736
1232.624023	1534.542603
1232.509766	1490.779053
1231.537109	1467.546021
1231.419922	1442.279541
1230.450195	1467.268555
1230.329102	1370.878052
1229.363281	1446.296753
1229.238281	1368.266724
1228.275391	1374.756348
1228.147461	1395.444214
1227.188477	1369.898926
1227.055664	1314.939575
1226.100586	1312.187988
1225.964844	1303.181274
1225.011719	1348.700928
1224.872070	1318.905518
1223.923828	1254.260498
1223.780273	1332.333008
1222.834961	1267.802734
1222.688477	1297.691284
1221.747070	1226.228149
1221.595703	1272.218262
1220.657227	1290.279297
1220.502930	1258.195068
1219.568359	1264.783936
1219.409180	1333.374878
1218.479492	1262.248047
1218.316406	1211.875366
1217.389648	1291.836670
1217.222656	1291.602539
1216.299805	1261.766724
1216.128906	1263.874268
1215.209961	1254.644897
1215.035156	1275.002930
1214.120117	1263.578247
1213.940430	1267.850830
1213.029297	1290.850464
1212.845703	1297.244019
1211.938477	1265.387573
1211.750977	1292.373047
1210.847656	1338.487183
1210.655273	1285.221436
1209.756836	1276.360718
1209.560547	1339.694214
1208.666016	1342.556641
1208.464844	1394.141357
1207.574219	1417.889526
1207.369141	1450.843750
1206.482422	1447.389771
1206.272461	1423.134766
1205.390625	1579.916382
1205.175781	1477.523193
1204.298828	1472.016113
1204.079102	1502.251099
1203.207031	1451.133423
1202.982422	1385.665649
1202.114258	1508.064697
1201.885742	1396.732056
1201.021484	1347.616333
1200.788086	1419.182861
1199.928711	1443.433228
1199.690430	1384.686646
1198.835938	1347.097168
1198.591797	1354.760376
1197.742188	1351.410645
1197.494141	1304.360718
1196.648438	1328.287842
1196.395508	1370.052124
1195.554688	1357.746338
1195.296875	1346.975708
1194.460938	1325.489502
1194.197266	1317.085693
1193.367188	1290.959961
1193.098633	1325.871338
1192.272461	1242.736938
1191.999023	1220.968506
1191.177734	1317.868530
1190.899414	1232.045410
1190.083008	1219.420288
1189.798828	1359.020020
1188.988281	1294.526733
1188.698242	1201.925415
1187.893555	1296.558472
1187.597656	1283.416016
1186.797852	1202.735474
1186.497070	1160.478271
1185.702148	1218.474487
1185.396484	1173.825928
1184.606445	1206.831055
1184.294922	1193.976807
1183.509766	1181.506470
1183.193359	1157.383545
1182.414063	1108.302124
1182.090820	1111.732056
1181.317383	1103.526367
1180.989258	1027.540894
1180.220703	1114.709351
1179.886719	1065.848755
1179.124023	1125.887817
1178.784180	1108.672607
1178.026367	1084.652100
1177.680664	1110.675781
1176.929688	1127.726929
1176.578125	1022.031860
1175.832031	1107.006714
1175.474609	1121.475342
1174.734375	1045.302124
1174.371094	1057.786377
1173.635742	1047.374756
1173.266602	1086.973267
1172.538086	1069.934570
1172.162109	1082.186279
1171.439453	1076.553223
1171.057617	1075.137817
1170.340820	1092.271484
1169.953125	1092.984619
1169.242188	1051.105347
1168.848633	1036.164673
1168.142578	1044.075317
1167.743164	1058.535522
1167.043945	1107.548950
1166.637695	1080.895508
1165.944336	1043.665771
1165.531250	1028.640015
1164.844727	1093.474243
1164.425781	1035.174683
1163.744141	1043.255981
1163.319336	1073.341431
1162.644531	1004.419373
1162.211914	1030.161133
1161.543945	1024.669800
1161.105469	1025.397339
1160.443359	1049.455200
1159.998047	1061.280396
1159.342773	1028.808716
1158.890625	1081.343506
1158.241211	1083.101685
1157.783203	1013.375366
1157.140625	1035.213867
1156.675781	1010.875854
1156.039063	1064.516602
1155.567383	1100.868408
1154.937500	1091.538330
1154.458984	1055.497314
1153.835938	1061.827637
1153.349609	1034.950562
1152.733398	1066.154663
1152.241211	1036.956055
1151.630859	1022.852600
1151.131836	1093.049438
1150.528320	1065.733154
1150.022461	1022.938293
1149.425781	1051.919922
1148.912109	1083.512939
1148.323242	1103.843872
1147.801758	1074.243652
1147.219727	1105.891479
1146.691406	1091.997192
1146.116211	1117.000854
1145.581055	1096.235962
1145.012695	1103.187744
1144.470703	1122.976929
1143.909180	1055.407593
1143.359375	1102.456787
1142.804688	1136.715576
1142.248047	1050.455200
1141.700195	1113.850586
1141.135742	1068.192017
1140.595703	1156.635254
1140.024414	1081.423584
1139.491211	1095.303589
1138.912109	1108.135010
1138.386719	1097.348267
1137.798828	1112.361328
1137.281250	1054.149536
1136.686523	1123.325439
1136.175781	1094.649780
1135.573242	1087.115723
1135.070313	1089.909180
1134.459961	1113.799072
1133.963867	1146.211304
1133.346680	1075.363770
1132.858398	1116.598511
1132.232422	1146.926147
1131.751953	1127.675049
1131.118164	1047.915039
1130.645508	1109.374512
1130.003906	1137.395996
1129.539063	1093.340210
1128.889648	1179.733765
1128.431641	1029.883179
1127.774414	1121.147339
1127.325195	1171.935303
1126.659180	1107.424316
1126.217773	1194.276978
1125.543945	1185.597046
1125.109375	1076.665649
1124.428711	1178.586548
1124.001953	1148.664673
1123.312500	1169.339111
1122.893555	1121.359375
1122.196289	1135.460815
1121.786133	1218.134155
1121.079102	1235.939941
1120.677734	1204.357788
1119.962891	1170.722778
1119.568359	1143.233887
1118.845703	1253.240479
1118.459961	1212.892090
1117.728516	1243.984985
1117.350586	1266.744385
1116.610352	1223.549683
1116.241211	1277.757446
1115.492188	1270.212769
1115.131836	1248.210449
1114.374023	1345.917480
1114.021484	1241.201416
1113.255859	1253.945190
1112.912109	1240.951660
1112.136719	1287.157959
1111.801758	1238.450073
1111.018555	1228.756104
1110.691406	1330.502808
1109.898438	1183.783936
1109.580078	1201.937866
1108.779297	1176.794678
1108.469727	1217.447998
1107.659180	1192.133301
1107.358398	1106.956665
1106.539063	1133.811035
1106.247070	1093.236572
1105.418945	1091.136719
1105.134766	1027.794678
1104.297852	1032.867432
1104.023438	1090.546387
1103.177734	1048.225464
1102.911133	1025.131226
1102.055664	1045.737915
1101.798828	1018.180908
1100.934570	1005.355530
1100.686523	995.503052
1099.812500	1078.652466
1099.574219	997.548279
1098.690430	1016.000793
1098.460938	1006.331360
1097.568359	1062.528320
1097.347656	992.652527
1096.446289	1046.677490
1096.234375	992.451294
1095.323242	1041.966431
1095.121094	1034.903320
1094.200195	977.158813
1094.006836	938.181824
1093.076172	1079.282349
1092.892578	1038.971313
1091.953125	990.024658
1091.778320	1034.273193
1090.829102	998.676758
1090.664063	1034.062988
1089.704102	1056.245239
1089.548828	1000.213379
1088.580078	1004.851868
1088.434570	997.767761
1087.455078	962.374084
1087.319336	957.213806
1086.330078	973.245728
1086.203125	968.225281
1085.204102	973.004395
1085.087891	950.101685
1084.079102	952.774719
1083.971680	918.543213
1082.953125	939.215942
1082.855469	927.315552
1081.827148	983.379028
1081.739258	936.084167
1080.700195	952.064941
1080.623047	933.654236
1079.573242	940.734619
1079.505859	886.454712
1078.446289	951.591370
1078.388672	875.083374
1077.319336	887.043823
1077.271484	874.904602
1076.191406	997.675720
1076.154297	861.302856
1075.063477	888.818359
1075.036133	870.073547
1073.935547	941.779541
1073.918945	887.785400
1072.806641	859.574829
1072.800781	880.896423
1071.681641	907.539856
1071.677734	943.524353
1070.563477	902.884277
1070.548828	832.574036
1069.444336	844.604736
1069.419922	936.411743
1068.325195	842.197632
1068.290039	953.883057
1067.206055	944.765320
1067.160156	891.690674
1066.086914	855.250305
1066.030273	889.255310
1064.966797	904.191284
1064.899414	860.282776
1063.846680	935.255188
1063.768555	924.185242
1062.726563	977.464478
1062.637695	877.534729
1061.606445	867.934998
1061.506836	959.079346
1060.485352	881.140930
1060.375000	883.722168
1059.364258	959.019409
1059.243164	927.675110
1058.243164	934.294006
1058.111328	1002.520569
1057.122070	958.624634
1056.978516	936.039185
1056.000000	911.620239
1055.845703	940.217773
1054.877930	915.889282
1054.712891	928.948364
1053.755859	917.928467
1053.580078	1001.511353
1052.633789	884.326355
1052.446289	948.328857
1051.511719	959.864014
1051.312500	972.343079
1050.388672	955.212708
1050.177734	930.215881
1049.265625	928.301758
1049.043945	918.962219
1048.142578	874.693542
1047.909180	927.542725
1047.018555	916.792053
1046.774414	854.621277
1045.895508	978.895874
1045.638672	931.477661
1044.771484	900.842834
1044.502930	845.382629
1043.646484	902.880249
1043.367188	884.785767
1042.522461	916.033691
1042.231445	893.363037
1041.397461	929.181519
1041.094727	910.735229
1040.273438	955.658569
1039.958008	917.101929
1039.147461	926.574524
1038.821289	914.670288
1038.022461	946.376282
1037.683594	890.257996
1036.896484	908.421631
1036.545898	901.019714
1035.771484	857.158875
1035.408203	883.214050
1034.645508	972.429199
1034.269531	913.740112
1033.518555	961.128784
1033.131836	933.270691
1032.392578	934.298279
1031.992188	937.423584
1031.265625	916.353882
1030.853516	882.314209
1030.138672	911.726746
1029.713867	906.225769
1029.011719	931.497803
1028.574219	965.223999
1027.883789	911.347473
1027.434570	938.659851
1026.755859	955.496399
1026.294922	912.109009
1025.627930	964.163269
1025.154297	900.915588
1024.500000	997.202515
1024.012695	905.067871
1023.372070	959.330505
1022.872070	889.499817
1022.243164	928.119324
1021.730469	919.936340
1021.114258	899.135742
1020.588867	963.495667
1019.985352	941.017151
1019.447266	939.167175
1018.855469	976.239868
1018.304688	901.719116
1017.726563	869.800842
1017.162109	918.992004
1016.596680	944.853394
1016.019531	931.880798
1015.466797	891.560547
1014.875977	922.893250
1014.335938	948.882202
1013.732422	924.842041
1013.206055	961.952087
1012.588867	942.090332
1012.075195	948.485352
1011.445313	972.441162
1010.944336	981.443787
1010.300781	961.266785
1009.812500	956.928345
1009.156250	982.860046
1008.681641	1047.318848
1008.010742	945.485474
1007.549805	1027.217773
1006.866211	1017.280273
1006.417969	1004.916443
1005.720703	1038.841553
1005.285156	1108.488525
1004.574219	1049.482178
1004.153320	1011.118103
1003.428711	1042.666382
1003.020508	1057.257568
1002.282227	1053.299927
1001.887695	1050.415405
1001.135742	1053.026855
1000.753906	1052.401123
999.988281	1059.292480
999.621094	1036.739380
998.840820	1024.152710
998.487305	1074.012695
997.693359	1054.385376
997.353516	1098.040894
996.545898	1049.755371
996.219727	1080.174561
995.397461	1073.433105
995.084961	1055.703613
994.249023	1064.446655
993.950195	1035.649902
993.100586	929.243958
992.815430	964.934448
991.951172	1007.325073
991.680664	991.162231
990.801758	987.486633
990.545898	1015.176758
989.652344	945.913147
989.410156	1008.357910
988.274414	968.523926
987.138672	972.721191
986.001953	926.310486
984.865234	906.316833
983.728516	921.520874
982.591797	927.922913
981.455078	984.885437
980.317383	947.312378
979.179688	1002.049011
978.041992	962.290955
976.903320	1032.376831
975.765625	1021.178040
974.626953	983.636414
973.487305	943.915405
972.348633	1002.972046
971.208984	1009.342163
970.069336	1046.422119
968.929688	1074.713013
967.790039	1083.256470
966.649414	1100.565552
965.508789	1100.331909
964.368164	1100.098267
963.226563	1218.176758
962.085938	1167.536499
960.944336	1112.537476
959.802734	1169.229858
958.660156	1072.660645
957.517578	1142.468872
956.375977	1140.037598
955.232422	1076.351440
954.089844	982.070862
952.946289	1027.783936
951.802734	1001.329224
950.659180	992.372437
949.515625	922.228821
948.371094	972.285034
947.226563	906.544312
946.082031	897.614929
944.937500	914.891357
943.791992	842.655518
942.646484	886.127075
941.500977	844.477600
940.354492	872.658447
939.208984	885.558960
938.062500	913.718811
936.916016	837.214661
935.768555	904.608643
934.621094	856.470093
933.474609	884.611633
932.326172	914.919434
931.178711	923.435059
930.030273	918.882202
928.881836	862.083679
927.733398	918.488098
926.584961	974.868225
925.435547	1000.765930
924.286133	970.099487
923.136719	945.970093
921.986328	941.418518
920.836914	941.216187
919.686523	882.336304
918.535156	979.921448
917.384766	951.470703
916.233398	951.265991
915.082031	953.232666
913.930664	922.634766
912.779297	983.208313
911.626953	943.937073
910.474609	902.513123
909.322266	893.642456
908.168945	930.315430
907.015625	828.214111
905.862305	966.763855
904.708984	964.388062
903.555664	944.679626
902.401367	972.636597
901.247070	950.768921
900.091797	928.910583
898.937500	1023.962097
897.782227	937.166504
896.626953	1047.322144
895.471680	1016.807739
894.315430	1014.424744
893.159180	1007.717773
892.002930	1063.712036
890.846680	1056.997070
889.689453	1106.472900
888.532227	1160.248413
887.375000	1112.473755
886.217773	1166.224487
885.059570	1248.021484
883.901367	1277.973022
882.743164	1249.638184
881.584961	1225.631104
880.425781	1197.319702
879.266602	1138.824341
878.107422	1119.169434
876.948242	1123.238037
875.788086	1179.035889
874.627930	1150.764648
873.467773	1079.415161
872.307617	1049.023560
871.146484	1010.030823
869.985352	1048.567017
868.824219	1003.133179
867.662109	987.849426
866.500000	1011.303040
865.337891	899.218201
864.175781	1002.259216
863.013672	935.381348
861.850586	984.623474
860.687500	924.226501
859.523438	951.960449
858.360352	919.526306
857.196289	923.621460
856.032227	914.829773
854.868164	914.629944
853.703125	983.119690
852.538086	985.050842
851.373047	916.175964
850.208008	918.120728
849.041992	952.234680
847.875977	941.305298
846.709961	988.261414
845.542969	1000.904663
844.376953	994.257080
843.209961	981.185364
842.041992	961.693665
840.875000	1077.117798
839.707031	1059.754395
838.539063	1070.224243
837.371094	1125.628906
836.202148	1208.822876
835.034180	1270.589722
833.865234	1437.119263
832.695313	1535.156372
831.526367	1821.261719
830.356445	2036.714966
829.186523	2386.684814
828.015625	2463.064209
826.845703	2565.038818
825.674805	2389.381592
824.503906	2252.228027
823.332031	2006.282837
822.160156	1907.683105
820.988281	1749.391235
819.816406	1473.857544
818.644531	1364.777222
817.471680	1370.872437
816.298828	1274.651733
815.125977	1178.473267
813.952148	1220.825073
812.778320	1105.529663
811.604492	1081.859619
810.430664	1066.716675
809.255859	1094.154419
808.081055	1040.706909
806.906250	1012.816162
805.731445	1016.847046
804.555664	1076.173462
803.379883	967.491516
802.204102	1026.802368
801.028320	973.440002
799.851563	1045.472778
798.674805	960.262512
797.498047	998.282104
796.320313	936.478577
795.142578	982.978638
793.964844	927.573547
792.787109	991.031738
791.608398	952.622375
790.429688	1018.167908
789.250977	1056.114990
788.072266	1058.001099
786.892578	1051.407104
785.712891	1085.082642
784.533203	1021.276855
783.353516	1063.417358
782.172852	1020.823486
780.992188	1031.183838
779.810547	961.095398
778.629883	1037.075073
777.448242	960.668274
776.266602	1066.231689
775.084961	1011.002747
773.902344	1059.413696
772.719727	1008.438843
771.537109	999.759827
770.353516	1043.914185
769.170898	1043.681763
767.987305	1066.683960
766.803711	1102.346558
765.619141	1135.881836
764.434570	1122.963623
763.250000	1107.940674
762.065430	1147.781616
760.879883	1244.558960
759.694336	1339.184082
758.508789	1416.899048
757.323242	1477.715088
756.136719	1542.718872
754.950195	1529.731934
753.763672	1489.364746
752.576172	1505.880981
751.389648	1362.359741
750.202148	1334.687866
749.013672	1285.980957
747.826172	1306.735718
746.637695	1293.820679
745.449219	1274.601440
744.259766	1278.521851
743.071289	1223.574097
741.881836	1269.541748
740.691406	1277.662964
739.501953	1302.588135
738.311523	1405.219604
737.121094	1396.504517
735.930664	1417.186646
734.739258	1511.326782
733.547852	1510.987671
732.356445	1483.373047
731.165039	1468.356445
729.972656	1472.221191
728.780273	1505.437866
727.587891	1440.116333
726.394531	1496.378540
725.202148	1521.185791
724.008789	1466.378296
722.814453	1432.538940
721.621094	1350.555176
720.426758	1331.410645
719.232422	1297.624023
718.037109	1224.095459
716.841797	1186.163818
715.646484	1098.052490
714.451172	1062.257202
713.255859	1059.927246
712.059570	1051.327881
710.863281	1074.077026
709.666016	1021.605530
708.469727	1031.818604
707.272461	1046.203491
706.075195	1064.757202
704.876953	1066.604126
703.678711	1045.495239
702.480469	1055.690796
701.282227	1040.851196
700.083984	1088.580322
698.884766	1107.098755
697.685547	1131.861938
696.485352	1198.293701
695.285156	1118.848999
694.084961	1162.339844
692.884766	1157.911743
691.684570	1226.359009
690.483398	1278.122192
689.282227	1242.453003
688.080078	1227.606812
686.878906	1243.970337
685.676758	1306.080811
684.474609	1253.802856
683.271484	1351.222412
682.068359	1344.680908
680.865234	1360.998779
679.662109	1267.207397
678.458008	1283.535156
677.254883	1349.689941
676.049805	1307.864014
674.845703	1261.905884
673.640625	1294.819580
672.435547	1311.121826
671.230469	1304.601563
670.024414	1300.157593
668.819336	1318.520264
667.613281	1332.729004
666.406250	1384.230713
665.199219	1383.915649
663.992188	1389.814331
662.785156	1484.754028
661.578125	1536.173706
660.370117	1560.661865
659.162109	1568.583618
657.953125	1549.605957
656.745117	1634.058105
655.536133	1561.307007
654.327148	1560.950806
653.117188	1562.661499
651.907227	1500.308594
650.697266	1473.107178
649.487305	1373.622070
648.276367	1342.331421
647.065430	1321.378174
645.854492	1226.123779
644.643555	1232.034546
643.431641	1126.527710
642.219727	1196.404053
641.007813	1194.067993
639.794922	1142.249146
638.582031	1201.766846
637.369141	1131.421875
636.155273	1112.619019
634.942383	1100.004517
633.728516	1196.547119
632.513672	1169.505981
631.299805	1226.876343
630.084961	1195.724243
628.869141	1189.277222
627.654297	1236.317627
626.438477	1264.826660
625.222656	1359.119507
624.006836	1373.197144
622.790039	1356.439941
621.573242	1409.551514
620.356445	1372.250732
619.139648	1431.495361
617.921875	1431.166138
616.704102	1344.617188
615.486328	1348.412598
614.267578	1333.738892
613.048828	1296.506104
611.830078	1251.086426
610.610352	1281.555542
609.391602	1242.309937
608.171875	1297.361328
606.951172	1387.221436
605.731445	1376.658569
604.510742	1464.410522
603.289063	1386.261719
602.068359	1308.148926
600.846680	1199.371460
599.625000	1237.973022
598.403320	1106.758179
597.180664	1104.457153
595.958008	1100.112305
594.735352	1069.192871
593.511719	1077.121094
592.289063	1146.347534
591.064453	1123.610229
589.840820	1164.199219
588.616211	1090.418457
587.391602	1130.996094
586.166992	1179.719116
584.942383	1214.135376
583.716797	1258.735962
582.491211	1301.276123
581.264648	1321.365845
580.038086	1284.363281
578.811523	1349.287720
577.584961	1322.484131
576.358398	1411.816284
575.130859	1378.900024
573.902344	1286.945923
572.674805	1341.614502
571.446289	1339.267334
570.217773	1304.362915
568.989258	1263.371338
567.759766	1301.722290
566.530273	1224.147705
565.300781	1183.202881
564.070313	1103.659180
562.840820	1176.555908
561.610352	1178.313354
560.378906	1062.266113
559.147461	1135.121094
557.916016	1110.494629
556.684570	1120.384033
555.453125	1105.918213
554.220703	1166.522217
552.988281	1101.345581
551.754883	1131.505249
550.521484	1143.404907
549.288086	1126.923096
548.054688	1116.527954
546.820313	1136.525879
545.585938	1148.412598
544.351563	1095.495483
543.117188	1222.780884
541.881836	1103.078857
540.646484	1137.220581
539.410156	1106.608521
538.174805	1215.568359
536.938477	1017.117554
535.701172	1115.938965
534.464844	1089.402344
533.227539	1058.836670
531.990234	1107.073120
530.751953	1062.379272
529.513672	1062.129883
528.275391	1076.011963
527.037109	1085.850830
525.797852	1033.131958
524.558594	1073.236450
523.319336	1077.017822
522.079102	1109.027222
520.838867	1056.351929
519.598633	1082.304321
518.358398	1041.749878
517.117188	1039.489990
515.875977	1027.160889
514.634766	1055.108887
513.392578	1070.964966
512.150391	1060.649414
510.908203	1026.192871
509.665039	1106.417480
508.421875	1047.831787
507.178711	1115.948853
505.934570	1065.429321
504.691406	1079.245972
503.447266	1042.823730
502.202148	1136.991821
500.958008	1106.597778
499.712891	1078.225952
498.466797	1124.140869
497.221680	1113.840332
495.975586	1071.441284
494.729492	1121.336792
493.482422	1086.977783
492.235352	1110.780396
490.988281	1166.644409
489.741211	1184.404419
488.493164	1107.986938
487.245117	1143.780151
485.997070	1197.580078
484.748047	1207.306519
483.499023	1189.004639
482.250000	1172.712402
481.000977	1172.433716
479.750977	1226.162109
478.500977	1263.866455
477.250000	1287.557617
475.999023	1263.265137
474.748047	1284.946411
473.497070	1286.638306
472.245117	1264.360352
470.993164	1303.997681
469.741211	1347.608887
468.488281	1407.167114
467.236328	1474.678589
465.982422	1448.391357
464.729492	1483.947632
463.475586	1583.297119
462.221680	1672.630981
460.967773	1676.217529
459.712891	1795.375732
458.458008	1974.241943
457.203125	2023.562134
455.947266	2275.962646
454.691406	2321.205078
453.435547	2382.347412
452.178711	2240.501953
450.921875	2172.328369
449.665039	1974.913086
448.408203	1811.394165
447.150391	1737.408081
445.892578	1570.049316
444.633789	1585.567871
443.375000	1430.244141
442.116211	1459.690186
440.857422	1326.311157
439.597656	1393.483032
438.337891	1361.395264
437.078125	1357.099731
435.818359	1358.756714
434.557617	1400.074951
433.295898	1405.685791
432.035156	1474.722534
430.773438	1504.092285
429.511719	1483.917725
428.249023	1436.022583
426.987305	1483.202026
425.724609	1397.714233
424.460938	1373.625366
423.198242	1452.446045
421.934570	1388.788574
420.669922	1380.541504
419.406250	1334.728149
418.141602	1373.943237
416.875977	1361.752319
415.611328	1395.013672
414.345703	1402.577759
413.080078	1380.513184
411.813477	1362.408203
410.546875	1261.402588
409.280273	1298.594116
408.013672	1345.632813
406.746094	1305.854370
405.478516	1337.091187
404.209961	1305.220337
402.942383	1391.634033
401.673828	1304.586060
400.404297	1266.835205
399.134766	1309.860840
397.865234	1339.080688
396.595703	1315.129639
395.326172	1365.984619
394.055664	1357.780640
392.784180	1339.743896
391.513672	1345.317749
390.242188	1441.341187
388.970703	1442.955444
387.698242	1436.707031
386.425781	1448.145752
385.153320	1443.863159
383.880859	1471.005737
382.607422	1519.733154
381.333984	1537.028442
380.059570	1513.102173
378.785156	1524.504028
377.510742	1543.746338
376.236328	1549.251343
374.960938	1503.777954
373.685547	1511.249878
372.410156	1514.798462
371.133789	1547.732422
369.857422	1555.187256
368.581055	1554.805298
367.303711	1536.803955
366.026367	1575.570923
364.749023	1494.956787
363.470703	1518.064331
362.192383	1605.701294
360.914063	1593.574097
359.634766	1542.356323
358.356445	1559.565430
357.076172	1547.457886
355.796875	1578.330322
354.516602	1575.988159
353.236328	1542.408203
351.955078	1643.527954
350.673828	1582.626953
349.392578	1556.873291
348.111328	1618.904053
346.829102	1630.203735
345.546875	1690.235596
344.263672	1654.734619
342.981445	1652.376221
341.697266	1650.018921
340.414063	1709.985229
339.129883	1662.830688
337.845703	1607.912720
336.561523	1658.113403
335.276367	1607.114624
333.991211	1575.592651
332.705078	1600.482178
331.419922	1623.414917
330.133789	1644.392090
328.846680	1645.926270
327.560547	1610.546875
326.272461	1627.626343
324.985352	1673.823853
323.697266	1657.876221
322.409180	1688.515991
321.121094	1655.109009
319.832031	1722.590820
318.542969	1731.857544
317.253906	1744.997192
315.963867	1835.666016
314.673828	1887.530762
313.383789	1892.870850
312.092773	1983.433716
310.801758	2046.840454
309.510742	2174.102295
308.218750	2250.977051
306.926758	2405.213379
305.634766	2518.746826
304.341797	2647.695068
303.048828	2668.299561
301.755859	2831.939697
300.461914	2956.845947
299.167969	3187.953613
297.874023	3264.416016
296.579102	3238.490234
295.284180	3316.830811
293.989258	3283.182861
292.693359	3411.643066
291.397461	3350.978516
290.101563	3330.846436
288.804688	3031.134521
287.507813	3159.526123
286.210938	3166.437012
284.913086	2936.354492
283.615234	2937.538574
282.317383	2929.092285
281.018555	2853.265137
279.719727	2839.069336
278.420898	2722.891846
277.121094	2656.791992
275.821289	2594.571777
274.521484	2638.138916
273.220703	2677.838867
271.919922	2640.643311
270.619141	2618.837402
269.317383	2735.345947
268.015625	2684.719971
266.713867	2826.110352
265.411133	2792.760742
264.108398	2980.105225
262.804688	3034.980713
261.501953	3026.535156
260.198242	3213.675049
258.893555	3237.775635
257.588867	3292.527100
256.284180	3421.974121
254.979492	3528.368164
253.673828	3515.975830
252.368164	3628.033447
251.061523	3644.331299
249.755859	3857.715576
248.448242	3896.901367
247.141602	4025.957275
245.833984	4072.726563
244.526367	4064.035156
243.217773	4068.725098
241.909180	4082.964844
240.600586	4165.960449
239.291992	4080.865723
237.982422	4093.179932
236.671875	4071.131348
235.362305	4085.347900
234.051758	4021.342529
232.741211	3852.475342
231.429688	3792.374756
230.118164	3720.867188
228.806641	3788.511230
227.494141	3677.031006
226.181641	3620.844238
224.868164	3646.566650
223.555664	3723.675781
222.242188	3496.227783
220.927734	3535.279541
219.613281	3564.799072
218.298828	3523.937988
216.984375	3399.442139
215.668945	3400.460449
214.353516	3464.186279
213.037109	3453.787354
211.720703	3373.119629
210.404297	3241.225830
209.087891	3280.246338
207.770508	3273.698486
206.452148	3282.332031
205.134766	3290.960205
203.816406	3185.804688
202.497070	3179.285645
201.178711	3106.433105
199.859375	3086.673096
198.539063	3154.062256
197.218750	3105.891113
195.898438	3065.318115
194.578125	3017.194336
193.256836	3086.420654
191.935547	3166.961182
190.613281	3173.695801
189.291992	3066.974609
187.968750	3124.770508
186.646484	3169.306152
185.323242	3174.141113
183.999023	3075.084717
182.675781	3127.149902
181.351563	3081.017334
180.026367	3068.881104
178.702148	3068.072021
177.376953	3088.012695
176.050781	3130.572998
174.724609	3201.391113
173.398438	3155.307617
172.072266	3177.085938
170.745117	3281.743408
169.416992	3233.789795
168.089844	3317.663574
166.761719	3284.783691
165.433594	3379.889404
164.104492	3514.453125
162.775391	3539.852783
161.445313	3713.789551
160.116211	3628.206787
158.785156	3730.608887
157.455078	3940.052734
156.124023	3903.313965
154.792969	4084.430176
153.460938	4257.939453
152.128906	4390.062988
150.796875	4578.407227
149.463867	4618.454102
148.130859	4894.778320
146.797852	4835.347656
145.463867	4974.633301
144.129883	5010.779297
142.794922	5196.775391
141.460938	5277.789551
140.125000	5448.632813
138.790039	5581.946289
137.454102	5587.932617
136.117188	5651.911621
134.781250	5624.207031
133.444336	5665.700684
132.106445	5537.058594
130.768555	5800.945313
129.430664	5687.280273
128.092773	5751.121582
126.753906	5652.467285
125.414063	5678.943359
124.075195	5675.542480
122.735352	5465.034180
121.394531	5581.071777
120.053711	5628.046387
118.712891	5537.034180
117.372070	5591.447754
116.030273	5668.190430
114.688477	5625.670410
113.345703	5735.880371
112.002930	5741.769043
110.660156	5896.555664
109.316406	5807.494629
107.972656	5744.524414
106.627930	5649.971191
105.283203	5572.201172
103.938477	5161.755859
102.592773	4751.532715
101.247070	4295.089355
99.901367	4017.187988
98.554688	3446.075684
