#Wave		#Intensity
3199.956055	46.100704
3199.250977	21.277248
3198.545898	53.184879
3197.840820	14.180434
3197.134766	35.445580
3196.429688	21.264042
3195.724609	24.804190
3195.018555	31.886135
3194.312500	35.423515
3193.606445	24.792593
3192.901367	46.036194
3192.195313	56.651073
3191.488281	28.321106
3190.782227	46.014587
3190.076172	31.851259
3189.369141	42.461681
3188.663086	17.689589
3187.956055	60.135147
3187.249023	53.052074
3186.541992	49.507473
3185.834961	49.499668
3185.127930	21.210796
3184.420898	21.207445
3183.712891	45.942204
3183.005859	31.801107
3182.297852	49.460556
3181.590820	38.855705
3180.882813	49.444874
3180.174805	28.249727
3179.466797	24.714582
3178.757813	35.300930
3178.049805	45.883904
3177.341797	45.876591
3176.632813	49.397678
3175.924805	38.806267
3175.215820	42.327347
3174.506836	59.954151
3173.797852	52.892258
3173.088867	59.934956
3172.379883	70.500404
3171.669922	24.671183
3170.960938	35.238888
3170.250977	38.756546
3169.541016	59.886845
3168.832031	59.877201
3168.122070	21.129725
3167.412109	21.126318
3166.701172	42.245815
3165.991211	31.679243
3165.281250	28.154774
3164.570313	63.337994
3163.860352	52.773113
3163.149414	10.552912
3162.438477	42.204800
3161.727539	31.648462
3161.016602	35.159245
3160.305664	28.122822
3159.593750	31.633026
3158.882813	24.599457
3158.170898	7.027271
3157.458984	42.156746
3156.748047	38.637375
3156.036133	35.119148
3155.324219	28.090725
3154.611328	38.618427
3153.899414	24.571337
3153.187500	35.096157
3152.474609	56.144642
3151.761719	70.169281
3151.049805	24.555214
3150.336914	10.521933
3149.624023	38.574074
3148.911133	17.530783
3148.197266	45.572521
3147.484375	63.090008
3146.770508	59.575176
3146.057617	45.549961
3145.343750	35.032642
3144.629883	59.545639
3143.916016	63.037888
3143.202148	35.015247
3142.488281	45.512276
3141.774414	31.503271
3141.059570	34.997822
3140.344727	41.990410
3139.630859	73.471001
3138.916016	27.984295
3138.201172	62.954182
3137.486328	55.949947
3136.771484	45.451752
3136.055664	45.444168
3135.340820	31.456093
3134.625000	34.945374
3133.910156	27.951624
3133.194336	17.466841
3132.478516	34.927834
3131.762695	27.937584
3131.046875	45.390961
3130.330078	80.293610
3129.614258	27.923521
3128.897461	48.857948
3128.181641	55.828266
3127.464844	38.375473
3126.748047	41.857105
3126.031250	62.775078
3125.314453	10.460749
3124.596680	38.349606
3123.879883	45.314610
3123.162109	62.732704
3122.445313	59.237534
3121.727539	52.259567
3121.009766	20.900288
3120.291992	27.862329
3119.574219	34.822006
3118.856445	34.816101
3118.137695	31.329170
3117.419922	62.647697
3116.701172	52.197540
3115.982422	41.750931
3115.263672	41.743824
3114.544922	41.736713
3113.826172	48.684536
3113.107422	69.537476
3112.387695	66.049332
3111.668945	48.659618
3110.949219	45.176208
3110.229492	59.066483
3109.509766	24.317331
3108.790039	48.626339
3108.070313	52.090725
3107.350586	24.304838
3106.629883	52.072865
3105.910156	31.238358
3105.189453	45.114323
3104.468750	38.167099
3103.748047	48.567955
3103.027344	45.091057
3102.306641	58.955078
3101.585938	55.477577
3100.864258	48.534512
3100.143555	38.127682
3099.421875	48.517769
3098.700195	65.834175
3097.978516	72.751518
3097.256836	38.101349
3096.535156	58.873718
3095.813477	62.326092
3095.090820	62.315296
3094.369141	69.227226
3093.646484	48.450653
3092.923828	58.822731
3092.201172	58.812523
3091.478516	51.884388
3090.755859	62.250446
3090.032227	72.612892
3089.309570	79.514572
3088.585938	79.500725
3087.863281	58.751175
3087.139648	69.106979
3086.416016	34.547466
3085.692383	51.812157
3084.967773	31.081867
3084.244141	58.699940
3083.519531	65.594345
3082.795898	55.227688
3082.071289	55.218025
3081.346680	31.054701
3080.622070	44.848934
3079.897461	55.189014
3079.171875	89.666428
3078.447266	27.584829
3077.721680	55.159973
3076.997070	58.597179
3076.271484	34.462872
3075.545898	55.130901
3074.820313	65.456429
3074.094727	37.889156
3073.368164	65.433380
3072.642578	65.421852
3071.916016	58.525021
3071.189453	79.166946
3070.463867	51.621506
3069.737305	75.698174
3069.009766	48.163055
3068.283203	61.912983
3067.556641	92.853050
3066.829102	65.329475
3066.102539	37.815632
3065.375000	44.683289
3064.647461	27.492535
3063.919922	79.027023
3063.192383	68.706963
3062.463867	65.260033
3061.736328	78.984955
3061.007813	58.369812
3060.279297	34.329082
3059.551758	37.755276
3058.823242	68.633743
3058.094727	54.897217
3057.365234	51.456978
3056.636719	58.307514
3055.907227	75.443336
3055.178711	89.144402
3054.449219	61.704342
3053.719727	41.128883
3052.990234	78.816284
3052.260742	47.966553
3051.530273	23.978989
3050.800781	51.374355
3050.070313	58.213852
3049.340820	92.440742
3048.610352	51.346767
3047.879883	47.915062
3047.149414	61.594032
3046.417969	68.425537
3045.687500	99.199226
3044.957031	64.980927
3044.225586	27.355474
3043.494141	78.632858
3042.762695	27.345640
3042.031250	44.428673
3041.299805	88.841354
3040.568359	40.996319
3039.835938	71.730637
3039.103516	71.717712
3038.372070	37.559647
3037.639648	61.450153
3036.907227	40.959377
3036.174805	54.602642
3035.441406	61.416878
3034.708984	54.582916
3033.975586	51.162231
3033.243164	68.203972
3032.509766	44.324562
3031.776367	44.316540
3031.042969	61.350246
3030.309570	68.154594
3029.575195	37.478233
3028.841797	95.381836
3028.107422	78.335152
3027.373047	71.510422
3026.638672	51.069595
3025.904297	74.888466
3025.169922	78.278267
3024.435547	88.472382
3023.700195	57.836807
3022.965820	129.258759
3022.230469	71.419464
3021.495117	98.608917
3020.759766	78.192825
3020.024414	71.380440
3019.289063	47.578281
3018.552734	78.150063
3017.817383	101.916260
3017.081055	98.501068
3016.344727	95.087112
3015.608398	61.116261
3014.872070	98.447090
3014.135742	78.064445
3013.398438	98.411079
3012.662109	108.571663
3011.924805	101.767296
3011.187500	71.224060
3010.451172	98.339020
3009.712891	67.807579
3008.975586	77.964417
3008.238281	50.837032
3007.500000	91.489868
3006.762695	115.188309
3006.024414	105.005348
3005.286133	54.186348
3004.547852	108.352776
3003.809570	77.864243
3003.071289	94.773811
3002.332031	121.829620
3001.592773	67.670662
3000.854492	74.424019
3000.115234	91.321739
2999.375977	98.068237
2998.636719	60.858719
2997.896484	114.934151
2997.157227	114.912949
2996.416992	77.720879
2995.677734	108.113434
2994.937500	104.715538
2994.197266	101.318893
2993.457031	101.300163
2992.715820	121.537720
2991.975586	111.388962
2991.234375	101.243958
2990.494141	128.218597
2989.752930	121.447754
2989.011719	118.052330
2988.270508	124.775047
2987.528320	101.150200
2986.787109	117.986679
2986.044922	128.076065
2985.303711	128.052292
2984.561523	117.920998
2983.819336	128.004730
2983.077148	121.245110
2982.334961	141.426331
2981.591797	127.933365
2980.849609	148.105820
2980.106445	94.231621
2979.363281	144.685913
2978.620117	148.023132
2977.876953	131.177887
2977.133789	151.330902
2976.389648	164.751816
2975.646484	157.997787
2974.902344	215.105789
2974.158203	181.461639
2973.414063	181.427780
2972.669922	154.520737
2971.925781	225.020767
2971.181641	151.105118
2970.436523	184.649506
2969.692383	204.754791
2968.947266	157.732391
2968.202148	234.876617
2967.457031	167.737610
2966.710938	224.726318
2965.965820	238.098221
2965.220703	227.995010
2964.474609	211.191086
2963.728516	248.019211
2962.982422	251.323685
2962.236328	288.130432
2961.490234	274.677460
2960.743164	237.785828
2959.997070	274.574310
2959.250000	281.218414
2958.502930	267.776733
2957.755859	277.766144
2957.008789	281.059875
2956.261719	317.805542
2955.514648	280.954132
2954.766602	324.374084
2954.018555	351.060486
2953.271484	317.566315
2952.523438	290.769104
2951.775391	287.372772
2951.026367	314.045898
2950.278320	324.007538
2949.529297	290.549896
2948.781250	317.207245
2948.032227	313.808990
2947.283203	383.842773
2946.534180	320.364746
2945.784180	336.986725
2945.035156	353.602417
2944.285156	373.547028
2943.536133	333.461060
2942.786133	320.062042
2942.036133	320.001495
2941.286133	329.939087
2940.535156	349.869141
2939.785156	323.151215
2939.034180	259.804321
2938.284180	349.670319
2937.533203	273.024109
2936.782227	312.919525
2936.031250	336.158264
2935.279297	319.456146
2934.528320	289.452179
2933.776367	289.397217
2933.025391	309.296906
2932.273438	285.962158
2931.521484	319.152924
2930.768555	275.881836
2930.016602	285.799133
2929.264648	282.422150
2928.511719	282.368439
2927.758789	262.386597
2927.005859	242.412354
2926.252930	268.926880
2925.500000	258.917297
2924.747070	225.679764
2923.993164	215.682190
2923.240234	255.451736
2922.486328	262.036865
2921.732422	205.609970
2920.978516	242.042953
2920.223633	268.516968
2919.469727	218.749832
2918.715820	228.649338
2917.960938	265.050049
2917.206055	261.686890
2916.451172	231.830154
2915.696289	235.097061
2914.941406	244.983871
2914.185547	221.767303
2913.430664	215.106216
2912.674805	231.608505
2911.918945	264.644745
2911.163086	254.671799
2910.407227	234.782257
2909.651367	264.492706
2908.894531	218.164658
2908.138672	194.988586
2907.381836	231.298035
2906.625000	274.200775
2905.868164	244.421249
2905.111328	244.374344
2904.353516	237.723984
2903.596680	254.183762
2902.838867	227.731308
2902.081055	194.689362
2901.323242	280.430756
2900.565430	207.808731
2899.807617	270.429169
2899.049805	267.079895
2898.291016	234.062012
2897.532227	224.128922
2896.773438	197.722748
2896.014648	227.337372
2895.255859	279.999359
2894.497070	247.010651
2893.738281	253.548721
2892.978516	233.746613
2892.218750	233.701538
2891.458984	263.274902
2890.699219	266.514404
2889.939453	213.828308
2889.179688	240.099289
2888.418945	236.764542
2887.659180	249.869858
2886.898438	276.118591
2886.137695	213.621902
2885.376953	249.725037
2884.616211	229.965424
2883.854492	272.620575
2883.093750	275.851776
2882.332031	246.248581
2881.570313	252.766281
2880.808594	249.435303
2880.046875	246.105591
2879.285156	203.407883
2878.522461	216.489029
2877.760742	226.285568
2876.998047	180.337601
2876.235352	285.205963
2875.472656	245.819534
2874.709961	222.833145
2873.946289	206.408295
2873.183594	239.125092
2872.419922	252.178864
2871.656250	225.934586
2870.892578	229.164474
2870.128906	258.578217
2869.365234	202.895370
2868.600586	245.390244
2867.836914	238.800064
2867.072266	255.106598
2866.307617	215.817429
2865.542969	281.161926
2864.778320	261.495087
2864.013672	235.299744
2863.248047	212.382019
2862.483398	225.407761
2861.717773	199.234695
2860.952148	244.912964
2860.186523	261.189575
2859.419922	235.024765
2858.654297	270.878479
2857.887695	231.670135
2857.122070	225.100281
2856.355469	202.224533
2855.588867	208.707153
2854.822266	215.187225
2854.054688	247.742935
2853.288086	234.657974
2852.520508	231.353622
2851.752930	201.987610
2850.985352	273.607117
2850.217773	244.244293
2849.450195	227.916748
2848.682617	250.659363
2847.914063	244.100937
2847.145508	211.512726
2846.377930	266.779175
2845.609375	211.429886
2844.839844	211.388458
2844.071289	227.604492
2843.302734	195.051331
2842.533203	208.013947
2841.763672	220.971481
2840.994141	243.670731
2840.224609	201.394943
2839.455078	207.850754
2838.684570	201.315887
2837.915039	214.261917
2837.144531	204.482574
2836.374023	194.707047
2835.603516	197.913269
2834.833008	223.825089
2834.062500	233.510696
2833.291016	239.949905
2832.520508	197.757645
2831.749023	213.925186
2830.977539	246.289597
2830.206055	220.320999
2829.433594	200.841354
2828.662109	223.472977
2827.889648	207.238434
2827.118164	168.348053
2826.345703	174.788513
2825.573242	187.698807
2824.799805	203.839523
2824.027344	200.564407
2823.254883	216.696198
2822.481445	206.952530
2821.708008	187.513718
2820.934570	197.173752
2820.161133	200.366531
2819.387695	232.637756
2818.613281	197.056931
2817.839844	177.639160
2817.065430	187.291534
2816.291016	219.539764
2815.516602	187.217468
2814.741211	164.589676
2813.966797	180.690155
2813.192383	170.976486
2812.416992	193.519958
2811.641602	241.852036
2810.866211	190.219254
2810.090820	157.947403
2809.314453	196.589432
2808.539063	173.995483
2807.762695	167.517990
2806.986328	190.030777
2806.209961	180.332413
2805.433594	218.931625
2804.657227	212.450287
2803.880859	183.443359
2803.103516	189.842270
2802.326172	273.447235
2801.548828	173.684906
2800.771484	173.650391
2799.994141	128.604355
2799.216797	186.439240
2798.438477	176.760666
2797.660156	163.872742
2796.881836	186.327988
2796.103516	186.290909
2795.325195	186.253815
2794.546875	205.480530
2793.767578	189.389633
2792.989258	157.258362
2792.209961	214.983887
2791.430664	208.524872
2790.651367	179.616379
2789.871094	150.719406
2789.091797	166.720108
2788.311523	173.097885
2787.531250	157.038956
2786.751953	189.049973
2785.970703	211.437393
2785.190430	160.147858
2784.410156	198.543655
2783.628906	195.302307
2782.847656	217.670532
2782.067383	185.623032
2781.285156	163.187607
2780.503906	217.539963
2779.722656	211.099472
2778.940430	150.298325
2778.159180	156.662628
2777.376953	188.596817
2776.594727	159.795807
2775.812500	156.568512
2775.029297	156.537140
2774.247070	178.863724
2773.463867	169.247803
2772.680664	220.297287
2771.897461	146.835388
2771.114258	191.485992
2770.331055	194.638351
2769.546875	194.599274
2768.763672	188.181183
2767.979492	184.954514
2767.195313	188.105576
2766.411133	188.067780
2765.626953	165.721329
2764.841797	156.129089
2764.056641	146.540680
2763.272461	165.621353
2762.487305	168.772415
2761.702148	159.187210
2760.916016	213.267914
2760.130859	175.035416
2759.344727	165.454697
2758.559570	203.595520
2757.773438	162.207474
2756.987305	133.555695
2756.201172	209.830917
2755.414063	197.074127
2754.627930	184.322479
2753.840820	184.285278
2753.053711	184.248077
2752.266602	215.971359
2751.479492	161.945816
2750.692383	193.660751
2749.904297	190.447495
2749.116211	212.623383
2748.328125	164.987762
2747.540039	206.192993
2746.751953	212.494400
2745.963867	221.964157
2745.174805	183.875931
2744.386719	199.686859
2743.597656	177.463486
2742.808594	183.764236
2742.019531	155.217636
2741.229492	186.856827
2740.440430	167.820404
2739.650391	167.786377
2738.861328	161.422058
2738.071289	196.198761
2737.280273	205.650513
2736.490234	196.119125
2735.700195	192.916733
2734.909180	199.201401
2734.118164	189.677063
2733.327148	180.156586
2732.536133	183.279968
2731.745117	202.198837
2730.953125	157.935715
2730.162109	176.852005
2729.370117	161.028870
2728.578125	148.368942
2727.786133	176.744019
2726.994141	186.174515
2726.201172	214.530289
2725.409180	173.481781
2724.616211	173.446426
2723.823242	198.634476
2723.030273	173.375671
2722.236328	179.643585
2721.443359	179.606918
2720.649414	195.322037
2719.856445	170.084442
2719.062500	173.198776
2718.268555	154.272827
2717.473633	188.866898
2716.679688	154.209763
2715.884766	160.471222
2715.089844	204.480301
2714.295898	176.131592
2713.500000	204.396622
2712.705078	138.332458
2711.910156	204.312912
2711.114258	194.843170
2710.318359	175.951309
2709.522461	172.773895
2708.726563	157.034973
2707.930664	213.523773
2707.134766	166.388794
2706.337891	169.493408
2705.541016	175.734863
2704.744141	172.561295
2703.947266	181.936356
2703.150391	210.124680
2702.352539	188.132675
2701.555664	191.228897
2700.757813	188.055313
2699.959961	159.814133
2699.162109	197.376846
2698.364258	225.527100
2697.565430	194.163910
2696.767578	181.599792
2695.968750	209.735855
2695.169922	165.876266
2694.371094	194.003922
2693.571289	162.679413
2692.772461	165.773666
2691.972656	162.612305
2691.173828	175.084793
2690.374023	190.677994
2689.573242	175.012497
2688.773438	212.471268
2687.973633	218.675217
2687.172852	156.164291
2686.372070	202.971603
2685.571289	181.075668
2684.770508	209.130325
2683.969727	196.604233
2683.167969	202.803650
2682.367188	187.164597
2681.565430	168.413239
2680.763672	187.087036
2679.961914	183.930786
2679.159180	208.827240
2678.357422	180.738312
2677.554688	193.162933
2676.751953	196.237732
2675.949219	205.539688
2675.146484	186.815460
2674.343750	186.776642
2673.540039	192.962418
2672.736328	189.810654
2671.932617	220.881195
2671.128906	195.952408
2670.325195	223.899002
2669.521484	174.107422
2668.716797	202.046875
2667.912109	183.358200
2667.107422	189.534225
2666.302734	229.878830
2665.498047	183.243561
2664.693359	170.784637
2663.887695	189.376160
2663.082031	148.986206
2662.276367	179.987411
2661.470703	204.770477
2660.665039	210.931564
2659.858398	198.482330
2659.052734	207.742737
2658.246094	213.899277
2657.439453	164.265060
2656.632813	170.428070
2655.826172	192.078690
2655.051758	223.501892
2655.018555	210.622833
2654.246094	183.147385
2654.210938	201.288467
2653.440430	211.051102
2653.404297	182.669708
2652.634766	242.048965
2652.596680	207.394989
2651.829102	226.496429
2651.788086	204.256699
2651.023438	204.744492
2650.980469	182.554794
2650.217773	195.406311
2650.171875	163.955490
2649.411133	176.767548
2649.364258	244.335175
2648.604492	207.745728
2648.555664	235.007263
2647.798828	173.610046
2647.747070	231.866333
2646.992188	207.678284
2646.938477	185.454086
2646.185547	207.644531
2646.128906	213.227356
2645.378906	164.229401
2645.320313	191.555298
2644.571289	188.987961
2644.510742	191.514999
2643.764648	213.738419
2643.701172	256.329041
2642.957031	185.829178
2642.891602	222.310898
2642.150391	179.605545
2642.081055	194.481064
2641.342773	216.729874
2641.271484	182.094696
2640.535156	185.738083
2640.460938	185.142014
2639.727539	222.849197
2639.651367	252.974075
2638.918945	216.623444
2638.840820	203.570328
2638.111328	222.776138
2638.029297	209.694885
2637.303711	197.990723
2637.218750	166.487259
2636.495117	191.772003
2636.408203	200.359009
2635.686523	188.647873
2635.596680	184.907715
2634.877930	247.366318
2634.785156	221.842377
2634.069336	179.311035
2633.973633	218.714996
2633.260742	207.101013
2633.162109	178.630814
2632.452148	222.519577
2632.349609	227.860062
2631.642578	210.122665
2631.538086	209.340622
2630.833984	256.430847
2630.725586	209.296310
2630.024414	225.498260
2629.913086	230.792633
2629.214844	176.044815
2629.100586	233.820328
2628.405273	209.983566
2628.288086	193.783661
2627.595703	209.948746
2627.474609	215.269531
2626.785156	203.739944
2626.662109	215.223892
2625.975586	240.743561
2625.848633	199.808350
2625.165039	228.359756
2625.035156	199.765945
2624.355469	169.698593
2624.221680	221.232224
2623.544922	228.283707
2623.407227	215.041199
2622.734375	215.908035
2622.593750	245.709152
2621.923828	203.536469
2621.779297	227.232651
2621.113281	246.669678
2620.964844	208.763977
2620.301758	200.385605
2620.150391	236.344223
2619.491211	194.187408
2619.335938	236.293930
2618.679688	246.545898
2618.521484	214.766937
2617.868164	221.854126
2617.706055	251.530548
2617.056641	206.412979
2616.890625	248.410172
2616.245117	209.458603
2616.076172	251.423370
2615.433594	240.220993
2615.259766	242.173309
2614.621094	230.942886
2614.444336	229.862320
2613.809570	221.667877
2613.628906	217.556564
2612.997070	243.177979
2612.812500	220.573654
2612.185547	227.748581
2611.996094	183.772125
2611.373047	209.247177
2611.179688	235.790512
2610.559570	215.365158
2610.363281	235.740128
2609.747070	218.404907
2609.546875	247.933350
2608.934570	193.763153
2608.729492	229.518814
2608.121094	218.331055
2607.912109	226.410110
2607.308594	218.294083
2607.095703	223.302704
2606.495117	209.034973
2606.277344	217.138321
2605.681641	215.146561
2605.459961	244.610474
2604.868164	181.307053
2604.642578	198.703415
2604.054688	251.943268
2603.824219	220.055069
2603.240234	221.180878
2603.005859	189.451218
2602.426758	190.428925
2602.187500	247.455750
2601.612305	230.318359
2601.369141	250.456985
2600.798828	208.786407
2600.550781	198.490341
2599.984375	239.449463
2599.731445	198.447693
2599.169922	217.923218
2598.913086	219.771744
2598.354492	181.060211
2598.093750	256.345245
2597.540039	230.121948
2597.274414	237.983673
2596.725586	211.675995
2596.455078	222.680374
2595.910156	220.841507
2595.634766	250.080276
2595.094727	230.003845
2594.815430	207.338989
2594.279297	171.706772
2593.995117	195.100525
2593.463867	174.742996
2593.174805	213.345215
2592.648438	223.755249
2592.354492	188.922150
2591.833008	223.716812
2591.533203	201.067307
2591.016602	180.781143
2590.712891	231.482071
2590.201172	214.449203
2589.891602	213.161148
2589.384766	220.538361
2589.070313	222.248611
2588.568359	192.937836
2588.249023	203.937531
2587.751953	211.276428
2587.427734	258.670776
2586.935547	232.670135
2586.606445	228.189560
2586.118164	257.117340
2585.784180	194.679626
2585.301758	235.650177
2584.961914	203.761124
2584.484375	226.429855
2584.139648	240.203629
2583.666992	223.331345
2583.317383	188.473404
2582.849609	214.116272
2582.495117	246.178024
2582.032227	195.729538
2581.671875	230.931763
2581.214844	204.868835
2580.849609	203.540421
2580.397461	226.233795
2580.026367	209.570770
2579.579102	217.024475
2579.203125	233.818054
2578.761719	183.369110
2578.379883	191.264130
2577.943359	220.004669
2577.555664	218.540085
2577.125000	253.572388
2576.732422	230.631042
2576.306641	192.437103
2575.908203	279.124237
2575.488281	250.430054
2575.083984	209.297623
2574.668945	213.744492
2574.259766	230.480545
2573.850586	210.654236
2573.434570	224.366394
2573.031250	225.879608
2572.610352	263.724640
2572.211914	228.892044
2571.785156	209.115326
2571.392578	238.006119
2570.959961	236.339691
2570.573242	213.557877
2570.134766	230.229462
2569.753906	231.822266
2569.309570	199.892471
2568.933594	240.930939
2568.484375	248.297028
2568.114258	201.248795
2567.658203	248.242798
2567.293945	222.554337
2566.832031	202.788193
2566.473633	195.081894
2566.005859	217.873993
2565.653320	207.238113
2565.179688	272.282928
2564.833008	237.672531
2564.353516	214.753952
2564.012695	210.211807
2563.526367	211.682892
2563.191406	231.496902
2562.699219	199.543015
2562.371094	231.456146
2561.872070	250.885468
2561.549805	204.010925
2561.044922	241.764297
2560.728516	200.930557
2560.217773	262.860992
2559.907227	252.640823
2559.389648	262.803314
2559.085938	206.946320
2558.562500	235.565033
2558.264648	222.123718
2557.734375	217.396881
2557.442383	237.295715
2556.906250	244.517746
2556.620117	231.170334
2556.078125	208.247101
2555.798828	228.088242
2555.249023	259.497253
2554.976563	209.804031
2554.420898	238.322937
2554.154297	224.967346
2553.591797	259.383026
2553.331055	255.323074
2552.762695	247.264221
2552.508789	294.785065
2551.933594	253.239243
2551.686523	255.232468
2551.103516	220.028427
2550.863281	261.263000
2550.274414	280.248352
2550.040039	252.104370
2549.444336	250.058929
2549.216797	258.133270
2548.614258	250.003723
2548.393555	197.360901
2547.784180	271.028473
2547.570313	206.433105
2546.954102	246.882492
2546.746094	264.065887
2546.123047	231.777420
2545.922852	233.671814
2545.292969	270.848724
2545.098633	276.108337
2544.461914	243.709900
2544.274414	263.924591
2543.630859	210.566864
2543.450195	248.712097
2542.799805	234.579666
2542.625977	233.504990
2541.967773	249.561493
2541.801758	272.879120
2541.136719	279.567139
2540.976563	227.358566
2540.304688	228.412766
2540.151367	245.503296
2539.472656	249.395416
2539.327148	248.489685
2538.640625	258.352325
2538.501953	287.832794
2537.807617	237.270905
2537.676758	239.312775
2536.975586	243.223679
2536.850586	224.126175
2536.142578	231.161209
2536.025391	208.944992
2535.309570	261.124023
2535.199219	242.211548
2534.476563	252.063614
2534.374023	236.113800
2533.643555	231.006836
2533.547852	251.204117
2532.809570	239.953613
2532.721680	263.262970
2531.976563	227.905106
2531.895508	245.062759
2531.142578	242.844681
2531.068359	275.267822
2530.308594	284.754242
2530.242188	220.779434
2529.473633	221.759048
2529.415039	290.287720
2528.639648	227.701645
2528.588867	226.746353
2527.804688	260.600189
2527.761719	244.841843
2526.969727	260.541901
2526.934570	268.975128
2526.134766	278.447998
2526.106445	262.883240
2525.299805	254.438492
2525.279297	277.941193
2524.464844	254.381500
2524.452148	247.685349
2523.628906	239.364227
2523.624023	244.620499
2522.795898	253.634552
2522.792969	251.276077
2521.967773	214.342728
2521.957031	242.247574
2521.139648	238.450760
2521.121094	236.213120
2520.311523	250.478760
2520.285156	269.043121
2519.482422	253.450546
2519.448242	236.106995
2518.654297	262.454681
2518.612305	268.922180
2517.825195	283.520172
2517.775391	224.051407
2516.996094	229.187393
2516.937500	244.907745
2516.166992	286.432098
2516.100586	259.782623
2515.337891	247.191132
2515.263672	235.841431
2514.507813	274.271881
2514.425781	253.696243
2513.678711	310.383026
2513.587891	271.542938
2512.848633	231.991608
2512.750000	241.648529
2512.018555	274.121887
2511.912109	310.194733
2511.188477	249.977615
2511.073242	259.431183
2510.358398	283.055481
2510.234375	268.316437
2509.528320	255.907654
2509.395508	277.197632
2508.697266	261.881134
2508.556641	259.255249
2507.867188	261.833221
2507.717773	250.258728
2507.036133	237.713089
2506.878906	282.966614
2506.205078	288.813660
2506.039063	205.476532
2505.374023	243.641876
2505.199219	282.838318
2504.542969	276.678314
2504.359375	247.055313
2503.710938	279.634399
2503.519531	273.782288
2502.879883	258.539215
2502.678711	235.042267
2502.047852	294.560364
2501.838867	279.606995
2501.215820	273.470093
2500.998047	288.464996
2500.383789	279.429077
2500.157227	291.372559
2499.551758	276.373627
2499.316406	285.361206
2498.719727	285.333344
2498.474609	288.268066
2497.886719	273.268982
2497.633789	300.087006
2497.053711	246.197052
2496.791992	246.549927
2496.221680	306.188690
2495.950195	282.131317
2495.388672	291.125793
2495.108398	288.005188
2494.554688	261.064667
2494.265625	276.065613
2493.721680	261.016510
2493.423828	252.260376
2492.888672	275.966522
2492.581055	317.478668
2492.054688	254.921967
2491.738281	293.674744
2491.220703	293.855743
2490.895508	296.573273
2490.387695	284.807495
2490.051758	293.540283
2489.552734	233.798706
2489.208984	290.508636
2488.718750	281.705292
2488.365234	254.877701
2487.884766	284.649445
2487.521484	281.486359
2487.049805	317.550018
2486.677734	266.610077
2486.215820	305.510406
2485.833008	293.203705
2485.380859	260.534088
2484.989258	296.097290
2484.545898	278.450317
2484.144531	275.307159
2483.710938	248.463303
2483.299805	298.920715
2482.875000	314.262695
2482.455078	313.646545
2482.040039	257.348297
2481.609375	283.991791
2481.204102	296.194763
2480.764648	272.096069
2480.368164	275.200531
2479.918945	251.335144
2479.532227	281.130829
2479.073242	274.926758
2478.696289	307.990295
2478.227539	277.818787
2477.860352	260.098724
2477.381836	301.393311
2477.023438	292.930206
2476.535156	277.690399
2476.187500	301.841217
2475.688477	321.928223
2475.350586	283.857117
2474.841797	274.609131
2474.513672	304.716064
2473.995117	312.922882
2473.676758	292.711792
2473.148438	301.044678
2472.839844	274.739380
2472.300781	283.270477
2472.001953	268.716583
2471.453125	286.154816
2471.165039	259.710846
2470.605469	315.582031
2470.327148	259.662292
2469.757813	300.765350
2469.489258	313.326935
2468.910156	306.591431
2468.651367	250.614639
2468.061523	300.625519
2467.813477	253.550690
2467.212891	274.035950
2466.975586	283.327118
2466.364258	271.026215
2466.136719	322.037872
2465.515625	276.853577
2465.297852	316.014954
2464.666992	338.624878
2464.458984	289.129272
2463.817383	317.938751
2463.620117	315.896454
2462.967773	294.319000
2462.781250	306.898376
2462.118164	270.710266
2461.942383	291.945587
2461.268555	276.530609
2461.102539	291.890747
2460.418945	311.759491
2460.263672	259.078796
2459.568359	288.163025
2459.423828	324.531982
2458.717773	285.155823
2458.583984	258.981384
2457.867188	270.393707
2457.744141	300.600006
2457.016602	308.529175
2456.903320	291.616394
2456.166016	311.394470
2456.063477	288.586365
2455.314453	293.699432
2455.222656	288.531982
2454.462891	284.821533
2454.382813	297.399597
2453.611328	255.398453
2453.541992	315.184143
2452.759766	284.687653
2452.701172	303.233185
2451.907227	302.226074
2451.859375	297.231354
2451.055664	287.487183
2451.018555	329.864502
2450.203125	313.815125
2450.176758	258.493622
2449.350586	272.690887
2449.334961	270.327301
2448.497070	269.695099
2448.493164	234.635406
2447.651367	291.011658
2447.644531	269.631439
2446.809570	270.174011
2446.791016	272.497833
2445.967773	267.154480
2445.937500	246.068909
2445.125000	273.039551
2445.083984	266.511627
2444.282227	293.758667
2444.230469	248.880508
2443.439453	258.102631
2443.375977	275.167389
2442.596680	278.816650
2442.522461	292.661896
2441.753906	266.901489
2441.667969	251.629562
2440.911133	249.060806
2440.813477	254.495087
2440.067383	275.693573
2439.958008	286.604553
2439.223633	257.857910
2439.103516	222.211960
2438.380859	257.808960
2438.248047	274.775787
2437.536133	272.573761
2437.392578	242.563446
2436.692383	313.992676
2436.537109	274.645020
2435.848633	290.239899
2435.680664	239.526886
2435.003906	254.651886
2434.825195	280.354889
2434.160156	254.603424
2433.968750	254.011017
2433.315430	254.554947
2433.112305	253.950394
2432.470703	257.465851
2432.255859	291.827301
2431.625000	287.004944
2431.398438	247.993927
2430.780273	248.492981
2430.541992	285.854034
2429.935547	269.149414
2429.684570	271.204742
2429.089844	257.269592
2428.827148	271.139801
2428.244141	248.350830
2427.968750	221.523514
2427.398438	242.391434
2427.111328	233.126724
2426.552734	280.765717
2426.252930	270.944794
2425.706055	307.305847
2425.394531	273.792419
2424.860352	313.155731
2424.536133	241.694809
2424.013672	324.910797
2423.677734	244.547989
2423.166992	301.223297
2422.818359	261.952667
2422.320313	286.402649
2421.959961	305.537872
2421.473633	268.635590
2421.100586	247.280579
2420.626953	233.166473
2420.240234	232.678558
2419.779297	262.630920
2419.380859	226.806870
2418.931641	274.381958
2418.520508	252.915817
2418.084961	283.178711
2417.661133	247.041977
2417.237305	289.022827
2416.799805	261.510620
2416.388672	274.224152
2415.939453	252.732452
2415.541016	271.223450
2415.079102	217.820053
2414.692383	282.961456
2414.217773	246.802933
2413.844727	288.801025
2413.356445	240.937393
2412.996094	253.388947
2412.147461	247.448624
2411.298828	282.744049
2410.449219	265.021576
2409.600586	276.747070
2408.750977	264.919617
2407.901367	232.495773
2407.051758	276.587280
2406.202148	238.289932
2405.352539	267.656860
2404.501953	249.960938
2403.651367	264.613495
2402.801758	285.139526
2401.950195	255.694336
2401.099609	267.398773
2400.249023	270.285004
2399.397461	255.546234
2398.546875	281.927551
2397.695313	267.192169
2396.843750	275.947327
2395.991211	275.893951
2395.139648	223.020020
2394.288086	284.588867
2393.435547	296.267120
2392.583008	299.142487
2391.730469	269.762512
2390.877930	310.753082
2390.024414	243.278336
2389.171875	287.188599
2388.318359	278.343079
2387.464844	287.077118
2386.611328	266.519867
2385.757813	254.755203
2384.903320	269.343964
2384.049805	313.197876
2383.195313	301.430908
2382.340820	269.186890
2381.486328	266.209167
2380.631836	269.082153
2379.776367	283.650940
2378.921875	242.664368
2378.066406	268.924988
2377.210938	321.478088
2376.355469	230.834702
2375.499023	286.296082
2374.643555	286.240234
2373.787109	303.705872
2372.930664	265.690765
2372.074219	253.962463
2371.217773	288.935333
2370.361328	297.632782
2369.503906	265.483246
2368.647461	250.847198
2367.790039	274.128204
2366.932617	239.086334
2366.075195	309.002350
2365.216797	268.138214
2364.359375	238.945969
2363.500977	279.686829
2362.642578	262.155029
2361.784180	343.647034
2360.925781	291.169189
2360.067383	296.934357
2359.208008	285.233887
2358.348633	282.267944
2357.490234	311.306641
2356.629883	261.795288
2355.770508	317.000916
2354.911133	252.969360
2354.050781	316.876343
2353.190430	267.402679
2352.330078	270.256104
2351.469727	293.446198
2350.609375	299.198120
2349.749023	281.713654
2348.887695	287.465576
2348.026367	339.665161
2347.165039	290.254913
2346.303711	301.805634
2345.442383	295.943329
2344.580078	290.083313
2343.717773	287.125854
2342.856445	266.771362
2341.994141	287.012543
2341.130859	275.361725
2340.268555	284.001251
2339.405273	312.919159
2338.542969	315.754181
2337.679688	315.691772
2336.816406	295.359589
2335.953125	277.930542
2335.088867	306.820923
2334.225586	327.017975
2333.361328	352.993774
2332.497070	295.067535
2331.632813	286.332367
2330.767578	335.434082
2329.903320	335.367615
2329.038086	297.724304
2328.172852	309.225098
2327.307617	297.606262
2326.442383	297.547211
2325.577148	311.929352
2324.710938	303.204468
2323.845703	329.128052
2322.979492	277.105438
2322.113281	291.480103
2321.246094	314.505127
2320.379883	302.903442
2319.512695	340.338104
2318.646484	314.317596
2317.779297	331.553528
2316.912109	311.310059
2316.043945	299.720367
2315.176758	299.660706
2314.308594	279.435577
2313.440430	345.624664
2312.572266	305.240936
2311.704102	316.696350
2310.835938	287.848389
2309.966797	333.837524
2309.098633	310.752258
2308.229492	296.306458
2307.360352	345.142517
2306.490234	333.571167
2305.621094	296.129028
2304.750977	304.693298
2303.881836	290.262970
2303.011719	301.698212
2302.141602	327.492584
2301.270508	347.532288
2300.400391	287.159332
2299.529297	315.812073
2298.658203	310.007996
2297.787109	304.206177
2296.916016	298.406708
2296.044922	355.721344
2295.172852	349.913788
2294.300781	289.624695
2293.428711	240.827698
2292.556641	329.638489
2291.684570	298.048065
2290.812500	297.988281
2289.939453	323.710785
2289.066406	360.879395
2288.193359	320.717285
2287.320313	352.145599
2286.447266	300.551727
2285.573242	317.662262
2284.699219	317.598419
2283.825195	274.624512
2282.951172	331.771240
2282.077148	303.109283
2281.203125	354.509369
2280.328125	280.120361
2279.453125	320.073120
2278.578125	385.724762
2277.703125	342.797424
2276.828125	322.735870
2275.952148	294.115906
2275.077148	305.476318
2274.201172	282.579987
2273.325195	302.499390
2272.448242	336.676697
2271.572266	325.198303
2270.695313	342.244934
2269.819336	333.621460
2268.942383	307.896088
2268.064453	322.085480
2267.187500	336.269104
2266.310547	267.821259
2265.432617	376.013428
2264.554688	321.825226
2263.676758	327.455017
2262.798828	310.307648
2261.919922	372.863098
2261.041992	364.250519
2260.163086	358.486542
2259.284180	312.901062
2258.405273	349.809418
2257.525391	272.966675
2256.646484	318.396606
2255.766602	355.281342
2254.886719	315.425873
2254.006836	349.455109
2253.126953	338.022125
2252.247070	298.194305
2251.366211	335.045624
2250.485352	354.849152
2249.604492	309.365662
2248.723633	357.542725
2247.842773	331.936523
2246.960938	351.724487
2246.080078	360.160736
2245.198242	357.252197
2244.316406	334.501495
2243.433594	334.433441
2242.551758	368.368683
2241.668945	308.800110
2240.786133	348.391602
2239.903320	334.161285
2239.020508	348.249725
2238.137695	345.348083
2237.253906	359.428436
2236.371094	342.377777
2235.487305	362.110931
2234.603516	339.409790
2233.718750	361.963257
2232.834961	347.753113
2231.950195	336.375427
2231.065430	364.567841
2230.180664	339.063660
2229.295898	344.644318
2228.411133	364.344574
2227.525391	341.679718
2226.639648	386.781464
2225.753906	335.894775
2224.868164	333.004059
2223.982422	372.436829
2223.095703	324.405090
2222.209961	332.799744
2221.323242	375.028015
2220.436523	324.205963
2219.549805	321.320953
2218.662109	352.253448
2217.775391	338.094055
2216.887695	369.010376
2216.000000	360.485840
2215.112305	349.149078
2214.223633	343.447174
2213.335938	391.224304
2212.447266	348.934265
2211.558594	351.676056
2210.669922	376.919342
2209.781250	345.907166
2208.891602	362.706177
2208.001953	320.465179
2207.113281	342.883514
2206.222656	382.152222
2205.333008	345.551910
2204.443359	342.672058
2203.552734	356.642639
2202.662109	348.146362
2201.771484	373.338196
2200.880859	336.777161
2199.990234	317.066528
2199.098633	361.886353
2198.208008	359.007080
2197.316406	350.520599
2196.424805	347.644775
2195.532227	353.179138
2194.640625	325.082001
2193.748047	327.816803
2192.855469	319.345337
2191.962891	355.688477
2191.070313	344.414612
2190.176758	369.539337
2189.284180	383.457855
2188.390625	330.209320
2187.497070	335.736725
2186.603516	332.870087
2185.708984	355.174469
2184.815430	388.653900
2183.920898	360.618591
2183.026367	340.979553
2182.131836	374.441040
2181.237305	396.713593
2180.341797	346.354218
2179.446289	371.415894
2178.551758	349.002777
2177.655273	334.973267
2176.759766	343.276428
2175.864258	351.576111
2174.967773	376.610596
2174.071289	368.165100
2173.174805	334.626099
2172.278320	359.648407
2171.381836	373.510712
2170.484375	387.367249
2169.586914	345.493256
2168.689453	345.421478
2167.791992	359.275085
2166.894531	364.769409
2165.996094	375.829254
2165.097656	364.617737
2164.199219	361.759155
2163.300781	392.287903
2162.402344	383.861450
2161.502930	389.343597
2160.604492	369.799377
2159.705078	383.621704
2158.805664	339.073181
2157.905273	397.355408
2157.005859	347.266235
2156.105469	391.634644
2155.205078	352.675385
2154.304688	377.589325
2153.404297	319.218475
2152.502930	363.555603
2151.602539	410.648804
2150.701172	377.274170
2149.799805	404.930328
2148.898438	404.845703
2147.996094	385.354736
2147.094727	410.220001
2146.192383	415.676575
2145.290039	401.736664
2144.387695	409.962677
2143.484375	415.415741
2142.582031	434.710815
2141.678711	470.607422
2140.775391	412.387177
2139.872070	511.917084
2138.968750	456.479004
2138.064453	486.808899
2137.160156	472.879913
2136.255859	633.139160
2135.351563	552.843933
2134.447266	541.673401
2133.542969	710.106323
2132.637695	665.757568
2131.732422	742.950989
2130.827148	753.840210
2129.921875	795.092896
2129.015625	736.962463
2128.109375	924.458862
2127.204102	904.951477
2126.296875	995.788940
2125.390625	945.938354
2124.484375	1033.971436
2123.577148	1113.697388
2122.669922	1047.316650
2121.762695	1008.518799
2120.855469	991.776672
2119.947266	999.830750
2119.040039	1024.403931
2118.131836	938.838928
2117.223633	935.888306
2116.315430	847.625793
2115.406250	847.446899
2114.498047	797.752380
2113.588867	734.327271
2112.679688	717.673889
2111.770508	607.557190
2110.860352	590.937500
2109.951172	640.275940
2109.041016	494.529175
2108.130859	541.120239
2107.220703	464.111511
2106.309570	524.417419
2105.399414	483.130493
2104.488281	480.283691
2103.577148	439.023499
2102.666016	469.106964
2101.753906	466.264801
2100.842773	400.354279
2099.930664	433.168243
2099.018555	476.932190
2098.106445	413.801605
2097.194336	465.770477
2096.281250	454.714600
2095.368164	449.140717
2094.455078	402.497925
2093.541992	394.199890
2092.628906	451.591370
2091.714844	410.450317
2090.800781	445.927826
2089.887695	434.892273
2088.972656	437.534302
2088.058594	404.633087
2087.143555	423.680878
2086.229492	423.590637
2085.314453	450.822998
2084.399414	475.312012
2083.483398	409.664398
2082.568359	447.804230
2081.652344	428.599182
2080.736328	442.154449
2079.820313	422.958710
2078.903320	420.140228
2077.987305	447.326508
2077.070313	411.779694
2076.153320	433.503174
2075.236328	452.491486
2074.319336	408.790405
2073.401367	433.225159
2072.483398	452.201172
2071.565430	411.251587
2070.647461	375.765350
2069.729492	481.856689
2068.810547	449.092224
2067.892578	465.323090
2066.973633	446.179108
2066.053711	465.123596
2065.134766	410.635071
2064.215820	418.703522
2063.295898	421.331940
2062.375977	453.853699
2061.456055	432.019409
2060.535156	445.509186
2059.615234	401.958496
2058.694336	423.594879
2057.773438	434.362885
2056.852539	428.841064
2055.930664	480.307190
2055.009766	466.638733
2054.087891	447.551239
2053.166016	447.454834
2052.244141	395.844421
2051.321289	455.394043
2050.399414	455.295868
2049.476563	463.326202
2048.553711	441.554840
2047.630859	460.417938
2046.707031	460.318542
2045.783203	406.075714
2044.860352	419.520935
2043.936523	438.372284
2043.011719	476.153381
2042.087891	492.279419
2041.163086	429.975250
2040.238281	394.734619
2039.313477	446.007629
2038.388672	432.398621
2037.463867	399.882080
2036.538086	445.717896
2035.612305	488.833038
2034.686523	440.124390
2033.760742	437.329346
2032.833984	442.632446
2031.907227	461.425110
2031.056641	475.247192
2030.980469	437.044678
2030.130859	388.838623
2030.053711	498.985840
2029.204102	437.369537
2029.126953	469.214447
2028.278320	448.092987
2028.199219	458.328278
2027.351563	426.425964
2027.272461	485.183289
2026.425781	450.639679
2026.344727	501.247009
2025.499023	474.845123
2025.416992	452.640747
2024.572266	434.301636
2024.488281	492.947784
2023.645508	423.439606
2023.560547	503.612946
2022.717773	461.120117
2022.631836	455.037720
2021.791016	479.914703
2021.703125	444.170807
2020.863281	436.701904
2020.774414	540.962891
2019.935547	428.541748
2019.844727	465.503387
2019.007813	455.416351
2018.916016	465.401855
2018.080078	490.364594
2017.986328	478.748322
2017.152344	501.056183
2017.056641	492.088898
2016.223633	449.796051
2016.126953	508.112000
2015.295898	487.420044
2015.196289	430.053772
2014.367188	425.409760
2014.265625	526.700806
2013.438477	444.180817
2013.335938	437.925842
2012.509766	489.860779
2012.405273	480.807281
2011.581055	454.792572
2011.473633	453.847290
2010.651367	468.167450
2010.542969	491.336578
2009.722656	460.016388
2009.611328	464.385925
2008.792969	449.178375
2008.679688	458.916809
2007.863281	441.033234
2007.748047	512.479004
2006.933594	454.400940
2006.816406	493.588898
2006.002930	475.828857
2005.883789	477.388947
2005.073242	489.185791
2004.952148	517.504883
2004.142578	481.039032
2004.019531	495.945099
2003.212891	464.834320
2003.085938	522.638245
2002.282227	505.050354
2002.153320	431.416840
2001.351563	443.185394
2001.220703	468.828400
2000.419922	499.504089
2000.287109	538.364624
1999.489258	475.251953
1999.353516	535.568481
1998.557617	459.061890
1998.419922	538.127991
1997.625977	461.666107
1997.485352	519.273010
1996.695313	448.167511
1996.550781	484.369781
1995.762695	533.950867
1995.617188	497.640625
1994.831055	458.742065
1994.682617	510.905548
1993.899414	447.933044
1993.747070	518.815979
1992.966797	474.672424
1992.812500	510.680511
1992.034180	461.182953
1991.876953	537.299255
1991.101563	498.633820
1990.941406	526.490601
1990.168945	514.628601
1990.005859	491.639130
1989.236328	503.818878
1989.070313	494.201996
1988.303711	493.012817
1988.133789	507.446777
1987.370117	525.073608
1987.198242	475.292542
1986.436523	458.019470
1986.261719	533.918579
1985.502930	460.616943
1985.325195	512.448547
1984.569336	506.053986
1984.387695	493.656403
1983.635742	505.964844
1983.451172	490.879395
1982.702148	471.079987
1982.513672	498.772491
1981.767578	476.349152
1981.576172	501.328735
1980.833008	441.481659
1980.638672	487.887482
1979.898438	502.932678
1979.700195	429.139252
1978.963867	505.518463
1978.761719	461.022614
1978.029297	494.732117
1977.824219	514.205994
1977.093750	462.559479
1976.885742	519.419373
1976.159180	478.517181
1975.946289	495.336243
1975.223633	478.432343
1975.007813	497.888824
1974.288086	526.449402
1974.068359	511.087860
1973.352539	521.012207
1973.128906	463.070496
1972.416992	470.163330
1972.189453	526.825195
1971.480469	491.446960
1971.250000	481.485687
1970.543945	480.677765
1970.309570	476.059509
1969.608398	480.592163
1969.369141	497.225281
1968.671875	501.862335
1968.428711	507.748077
1967.734375	515.117798
1967.488281	512.950562
1966.797852	523.031433
1966.547852	518.150696
1965.861328	501.593597
1965.606445	520.691833
1964.923828	522.844543
1964.665039	462.143768
1963.986328	525.418091
1963.723633	509.838013
1963.048828	495.991211
1962.782227	554.856140
1962.111328	519.897583
1961.839844	493.685181
1961.173828	535.798401
1960.898438	522.764893
1960.235352	479.733368
1959.956055	496.117737
1959.296875	524.947205
1959.012695	557.013062
1958.358398	540.838257
1958.070313	482.636719
1957.419922	495.457306
1957.127930	514.343872
1956.481445	506.021240
1956.184570	556.639404
1955.542969	527.232422
1955.241211	479.662781
1954.603516	548.435913
1954.297852	537.843872
1953.664063	519.056885
1953.353516	521.830078
1952.725586	553.560791
1952.409180	519.064819
1951.785156	500.243469
1951.465820	492.471466
1950.845703	524.096558
1950.520508	563.832764
1949.906250	492.082916
1949.576172	502.836548
1948.965820	529.225830
1948.631836	515.953247
1948.025391	553.060547
1947.686523	558.162476
1947.084961	497.132599
1946.741211	536.879272
1946.144531	502.358429
1945.795898	586.997070
1945.204102	547.444763
1944.849609	489.054199
1944.262695	510.147125
1943.904297	523.302429
1943.322266	536.619812
1942.958008	496.761169
1942.380859	584.331177
1942.011719	515.141541
1941.439453	507.213379
1941.065430	546.719421
1940.498047	554.912598
1940.118164	575.642334
1939.555664	514.992493
1939.170898	541.192993
1938.614258	565.326843
1938.223633	593.858337
1937.671875	538.687378
1937.276367	543.587585
1936.729492	530.629639
1936.329102	575.123047
1935.787109	599.501953
1935.380859	532.791809
1934.844727	461.479095
1934.432617	595.959106
1933.901367	556.855652
1933.484375	566.824097
1932.958984	524.939270
1932.536133	506.072601
1932.015625	585.809753
1931.587891	545.486084
1931.072266	606.904297
1930.638672	592.785461
1930.128906	590.894531
1929.689453	545.239075
1929.185547	540.450073
1928.740234	566.182800
1928.241211	545.648376
1927.791016	560.788879
1927.297852	553.493042
1926.840820	592.248291
1926.353516	540.152283
1925.890625	565.797729
1925.409180	563.878784
1924.940430	557.776245
1924.464844	566.421814
1923.990234	576.062561
1923.519531	550.439453
1923.040039	554.893066
1922.575195	587.380005
1922.088867	594.205383
1921.629883	552.881897
1921.137695	591.441650
1920.684570	555.424744
1920.186523	565.026733
1919.739258	550.033386
1919.235352	575.407898
1918.793945	549.931824
1918.283203	556.889038
1917.847656	565.690613
1917.331055	538.378479
1916.902344	560.300110
1916.378906	533.004517
1915.956055	523.202332
1915.426758	530.257935
1915.009766	568.018494
1914.474609	556.381409
1914.063477	562.630371
1913.521484	587.740479
1913.116211	612.704407
1912.568359	637.447937
1912.169922	562.421631
1911.615234	550.755066
1911.222656	538.557373
1910.662109	597.825989
1910.275391	533.178345
1909.708008	532.153198
1909.328125	535.718201
1908.753906	545.135681
1908.380859	532.980042
1907.799805	576.453796
1907.432617	553.985107
1906.845703	550.125366
1906.485352	614.545166
1905.891602	581.427856
1905.537109	556.415771
1904.936523	581.294617
1904.588867	532.583069
1903.981445	633.518188
1903.640625	579.932800
1903.026367	562.707275
1902.692383	587.731262
1902.071289	604.444397
1901.743164	563.905823
1901.115234	575.529114
1900.793945	561.165894
1900.159180	598.935852
1899.845703	532.085999
1899.203125	588.338867
1898.895508	629.429504
1898.247070	548.989990
1897.946289	558.217896
1897.290039	572.386414
1896.997070	560.745972
1896.333984	600.997986
1896.046875	534.319702
1895.376953	582.572571
1895.096680	584.220337
1894.419922	556.320007
1894.146484	557.799438
1893.461914	548.358093
1893.196289	581.370483
1892.504883	590.001587
1892.246094	578.631165
1891.546875	550.715088
1891.294922	544.336975
1890.588867	550.587952
1890.344727	575.784485
1889.629883	597.419495
1889.393555	594.076721
1888.671875	542.508911
1888.442383	528.260864
1887.712891	550.206299
1887.491211	596.480713
1886.753906	570.935059
1886.539063	583.232422
1885.794922	570.802917
1885.587891	572.615784
1884.835938	536.795349
1884.635742	583.012451
1883.875977	609.616516
1883.683594	501.506134
1882.916016	559.987915
1882.731445	577.541931
1881.956055	539.026123
1881.778320	548.561157
1880.996094	572.745056
1880.826172	585.196228
1880.035156	585.625977
1879.873047	600.827759
1879.074219	577.683472
1878.919922	550.873108
1878.113281	587.955505
1877.966797	603.222961
1877.152344	593.020691
1877.013672	555.908875
1876.191406	564.278748
1876.059570	600.372620
1875.229492	616.142578
1875.106445	602.879944
1874.267578	558.817749
1874.152344	579.179077
1873.305664	556.088989
1873.198242	607.891541
1872.342773	636.495544
1872.244141	584.198547
1871.380859	599.984375
1871.289063	586.706726
1870.417969	592.054199
1870.334961	594.451355
1869.455078	649.030640
1869.379883	581.247070
1868.491211	552.844971
1868.424805	575.900940
1867.528320	602.019043
1867.469727	583.642944
1866.564453	552.586487
1866.513672	552.130920
1865.600586	601.737427
1865.558594	578.187988
1864.636719	619.748169
1864.602539	606.850830
1863.671875	567.753418
1863.646484	593.658813
1862.708008	575.395935
1862.690430	640.610718
1861.743164	650.407776
1861.734375	509.776428
1860.778320	554.112549
1860.778320	595.851379
1859.821289	593.205139
1859.812500	624.202087
1858.864258	582.640686
1858.847656	603.339966
1857.907227	608.651489
1857.881836	636.853027
1856.950195	551.076721
1856.916016	590.115234
1855.993164	592.750916
1855.949219	556.337402
1855.035156	600.469482
1854.983398	626.055664
1854.077148	602.964478
1854.016602	597.457886
1853.119141	550.654114
1853.049805	594.731323
1852.161133	560.985291
1852.083008	604.931824
1851.203125	620.878357
1851.115234	555.682373
1850.244141	592.068481
1850.147461	609.814331
1849.286133	638.893799
1849.179688	614.837036
1848.327148	594.447998
1848.211914	601.778137
1847.368164	599.546997
1847.244141	627.457153
1846.408203	617.675110
1846.275391	637.634827
1845.449219	601.921814
1845.306641	621.998474
1844.489258	599.200562
1844.337891	606.369446
1843.530273	580.851990
1843.369141	637.182007
1842.570313	630.219971
1842.399414	631.872803
1841.609375	630.098328
1841.429688	608.516785
1840.649414	632.579834
1840.459961	641.884460
1839.688477	609.033264
1839.490234	711.317444
1838.728516	642.744202
1838.519531	667.345825
1837.767578	653.026672
1837.549805	646.579102
1836.805664	689.317078
1836.579102	620.671326
1835.844727	577.353882
1835.607422	648.846252
1834.882813	663.048279
1834.636719	607.505005
1833.921875	647.321716
1833.665039	663.978577
1832.959961	636.799500
1832.693359	671.539124
1831.998047	618.485291
1831.721680	643.083313
1831.035156	639.150635
1830.749023	617.212646
1830.073242	628.635925
1829.777344	599.067505
1829.110352	615.528015
1828.804688	670.898132
1828.147461	612.811768
1827.832031	652.748596
1827.184570	625.673401
1826.858398	650.023193
1826.221680	651.508240
1825.885742	613.906555
1825.258789	609.859192
1824.912109	616.327576
1824.294922	674.606506
1823.938477	636.719238
1823.331055	599.245178
1822.963867	667.368164
1822.367188	658.781982
1821.990234	636.413879
1821.403320	671.619202
1821.015625	582.384155
1820.438477	627.413696
1820.041016	602.763916
1819.474609	637.659790
1819.066406	579.539978
1818.509766	647.901733
1818.090820	625.547607
1817.544922	619.273132
1817.115234	622.833984
1816.580078	647.648743
1816.139648	650.871399
1815.614258	670.832947
1815.164063	581.544128
1814.649414	577.476868
1814.187500	635.190247
1813.683594	642.090820
1813.211914	640.158325
1812.717773	678.205139
1812.235352	637.443787
1811.751953	667.720154
1811.257813	660.324463
1810.786133	675.352051
1810.281250	647.370972
1809.819336	651.936279
1809.303711	642.098145
1808.852539	641.462341
1808.326172	670.075806
1807.885742	654.266724
1807.348633	675.027466
1806.918945	636.039734
1806.371094	633.963074
1805.952148	643.669983
1805.392578	636.365173
1804.984375	622.867493
1804.414063	641.320984
1804.017578	633.081177
1803.435547	615.620911
1803.049805	684.626709
1802.456055	618.025269
1802.082031	630.249329
1801.477539	653.619934
1801.113281	707.599854
1800.498047	676.434326
1800.145508	642.911316
1799.518555	678.821716
1799.176758	702.158447
1798.538086	701.618591
1798.208008	686.534485
1797.558594	673.389771
1797.239258	676.077454
1796.578125	673.225708
1796.270508	686.263977
1795.597656	606.775146
1795.301758	683.549255
1794.616211	649.957642
1794.332031	636.993835
1793.635742	649.798950
1793.362305	670.387512
1792.654297	687.854309
1792.392578	714.079590
1791.672852	672.404236
1791.422852	698.474182
1790.690430	697.703430
1790.452148	695.759338
1789.708984	720.444275
1789.482422	669.858032
1788.726563	732.993408
1788.511719	731.546448
1787.744141	707.368835
1787.541016	744.278564
1786.760742	676.668945
1786.569336	661.736145
1785.778320	729.911072
1785.598633	746.558350
1784.794922	681.422058
1784.626953	707.803101
1783.811523	648.208679
1783.656250	753.982605
1782.828125	701.418091
1782.684570	738.396362
1781.843750	746.978943
1781.711914	676.514771
1780.859375	721.393860
1780.740234	732.959961
1779.875000	761.848083
1779.767578	671.103821
1778.890625	771.815796
1778.795898	717.244507
1777.905273	698.016418
1777.823242	771.077515
1776.919922	748.596436
1776.849609	758.075623
1775.934570	740.800598
1775.876953	752.786499
1774.949219	765.981140
1774.903320	739.793213
1773.962891	768.327454
1773.929688	706.259277
1772.977539	747.856445
1772.956055	775.446838
1771.991211	775.550537
1771.982422	798.397217
1771.008789	746.904663
1771.003906	706.944458
1770.034180	757.020569
1770.017578	727.034912
1769.060547	736.344482
1769.030273	749.647888
1768.085938	813.152161
1768.042969	784.909302
1767.110352	836.071777
1767.054688	698.648865
1766.135742	756.417114
1766.067383	804.764893
1765.160156	792.156738
1765.079102	731.192444
1764.185547	794.561768
1764.090820	806.893921
1763.209961	781.590149
1763.102539	766.231812
1762.233398	778.871948
1762.113281	776.153625
1761.257813	812.016663
1761.124023	783.542664
1760.281250	847.709106
1760.134766	788.401001
1759.305664	747.678406
1759.145508	770.520020
1758.329102	801.289490
1758.155273	765.276123
1757.351563	790.891052
1757.165039	712.059021
1756.375000	783.055664
1756.174805	752.271240
1755.397461	798.249817
1755.184570	757.130371
1754.420898	746.930298
1754.193359	789.741394
1753.443359	810.717285
1753.202148	812.245911
1752.464844	825.896484
1751.487305	812.948669
1750.509766	820.453308
1749.531250	764.069519
1748.552734	751.141602
1747.574219	807.187317
1746.594727	796.809631
1745.616211	786.436035
1744.636719	788.830750
1743.657227	729.968384
1742.677734	742.580627
1741.697266	811.316528
1740.717773	780.543640
1739.737305	767.635010
1738.756836	846.523193
1737.775391	800.466003
1736.794922	805.402100
1735.813477	800.143188
1734.833008	848.388306
1733.851563	807.461914
1732.869141	799.658875
1731.887695	824.959045
1730.905273	862.977234
1729.922852	839.896545
1728.940430	847.360657
1727.958008	872.630432
1726.975586	862.279480
1725.992188	882.449646
1725.008789	894.983887
1724.025391	879.550354
1723.041992	904.787537
1722.057617	930.014465
1721.074219	871.394226
1720.089844	906.777466
1719.105469	931.988342
1718.120117	957.188843
1717.135742	1007.763489
1716.150391	1025.324463
1715.165039	969.293030
1714.179688	1024.907959
1713.194336	1052.599854
1712.208008	1052.385864
1711.222656	981.182007
1710.236328	1013.935303
1709.250000	1107.498901
1708.262695	1079.401611
1707.276367	1048.782349
1706.289063	1137.215820
1705.301758	1091.403442
1704.314453	1111.434937
1703.327148	1154.239258
1702.338867	1110.981812
1701.350586	1120.875977
1700.362305	1123.176880
1699.374023	1095.126831
1698.385742	1140.418823
1697.396484	1104.792114
1696.407227	1134.897705
1695.417969	1109.394775
1694.428711	1162.226196
1693.439453	1111.467285
1692.449219	1156.699707
1691.458984	1171.613159
1690.468750	1070.392944
1689.478516	1173.657471
1688.487305	1067.431030
1687.497070	1140.378174
1686.505859	1155.279175
1685.514648	1091.994141
1684.522461	1071.598999
1683.531250	1081.462769
1682.539063	1086.281616
1681.546875	1096.138062
1680.554688	1133.703125
1679.562500	1057.905640
1678.569336	1024.950317
1677.576172	1052.435303
1676.583008	996.839050
1675.589844	956.366089
1674.596680	1009.010315
1673.602539	955.972656
1672.608398	983.443115
1671.614258	1033.534302
1670.620117	1050.920654
1669.625977	1007.972168
1668.630859	1032.895752
1667.635742	1015.094666
1666.640625	1052.566772
1665.645508	1034.768677
1664.649414	971.778870
1663.654297	974.088867
1662.658203	996.478027
1661.662109	1001.291321
1660.665039	1048.755249
1659.668945	1003.386169
1658.671875	993.147095
1657.674805	1010.493774
1656.677734	1020.312561
1655.679688	1047.671875
1654.682617	1054.972778
1653.684570	1094.840088
1652.686523	1099.623169
1651.688477	964.162354
1650.689453	999.015869
1649.691406	1036.358154
1648.692383	1046.154419
1647.693359	1010.906189
1646.693359	1018.201782
1645.694336	1075.518311
1644.694336	1040.285645
1643.694336	1077.572266
1642.694336	1002.359192
1641.694336	1089.620605
1640.693359	1026.929077
1639.692383	1009.229065
1638.691406	1024.004761
1637.690430	1083.721313
1636.689453	1043.551392
1635.687500	1080.774658
1634.685547	1053.099365
1633.683594	1007.970642
1632.681641	1072.616821
1631.678711	1069.899536
1630.676758	1014.821533
1629.673828	1089.397095
1628.670898	1104.124390
1627.666992	1138.780396
1626.664063	1106.155518
1625.660156	1083.507446
1624.656250	1167.951782
1623.652344	1078.075928
1622.647461	1125.146973
1621.643555	1077.625977
1620.638672	1144.583008
1619.633789	1109.515991
1618.628906	1124.207397
1617.623047	1223.439087
1616.617188	1123.737549
1615.611328	1143.387573
1614.605469	1120.782471
1613.599609	1195.085571
1612.592773	1137.702026
1611.586914	1204.519653
1610.580078	1196.818359
1609.572266	1199.050293
1608.565430	1300.560547
1607.557617	1260.584595
1606.549805	1260.320435
1605.541992	1344.390625
1604.534180	1319.309692
1603.526367	1413.249634
1602.517578	1410.474243
1601.508789	1439.918457
1600.500000	1392.537476
1599.490234	1431.881958
1598.481445	1424.150879
1597.471680	1361.945190
1596.461914	1361.658936
1595.452148	1398.501099
1594.441406	1346.238403
1593.430664	1341.006836
1592.420898	1298.672607
1591.409180	1310.765015
1590.398438	1369.832153
1589.387695	1268.187622
1588.375977	1334.653198
1587.364258	1319.545776
1586.352539	1262.445435
1585.339844	1299.229614
1584.328125	1244.626831
1583.315430	1288.806030
1582.302734	1293.471191
1581.289063	1285.794556
1580.276367	1278.120972
1579.262695	1300.053345
1578.249023	1233.186768
1577.235352	1274.845825
1576.220703	1346.071289
1575.207031	1311.279541
1574.192383	1301.145264
1573.177734	1325.507935
1572.163086	1236.550781
1571.147461	1199.348389
1570.131836	1287.734131
1569.117188	1353.927124
1568.100586	1333.951294
1567.084961	1382.881714
1566.068359	1458.852783
1565.052734	1406.892090
1564.036133	1411.512207
1563.018555	1428.423096
1562.001953	1374.043457
1560.984375	1432.732544
1559.966797	1471.740601
1558.949219	1360.887085
1557.931641	1313.935181
1556.913086	1362.765015
1555.894531	1362.475708
1554.875977	1318.007446
1553.857422	1303.004272
1552.837891	1290.460693
1551.819336	1206.790405
1550.799805	1329.149170
1549.780273	1228.343506
1548.759766	1259.948608
1547.740234	1262.131348
1546.719727	1239.810913
1545.699219	1335.085205
1544.678711	1236.833984
1543.657227	1307.581665
1542.636719	1268.133057
1541.615234	1218.910645
1540.593750	1272.486816
1539.571289	1225.730835
1538.549805	1198.562988
1537.527344	1252.109009
1536.504883	1246.951904
1535.481445	1205.129639
1534.458984	1217.092285
1533.435547	1224.162842
1532.412109	1182.371826
1531.388672	1182.119385
1530.365234	1196.518066
1529.340820	1198.703735
1528.316406	1215.533325
1527.291992	1132.302979
1526.267578	1124.741577
1525.243164	1156.211426
1524.217773	1165.718994
1523.192383	1228.863281
1522.166992	1162.782471
1521.140625	1143.036011
1520.115234	1181.777710
1519.088867	1147.418701
1518.062500	1139.866089
1517.036133	1183.453369
1516.008789	1153.984863
1514.981445	1251.099243
1513.954102	1211.894531
1512.926758	1235.964478
1511.899414	1301.376221
1510.871094	1286.505127
1509.842773	1208.423096
1508.814453	1290.814575
1507.786133	1348.866699
1506.756836	1307.269043
1505.727539	1331.281616
1504.698242	1338.281860
1503.668945	1325.852661
1502.639648	1371.695313
1501.609375	1424.799805
1500.579102	1388.092163
1499.548828	1397.498291
1498.518555	1426.305664
1497.487305	1474.501831
1496.456055	1449.937866
1495.424805	1493.259644
1494.393555	1492.937866
1493.361328	1587.116089
1492.330078	1552.858032
1491.297852	1579.165527
1490.264648	1612.725952
1489.232422	1726.164429
1488.199219	1684.643921
1487.166016	1880.295532
1486.132813	2017.796509
1485.099609	2053.644043
1484.065430	2050.781982
1483.032227	2081.770752
1481.998047	2090.990234
1480.962891	2250.047363
1479.928711	2244.728027
1478.893555	2292.557617
1477.858398	2308.968262
1476.823242	2315.712646
1475.788086	2274.169922
1474.751953	2280.918457
1473.715820	2208.030029
1472.679688	2241.328369
1471.643555	2103.352783
1470.606445	2131.835693
1469.569336	2102.440674
1468.532227	2123.679443
1467.495117	2026.818481
1466.458008	1975.779297
1465.419922	1953.669800
1464.381836	1888.217773
1463.343750	1851.688843
1462.305664	1783.879517
1461.266602	1814.781250
1460.227539	1843.263062
1459.188477	1811.586548
1458.149414	1842.461548
1457.109375	1719.416992
1456.069336	1786.362061
1455.029297	1795.588257
1453.989258	1852.874390
1452.949219	1746.752686
1451.908203	1811.230713
1450.867188	1779.614746
1449.826172	1836.853760
1448.784180	1858.058716
1447.743164	1802.452026
1446.701172	1766.065674
1445.659180	1789.670654
1444.617188	1770.092163
1443.574219	1764.909790
1442.531250	1750.139771
1441.488281	1639.498901
1440.445313	1708.636475
1439.401367	1679.512573
1438.358398	1748.610840
1437.314453	1623.697266
1436.269531	1558.695801
1435.225586	1680.437988
1434.180664	1636.991577
1433.135742	1670.131714
1432.090820	1681.727173
1431.045898	1748.326294
1430.000000	1750.334473
1428.954102	1761.904175
1427.908203	1809.320435
1426.862305	1863.884521
1425.816406	1844.363281
1424.769531	1793.799316
1423.722656	1948.627319
1422.674805	1855.087158
1421.627930	1938.224121
1420.580078	1928.252808
1419.532227	1951.688477
1418.484375	1927.405762
1417.436523	1960.370483
1416.387695	1962.323975
1415.338867	2026.255859
1414.290039	2028.193604
1413.241211	2108.761963
1412.191406	2110.680176
1411.141602	2188.812744
1410.091797	2126.419434
1409.041992	2147.377197
1407.991211	2123.102539
1406.940430	2177.366455
1405.889648	2193.540283
1404.838867	2026.555542
1403.788086	2137.877441
1402.736328	2089.855225
1401.684570	2022.837524
1400.632813	1846.531006
1399.580078	1926.906006
1398.528320	1876.596191
1397.475586	1899.930786
1396.421875	1771.293945
1395.369141	1763.780762
1394.315430	1708.804077
1393.261719	1675.206665
1392.208008	1693.814331
1391.154297	1702.926636
1390.099609	1719.148315
1389.045898	1744.845459
1387.990234	1704.165771
1386.935547	1708.527588
1385.880859	1701.041504
1384.825195	1620.131470
1383.769531	1754.753296
1382.712891	1744.893799
1381.657227	1742.139648
1380.600586	1786.716675
1379.543945	1675.118652
1378.487305	1719.690430
1377.429688	1787.891479
1376.373047	1761.485718
1375.315430	1730.363647
1374.257813	1718.162109
1373.199219	1753.222534
1372.140625	1658.340210
1371.082031	1610.735474
1370.023438	1617.460693
1368.964844	1619.461182
1367.905273	1600.218872
1366.845703	1538.510742
1365.786133	1571.195923
1364.726563	1594.431885
1363.666016	1520.975220
1362.605469	1515.920776
1361.544922	1605.150391
1360.484375	1578.870361
1359.422852	1597.365723
1358.361328	1561.677002
1357.299805	1530.713745
1356.238281	1619.839600
1355.176758	1678.324707
1354.114258	1633.235474
1353.051758	1682.279785
1351.988281	1684.255615
1350.925781	1716.803589
1349.862305	1779.903198
1348.798828	1850.026611
1347.735352	1889.565552
1346.670898	1882.093140
1345.607422	1923.955933
1344.542969	1956.405151
1343.477539	1977.099243
1342.413086	2094.034180
1341.347656	2084.176025
1340.282227	1931.184326
1339.216797	1968.286377
1338.150391	1930.316772
1337.084961	1840.775391
1336.018555	1833.328247
1334.952148	1870.418091
1333.884766	1825.473511
1332.817383	1745.406616
1331.750000	1812.940430
1330.682617	1873.418213
1329.615234	1880.020020
1328.546875	1785.967651
1327.478516	1794.925781
1326.410156	1822.597046
1325.341797	1824.525146
1324.272461	1749.277954
1323.203125	1814.349365
1322.133789	1907.441772
1321.063477	1804.182007
1319.994141	1878.542236
1318.923828	1826.726440
1317.853516	1781.940063
1316.782227	1828.235352
1315.711914	1886.181274
1314.640625	1888.088257
1313.569336	1885.327515
1312.497070	1826.580688
1311.425781	1821.502319
1311.421875	1799.776733
1310.353516	1755.800903
1310.349609	1764.807007
1309.281250	1809.020752
1309.277344	1766.822754
1308.208008	1752.674072
1308.204102	1745.532715
1307.135742	1680.041748
1307.130859	1645.027588
1306.062500	1786.823364
1306.057617	1661.040649
1304.988281	1683.937378
1304.984375	1558.256836
1303.915039	1564.798096
1303.911133	1630.170654
1302.840820	1613.331421
1302.837891	1583.310181
1301.767578	1638.567505
1301.763672	1529.482178
1300.692383	1531.153809
1300.689453	1561.793091
1299.618164	1542.437988
1299.615234	1496.352051
1298.542969	1551.390747
1298.541016	1510.042969
1297.468750	1592.894897
1297.465820	1565.602051
1296.392578	1594.857178
1296.391602	1542.060791
1295.317383	1596.818359
1295.316406	1490.622070
1294.241211	1540.683350
1294.241211	1497.327881
1293.166016	1527.277222
1293.165039	1533.362427
1292.089844	1529.324951
1292.088867	1560.885864
1291.013672	1524.400269
1291.012695	1551.241089
1289.938477	1503.213623
1289.935547	1539.278809
1288.862305	1609.796021
1288.858398	1538.927490
1287.785156	1504.990479
1287.781250	1524.652466
1286.708984	1599.922729
1286.704102	1640.309204
1285.631836	1590.344971
1285.625977	1565.708374
1284.554688	1590.055420
1284.547852	1546.798340
1283.477539	1612.973999
1283.469727	1509.348633
1282.400391	1457.212891
1282.391602	1515.957397
1281.323242	1556.706055
1281.312500	1536.467651
1280.245117	1512.350098
1280.233398	1531.482178
1279.166992	1507.435425
1279.154297	1531.131592
1278.088867	1488.609985
1278.075195	1445.094238
1277.010742	1520.793457
1276.995117	1477.177734
1275.931641	1437.071899
1275.915039	1541.653442
1274.853516	1469.252319
1274.834961	1455.672241
1273.774414	1422.642578
1273.753906	1469.220825
1272.695313	1433.964111
1272.673828	1487.389404
1271.615234	1484.656006
1271.592773	1507.862061
1270.536133	1498.277222
1270.510742	1516.764404
1269.456055	1426.227051
1269.429688	1470.183838
1268.375977	1416.704712
1268.347656	1439.802002
1267.295898	1386.355591
1267.265625	1483.371460
1266.215820	1420.810181
1266.183594	1450.690186
1265.134766	1420.547729
1265.101563	1424.952148
1264.054688	1466.548584
1264.018555	1420.006348
1262.973633	1420.022461
1262.935547	1484.315308
1261.892578	1408.198120
1261.852539	1481.665527
1260.810547	1461.110596
1260.768555	1467.480103
1259.729492	1467.774048
1259.684570	1494.823853
1258.647461	1518.344360
1258.600586	1515.235840
1257.565430	1585.069702
1257.516602	1535.638306
1256.483398	1524.710815
1256.432617	1470.737549
1255.401367	1542.905273
1255.347656	1617.898804
1254.318359	1524.143677
1254.262695	1571.441895
1253.235352	1602.361694
1253.177734	1656.313354
1252.152344	1678.241943
1252.091797	1660.536865
1251.069336	1703.317139
1251.005859	1660.152954
1249.986328	1726.075073
1249.919922	1724.226196
1248.902344	1734.981323
1248.833984	1762.952881
1247.818359	1720.816650
1247.747070	1803.962280
1246.734375	1875.016479
1246.660156	1775.939453
1245.650391	1865.442017
1245.573242	1865.224487
1244.566406	1918.117554
1244.486328	1917.677856
1243.481445	1910.843018
1243.398438	1818.383179
1242.396484	1912.789063
1242.311523	1907.595581
1241.311523	1900.909424
1241.222656	1893.366333
1240.226563	1921.285522
1240.134766	1869.954590
1239.141602	1888.678711
1239.045898	1871.817139
1238.055664	1913.654541
1237.958008	1933.379150
1236.969727	1851.129517
1236.868164	1845.695557
1235.883789	1871.498413
1235.779297	1810.839844
1234.797852	1735.355225
1234.689453	1782.883911
1233.710938	1762.640991
1233.599609	1720.530029
1232.624023	1734.700317
1232.509766	1729.303711
1231.537109	1651.564331
1231.419922	1673.869751
1230.450195	1568.459473
1230.329102	1678.064819
1229.363281	1604.952515
1229.238281	1611.208618
1228.275391	1570.164917
1228.147461	1532.926392
1227.188477	1549.181030
1227.055664	1514.242310
1226.100586	1445.474976
1225.964844	1481.824829
1225.011719	1436.010376
1224.872070	1518.115234
1223.923828	1454.115112
1223.780273	1430.769897
1222.834961	1387.233398
1222.688477	1354.908691
1221.747070	1366.302856
1221.595703	1464.423950
1220.657227	1416.552124
1220.502930	1470.944458
1219.568359	1432.350586
1219.409180	1369.968384
1218.479492	1427.487793
1218.316406	1390.226929
1217.389648	1395.091919
1217.222656	1362.469238
1216.299805	1397.119873
1216.128906	1448.998657
1215.209961	1410.615356
1215.035156	1418.954834
1214.120117	1389.706787
1213.940430	1546.549683
1213.029297	1398.612427
1212.845703	1502.793335
1211.938477	1515.255859
1211.750977	1454.490601
1210.847656	1505.798096
1210.655273	1504.371094
1209.756836	1610.918457
1209.560547	1640.954224
1208.666016	1642.684448
1208.464844	1651.977539
1207.574219	1674.438110
1207.369141	1601.403076
1206.482422	1740.531982
1206.272461	1721.901855
1205.390625	1698.982544
1205.175781	1710.096313
1204.298828	1664.316772
1204.079102	1648.145020
1203.207031	1750.973389
1202.982422	1752.593628
1202.114258	1611.043335
1201.885742	1777.244629
1201.021484	1780.043335
1200.788086	1735.822388
1199.928711	1663.036255
1199.690430	1632.928223
1198.835938	1630.696533
1198.591797	1534.636230
1197.742188	1614.375610
1197.494141	1634.434570
1196.648438	1513.470825
1196.395508	1556.670532
1195.554688	1520.035889
1195.296875	1519.898193
1194.460938	1512.886353
1194.197266	1533.187866
1193.367188	1407.489136
1193.098633	1475.969971
1192.272461	1478.034668
1191.999023	1527.915894
1191.177734	1436.636475
1190.899414	1513.915649
1190.083008	1527.700684
1189.798828	1540.828735
1188.988281	1477.176025
1188.698242	1458.669434
1187.893555	1481.454956
1187.597656	1401.535767
1186.797852	1312.282471
1186.497070	1426.184570
1185.702148	1371.354126
1185.396484	1373.626099
1184.606445	1361.962402
1184.294922	1312.012573
1183.509766	1311.517822
1183.193359	1298.085083
1182.414063	1258.812256
1182.090820	1295.508057
1181.317383	1317.847656
1180.989258	1270.249146
1180.220703	1240.085693
1179.886719	1210.985596
1179.124023	1246.681396
1178.784180	1249.240601
1178.026367	1219.094238
1177.680664	1350.944336
1176.929688	1255.308228
1176.578125	1239.581787
1175.832031	1200.396118
1175.474609	1212.099609
1174.734375	1166.001465
1174.371094	1241.256836
1173.635742	1224.973145
1173.266602	1304.367920
1172.538086	1242.945190
1172.162109	1197.649658
1171.439453	1204.009888
1171.057617	1186.046875
1170.340820	1212.876465
1169.953125	1178.975220
1169.242188	1214.913940
1168.848633	1226.203491
1168.142578	1182.830444
1167.743164	1237.219849
1167.043945	1212.163452
1166.637695	1241.446899
1165.944336	1232.389648
1165.531250	1256.975464
1164.844727	1186.681030
1164.425781	1227.292236
1163.744141	1145.535889
1163.319336	1208.921387
1162.644531	1215.756470
1162.211914	1147.635620
1161.543945	1185.981445
1161.105469	1190.273926
1160.443359	1231.179077
1159.998047	1167.408325
1159.342773	1162.803589
1158.890625	1128.751099
1158.241211	1205.717041
1157.783203	1169.105713
1157.140625	1182.777344
1156.675781	1137.235352
1156.039063	1225.669434
1155.567383	1157.265259
1154.937500	1214.081055
1154.458984	1193.072754
1153.835938	1145.775513
1153.349609	1244.646484
1152.733398	1206.796387
1152.241211	1244.347290
1151.630859	1211.093750
1151.131836	1302.644531
1150.528320	1213.121826
1150.022461	1232.482910
1149.425781	1240.086548
1148.912109	1322.291260
1148.323242	1328.239258
1147.801758	1303.956177
1147.219727	1223.732300
1146.691406	1310.396606
1146.116211	1277.867065
1145.581055	1359.602661
1145.012695	1284.409546
1144.470703	1271.506958
1143.909180	1304.538208
1143.359375	1363.446533
1142.804688	1306.543579
1142.248047	1340.623779
1141.700195	1227.046753
1141.135742	1308.816406
1140.595703	1306.024536
1140.024414	1315.244873
1139.491211	1278.608521
1138.912109	1335.156616
1138.386719	1294.192261
1137.798828	1334.833618
1137.281250	1278.099854
1136.686523	1321.030640
1136.175781	1336.648804
1135.573242	1340.925781
1135.070313	1322.815186
1134.459961	1336.109741
1133.963867	1297.682983
1133.346680	1342.520996
1132.858398	1394.617920
1132.232422	1371.373535
1131.751953	1335.583008
1131.118164	1382.260498
1130.645508	1348.872925
1130.003906	1325.840332
1129.539063	1335.049683
1128.889648	1312.061279
1128.431641	1330.265869
1127.774414	1322.953979
1127.325195	1314.193359
1126.659180	1369.708984
1126.217773	1372.628418
1125.543945	1394.029053
1125.109375	1297.867310
1124.428711	1357.839355
1124.001953	1331.458008
1123.312500	1386.630127
1122.893555	1308.628662
1122.196289	1368.375854
1121.786133	1367.017334
1121.079102	1415.061768
1120.677734	1341.934204
1119.962891	1439.339844
1119.568359	1447.645264
1118.845703	1443.464478
1118.459961	1402.265625
1117.728516	1389.414917
1117.350586	1474.111816
1116.610352	1514.338379
1116.241211	1518.886353
1115.492188	1467.006226
1115.131836	1487.037720
1114.374023	1603.027954
1114.021484	1452.949097
1113.255859	1510.992676
1112.912109	1513.465576
1112.136719	1481.572388
1111.801758	1526.671143
1111.018555	1508.018799
1110.691406	1591.650513
1109.898438	1458.511108
1109.580078	1445.026367
1108.779297	1353.202271
1108.469727	1406.478760
1107.659180	1323.848389
1107.358398	1329.697998
1106.539063	1240.942749
1106.247070	1304.685547
1105.418945	1173.697144
1105.134766	1133.497803
1104.297852	1146.639038
1104.023438	1117.528931
1103.177734	1083.909668
1102.911133	1169.009277
1102.055664	1056.886475
1101.798828	1092.353027
1100.934570	1072.230591
1100.686523	1076.401733
1099.812500	1129.910767
1099.574219	1053.716553
1098.690430	1109.579834
1098.460938	1107.413696
1097.568359	1107.078735
1097.347656	1091.468628
1096.446289	1115.713623
1096.234375	1055.321533
1095.323242	1077.589233
1095.121094	1064.087158
1094.200195	1159.680542
1094.006836	1084.071289
1093.076172	1126.014160
1092.892578	1007.555298
1091.953125	1081.240356
1091.778320	1063.439209
1090.829102	1116.560669
1090.664063	1054.250854
1089.704102	1038.455811
1089.548828	1036.095459
1088.580078	1058.206787
1088.434570	1024.673828
1087.455078	1069.057617
1087.319336	1051.365967
1086.330078	1075.458740
1086.203125	999.602966
1085.204102	1055.198853
1085.087891	974.750549
1084.079102	1077.146240
1083.971680	990.234375
1082.953125	994.725159
1082.855469	1016.911255
1081.827148	1045.533936
1081.739258	994.309509
1080.700195	1060.808960
1080.623047	935.893188
1079.573242	1018.389587
1079.505859	987.188171
1078.446289	1033.663330
1078.388672	975.796265
1077.319336	989.053833
1077.271484	957.696045
1076.191406	982.156311
1076.154297	973.160400
1075.063477	988.561035
1075.036133	910.333984
1073.935547	1001.610291
1073.918945	968.289917
1072.806641	981.421753
1072.800781	961.384399
1071.681641	900.833923
1071.677734	1023.258850
1070.563477	963.225525
1070.548828	965.431641
1069.444336	971.965759
1069.419922	1053.739868
1068.325195	1025.381226
1068.290039	1004.786316
1067.206055	960.399780
1067.160156	960.282227
1066.086914	991.465088
1066.030273	1024.192139
1064.966797	962.238159
1064.899414	1028.358521
1063.846680	999.986450
1063.768555	968.404602
1062.726563	1044.414063
1062.637695	1076.472046
1061.606445	1021.887451
1061.506836	1034.214600
1060.485352	999.369995
1060.375000	1113.489868
1059.364258	1072.763550
1059.243164	1062.408936
1058.243164	1090.381348
1058.111328	1143.845093
1057.122070	1103.532959
1056.978516	1094.989258
1056.000000	1038.667603
1055.845703	1077.057007
1054.877930	1105.306763
1054.712891	1096.644531
1053.755859	1044.923462
1053.580078	1131.663696
1052.633789	1042.480469
1052.446289	1080.653809
1051.511719	1004.405273
1051.312500	1020.849976
1050.388672	1082.129028
1050.177734	1053.656860
1049.265625	1021.799744
1049.043945	1013.723267
1048.142578	1023.814331
1047.909180	1061.937256
1047.018555	1056.981079
1046.774414	1074.884521
1045.895508	1032.290161
1045.638672	1034.975220
1044.771484	1009.833679
1044.502930	1036.914673
1043.646484	996.281677
1043.367188	983.828918
1042.522461	964.948120
1042.231445	981.379150
1041.397461	1004.760864
1041.094727	1055.924927
1040.273438	946.768738
1039.958008	1035.863281
1039.147461	1037.674561
1038.821289	1068.581177
1038.022461	1015.244019
1037.683594	1024.346313
1036.896484	981.717224
1036.545898	1061.445190
1035.771484	1014.822815
1035.408203	1067.766235
1034.645508	1003.511414
1034.269531	957.669922
1033.518555	996.643921
1033.131836	1049.655029
1032.392578	976.463745
1031.992188	1025.238403
1031.265625	998.448547
1030.853516	967.911865
1030.138672	1051.480469
1029.713867	1064.211914
1029.011719	1060.133179
1028.574219	993.742004
1027.883789	1053.260498
1027.434570	1043.930054
1026.755859	1026.438110
1026.294922	999.811768
1025.627930	986.327942
1025.154297	971.059875
1024.500000	994.986511
1024.012695	990.534302
1023.372070	948.252747
1022.872070	1003.425903
1022.243164	1023.367859
1021.730469	1016.310669
1021.114258	994.364380
1020.588867	1024.809082
1019.985352	989.728638
1019.447266	1009.221619
1018.855469	898.760559
1018.304688	1063.678345
1017.726563	1013.661011
1017.162109	1026.207764
1016.596680	964.768372
1016.019531	1001.881226
1015.466797	971.203674
1014.875977	1001.623474
1014.335938	1017.449463
1013.732422	1066.957275
1013.206055	1008.391174
1012.588867	1127.885376
1012.075195	1014.812988
1011.445313	1057.666260
1010.944336	1049.968018
1010.300781	1118.565063
1009.812500	1085.108154
1009.156250	1153.222412
1008.681641	1109.185791
1008.010742	1113.620361
1007.549805	1131.044067
1006.866211	1161.358643
1006.417969	1170.562012
1005.720703	1200.342163
1005.285156	1141.610718
1004.574219	1178.212769
1004.153320	1203.186401
1003.428711	1214.989990
1003.020508	1236.042236
1002.282227	1293.182007
1001.887695	1271.090942
1001.135742	1288.486328
1000.753906	1222.285645
999.988281	1272.894653
999.621094	1272.762939
998.840820	1274.743286
998.487305	1270.290161
997.693359	1313.624756
997.353516	1287.662476
996.545898	1206.565308
996.219727	1256.529541
995.397461	1254.153198
995.084961	1240.837402
994.249023	1149.341064
993.950195	1200.913208
993.100586	1242.619019
992.815430	1224.893921
991.951172	1190.079590
991.680664	1167.368896
990.801758	1061.439331
990.545898	1171.527222
989.652344	1102.478027
989.410156	1085.415771
988.274414	1052.169189
987.138672	1080.556763
986.001953	1075.928345
984.865234	1011.907166
983.728516	996.298218
982.591797	1024.673218
981.455078	1015.663086
980.317383	1006.656738
979.179688	1061.380859
978.041992	1058.959473
976.903320	1001.625244
975.765625	1100.236938
974.626953	1075.852295
973.487305	1080.014771
972.348633	1130.263916
971.208984	1079.557251
970.069336	1134.172363
968.929688	1219.470337
967.790039	1195.090576
966.649414	1245.261353
965.508789	1234.037598
964.368164	1292.944214
963.226563	1275.141968
962.085938	1274.870972
960.944336	1263.649902
959.802734	1287.466553
958.660156	1221.519653
957.517578	1251.900757
956.375977	1179.424683
955.232422	1179.173584
954.089844	1115.492554
952.946289	1084.640137
951.802734	1088.781616
950.659180	1047.018555
949.515625	1009.643860
948.371094	985.394531
947.226563	1007.028748
946.082031	956.582336
944.937500	973.846191
943.791992	980.187378
942.646484	977.795410
941.500977	936.126282
940.354492	949.016052
939.208984	909.551880
938.062500	1044.561523
936.916016	957.128235
935.768555	987.440247
934.621094	961.077087
933.474609	976.123230
932.326172	980.270874
931.178711	923.435059
930.030273	923.237122
928.881836	981.817566
927.733398	1005.548584
926.584961	977.044250
925.435547	987.712463
924.286133	980.975037
923.136719	989.462952
921.986328	1034.908081
920.836914	1004.253784
919.686523	1017.077332
918.535156	1005.994751
917.384766	1007.950684
916.233398	955.609680
915.082031	974.946350
913.930664	985.591003
912.779297	1030.958008
911.626953	1017.716064
910.474609	1034.852783
909.322266	1012.939392
908.168945	952.001099
907.015625	1040.687866
905.862305	962.428589
904.708984	968.722412
903.555664	988.013550
902.401367	1031.124756
901.247070	983.255310
900.091797	1052.332275
898.937500	1060.764160
897.782227	1049.713013
896.626953	1073.288818
895.471680	1146.612915
894.315430	1180.972168
893.159180	1208.828857
892.002930	1215.053223
890.846680	1288.282715
889.689453	1246.943115
888.532227	1348.221680
887.375000	1345.769287
886.217773	1386.511353
885.059570	1472.578857
883.901367	1465.783203
882.743164	1575.536987
881.584961	1430.622314
880.425781	1425.997070
879.266602	1373.922607
878.107422	1455.567139
876.948242	1358.234131
875.788086	1398.892578
874.627930	1353.333618
873.467773	1275.476563
872.307617	1193.345093
871.146484	1188.778320
869.985352	1111.007324
868.824219	1123.681396
867.662109	1067.479980
866.500000	1045.730347
865.337891	1023.990112
864.175781	1079.687012
863.013672	1103.104858
861.850586	1062.017456
860.687500	1078.980713
859.523438	1089.489746
858.360352	1048.431885
857.196289	1069.682495
856.032227	1063.006470
854.868164	1127.184814
853.703125	1159.136719
852.538086	1060.163696
851.373047	1120.009033
850.208008	1076.861206
849.041992	1095.927734
847.875977	1147.148804
846.709961	1116.885498
845.542969	1144.503418
844.376953	1159.252319
843.209961	1126.863525
842.041992	1205.865356
840.875000	1242.004639
839.707031	1273.846069
838.539063	1275.707275
837.371094	1380.286377
836.202148	1418.494751
835.034180	1514.440186
833.865234	1712.994873
832.695313	1975.605103
831.526367	2404.835205
830.356445	2750.526855
829.186523	3194.354492
828.015625	3518.358154
826.845703	3532.534912
825.674805	3264.847656
824.503906	2982.333984
823.332031	2719.153564
822.160156	2449.687012
820.988281	2214.473389
819.816406	1992.160522
818.644531	1718.766235
817.471680	1639.503784
816.298828	1496.330322
815.125977	1402.234009
813.952148	1350.790771
812.778320	1284.459351
811.604492	1224.545898
810.430664	1262.600830
809.255859	1194.203613
808.081055	1213.093994
806.906250	1155.376465
805.731445	1144.484741
804.555664	1146.358643
803.379883	1192.885132
802.204102	1130.970825
801.028320	1096.713989
799.851563	1124.095703
798.674805	1094.104370
797.498047	1142.714355
796.320313	1121.226074
795.142578	1097.624146
793.964844	1112.239136
792.787109	1080.160889
791.608398	1122.354614
790.429688	1134.833008
789.250977	1151.547119
788.072266	1191.576416
786.892578	1225.228394
785.712891	1256.746094
784.533203	1222.565918
783.353516	1194.755859
782.172852	1213.551514
780.992188	1149.759399
779.810547	1145.270142
778.629883	1147.132080
777.448242	1121.484985
776.266602	1106.426880
775.084961	1051.189087
773.902344	1186.289551
772.719727	1169.112549
771.537109	1137.147583
770.353516	1166.479004
769.170898	1145.092163
767.987305	1161.735107
766.803711	1231.164795
765.619141	1209.777466
764.434570	1331.936157
763.250000	1272.549072
762.065430	1312.353271
760.879883	1457.610596
759.694336	1566.950928
758.508789	1758.472900
757.323242	1933.045288
756.136719	2040.098145
754.950195	2071.248535
753.763672	1925.430542
752.576172	1792.314331
751.389648	1655.046021
750.202148	1547.311523
749.013672	1429.101563
747.826172	1393.009766
746.637695	1377.971680
745.449219	1360.836792
744.259766	1339.503906
743.071289	1324.487427
741.881836	1269.541748
740.691406	1294.474365
739.501953	1264.770996
738.311523	1249.784180
737.121094	1218.003906
735.930664	1293.314087
734.739258	1284.627686
733.547852	1217.184570
732.356445	1231.598267
731.165039	1243.907715
729.972656	1285.572021
728.780273	1266.412964
727.587891	1253.551025
726.394531	1349.674683
725.202148	1286.512451
724.008789	1323.930176
722.814453	1231.480835
721.621094	1245.860962
720.426758	1262.328003
719.232422	1195.069824
718.037109	1148.766479
716.841797	1188.255859
715.646484	1118.967773
714.451172	1143.808472
713.255859	1112.191895
712.059570	1147.473267
710.863281	1071.987427
709.666016	1134.420898
708.469727	1115.366699
707.272461	1100.497437
706.075195	1164.969604
704.876953	1062.429565
703.678711	1145.662354
702.480469	1145.403687
701.282227	1186.862427
700.083984	1178.252686
698.884766	1236.364502
697.685547	1231.916016
696.485352	1244.141479
695.285156	1229.275391
694.084961	1247.744751
692.884766	1307.857056
691.684570	1303.396851
690.483398	1323.918091
689.282227	1240.371826
688.080078	1321.237793
686.878906	1235.649536
685.676758	1289.442871
684.474609	1307.864014
683.271484	1301.331055
682.068359	1296.879272
680.865234	1317.363647
679.662109	1344.070801
678.458008	1374.919434
677.254883	1372.530884
676.049805	1386.750977
674.845703	1313.793457
673.640625	1400.646240
672.435547	1404.477051
671.230469	1385.490967
670.024414	1432.869141
668.819336	1471.932983
667.613281	1486.106812
666.406250	1479.552002
665.199219	1495.789063
663.992188	1559.657593
662.785156	1669.054077
661.578125	1701.798950
660.370117	1769.715942
659.162109	1765.173950
657.953125	1830.976318
656.745117	1766.437500
655.536133	1826.005371
654.327148	1740.821899
653.117188	1701.151367
651.907227	1634.633789
650.697266	1592.939209
649.487305	1524.410645
648.276367	1472.434326
647.065430	1422.546143
645.854492	1387.129883
644.643555	1310.455566
643.431641	1349.357422
642.219727	1359.362549
641.007813	1255.936768
639.794922	1270.082153
638.582031	1269.791382
637.369141	1281.865845
636.155273	1265.088989
634.942383	1217.420776
633.728516	1210.963379
632.513672	1249.806519
631.299805	1265.988159
630.084961	1321.265015
628.869141	1255.119507
627.654297	1347.401123
626.438477	1305.959229
625.222656	1338.557861
624.006836	1379.364136
622.790039	1329.722290
621.573242	1446.536865
620.356445	1431.824585
619.139648	1437.656738
617.921875	1437.326172
616.704102	1521.162354
615.486328	1440.769653
614.267578	1465.060913
613.048828	1425.746460
611.830078	1326.971924
610.610352	1447.645142
609.391602	1404.261230
608.171875	1578.148926
606.951172	1569.588745
605.731445	1782.281128
604.510742	1788.014526
603.289063	1674.980957
602.068359	1600.895874
600.846680	1389.715332
599.625000	1403.718140
598.403320	1346.112549
597.180664	1186.268799
595.958008	1198.263550
594.735352	1285.893433
593.511719	1236.543213
592.289063	1193.345825
591.064453	1168.554565
589.840820	1239.770142
588.616211	1161.887817
587.391602	1202.448975
586.166992	1230.744995
584.942383	1289.636230
583.716797	1352.580078
582.491211	1317.593140
581.264648	1382.540283
580.038086	1327.175415
578.811523	1461.388672
577.584961	1383.615967
576.358398	1424.039795
575.130859	1421.672363
573.902344	1419.305908
572.674805	1453.585327
571.446289	1508.202271
570.217773	1402.037476
568.989258	1381.367310
567.759766	1387.147827
566.530273	1348.189209
565.300781	1331.611572
564.070313	1282.520996
562.840820	1274.094238
561.610352	1200.660767
560.378906	1344.589233
559.147461	1226.499390
557.916016	1266.816528
556.684570	1315.233521
555.453125	1302.751465
554.220703	1304.476196
552.988281	1334.595581
551.754883	1360.645264
550.521484	1340.054321
549.288086	1390.412354
548.054688	1335.375488
546.820313	1328.985718
545.585938	1403.615479
544.351563	1332.414063
543.117188	1417.130127
541.881836	1295.358643
540.646484	1380.043457
539.410156	1325.097900
538.174805	1286.358521
536.938477	1275.946655
535.701172	1245.323120
534.464844	1218.756226
533.227539	1184.118774
531.990234	1226.265381
530.751953	1260.313110
529.513672	1221.651367
528.275391	1209.251709
527.037109	1204.931152
525.797852	1236.933350
524.558594	1228.573242
523.319336	1268.622192
522.079102	1296.553589
520.838867	1253.913940
519.598633	1299.974487
518.358398	1257.353760
517.117188	1291.304443
515.875977	1276.901978
514.634766	1351.103149
513.392578	1322.601440
512.150391	1282.037354
510.908203	1311.917114
509.665039	1291.490967
508.421875	1281.130249
507.178711	1308.977905
505.934570	1340.832764
504.691406	1274.193604
503.447266	1348.236450
502.202148	1249.485718
500.958008	1315.465576
499.712891	1277.005005
498.466797	1256.628906
497.221680	1292.456177
495.975586	1274.092163
494.729492	1261.754639
493.482422	1303.571167
492.235352	1289.227173
490.988281	1310.971558
489.741211	1328.697266
488.493164	1326.378540
487.245117	1328.067017
485.997070	1411.862793
484.748047	1411.527588
483.499023	1361.150024
482.250000	1442.876465
481.000977	1478.546875
479.750977	1492.197266
478.500977	1435.848389
477.250000	1511.480591
475.999023	1515.118652
474.748047	1502.767822
473.497070	1542.367676
472.245117	1589.938110
470.993164	1573.583740
469.741211	1653.067017
468.488281	1652.672852
467.236328	1726.112305
465.982422	1807.496582
464.729492	1840.972656
463.475586	1880.414551
462.221680	2049.421387
460.967773	2222.333496
459.712891	2383.206787
458.458008	2549.979492
457.203125	2870.032471
455.947266	3060.502686
454.691406	3175.233154
453.435547	3084.911133
452.178711	3022.488770
450.921875	2886.491211
449.665039	2607.362549
448.408203	2290.588623
447.150391	2087.275146
445.892578	1943.681274
444.633789	1796.182129
443.375000	1746.089600
442.116211	1690.062988
440.857422	1643.990479
439.597656	1653.520508
438.337891	1569.772095
437.078125	1664.629639
435.818359	1727.703857
434.557617	1655.896118
433.295898	1768.507324
432.035156	1774.027832
430.773438	1827.105591
429.511719	1741.473633
428.249023	1846.031860
426.987305	1748.554688
425.724609	1736.254028
424.460938	1755.627808
423.198242	1749.267456
421.934570	1598.491577
420.669922	1564.481812
419.406250	1589.809448
418.141602	1646.755005
416.875977	1640.427246
415.611328	1551.112915
414.345703	1562.590210
413.080078	1585.911499
411.813477	1571.705688
410.546875	1593.038940
409.280273	1553.181763
408.013672	1489.666748
406.746094	1576.099243
405.478516	1514.581177
404.209961	1571.390625
402.942383	1523.701172
401.673828	1501.653442
400.404297	1513.109497
399.134766	1595.469604
397.865234	1573.419800
396.595703	1691.162231
395.326172	1655.321411
394.055664	1692.306274
392.784180	1626.972412
391.513672	1709.182983
390.242188	1740.227783
388.970703	1739.803223
387.698242	1694.174438
386.425781	1744.848633
385.153320	1707.098022
383.880859	1757.743774
382.607422	1739.642822
381.333984	1833.441284
380.059570	1846.730347
378.785156	1842.354248
377.510742	1832.095337
376.236328	1802.230469
374.960938	1774.340454
373.685547	1795.466675
372.410156	1959.635742
371.133789	1876.870483
369.857422	1823.525513
368.581055	1924.903809
367.303711	1883.318970
366.026367	1886.770630
364.749023	1837.388062
363.470703	1913.230591
362.192383	1930.361938
360.914063	1902.512451
359.634766	1821.896118
358.356445	1897.666626
357.076172	1817.090698
355.796875	1896.731201
354.516602	1818.147461
353.236328	1817.698730
351.955078	1789.922852
350.673828	1752.403198
349.392578	1775.381836
348.111328	1837.358643
346.829102	1833.004272
345.546875	1791.610718
344.263672	1759.982666
342.981445	1808.260864
341.697266	1761.059082
340.414063	1717.775635
339.129883	1740.715088
337.845703	1664.364868
336.561523	1697.036255
335.276367	1696.614990
333.991211	1645.619019
332.705078	1722.997925
331.419922	1695.350586
330.133789	1710.478882
328.846680	1702.280273
327.560547	1690.200073
326.272461	1705.317383
324.985352	1646.638794
323.697266	1655.934937
322.409180	1634.172974
321.121094	1686.154419
319.832031	1709.011841
318.542969	1640.707153
317.253906	1729.486084
315.963867	1723.238647
314.673828	1687.925293
313.383789	1685.565674
312.092773	1751.000122
310.801758	1733.133545
309.510742	1761.739136
308.218750	1801.942993
306.926758	1803.426270
305.634766	1777.825073
304.341797	1885.685059
303.048828	1976.088501
301.755859	1981.391357
300.461914	2077.522461
299.167969	2119.506104
297.874023	2192.374268
296.579102	2158.993408
295.284180	2363.097168
293.989258	2379.873291
292.693359	2386.992188
291.397461	2324.656982
290.101563	2489.937744
288.804688	2574.150391
287.507813	2664.103271
286.210938	2594.050049
284.913086	2618.442139
283.615234	2708.314209
282.317383	2842.432861
281.018555	2793.581543
279.719727	2760.152832
278.420898	2867.214600
277.121094	2779.916260
275.821289	2765.748047
274.521484	2901.568115
273.220703	2804.714111
271.919922	2996.188477
270.619141	3033.854736
269.317383	3132.969971
268.015625	3214.750488
266.713867	3300.328613
265.411133	3525.980469
264.108398	3684.354004
262.804688	3758.234619
261.501953	3989.349365
260.198242	4070.782959
258.893555	4157.925293
257.588867	4344.679199
256.284180	4401.049316
254.979492	4585.729004
253.673828	4590.301758
252.368164	4700.169922
251.061523	4943.964355
249.755859	5101.522461
248.448242	5245.607910
247.141602	5395.356445
245.833984	5382.500000
244.526367	5732.851074
243.217773	5563.202637
241.909180	5611.449219
240.600586	5739.895020
239.291992	5696.407227
237.982422	5576.575684
236.671875	5638.125488
235.362305	5579.429199
234.051758	5354.795410
232.741211	5280.942383
231.429688	5115.606445
230.118164	5099.036621
228.806641	4943.359375
227.494141	4976.375977
226.181641	4902.710449
224.868164	4918.580566
223.555664	4824.025879
222.242188	4632.454102
220.927734	4718.779785
219.613281	4647.173828
218.298828	4545.176270
216.984375	4601.034668
215.668945	4605.542480
214.353516	4537.836914
213.037109	4363.778320
211.720703	4491.794922
210.404297	4475.436035
209.087891	4379.356445
207.770508	4382.011719
206.452148	4424.507813
205.134766	4260.228516
203.816406	4321.695801
202.497070	4280.755371
201.178711	4207.615234
199.859375	4161.040039
198.539063	4152.375000
197.218750	4130.456543
195.898438	4068.788574
194.578125	4080.972900
193.256836	4030.702637
191.935547	4075.050293
190.613281	4138.287598
189.291992	4018.077148
187.968750	4022.693115
186.646484	4080.221924
185.323242	4039.472412
183.999023	4112.075684
182.675781	4158.203125
181.351563	4100.471680
180.026367	4182.435547
178.702148	4109.631348
177.376953	4146.274902
176.050781	4188.555664
174.724609	4232.699219
173.398438	4284.357422
172.072266	4296.415039
170.745117	4236.877930
169.416992	4262.123535
168.089844	4364.554199
166.761719	4370.926758
165.433594	4495.854980
164.104492	4575.562012
162.775391	4670.273438
161.445313	4723.563965
160.116211	4823.823242
158.785156	4974.771484
157.455078	5163.216309
156.124023	5327.140625
154.792969	5460.930176
153.460938	5630.317383
152.128906	5827.766602
150.796875	6072.019043
149.463867	6216.716797
148.130859	6351.959473
146.797852	6535.875000
145.463867	6650.338867
144.129883	6744.126465
142.794922	6929.658691
141.460938	7088.869141
140.125000	7049.520020
138.790039	7214.225586
137.454102	7257.201172
136.117188	7279.572266
134.781250	7270.133789
133.444336	7326.143555
132.106445	7357.819824
130.768555	7574.494629
129.430664	7428.589844
128.092773	7435.925293
126.753906	7351.755371
125.414063	7594.326660
124.075195	7461.630859
122.735352	7360.724121
121.394531	7312.099121
120.053711	7532.034180
118.712891	7569.144531
117.372070	7623.007324
116.030273	7810.997559
114.688477	7881.526855
113.345703	7851.452148
112.002930	7940.546387
110.660156	8033.312988
109.316406	8103.697266
107.972656	7857.795410
106.627930	7706.873047
105.283203	7479.801758
103.938477	7044.671875
102.592773	6632.076660
101.247070	5961.479980
99.901367	5174.242188
98.554688	4532.257813
