#Wave		#Intensity
3199.956055	24.823456
3199.250977	17.731041
3198.545898	28.365269
3197.840820	28.360868
3197.134766	60.257484
3196.429688	14.176028
3195.724609	24.804190
3195.018555	63.772270
3194.312500	14.169407
3193.606445	0.000000
3192.901367	28.329966
3192.195313	24.784845
3191.488281	17.700691
3190.782227	31.856253
3190.076172	31.851259
3189.369141	17.692368
3188.663086	35.379177
3187.956055	14.149446
3187.249023	38.904854
3186.541992	14.144992
3185.834961	24.749834
3185.127930	35.351326
3184.420898	17.672873
3183.712891	17.670078
3183.005859	35.334564
3182.297852	35.328968
3181.590820	35.323368
3180.882813	35.317764
3180.174805	17.656078
3179.466797	21.183928
3178.757813	31.770836
3178.049805	14.118124
3177.341797	21.173811
3176.632813	24.698839
3175.924805	35.278423
3175.215820	21.163673
3174.506836	35.267147
3173.797852	24.683052
3173.088867	35.255856
3172.379883	21.150122
3171.669922	35.244549
3170.960938	59.906109
3170.250977	24.663256
3169.541016	31.704800
3168.832031	21.133131
3168.122070	24.651346
3167.412109	24.647371
3166.701172	24.643393
3165.991211	24.639412
3165.281250	35.193466
3164.570313	52.781658
3163.860352	17.591038
3163.149414	17.588186
3162.438477	21.102400
3161.727539	35.164959
3161.016602	21.095547
3160.305664	38.668880
3159.593750	35.147808
3158.882813	21.085249
3158.170898	42.163624
3157.458984	3.513062
3156.748047	63.224796
3156.036133	0.000000
3155.324219	21.068043
3154.611328	42.129192
3153.899414	17.550955
3153.187500	35.096157
3152.474609	38.599442
3151.761719	-3.508464
3151.049805	10.523663
3150.336914	3.507311
3149.624023	21.040403
3148.911133	17.530783
3148.197266	14.022314
3147.484375	21.030003
3146.770508	-3.504422
3146.057617	28.030746
3145.343750	3.503264
3144.629883	31.524162
3143.916016	35.021049
3143.202148	35.015247
3142.488281	21.005665
3141.774414	52.505451
3141.059570	41.997387
3140.344727	31.492807
3139.630859	34.986191
3138.916016	20.988222
3138.201172	3.497454
3137.486328	45.459332
3136.771484	38.459175
3136.055664	-6.991410
3135.340820	45.436577
3134.625000	17.472687
3133.910156	48.915340
3133.194336	31.440315
3132.478516	20.956699
3131.762695	24.445385
3131.046875	24.441286
3130.330078	13.964106
3129.614258	48.866161
3128.897461	48.857948
3128.181641	10.467800
3127.464844	59.307552
3126.748047	45.345196
3126.031250	27.900034
3125.314453	27.895329
3124.596680	24.404295
3123.879883	38.343132
3123.162109	62.732704
3122.445313	17.422804
3121.727539	45.291626
3121.009766	17.416906
3120.291992	6.965582
3119.574219	34.822006
3118.856445	62.668980
3118.137695	41.772228
3117.419922	45.245560
3116.701172	27.838688
3115.982422	45.230175
3115.263672	38.265171
3114.544922	41.736713
3113.826172	20.864801
3113.107422	24.338118
3112.387695	20.857683
3111.668945	24.329809
3110.949219	52.126396
3110.229492	31.270491
3109.509766	17.369522
3108.790039	13.893240
3108.070313	20.836290
3107.350586	41.665436
3106.629883	0.000000
3105.910156	34.709286
3105.189453	41.643990
3104.468750	13.878945
3103.748047	24.283978
3103.027344	6.937086
3102.306641	55.487133
3101.585938	20.804090
3100.864258	45.067760
3100.143555	31.195377
3099.421875	13.862220
3098.700195	31.184608
3097.978516	65.822800
3097.256836	17.318796
3096.535156	34.631599
3095.813477	38.088165
3095.090820	27.695688
3094.369141	24.229528
3093.646484	31.146849
3092.923828	34.601608
3092.201172	27.676481
3091.478516	27.671673
3090.755859	58.792088
3090.032227	3.457757
3089.309570	55.314484
3088.585938	24.195873
3087.863281	6.911903
3087.139648	72.562332
3086.416016	41.456959
3085.692383	62.174587
3084.967773	24.174786
3084.244141	51.794064
3083.519531	48.332680
3082.795898	20.710382
3082.071289	34.511265
3081.346680	65.559929
3080.622070	34.499180
3079.897461	62.087643
3079.171875	17.243544
3078.447266	20.688622
3077.721680	62.054970
3076.997070	13.787571
3076.271484	44.801731
3075.545898	13.782725
3074.820313	58.566277
3074.094727	34.444687
3073.368164	24.107035
3072.642578	68.865105
3071.916016	3.442648
3071.189453	55.072659
3070.463867	20.648602
3069.737305	34.408260
3069.009766	41.282619
3068.283203	61.912983
3067.556641	10.317006
3066.829102	44.699116
3066.102539	51.566772
3065.375000	34.371758
3064.647461	20.619402
3063.919922	27.487661
3063.192383	34.353481
3062.463867	27.477907
3061.736328	85.853210
3061.007813	13.734074
3060.279297	44.627808
3059.551758	30.890678
3058.823242	30.885183
3058.094727	34.310760
3057.365234	41.165581
3056.636719	44.588100
3055.907227	37.721668
3055.178711	34.286308
3054.449219	41.136227
3053.719727	41.128883
3052.990234	13.707179
3052.260742	51.392738
3051.530273	30.830130
3050.800781	41.099487
3050.070313	37.667786
3049.340820	61.627159
3048.610352	23.961824
3047.879883	30.802540
3047.149414	54.750252
3046.417969	71.846817
3045.687500	37.627293
3044.957031	10.260146
3044.225586	34.194344
3043.494141	30.769379
3042.762695	34.182053
3042.031250	34.175903
3041.299805	41.003704
3040.568359	40.996319
3039.835938	44.404678
3039.103516	61.472324
3038.372070	44.388672
3037.639648	51.208462
3036.907227	27.306252
3036.174805	54.602642
3035.441406	71.653023
3034.708984	34.114323
3033.975586	23.875710
3033.243164	71.614174
3032.509766	44.324562
3031.776367	54.543430
3031.042969	40.900166
3030.309570	51.115944
3029.575195	34.071121
3028.841797	61.316895
3028.107422	30.652885
3027.373047	37.457840
3026.638672	37.451038
3025.904297	30.636192
3025.169922	27.227222
3024.435547	34.027840
3023.700195	34.021652
3022.965820	57.826283
3022.230469	68.018539
3021.495117	44.203999
3020.759766	91.791580
3020.024414	27.192549
3019.289063	54.375179
3018.552734	57.763088
3017.817383	50.958130
3017.081055	84.914711
3016.344727	57.731461
3015.608398	47.534870
3014.872070	81.473450
3014.135742	57.699810
3013.398438	71.263199
3012.662109	81.428749
3011.924805	37.314678
3011.187500	67.832443
3010.451172	61.038010
3009.712891	64.417198
3008.975586	61.015633
3008.238281	71.171844
3007.500000	60.993244
3006.762695	47.430481
3006.024414	50.809036
3005.286133	67.732933
3004.547852	71.106514
3003.809570	67.708031
3003.071289	20.308674
3002.332031	40.609875
3001.592773	50.752998
3000.854492	71.041107
3000.115234	50.734303
2999.375977	27.053307
2998.636719	71.001839
2997.896484	101.412491
2997.157227	64.216057
2996.416992	67.583374
2995.677734	70.949440
2994.937500	104.715538
2994.197266	50.659447
2993.457031	84.416801
2992.715820	57.392811
2991.975586	104.638115
2991.234375	80.995163
2990.494141	70.857651
2989.752930	70.844521
2989.011719	104.560638
2988.270508	94.424362
2987.528320	70.805145
2986.787109	94.389343
2986.044922	50.556339
2985.303711	101.093910
2984.561523	107.813484
2983.819336	70.739456
2983.077148	97.669670
2982.334961	80.815048
2981.591797	111.100029
2980.849609	100.981239
2980.106445	90.866203
2979.363281	87.484505
2978.620117	104.289024
2977.876953	84.088387
2977.133789	87.435631
2976.389648	110.955307
2975.646484	87.403030
2974.902344	110.913925
2974.158203	124.334831
2973.414063	134.390945
2972.669922	94.056099
2971.925781	80.604454
2971.181641	134.315659
2970.436523	110.789703
2969.692383	130.908798
2968.947266	137.596344
2968.202148	164.413635
2967.457031	114.061577
2966.710938	110.686096
2965.965820	107.311874
2965.220703	160.937653
2964.474609	120.680618
2963.728516	130.712830
2962.982422	164.198135
2962.236328	123.963089
2961.490234	150.737625
2960.743164	154.058426
2959.997070	190.862640
2959.250000	154.000565
2958.502930	140.582794
2957.755859	160.635849
2957.008789	160.605637
2956.261719	160.575439
2955.514648	167.234604
2954.766602	147.138763
2954.018555	163.828217
2953.271484	173.825775
2952.523438	173.793030
2951.775391	193.809540
2951.026367	163.704788
2950.278320	213.778168
2949.529297	193.699921
2948.781250	193.663376
2948.032227	213.657181
2947.283203	210.279083
2946.534180	210.239365
2945.784180	216.872650
2945.035156	170.129456
2944.285156	210.120193
2943.536133	210.080460
2942.786133	180.034912
2942.036133	216.667679
2941.286133	186.632202
2940.535156	189.928955
2939.785156	219.876099
2939.034180	189.857010
2938.284180	203.141815
2937.533203	206.432861
2936.782227	206.393723
2936.031250	166.414978
2935.279297	229.609100
2934.528320	226.238480
2933.776367	246.153961
2933.025391	206.197937
2932.273438	206.158768
2931.521484	229.391159
2930.768555	199.432663
2930.016602	259.213165
2929.264648	202.679428
2928.511719	235.860687
2927.758789	252.422546
2927.005859	232.450195
2926.252930	215.805511
2925.500000	209.125504
2924.747070	232.317398
2923.993164	202.409439
2923.240234	218.958633
2922.486328	235.501495
2921.732422	202.293671
2920.978516	222.149017
2920.223633	232.051697
2919.469727	218.749832
2918.715820	218.708054
2917.960938	265.050049
2917.206055	228.561981
2916.451172	218.582718
2915.696289	248.341965
2914.941406	215.188538
2914.185547	211.837418
2913.430664	244.890152
2912.674805	238.225891
2911.918945	178.635208
2911.163086	241.442093
2910.407227	231.475464
2909.651367	201.675690
2908.894531	231.386765
2908.138672	247.866852
2907.381836	201.559708
2906.625000	224.646423
2905.868164	247.724243
2905.111328	237.769623
2904.353516	145.275772
2903.596680	171.656570
2902.838867	217.829956
2902.081055	171.590622
2901.323242	201.250305
2900.565430	267.182648
2899.807617	214.364594
2899.049805	181.350540
2898.291016	201.095535
2897.532227	174.688721
2896.773438	197.722748
2896.014648	224.042633
2895.255859	174.587830
2894.497070	210.782425
2893.738281	164.642029
2892.978516	187.655731
2892.218750	177.744843
2891.458984	184.292419
2890.699219	161.224762
2889.939453	194.090317
2889.179688	177.607697
2888.418945	170.996613
2887.659180	147.949249
2886.898438	203.801819
2886.137695	193.902969
2885.376953	174.150345
2884.616211	187.257568
2883.854492	197.075104
2883.093750	157.629593
2882.332031	151.032455
2881.570313	223.222168
2880.808594	147.691956
2880.046875	150.944763
2879.285156	167.319382
2878.522461	131.205475
2877.760742	144.298050
2876.998047	154.106674
2876.235352	150.798569
2875.472656	160.602097
2874.709961	176.955734
2873.946289	160.539780
2873.183594	134.303131
2872.419922	196.503021
2871.656250	157.171890
2870.892578	196.426697
2870.128906	163.657104
2869.365234	166.897812
2868.600586	143.962280
2867.836914	147.205521
2867.072266	117.741508
2866.307617	183.117828
2865.542969	156.927597
2864.778320	160.165741
2864.013672	124.185982
2863.248047	156.835953
2862.483398	101.270157
2861.717773	140.444138
2860.952148	160.009796
2860.186523	153.448868
2859.419922	150.154709
2858.654297	150.125427
2857.887695	143.570221
2857.122070	133.755234
2856.355469	182.654419
2855.588867	146.747223
2854.822266	176.062271
2854.054688	123.871468
2853.288086	159.697784
2852.520508	159.666580
2851.752930	156.377502
2850.985352	143.318008
2850.217773	94.441124
2849.450195	140.005997
2848.682617	136.723282
2847.914063	123.677811
2847.145508	146.431885
2846.377930	143.149811
2845.609375	133.363464
2844.839844	156.102249
2844.071289	130.059708
2843.302734	165.793625
2842.533203	117.007851
2841.763672	116.984901
2840.994141	129.957718
2840.224609	155.918671
2839.455078	133.154388
2838.684570	155.857452
2837.915039	110.377357
2837.144531	126.584450
2836.374023	103.843758
2835.603516	113.556793
2834.833008	120.022156
2834.062500	132.971375
2833.291016	116.732391
2832.520508	106.983643
2831.749023	90.756134
2830.977539	152.310669
2830.206055	129.600586
2829.433594	136.053818
2828.662109	136.027023
2827.889648	129.524033
2827.118164	106.836266
2826.345703	129.472977
2825.573242	126.211266
2824.799805	126.186378
2824.027344	135.866211
2823.254883	126.136597
2822.481445	116.410797
2821.708008	132.552795
2820.934570	135.758972
2820.161133	122.805298
2819.387695	122.781036
2818.613281	151.830750
2817.839844	93.664284
2817.065430	122.708244
2816.291016	112.998405
2815.516602	87.152954
2814.741211	112.953705
2813.966797	138.744232
2813.192383	116.134972
2812.416992	135.463974
2811.641602	154.785309
2810.866211	77.377319
2810.090820	148.277145
2809.314453	99.906105
2808.539063	93.442017
2807.762695	125.638489
2806.986328	119.171844
2806.209961	125.588646
2805.433594	119.124565
2804.657227	131.976700
2803.880859	109.422356
2803.103516	106.182961
2802.326172	119.029976
2801.548828	141.521042
2800.771484	83.609451
2799.994141	128.604355
2799.216797	77.147270
2798.438477	112.484062
2797.660156	106.035301
2796.881836	115.651855
2796.103516	131.688400
2795.325195	99.549454
2794.546875	144.478500
2793.767578	105.929794
2792.989258	118.746109
2792.209961	93.052727
2791.430664	118.698776
2790.651367	134.712280
2789.871094	121.858238
2789.091797	96.184677
2788.311523	137.837204
2787.531250	108.965805
2786.751953	102.535576
2785.970703	108.922295
2785.190430	124.915321
2784.410156	67.248657
2783.628906	83.243607
2782.847656	92.830078
2782.067383	108.813507
2781.285156	115.191254
2780.503906	79.977928
2779.722656	102.351265
2778.940430	99.132942
2778.159180	111.901878
2777.376953	99.093246
2776.594727	108.661148
2775.812500	105.444099
2775.029297	121.396149
2774.247070	124.565811
2773.463867	83.027222
2772.680664	130.901291
2771.897461	108.530510
2771.114258	105.317299
2770.331055	82.960609
2769.546875	79.753799
2768.763672	89.306320
2767.979492	133.932571
2767.195313	92.458672
2766.411133	98.815269
2765.626953	89.234558
2764.841797	95.589233
2764.056641	89.198677
2763.272461	85.995705
2762.487305	108.269096
2761.702148	38.204929
2760.916016	92.309990
2760.130859	114.568634
2759.344727	92.272812
2758.559570	89.073036
2757.773438	85.874550
2756.987305	108.116516
2756.201172	79.481407
2755.414063	79.465378
2754.627930	98.517189
2753.840820	101.674637
2753.053711	117.537567
2752.266602	123.865929
2751.479492	114.314690
2750.692383	98.417763
2749.904297	95.223747
2749.116211	104.724953
2748.328125	117.395142
2747.540039	66.616196
2746.751953	130.033890
2745.963867	104.640244
2745.174805	123.640709
2744.386719	66.562286
2743.597656	88.731743
2742.808594	98.218819
2742.019531	114.037445
2741.229492	98.179008
2740.440430	101.325531
2739.650391	66.481392
2738.861328	85.458740
2738.071289	126.579849
2737.280273	66.440933
2736.490234	104.385986
2735.700195	113.852493
2734.909180	88.533951
2734.118164	113.806236
2733.327148	113.783112
2732.536133	82.159981
2731.745117	91.621346
2730.953125	113.713707
2730.162109	91.584076
2729.370117	91.565430
2728.578125	97.860367
2727.786133	78.903580
2726.994141	119.909012
2726.201172	100.955437
2725.409180	107.243286
2724.616211	88.299995
2723.823242	104.046631
2723.030273	126.091400
2722.236328	78.791046
2721.443359	81.925964
2720.649414	119.713501
2719.856445	85.042221
2719.062500	103.919266
2718.268555	91.304329
2717.473633	125.911263
2716.679688	103.855560
2715.884766	110.127304
2715.089844	110.104782
2714.295898	81.775383
2713.500000	100.626030
2712.705078	100.605423
2711.910156	94.298271
2711.114258	113.134743
2710.318359	84.833672
2709.522461	103.664345
2708.726563	106.783783
2707.930664	81.641441
2707.134766	97.321747
2706.337891	65.914108
2705.541016	125.524902
2704.744141	90.986870
2703.947266	116.062851
2703.150391	137.992325
2702.352539	153.641693
2701.555664	78.372498
2700.757813	106.564682
2699.959961	141.012482
2699.162109	90.856010
2698.364258	87.704987
2697.565430	122.135361
2696.767578	100.192993
2695.968750	112.693893
2695.169922	100.151703
2694.371094	93.872871
2693.571289	100.110413
2692.772461	140.751221
2691.972656	96.941948
2691.173828	125.060570
2690.374023	90.650192
2689.573242	106.257584
2688.773438	90.612747
2687.973633	112.461540
2687.172852	99.945152
2686.372070	103.047127
2685.571289	65.561882
2684.770508	65.548309
2683.969727	56.172638
2683.167969	74.881348
2682.367188	99.821114
2681.565430	118.513016
2680.763672	106.015984
2679.961914	115.346420
2679.159180	134.023453
2678.357422	87.252983
2677.554688	90.350403
2676.751953	80.987000
2675.949219	96.541374
2675.146484	115.202866
2674.343750	77.823601
2673.540039	84.032021
2672.736328	105.796097
2671.932617	93.330086
2671.128906	105.752090
2670.325195	108.839790
2669.521484	105.708076
2668.716797	99.469231
2667.912109	87.017448
2667.107422	96.320671
2666.302734	105.620003
2665.498047	149.079498
2664.693359	80.734550
2663.887695	86.926758
2663.082031	130.362930
2662.276367	114.819550
2661.470703	86.872322
2660.665039	124.077385
2659.858398	93.038589
2659.052734	96.119774
2658.246094	105.399643
2657.439453	83.682205
2656.632813	86.763382
2655.826172	108.431519
2655.051758	90.021599
2655.018555	89.824448
2654.246094	65.188049
2654.210938	117.676338
2653.440430	111.732933
2653.404297	95.978996
2652.634766	93.095757
2652.596680	99.054321
2651.829102	89.978035
2651.788086	95.938751
2651.023438	102.372246
2650.980469	111.389366
2650.217773	102.355682
2650.171875	111.365990
2649.411133	77.529625
2649.364258	117.528313
2648.604492	96.121155
2648.555664	83.489418
2647.798828	108.506279
2647.747070	117.478943
2646.992188	105.388985
2646.938477	89.636139
2646.185547	96.074333
2646.128906	83.436790
2645.378906	111.552040
2645.320313	129.763275
2644.571289	127.024696
2644.510742	101.935402
2643.764648	111.515701
2643.701172	123.532059
2642.957031	130.080429
2642.891602	74.103630
2642.150391	77.416183
2642.081055	120.393044
2641.342773	111.461082
2641.271484	111.108627
2640.535156	108.347214
2640.460938	120.342308
2639.727539	108.329475
2639.651367	104.891685
2638.918945	117.595581
2638.840820	95.616371
2638.111328	114.482185
2638.029297	111.014938
2637.303711	123.744202
2637.218750	110.991501
2636.495117	95.886002
2636.408203	107.885620
2635.686523	120.610931
2635.596680	89.372063
2634.877930	132.959396
2634.785156	101.677757
2634.069336	139.120636
2633.973633	138.622177
2633.260742	102.004974
2633.162109	76.996040
2632.452148	111.259789
2632.349609	135.484360
2631.642578	117.421494
2631.538086	83.120537
2630.833984	145.207840
2630.725586	86.180832
2630.024414	105.026581
2629.913086	147.707275
2629.214844	114.274712
2629.100586	113.833580
2628.405273	101.903793
2628.288086	123.037247
2627.595703	114.236816
2627.474609	132.237000
2626.785156	95.696037
2626.662109	129.134338
2625.975586	148.149887
2625.848633	129.106934
2625.165039	104.922050
2625.035156	110.639603
2624.355469	126.502586
2624.221680	122.906792
2623.544922	114.141853
2623.407227	110.592613
2622.734375	120.291626
2622.593750	125.925941
2621.923828	111.019890
2621.779297	119.757751
2621.113281	101.751236
2620.964844	82.891579
2620.301758	101.734230
2620.150391	107.429192
2619.491211	144.869965
2619.335938	116.612587
2618.679688	151.009369
2618.521484	101.247269
2617.868164	144.821442
2617.706055	131.900162
2617.056641	80.100555
2616.890625	113.471313
2616.245117	132.451767
2616.076172	125.711685
2615.433594	80.073662
2615.259766	104.226486
2614.621094	98.535637
2614.444336	131.787735
2613.809570	129.306259
2613.628906	107.246201
2612.997070	135.440903
2612.812500	104.159782
2612.185547	120.029655
2611.996094	104.137543
2611.373047	132.318069
2611.179688	104.115295
2610.559570	119.989159
2610.363281	150.016449
2609.747070	101.512138
2609.546875	125.497124
2608.934570	110.721794
2608.729492	119.349785
2608.121094	98.402725
2607.912109	97.907074
2607.308594	110.684326
2607.095703	137.652359
2606.495117	107.591530
2606.277344	103.981728
2605.681641	126.014420
2605.459961	100.901825
2604.868164	107.555031
2604.642578	94.766251
2604.054688	107.536766
2603.824219	113.083855
2603.240234	119.806313
2603.005859	103.892601
2602.426758	125.928802
2602.187500	97.760292
2601.612305	113.623726
2601.369141	109.956726
2600.798828	138.167480
2600.550781	122.147903
2599.984375	89.026077
2599.731445	122.121658
2599.169922	165.744415
2598.913086	88.519173
2598.354492	125.821503
2598.093750	112.913979
2597.540039	110.458542
2597.274414	106.787544
2596.725586	110.439651
2596.455078	118.966232
2595.910156	110.420753
2595.634766	88.443024
2595.094727	128.802155
2594.815430	118.915009
2594.279297	107.316734
2593.995117	73.162697
2593.463867	147.151993
2593.174805	109.720398
2592.648438	128.735901
2592.354492	97.508209
2591.833008	104.196869
2591.533203	124.905441
2591.016602	131.755753
2590.712891	106.603584
2590.201172	85.779686
2589.891602	103.535416
2589.384766	150.088608
2589.070313	133.958069
2588.568359	134.750229
2588.249023	118.709900
2587.751953	122.479095
2587.427734	94.338753
2586.935547	101.027824
2586.606445	109.530991
2586.118164	146.924194
2585.784180	130.800385
2585.301758	110.174110
2584.961914	91.236328
2584.484375	110.155060
2584.139648	115.540985
2583.666992	137.670013
2583.317383	106.396278
2582.849609	125.410965
2582.495117	109.412453
2582.032227	107.039589
2581.671875	97.234428
2581.214844	107.021034
2580.849609	109.365005
2580.397461	119.231323
2580.026367	109.341270
2579.579102	125.323990
2579.203125	133.610321
2578.761719	97.796852
2578.379883	124.473480
2577.943359	131.391678
2577.555664	100.164200
2577.125000	116.093376
2576.732422	133.523239
2576.306641	134.400513
2575.908203	103.154610
2575.488281	106.890877
2575.083984	133.465149
2574.668945	131.300186
2574.259766	145.566650
2573.850586	137.383209
2573.434570	115.215172
2573.031250	164.831070
2572.610352	130.346664
2572.211914	88.504929
2571.785156	148.502197
2571.392578	128.157150
2570.959961	109.079857
2570.573242	109.829765
2570.134766	142.378754
2569.753906	131.162598
2569.309570	124.175629
2568.933594	146.388412
2568.484375	124.148514
2568.114258	128.067413
2567.658203	112.011993
2567.293945	121.947578
2566.832031	163.441238
2566.473633	134.118805
2566.005859	96.832886
2565.653320	115.809532
2565.179688	133.116089
2564.833008	137.118774
2564.353516	117.963440
2564.012695	94.442986
2563.526367	145.153992
2563.191406	109.656433
2562.699219	99.771507
2562.371094	100.500702
2561.872070	105.795074
2561.549805	115.707687
2561.044922	102.749825
2560.728516	136.998108
2560.217773	114.812851
2559.907227	149.149399
2559.389648	120.829109
2559.085938	118.689796
2558.562500	129.862778
2558.264648	118.668831
2557.734375	108.698441
2557.442383	106.478851
2556.906250	135.843185
2556.620117	139.918884
2556.078125	96.578362
2555.798828	133.811768
2555.249023	120.696404
2554.976563	152.031906
2554.420898	111.619598
2554.154297	133.764374
2553.591797	156.836258
2553.331055	148.938461
2552.762695	147.755447
2552.508789	112.443787
2551.933594	114.560608
2551.686523	145.847122
2551.103516	135.633972
2550.863281	91.138260
2550.274414	132.590622
2550.040039	145.795303
2549.444336	114.484810
2549.216797	127.548203
2548.614258	117.471626
2548.393555	170.034012
2547.784180	144.548523
2547.570313	97.144989
2546.954102	117.419716
2546.746094	136.585800
2546.123047	135.454330
2545.922852	172.977844
2545.292969	126.396072
2545.098633	109.229675
2544.461914	150.438217
2544.274414	121.344643
2543.630859	135.364410
2543.450195	127.389122
2542.799805	108.267540
2542.625977	151.626617
2541.967773	84.189423
2541.801758	163.727463
2541.136719	123.250023
2540.976563	124.289352
2540.304688	147.266129
2540.151367	145.483444
2539.472656	117.185799
2539.327148	148.487747
2538.640625	120.163864
2538.501953	115.133118
2537.807617	108.123451
2537.676758	151.463776
2536.975586	120.110458
2536.850586	130.235474
2536.142578	144.100494
2536.025391	112.042969
2535.309570	162.076981
2535.199219	124.133415
2534.476563	108.027260
2534.374023	145.300797
2533.643555	177.005234
2533.547852	121.062225
2532.809570	119.976807
2532.721680	145.248535
2531.976563	125.947556
2531.895508	127.069580
2531.142578	122.921379
2531.068359	136.121445
2530.308594	116.899117
2530.242188	157.267548
2529.473633	134.853470
2529.415039	157.239182
2528.639648	110.854744
2528.588867	145.117661
2527.804688	161.751846
2527.761719	154.159668
2526.969727	92.836769
2526.934570	166.220596
2526.134766	128.744766
2526.106445	129.930786
2525.299805	134.702728
2525.279297	141.991684
2524.464844	137.665283
2524.452148	123.842674
2523.628906	173.539063
2523.624023	132.880264
2522.795898	175.128616
2522.792969	122.646660
2521.967773	156.983414
2521.957031	143.554108
2521.139648	162.991669
2521.121094	170.432251
2520.311523	175.033356
2520.285156	164.415237
2519.482422	162.932495
2519.448242	143.457413
2518.654297	156.869461
2518.612305	149.401215
2517.825195	153.824768
2517.775391	158.329666
2516.996094	102.531197
2516.937500	194.134186
2516.166992	162.814041
2516.100586	137.356339
2515.337891	141.682724
2515.263672	125.384048
2514.507813	156.726791
2514.425781	158.187057
2513.678711	117.523674
2513.587891	134.279480
2512.848633	162.695419
2512.750000	170.048965
2512.018555	174.715042
2511.912109	164.045288
2511.188477	159.624268
2511.073242	134.188553
2510.358398	180.673706
2510.234375	146.083389
2509.528320	177.630020
2509.395508	125.186028
2508.697266	120.405113
2508.556641	122.177757
2507.867188	144.459702
2507.717773	143.004990
2507.036133	165.496460
2506.878906	157.865570
2506.205078	132.372925
2506.039063	157.829803
2505.374023	156.412064
2505.199219	157.794006
2504.542969	174.427643
2504.359375	160.734787
2503.710938	153.347900
2503.519531	148.794724
2502.879883	183.382462
2502.678711	151.736145
2502.047852	135.257309
2501.838867	175.498001
2501.215820	171.294464
2500.998047	175.458099
2500.383789	180.276825
2500.157227	142.713089
2499.551758	171.231491
2499.316406	166.460709
2498.719727	177.207016
2498.474609	190.197479
2497.886719	147.144852
2497.633789	148.557922
2497.053711	159.127365
2496.791992	145.553574
2496.221680	174.107300
2495.950195	175.218399
2495.388672	174.075211
2495.108398	175.178406
2494.554688	165.040878
2494.265625	172.169952
2493.721680	165.010437
2493.423828	192.904984
2492.888672	158.980713
2492.581055	148.354523
2492.054688	149.954102
2491.738281	154.253403
2491.220703	185.908737
2490.895508	172.012497
2490.387695	188.872345
2490.051758	186.798370
2489.552734	182.842575
2489.208984	189.719925
2488.718750	173.818146
2488.365234	165.966873
2487.884766	209.741699
2487.521484	165.928802
2487.049805	140.800491
2486.677734	177.740036
2486.215820	209.664001
2485.833008	159.929291
2485.380859	203.635834
2484.989258	171.736435
2484.545898	179.645355
2484.144531	177.617523
2483.710938	137.702545
2483.299805	186.455490
2482.875000	194.543579
2482.455078	177.535782
2482.040039	158.598373
2481.609375	165.661880
2481.204102	197.463165
2480.764648	186.326660
2480.368164	167.513351
2479.918945	204.024994
2479.532227	167.482208
2479.073242	186.240707
2478.696289	212.304001
2478.227539	124.131805
2477.860352	158.450943
2477.381836	180.245010
2477.023438	191.301361
2476.535156	168.386734
2476.187500	179.311600
2475.688477	197.882477
2475.350586	173.302246
2474.841797	156.497681
2474.513672	194.181808
2473.995117	233.216095
2473.676758	194.145584
2473.148438	180.036530
2472.839844	164.246368
2472.300781	179.994781
2472.001953	161.229950
2471.453125	194.703278
2471.165039	214.933105
2470.605469	185.809982
2470.327148	176.092819
2469.757813	159.228714
2469.489258	167.107697
2468.910156	194.567627
2468.651367	131.274338
2468.061523	182.733154
2467.813477	175.994003
2467.212891	159.117645
2466.975586	202.802567
2466.364258	223.891205
2466.136719	193.819077
2465.515625	147.262527
2465.297852	163.970032
2464.666992	191.396667
2464.458984	181.823563
2463.817383	200.183655
2463.620117	163.908524
2462.967773	147.159500
2462.781250	220.490097
2462.118164	185.377670
2461.942383	157.888931
2461.268555	164.741638
2461.102539	175.730148
2460.418945	176.467636
2460.263672	166.763367
2459.568359	182.307220
2459.423828	199.482956
2458.717773	170.505539
2458.583984	199.445435
2457.867188	144.014038
2457.744141	151.788116
2457.016602	170.425629
2456.903320	187.467667
2456.166016	155.697235
2456.063477	193.382614
2455.314453	182.093643
2455.222656	178.473389
2454.462891	155.624146
2454.382813	187.361755
2453.611328	161.458801
2453.541992	172.459244
2452.759766	170.225601
2452.701172	130.806473
2451.907227	167.251312
2451.859375	139.698730
2451.055664	202.414444
2451.018555	157.502884
2450.203125	134.911179
2450.176758	151.530746
2449.350586	167.133133
2449.334961	151.502121
2448.497070	178.819580
2448.493164	169.293900
2447.651367	193.017944
2447.644531	149.469604
2446.809570	178.136703
2446.791016	167.014801
2445.967773	148.419159
2445.937500	155.257767
2445.125000	169.165817
2445.083984	137.648849
2444.282227	157.264740
2444.230469	137.616287
2443.439453	186.901901
2443.375977	134.656387
2442.596680	133.476059
2442.522461	143.404327
2441.753906	163.106476
2441.667969	134.592560
2440.911133	154.180496
2440.813477	143.336319
2440.067383	157.115692
2439.958008	160.849503
2439.223633	142.266434
2439.103516	140.344391
2438.380859	171.872635
2438.248047	146.157333
2437.536133	177.765488
2437.392578	157.812363
2436.692383	139.223160
2436.537109	140.244263
2435.848633	183.621170
2435.680664	143.131927
2435.003906	142.131287
2434.825195	154.779266
2434.160156	165.788269
2433.968750	160.581680
2433.315430	130.237411
2433.112305	137.191589
2432.470703	147.968887
2432.255859	125.485741
2431.625000	112.434921
2431.398438	154.631500
2430.780273	159.745499
2430.541992	145.843887
2429.935547	153.799667
2429.684570	122.479553
2429.089844	162.641693
2428.827148	148.689560
2428.244141	138.958191
2427.968750	122.420883
2427.398438	171.447601
2427.111328	136.961960
2426.552734	189.147430
2426.252930	180.629868
2425.706055	153.652924
2425.394531	145.634277
2424.860352	141.806366
2424.536133	122.303398
2424.013672	174.270340
2423.677734	163.031982
2423.166992	168.330673
2422.818359	139.708084
2422.320313	156.488052
2421.959961	157.133759
2421.473633	123.985664
2421.100586	104.730598
2420.626953	168.234039
2420.240234	168.691956
2419.779297	132.790909
2419.380859	168.651260
2418.931641	150.467529
2418.520508	130.818527
2418.084961	123.890678
2417.661133	142.412430
2417.237305	150.409836
2416.799805	127.849640
2416.388672	129.740463
2415.939453	148.153503
2415.541016	159.196381
2415.079102	113.266434
2414.692383	117.900604
2414.217773	121.949684
2413.844727	159.135254
2413.356445	133.531570
2412.996094	141.426392
2412.147461	132.561752
2411.298828	135.481522
2410.449219	132.510788
2409.600586	141.317657
2408.750977	138.346909
2407.901367	138.320267
2407.051758	123.581551
2406.202148	147.092545
2405.352539	144.122910
2404.501953	147.035843
2403.651367	117.605995
2402.801758	129.341644
2401.950195	129.316681
2401.099609	126.353264
2400.249023	141.018265
2399.397461	138.053711
2398.546875	123.343307
2397.695313	179.106842
2396.843750	155.587326
2395.991211	129.141846
2395.139648	132.051331
2394.288086	149.629196
2393.435547	143.733551
2392.583008	164.235092
2391.730469	134.881256
2390.877930	126.060211
2390.024414	137.760025
2389.171875	146.524796
2388.318359	149.426285
2387.464844	140.609207
2386.611328	137.653122
2385.757813	131.769943
2384.903320	134.671982
2384.049805	152.208313
2383.195313	134.619629
2382.340820	128.741562
2381.486328	143.343384
2380.631836	128.691467
2379.776367	157.908783
2378.921875	152.030685
2378.066406	111.077705
2377.210938	154.893982
2376.355469	181.161407
2375.499023	172.361923
2374.643555	128.516022
2373.787109	151.852936
2372.930664	125.546188
2372.074219	166.389206
2371.217773	122.578621
2370.361328	137.144516
2369.503906	137.117722
2368.647461	131.257248
2367.790039	154.561646
2366.932617	128.290222
2366.075195	151.586060
2365.216797	131.154572
2364.359375	163.182617
2363.500977	151.497040
2362.642578	145.641693
2361.784180	148.525406
2360.925781	131.026138
2360.067383	151.378296
2359.208008	154.259155
2358.348633	154.228882
2357.490234	145.470383
2356.629883	145.441818
2355.770508	171.587646
2354.911133	136.661606
2354.050781	151.170364
2353.190430	130.794800
2352.330078	139.487015
2351.469727	156.892029
2350.609375	142.336975
2349.749023	156.830292
2348.887695	130.666168
2348.026367	139.349808
2347.165039	153.835098
2346.303711	150.902817
2345.442383	147.971664
2344.580078	179.851654
2343.717773	139.212524
2342.856445	173.981339
2341.994141	153.653183
2341.130859	159.419937
2340.268555	173.878326
2339.405273	115.895988
2338.542969	141.944534
2337.679688	153.501511
2336.816406	121.618652
2335.953125	185.287018
2335.088867	176.566757
2334.225586	118.652542
2333.361328	190.963852
2332.497070	153.319397
2331.632813	130.151077
2330.767578	159.042023
2329.903320	138.772812
2329.038086	144.526367
2328.172852	167.617340
2327.307617	127.132767
2326.442383	155.995636
2325.577148	173.294083
2324.710938	181.922684
2323.845703	150.128586
2322.979492	155.871811
2322.113281	144.297073
2321.246094	158.695251
2320.379883	141.354935
2319.512695	181.705933
2318.646484	144.182388
2317.779297	167.218292
2316.912109	167.185028
2316.043945	132.568634
2315.176758	161.355774
2314.308594	172.846756
2313.440430	138.249863
2312.572266	161.259369
2311.704102	155.469116
2310.835938	158.316605
2309.966797	161.162949
2309.098633	189.904160
2308.229492	135.207794
2307.360352	152.437943
2306.490234	161.034348
2305.621094	163.877243
2304.750977	163.844498
2303.881836	140.820648
2303.011719	140.792511
2302.141602	169.491776
2301.270508	166.585724
2300.400391	146.451248
2299.529297	183.745209
2298.658203	149.263107
2297.787109	163.582581
2296.916016	172.157715
2296.044922	172.123230
2295.172852	152.011734
2294.300781	143.378555
2293.428711	137.615829
2292.556641	157.653198
2291.684570	154.755737
2290.812500	157.589966
2289.939453	140.370163
2289.066406	143.206116
2288.193359	174.676376
2287.320313	163.189423
2286.447266	148.844650
2285.573242	154.538406
2284.699219	148.784851
2283.825195	220.271744
2282.951172	168.745712
2282.077148	148.695129
2281.203125	157.242050
2280.328125	194.369232
2279.453125	128.600815
2278.578125	182.862106
2277.703125	168.542068
2276.828125	194.212738
2275.952148	174.185150
2275.077148	145.600861
2274.201172	176.969284
2273.325195	219.740128
2272.448242	165.485153
2271.572266	165.451767
2270.695313	185.382675
2269.819336	156.830597
2268.942383	165.351608
2268.064453	168.168533
2267.187500	159.585342
2266.310547	168.100586
2265.432617	170.915207
2264.554688	193.664734
2263.676758	182.235840
2262.798828	156.577255
2261.919922	159.391861
2261.041992	184.970963
2260.163086	139.411423
2259.284180	187.740646
2258.405273	193.390579
2257.525391	153.543762
2256.646484	176.255264
2255.766602	193.273056
2254.886719	213.125595
2254.006836	167.624802
2253.126953	176.112381
2252.247070	159.036972
2251.366211	187.398392
2250.485352	158.972427
2249.604492	170.293015
2248.723633	187.284286
2247.842773	184.409180
2246.960938	164.516296
2246.080078	192.841965
2245.198242	204.144104
2244.316406	170.085495
2243.433594	161.548355
2242.551758	170.016312
2241.668945	155.816574
2240.786133	192.606735
2239.903320	161.416901
2239.020508	181.203110
2238.137695	172.674042
2237.253906	141.507263
2236.371094	172.603683
2235.487305	166.910507
2234.603516	223.444778
2233.718750	161.186768
2232.834961	155.499359
2231.950195	149.814270
2231.065430	197.827515
2230.180664	192.136063
2229.295898	169.497208
2228.411133	175.111343
2227.525391	163.780365
2226.639648	172.216568
2225.753906	138.309616
2224.868164	160.857880
2223.982422	194.682877
2223.095703	166.433914
2222.209961	191.782898
2221.323242	211.481964
2220.436523	180.427658
2219.549805	194.483749
2218.662109	171.899689
2217.775391	200.038971
2216.887695	154.928024
2216.000000	199.956985
2215.112305	185.837402
2214.223633	174.538727
2213.335938	199.834000
2212.447266	171.653137
2211.558594	137.857010
2210.669922	199.710999
2209.781250	182.796463
2208.891602	179.947250
2208.001953	160.232590
2207.113281	199.546951
2206.222656	148.926971
2205.333008	179.799377
2204.443359	193.806335
2203.552734	190.958267
2202.662109	140.381592
2201.771484	174.037354
2200.880859	157.162674
2199.990234	224.471878
2199.098633	162.708603
2198.208008	204.746216
2197.316406	143.012405
2196.424805	190.643906
2195.532227	182.195587
2194.640625	184.960449
2193.748047	187.724152
2192.855469	198.890518
2191.962891	198.849472
2191.070313	176.407471
2190.176758	153.974731
2189.284180	212.721146
2188.390625	142.717590
2187.497070	167.868362
2186.603516	179.022568
2185.708984	178.985565
2184.815430	167.764267
2183.920898	176.116043
2183.026367	187.259277
2182.131836	176.043182
2181.237305	170.419220
2180.341797	170.383942
2179.446289	189.896851
2178.551758	192.649536
2177.655273	178.652405
2176.759766	153.497589
2175.864258	217.642365
2174.967773	214.807526
2174.071289	161.769516
2173.174805	195.198563
2172.278320	192.370071
2171.381836	192.330139
2170.484375	192.290207
2169.586914	178.319092
2168.689453	181.067703
2167.791992	181.030090
2166.894531	155.931961
2165.996094	169.819153
2165.097656	205.967270
2164.199219	166.965759
2163.300781	189.188492
2162.402344	189.149109
2161.502930	191.890762
2160.604492	227.996613
2159.705078	172.351776
2158.805664	183.433029
2157.905273	177.837387
2157.005859	183.356583
2156.105469	211.093857
2155.205078	205.495895
2154.304688	152.701569
2153.404297	180.427841
2152.502930	183.165421
2151.602539	183.127182
2150.701172	210.829681
2149.799805	235.747101
2148.898438	219.060349
2147.996094	174.657196
2147.094727	194.022980
2146.192383	193.982407
2145.290039	224.418411
2144.387695	216.061401
2143.484375	188.321808
2142.582031	215.970978
2141.678711	160.560181
2140.775391	190.971237
2139.872070	179.862762
2138.968750	185.358139
2138.064453	204.681015
2137.160156	188.045822
2136.255859	221.183975
2135.351563	207.316483
2134.447266	229.382095
2133.542969	234.860077
2132.637695	220.998367
2131.732422	223.713867
2130.827148	242.996109
2129.921875	207.055435
2129.015625	212.532242
2128.109375	206.968399
2127.204102	201.406876
2126.296875	234.465530
2125.390625	220.627014
2124.484375	283.997498
2123.577148	228.804184
2122.669922	256.316956
2121.762695	217.685745
2120.855469	217.639893
2119.947266	223.102722
2119.040039	212.040604
2118.131836	223.008667
2117.223633	286.271698
2116.315430	211.906448
2115.406250	233.873337
2114.498047	222.820496
2113.588867	200.771118
2112.679688	225.476089
2111.770508	211.682816
2110.860352	203.392441
2109.951172	206.097412
2109.041016	200.559052
2108.130859	208.757050
2107.220703	200.474213
2106.309570	230.633835
2105.399414	260.780670
2104.488281	203.091400
2103.577148	211.280060
2102.666016	197.518723
2101.753906	208.447800
2100.842773	257.762360
2099.930664	191.909973
2099.018555	186.387299
2098.106445	227.453857
2097.194336	183.568359
2096.281250	224.618057
2095.368164	213.615707
2094.455078	210.832245
2093.541992	216.262436
2092.628906	197.058060
2091.714844	210.697830
2090.800781	224.331787
2089.887695	218.813721
2088.972656	205.094208
2088.058594	243.326645
2087.143555	232.341141
2086.229492	191.298996
2085.314453	229.509888
2084.399414	226.729294
2083.483398	221.218765
2082.568359	223.902115
2081.652344	202.014893
2080.736328	207.430481
2079.820313	207.386215
2078.903320	256.449219
2077.987305	229.118454
2077.070313	207.253357
2076.153320	231.746994
2075.236328	196.261368
2074.319336	215.296280
2073.401367	242.497101
2072.483398	231.548798
2071.565430	231.499237
2070.647461	245.064362
2069.729492	231.400101
2068.810547	206.854599
2067.892578	263.955200
2066.973633	212.207138
2066.053711	198.561539
2065.134766	203.957809
2064.215820	209.351761
2063.295898	212.025101
2062.375977	220.132645
2061.456055	230.953781
2060.535156	217.321564
2059.615234	222.706726
2058.694336	211.797440
2057.773438	187.318985
2056.852539	203.563797
2055.930664	238.796799
2055.009766	257.736511
2054.087891	230.556702
2053.166016	214.235947
2052.244141	244.013687
2051.321289	219.564987
2050.399414	195.126801
2049.476563	270.950989
2048.553711	219.422958
2047.630859	230.208969
2046.707031	222.036011
2045.783203	243.645432
2044.860352	227.353287
2043.936523	211.068146
2043.011719	254.309189
2042.087891	246.139709
2041.163086	178.480301
2040.238281	240.625900
2039.313477	229.761505
2038.388672	224.306778
2037.463867	243.171539
2036.538086	229.612244
2035.612305	218.759537
2034.686523	237.613159
2033.760742	245.660324
2032.833984	259.101898
2031.907227	218.569794
2031.056641	245.724396
2030.980469	256.291626
2030.130859	218.721725
2030.053711	215.777664
2029.204102	229.484009
2029.126953	207.640884
2028.278320	256.438751
2028.199219	266.908813
2027.351563	218.610779
2027.272461	245.287094
2026.425781	229.367508
2026.344727	229.064499
2025.499023	242.818527
2025.416992	264.040436
2024.572266	234.684738
2024.488281	228.964828
2023.645508	199.582993
2023.560547	258.539276
2022.717773	207.638885
2022.631836	247.712845
2021.791016	223.780441
2021.703125	228.815262
2020.863281	253.394928
2020.774414	261.061707
2019.935547	221.008957
2019.844727	287.912506
2019.007813	215.581696
2018.916016	225.975464
2018.080078	229.016434
2017.986328	255.511734
2017.152344	218.201889
2017.056641	244.699936
2016.223633	237.018280
2016.126953	228.515976
2015.295898	228.898911
2015.196289	247.280930
2014.367188	228.859680
2014.265625	266.037659
2013.438477	228.820419
2013.335938	271.352814
2012.509766	239.547302
2012.405273	255.177063
2011.581055	209.904266
2011.473633	252.435760
2010.651367	260.989899
2010.542969	214.791946
2009.722656	250.184357
2009.611328	273.799805
2008.792969	250.141251
2008.679688	249.586334
2007.863281	239.341217
2007.748047	268.313629
2006.933594	247.366196
2006.816406	265.572296
2006.002930	258.076660
2005.883789	238.694473
2005.073242	228.465881
2004.952148	278.862732
2004.142578	241.863205
2004.019531	268.078430
2003.212891	263.316559
2003.085938	259.979004
2002.282227	228.347229
2002.153320	246.523911
2001.351563	239.051514
2001.220703	254.506836
2000.419922	284.663605
2000.287109	249.094070
1999.489258	289.984253
1999.353516	275.817749
1998.557617	236.242371
1998.419922	248.984589
1997.625977	252.305893
1997.485352	256.959839
1996.695313	260.312866
1996.550781	267.607605
1995.762695	225.386292
1995.617188	251.495804
1994.831055	257.539398
1994.682617	278.189423
1993.899414	260.176666
1993.747070	240.687820
1992.966797	262.812988
1992.812500	248.655945
1992.034180	227.910172
1991.876953	256.620544
1991.101563	251.997726
1990.941406	277.944305
1990.168945	246.592880
1990.005859	272.539093
1989.236328	262.628998
1989.070313	291.178467
1988.303711	241.147583
1988.133789	253.723389
1987.370117	275.931549
1987.198242	226.965546
1986.436523	259.812225
1986.261719	256.280914
1985.502930	278.512573
1985.325195	274.907318
1984.569336	243.655609
1984.387695	226.815109
1983.635742	254.320953
1983.451172	266.782288
1982.702148	275.688873
1982.513672	240.050934
1981.767578	256.907410
1981.576172	325.330353
1980.833008	288.969818
1980.638672	279.935425
1979.898438	243.440811
1979.700195	269.211578
1978.963867	256.771271
1978.761719	261.157318
1978.029297	251.377396
1977.824219	255.770874
1977.093750	254.006638
1976.885742	314.315308
1976.159180	251.288361
1975.946289	271.636017
1975.223633	285.990265
1975.007813	268.913208
1974.288086	280.594849
1974.068359	290.148834
1973.352539	301.919891
1973.128906	242.180542
1972.416992	283.166565
1972.189453	295.341400
1971.480469	235.039856
1971.250000	247.393188
1970.543945	261.702332
1970.309570	271.274139
1969.608398	264.325684
1969.369141	295.144409
1968.671875	272.287018
1968.428711	273.811798
1967.734375	269.569427
1967.488281	271.093048
1966.797852	250.841614
1966.547852	247.118027
1965.861328	282.813416
1965.606445	281.598633
1964.923828	266.757416
1964.665039	316.063843
1963.986328	245.372910
1963.723633	276.162262
1963.048828	293.328125
1962.782227	292.029541
1962.111328	266.614166
1961.839844	305.235474
1961.173828	301.219971
1960.898438	254.748367
1960.235352	282.509644
1959.956055	273.262695
1959.296875	247.817734
1959.012695	291.768738
1958.358398	277.079712
1958.070313	275.792419
1957.419922	282.357391
1957.127930	283.684509
1956.481445	308.939270
1956.184570	286.271698
1955.542969	271.604584
1955.241211	270.307190
1954.603516	287.529510
1954.297852	288.792999
1953.664063	303.448639
1953.353516	315.217133
1952.725586	279.441742
1952.409180	293.960175
1951.785156	226.173904
1951.465820	307.132751
1950.845703	297.963531
1950.520508	251.474701
1949.906250	311.209198
1949.576172	285.822876
1948.965820	300.515167
1948.631836	269.883240
1948.025391	300.460754
1947.686523	288.339844
1947.084961	305.723267
1946.741211	272.406708
1946.144531	316.299744
1945.795898	274.989624
1945.204102	279.037384
1944.849609	259.066559
1944.262695	297.585846
1943.904297	338.296509
1943.322266	329.410156
1942.958008	335.578033
1942.380859	302.789764
1942.011719	311.726685
1941.439453	294.768005
1941.065430	285.244904
1940.498047	315.955017
1940.118164	279.899506
1939.555664	286.696838
1939.170898	308.876007
1938.614258	323.802216
1938.223633	306.166962
1937.671875	281.285034
1937.276367	308.736664
1936.729492	254.702209
1936.329102	324.496033
1935.787109	286.487640
1935.380859	311.234833
1934.844727	249.304794
1934.432617	308.527496
1933.901367	281.079529
1933.484375	316.366943
1932.958984	281.028076
1932.536133	311.023804
1932.015625	307.483856
1931.587891	308.318207
1931.072266	315.378235
1930.638672	295.075409
1930.128906	299.421875
1929.689453	300.276611
1929.185547	275.523560
1928.740234	350.243317
1928.241211	339.043671
1927.791016	308.038940
1927.297852	293.960419
1926.840820	307.969086
1926.353516	299.201996
1925.890625	310.530853
1925.409180	317.678192
1924.940430	305.198334
1924.464844	275.270416
1923.990234	310.389862
1923.519531	322.853912
1923.040039	310.319366
1922.575195	291.044128
1922.088867	323.394958
1921.629883	317.444153
1921.137695	278.634705
1920.684570	293.581665
1920.186523	325.875885
1919.739258	290.883057
1919.235352	331.056610
1918.793945	306.692719
1918.283203	349.369049
1917.847656	306.636047
1917.331055	296.764740
1916.902344	319.793945
1916.378906	309.825287
1915.956055	293.310394
1915.426758	330.754974
1915.009766	319.675537
1914.474609	312.308411
1914.063477	316.974854
1913.521484	327.980194
1913.116211	324.838959
1912.568359	288.556671
1912.169922	319.497742
1911.615234	327.830383
1911.222656	343.198303
1910.662109	361.842041
1910.275391	295.623627
1909.708008	296.223206
1909.328125	337.792755
1908.753906	330.226410
1908.380859	329.814392
1907.799805	351.112793
1907.432617	290.182648
1906.845703	301.259125
1906.485352	319.141479
1905.891602	371.904327
1905.537109	334.904266
1904.936523	324.687073
1904.588867	311.112885
1903.981445	314.141266
1903.640625	363.776031
1903.026367	335.007141
1902.692383	353.165863
1902.071289	300.913879
1901.743164	310.938721
1901.115234	342.701447
1900.793945	329.322693
1900.159180	306.006531
1899.845703	302.920227
1899.203125	305.936188
1898.895508	331.833130
1898.247070	334.622467
1897.946289	315.972382
1897.290039	342.386383
1896.997070	344.871918
1896.333984	331.855408
1896.046875	334.278839
1895.376953	323.941681
1895.096680	302.636688
1894.419922	363.044525
1894.146484	339.415710
1893.461914	323.792389
1893.196289	326.198822
1892.504883	323.717712
1892.246094	310.356689
1891.546875	302.762787
1891.294922	320.816956
1890.588867	276.598694
1890.344727	291.835968
1889.629883	313.058258
1889.393555	297.038361
1888.671875	336.459839
1888.442383	304.866943
1887.712891	333.774445
1887.491211	336.341553
1886.753906	312.841156
1886.539063	312.633606
1885.794922	338.832794
1885.587891	333.588074
1884.835938	330.936920
1884.635742	330.898956
1883.875977	336.070648
1883.683594	322.959442
1882.916016	325.574371
1882.731445	312.397705
1881.956055	330.706848
1881.778320	351.709076
1880.996094	341.043640
1880.826172	346.394196
1880.035156	330.553345
1879.873047	270.241302
1879.074219	335.680908
1878.919922	327.900665
1878.113281	293.977753
1877.966797	364.556488
1877.152344	325.121002
1877.013672	319.909821
1876.191406	343.247925
1876.059570	330.336029
1875.229492	361.366333
1875.106445	351.243103
1874.267578	343.088104
1874.152344	290.899902
1873.305664	317.022705
1873.198242	293.464874
1872.342773	337.732330
1872.244141	301.268311
1871.380859	337.653564
1871.289063	319.545624
1870.417969	337.574768
1870.334961	356.147064
1869.455078	314.130829
1869.379883	390.116272
1868.491211	347.799164
1868.424805	303.656860
1867.528320	329.553497
1867.469727	397.819427
1866.564453	342.447968
1866.513672	363.726074
1865.600586	311.243500
1865.558594	311.332001
1864.636719	334.508423
1864.602539	319.119812
1863.671875	349.984955
1863.646484	339.980804
1862.708008	313.616730
1862.690430	350.374847
1861.743164	339.455841
1861.734375	334.622467
1860.778320	339.785980
1860.778320	344.557526
1859.821289	339.721008
1859.812500	321.166199
1858.864258	321.366821
1858.847656	323.680237
1857.907227	321.305298
1857.881836	367.614349
1856.950195	334.302460
1856.916016	354.586792
1855.993164	323.793427
1855.949219	351.915771
1855.035156	355.060211
1854.983398	336.310913
1854.077148	313.228302
1854.016602	341.404510
1853.119141	313.168213
1853.049805	343.909851
1852.161133	305.280365
1852.083008	297.295563
1851.203125	320.874115
1851.115234	325.655701
1850.244141	344.286530
1850.147461	335.914703
1849.286133	359.866699
1849.179688	400.419098
1848.327148	318.081818
1848.211914	343.504242
1847.368164	372.761841
1847.244141	338.258789
1846.408203	312.746918
1846.275391	345.923340
1845.449219	333.532440
1845.306641	356.165100
1844.489258	330.862915
1844.337891	361.241364
1843.530273	362.055725
1843.369141	363.735474
1842.570313	403.653290
1842.399414	376.544617
1841.609375	354.104858
1841.429688	355.827637
1840.649414	361.846100
1840.459961	378.943817
1839.688477	353.968048
1839.490234	402.048981
1838.728516	403.341492
1838.519531	381.340485
1837.767578	372.043091
1837.549805	376.097809
1836.805664	343.357941
1836.579102	319.349548
1835.844727	377.100494
1835.607422	345.021423
1834.882813	351.025574
1834.636719	355.235962
1833.921875	363.955994
1833.665039	370.592712
1832.959961	358.687073
1832.693359	383.369110
1831.998047	387.202972
1831.721680	380.705322
1831.035156	371.538788
1830.749023	347.182098
1830.073242	394.845703
1829.777344	336.814789
1829.110352	353.214386
1828.804688	347.016266
1828.147461	360.935730
1827.832031	359.782715
1827.184570	381.634827
1826.858398	393.097046
1826.221680	342.625854
1825.885742	362.179199
1825.258789	360.725220
1824.912109	374.932617
1824.294922	365.844299
1823.938477	372.275360
1823.331055	368.367188
1822.963867	372.186096
1822.367188	376.076324
1821.990234	397.758667
1821.403320	386.375519
1821.015625	413.056610
1820.438477	362.966614
1820.041016	371.918152
1819.474609	378.448486
1819.066406	392.343445
1818.509766	386.149445
1818.090820	335.847260
1817.544922	373.118561
1817.115234	366.523712
1816.580078	360.092682
1816.139648	386.935333
1815.614258	372.972778
1815.164063	348.414093
1814.649414	385.847778
1814.187500	363.697632
1813.683594	344.347107
1813.211914	389.216248
1812.717773	403.816803
1812.235352	368.642181
1811.751953	341.624268
1811.257813	342.959198
1810.786133	357.082703
1810.281250	381.258026
1809.819336	328.555206
1809.303711	391.398499
1808.852539	375.048553
1808.326172	411.764130
1807.885742	333.598450
1807.348633	378.424469
1806.918945	395.585663
1806.371094	403.895844
1805.952148	351.562714
1805.392578	375.685455
1804.984375	369.585266
1804.414063	401.144989
1804.017578	410.856750
1803.435547	326.968781
1803.049805	374.607056
1802.456055	362.642914
1802.082031	348.703522
1801.477539	349.788818
1801.113281	358.964874
1800.498047	387.992493
1800.145508	361.476227
1799.518555	390.450104
1799.176758	400.127075
1798.538086	400.560425
1798.208008	366.495850
1797.558594	357.100647
1797.239258	425.773956
1796.578125	420.766052
1796.270508	376.671204
1795.597656	402.817139
1795.301758	397.232391
1794.616211	387.425720
1794.332031	404.890808
1793.635742	349.107666
1793.362305	335.193756
1792.654297	366.855621
1792.392578	366.062439
1791.672852	364.218964
1791.422852	384.031921
1790.690430	379.408051
1790.452148	316.957031
1789.708984	407.318329
1789.482422	373.574677
1788.726563	425.034363
1788.511719	370.924957
1787.744141	356.228912
1787.541016	412.057343
1786.760742	394.299591
1786.569336	373.353088
1785.778320	391.659576
1785.598633	391.299561
1784.794922	378.850311
1784.626953	452.993958
1783.811523	399.093201
1783.656250	409.157806
1782.828125	409.160553
1782.684570	434.804810
1781.843750	391.274689
1781.711914	403.851013
1780.859375	401.338837
1780.740234	442.347778
1779.875000	408.858459
1779.767578	429.403595
1778.890625	388.446747
1778.795898	419.035309
1777.905273	416.271606
1777.823242	393.249512
1776.919922	378.104645
1776.849609	403.450409
1775.934570	433.825012
1775.876953	393.093292
1774.949219	443.863251
1774.903320	444.389679
1773.962891	403.181732
1773.929688	390.368774
1772.977539	423.362823
1772.956055	439.077515
1771.991211	420.723511
1771.982422	413.318176
1771.008789	467.136230
1771.003906	448.491638
1770.034180	438.815308
1770.017578	420.514984
1769.060547	402.808624
1769.030273	440.671417
1768.085938	438.640442
1768.042969	443.093964
1767.110352	412.906616
1767.054688	407.545197
1766.135742	428.209015
1766.067383	442.873779
1765.160156	430.687164
1765.079102	412.402679
1764.185547	415.222595
1764.090820	430.006165
1763.209961	476.641846
1763.102539	422.312592
1762.233398	453.487915
1762.113281	442.432831
1761.257813	471.328278
1761.124023	376.605988
1760.281250	430.257172
1760.134766	452.319794
1759.305664	427.610596
1759.145508	495.153839
1758.329102	450.565338
1758.155273	444.516815
1757.351563	440.237091
1757.165039	444.405640
1756.375000	458.061981
1756.174805	461.965240
1755.397461	396.566406
1755.184570	408.850403
1754.420898	447.646576
1754.193359	421.363647
1753.443359	421.982178
1753.202148	426.302979
1752.464844	457.694946
1751.487305	437.151642
1750.509766	419.172424
1749.531250	447.197876
1748.552734	475.212036
1747.574219	454.681458
1746.594727	426.497467
1745.616211	459.605469
1744.636719	433.984558
1743.657227	421.135590
1742.677734	461.880035
1741.697266	459.235779
1740.717773	464.244904
1739.737305	461.601135
1738.756836	430.910889
1737.775391	507.301697
1736.794922	412.895996
1735.813477	458.680817
1734.833008	430.563446
1733.851563	468.684509
1732.869141	468.589905
1731.887695	443.033569
1730.905273	437.852753
1729.922852	463.215668
1728.940430	496.202179
1727.958008	460.484283
1726.975586	445.129547
1725.992188	457.754883
1725.008789	455.119629
1724.025391	472.821838
1723.041992	477.809143
1722.057617	462.466187
1721.074219	454.750946
1720.089844	457.198730
1719.105469	464.724426
1718.120117	497.636627
1717.135742	492.458740
1716.150391	464.441528
1715.165039	504.945862
1714.179688	476.937347
1713.194336	504.740662
1712.208008	481.815247
1711.222656	484.252625
1710.236328	476.549591
1709.250000	539.810669
1708.262695	534.633179
1707.276367	488.925110
1706.289063	498.956604
1705.301758	511.516266
1704.314453	562.046875
1703.327148	516.370178
1702.338867	506.142059
1701.350586	526.280334
1700.362305	569.177490
1699.374023	546.298828
1698.385742	531.015442
1697.396484	523.322571
1696.407227	573.767883
1695.417969	550.906738
1694.428711	520.475220
1693.439453	532.999084
1692.449219	520.262329
1691.458984	535.306030
1690.468750	535.196472
1689.478516	482.082977
1688.487305	582.923340
1687.497070	534.867676
1686.505859	575.117126
1685.514648	559.867676
1684.522461	552.188660
1683.531250	519.303772
1682.539063	549.441711
1681.546875	529.170105
1680.554688	544.177490
1679.562500	526.433960
1678.569336	496.106171
1677.576172	523.699890
1676.583008	490.867737
1675.589844	551.168884
1674.596680	543.506775
1673.602539	545.910706
1672.608398	505.555145
1671.614258	502.936401
1670.620117	507.861176
1669.625977	547.974915
1668.630859	522.730713
1667.635742	555.286926
1666.640625	535.075684
1665.645508	555.057983
1664.649414	507.233398
1663.654297	527.213074
1662.658203	502.004028
1661.662109	542.052429
1660.665039	556.994385
1659.668945	549.353943
1658.671875	621.970886
1657.674805	566.678894
1656.677734	556.534119
1655.679688	543.887085
1654.682617	533.751038
1653.684570	533.640625
1652.686523	556.073669
1651.688477	545.941284
1650.689453	575.873840
1649.691406	585.767639
1648.692383	558.115906
1647.693359	590.529358
1646.693359	647.946594
1645.694336	542.761597
1644.694336	557.653137
1643.694336	597.540100
1642.694336	599.915710
1641.694336	597.292053
1640.693359	614.658264
1639.692383	542.085938
1638.691406	559.456299
1637.690430	571.825256
1636.689453	496.810364
1635.687500	559.107422
1634.685547	593.928101
1633.683594	581.329590
1632.681641	556.264038
1631.678711	625.978516
1630.676758	598.420532
1629.673828	603.281677
1628.670898	613.125549
1627.666992	598.046570
1626.664063	605.395935
1625.660156	622.705444
1624.656250	570.279236
1623.652344	619.955872
1622.647461	622.315796
1621.643555	594.809692
1620.638672	646.938171
1619.633789	634.364563
1618.628906	601.898621
1617.623047	646.532837
1616.617188	601.647095
1615.611328	608.978149
1614.605469	668.493347
1613.599609	621.146362
1612.592773	650.825195
1611.586914	613.435791
1610.580078	628.205505
1609.572266	642.968994
1608.565430	610.568481
1607.557617	602.996155
1606.549805	645.045837
1605.541992	627.547668
1604.534180	701.813232
1603.526367	624.805115
1602.517578	622.195129
1601.508789	634.456299
1600.500000	696.268738
1599.490234	631.712646
1598.481445	661.301392
1597.471680	631.447266
1596.461914	646.169067
1595.452148	655.934143
1594.441406	678.068604
1593.430664	675.451782
1592.420898	685.204407
1591.409180	670.221375
1590.398438	679.970825
1589.387695	647.690369
1588.375977	669.798218
1587.364258	679.541382
1586.352539	736.220642
1585.339844	681.725098
1584.328125	654.416931
1583.315430	738.224182
1582.302734	678.825500
1581.289063	658.938843
1580.276367	720.485168
1579.262695	683.329712
1578.249023	683.185486
1577.235352	707.699768
1576.220703	732.203613
1575.207031	712.330444
1574.192383	645.644043
1573.177734	643.043823
1572.163086	647.834351
1571.147461	561.501892
1570.131836	682.031250
1569.117188	637.576599
1568.100586	644.825134
1567.084961	627.464111
1566.068359	656.852722
1565.052734	678.850037
1564.036133	627.065552
1563.018555	634.308350
1562.001953	680.876648
1560.984375	631.581909
1559.966797	614.249023
1558.949219	623.944641
1557.931641	665.563416
1556.913086	699.798218
1555.894531	692.284973
1554.875977	635.687012
1553.857422	628.190369
1552.837891	630.510254
1551.819336	613.206482
1550.799805	635.146912
1549.780273	644.819031
1548.759766	610.364197
1547.740234	593.079224
1546.719727	597.853455
1545.699219	612.424438
1544.678711	634.336609
1543.657227	595.023071
1542.636719	619.377686
1541.615234	575.188721
1540.593750	601.984192
1539.571289	594.516174
1538.549805	721.583862
1537.527344	552.688721
1536.504883	613.695923
1535.481445	620.898438
1534.458984	659.869324
1533.435547	596.199036
1532.412109	620.500916
1531.388672	593.502075
1530.365234	673.957092
1529.340820	646.958252
1528.316406	644.379150
1527.291992	673.525085
1526.267578	639.224060
1525.243164	643.965881
1524.217773	636.511841
1523.192383	638.813843
1522.166992	604.549316
1521.140625	628.791687
1520.115234	631.093689
1519.088867	628.522339
1518.062500	686.842346
1517.036133	606.337219
1516.008789	681.678833
1514.981445	589.038940
1513.954102	591.346130
1512.926758	652.044250
1511.899414	598.389832
1510.871094	644.468567
1509.842773	605.427246
1508.814453	656.346375
1507.786133	670.787720
1506.756836	663.354004
1505.727539	612.195190
1504.698242	670.355347
1503.668945	648.356506
1502.639648	638.505920
1501.609375	650.504883
1500.579102	652.791626
1499.548828	664.782166
1498.518555	640.382141
1497.487305	662.070740
1496.456055	615.859863
1495.424805	627.847778
1494.393555	731.927307
1493.361328	639.692566
1492.330078	671.047852
1491.297852	670.903137
1490.264648	651.386292
1489.232422	643.982788
1488.199219	646.264282
1487.166016	624.345215
1486.132813	645.985168
1485.099609	715.993713
1484.065430	638.450989
1483.032227	650.402283
1481.998047	638.175049
1480.962891	698.457214
1479.928711	628.233887
1478.893555	698.155090
1477.858398	710.080200
1476.823242	668.876343
1475.788086	678.388306
1474.751953	634.795288
1473.715820	661.202393
1472.679688	702.073792
1471.643555	697.097412
1470.606445	655.949463
1469.569336	740.194153
1468.532227	708.696716
1467.495117	686.852844
1466.458008	701.160706
1465.419922	746.778870
1464.381836	688.814087
1463.343750	686.256592
1462.305664	722.218445
1461.266602	729.282104
1460.227539	649.714111
1459.188477	769.864136
1458.149414	726.401306
1457.109375	747.886292
1456.069336	783.787415
1455.029297	740.349609
1453.989258	732.978821
1452.949219	720.805786
1451.908203	727.855286
1450.867188	725.295105
1449.826172	763.554871
1448.784180	760.987854
1447.743164	796.822998
1446.701172	736.660522
1445.659180	741.297913
1444.617188	721.948120
1443.574219	817.709595
1442.531250	736.017700
1441.488281	757.429321
1440.445313	790.813538
1439.401367	771.473694
1438.358398	797.653992
1437.314453	759.162292
1436.269531	758.996277
1435.225586	780.374329
1434.180664	823.282349
1433.135742	813.531189
1432.090820	854.020752
1431.045898	841.875305
1430.000000	882.340759
1428.954102	848.678406
1427.908203	877.173889
1426.862305	869.812805
1425.816406	998.631958
1424.769531	898.093933
1423.722656	885.956787
1422.674805	885.762329
1421.627930	904.663696
1420.580078	871.054749
1419.532227	899.494568
1418.484375	887.369995
1417.436523	834.707642
1416.387695	810.680603
1415.338867	884.401123
1414.290039	939.022644
1413.241211	876.863708
1412.191406	848.083679
1411.141602	857.423950
1410.091797	928.671448
1409.041992	935.608948
1407.991211	916.361572
1406.940430	954.233765
1405.889648	944.507019
1404.838867	872.941162
1403.788086	955.980835
1402.736328	905.841614
1401.684570	912.772766
1400.632813	926.830200
1399.580078	900.489990
1398.528320	893.164795
1397.475586	928.591187
1396.421875	930.760376
1395.369141	887.825073
1394.315430	854.402039
1393.261719	889.805237
1392.208008	854.024048
1391.154297	832.489197
1390.099609	903.442078
1389.045898	872.422729
1387.990234	929.114014
1386.935547	881.514893
1385.880859	893.165222
1384.825195	850.332214
1383.769531	888.033020
1382.712891	965.965637
1381.657227	899.474243
1380.600586	958.437439
1379.543945	891.976990
1378.487305	910.702637
1377.429688	903.405518
1376.373047	931.577698
1375.315430	964.464966
1374.257813	876.806274
1373.199219	952.221924
1372.140625	888.227783
1371.082031	942.351074
1370.023438	897.277466
1368.964844	871.109619
1367.905273	863.834961
1366.845703	840.045715
1365.786133	818.626099
1364.726563	837.312622
1363.666016	780.531494
1362.605469	832.223999
1361.544922	803.753723
1360.484375	817.713440
1359.422852	796.326904
1358.361328	840.902954
1357.299805	812.455750
1356.238281	781.666748
1355.176758	819.154297
1354.114258	868.391785
1353.051758	832.904907
1351.988281	830.366272
1350.925781	872.512512
1349.862305	844.102051
1348.798828	912.084290
1347.735352	857.825195
1346.670898	852.933594
1345.607422	930.264404
1344.542969	850.202515
1343.477539	899.321838
1342.413086	946.071472
1341.347656	938.817993
1340.282227	917.488525
1339.216797	931.358398
1338.150391	942.876465
1337.084961	949.699402
1336.018555	975.274353
1334.952148	928.177368
1333.884766	899.848328
1332.817383	960.559326
1331.750000	943.947021
1330.682617	995.253418
1329.615234	929.474365
1328.546875	933.946350
1327.478516	926.715271
1326.410156	910.128723
1325.341797	1001.149658
1324.272461	919.072510
1323.203125	914.188965
1322.133789	937.358032
1321.063477	939.483398
1319.994141	932.261658
1318.923828	932.050964
1317.853516	899.144104
1316.782227	894.270935
1315.711914	940.756287
1314.640625	877.529297
1313.569336	923.997192
1312.497070	900.459961
1311.425781	860.607422
1311.421875	934.858093
1310.353516	869.739319
1310.349609	871.912537
1309.281250	913.835205
1309.277344	881.080505
1308.208008	901.974548
1308.204102	885.584045
1307.135742	857.497009
1307.130859	836.494202
1306.062500	847.983948
1306.057617	868.959595
1304.988281	882.727905
1304.984375	915.388550
1303.915039	861.570374
1303.911133	833.715881
1302.840820	833.438171
1302.837891	856.850220
1301.767578	856.523926
1301.763672	826.432556
1300.692383	849.348267
1300.689453	805.335938
1299.618164	800.299622
1299.615234	833.116699
1298.542969	800.117615
1298.541016	807.372742
1297.468750	823.189453
1297.465820	802.574585
1296.392578	799.753479
1296.391602	760.563904
1295.317383	785.625305
1295.316406	748.799255
1294.241211	815.655884
1294.241211	767.264282
1293.166016	739.230042
1293.165039	703.952759
1292.089844	787.904480
1292.088867	801.347656
1291.013672	792.409302
1291.012695	768.653870
1289.938477	750.445129
1289.935547	791.695435
1288.862305	829.288879
1288.858398	772.945496
1287.785156	826.815735
1287.781250	791.334106
1286.708984	780.223572
1286.704102	749.391602
1285.631836	761.508301
1285.625977	728.344360
1284.554688	763.690857
1284.547852	790.791931
1283.477539	791.401611
1283.469727	762.789063
1282.400391	798.218506
1282.391602	767.250610
1281.323242	788.792908
1281.312500	767.075073
1280.245117	781.690186
1280.233398	762.265686
1279.166992	832.568176
1279.154297	743.560120
1278.088867	746.623718
1278.075195	710.967834
1277.010742	769.669800
1276.995117	743.219543
1275.931641	750.985962
1275.915039	708.327271
1274.853516	741.578491
1274.834961	752.135925
1273.774414	759.978455
1273.753906	740.394775
1272.695313	750.572510
1272.673828	712.466431
1271.615234	687.898315
1271.592773	691.488892
1270.536133	713.244812
1270.510742	726.012207
1269.456055	729.320618
1269.429688	730.468689
1268.375977	745.390381
1268.347656	718.745483
1267.295898	710.536194
1267.265625	667.748230
1266.215820	694.206909
1266.183594	676.834778
1265.134766	664.001953
1265.101563	639.727295
1264.054688	684.697754
1264.018555	669.596497
1262.973633	682.258362
1262.935547	627.890747
1261.892578	640.510437
1261.852539	655.440857
1260.810547	672.758179
1260.768555	662.211914
1259.729492	665.699097
1259.684570	671.286621
1258.647461	649.398438
1258.600586	684.969666
1257.565430	674.694397
1257.516602	700.952026
1256.483398	690.740234
1256.432617	633.938599
1255.401367	674.443604
1255.347656	709.847351
1254.318359	660.462280
1254.262695	670.512573
1253.235352	667.265930
1253.177734	721.037659
1252.152344	664.833130
1252.091797	667.899719
1251.069336	694.713379
1251.005859	690.770996
1249.986328	699.198853
1249.919922	690.611267
1248.902344	675.996704
1248.833984	695.054504
1247.818359	731.231750
1247.747070	704.097534
1246.734375	724.176086
1246.660156	703.934509
1245.650391	721.734680
1245.573242	726.770569
1244.566406	779.235229
1244.486328	790.984619
1243.481445	758.344177
1243.398438	645.974304
1242.396484	730.547180
1242.311523	783.722961
1241.311523	688.935608
1241.222656	735.287903
1240.226563	803.991211
1240.134766	705.253113
1239.141602	746.258423
1239.045898	716.572937
1238.055664	755.329346
1237.958008	711.814148
1236.969727	736.767944
1236.868164	707.057495
1235.883789	736.629150
1235.779297	679.351868
1234.797852	704.268799
1234.689453	727.379944
1233.710938	715.641479
1233.599609	740.974976
1232.624023	756.918274
1232.509766	708.693420
1231.537109	719.971619
1231.419922	745.216003
1230.450195	763.531616
1230.329102	648.760010
1229.363281	669.113464
1229.238281	719.657898
1228.275391	703.470642
1228.147461	632.418091
1227.188477	735.516235
1227.055664	680.378113
1226.100586	684.819641
1225.964844	641.284302
1225.011719	664.011169
1224.872070	698.378784
1223.923828	689.154114
1223.780273	716.529602
1222.834961	670.649231
1222.688477	702.630066
1221.747070	659.040222
1221.595703	668.143433
1220.657227	661.210754
1220.502930	640.535706
1219.568359	670.266602
1219.409180	692.989014
1218.479492	683.908936
1218.316406	663.101624
1217.389648	683.778564
1217.222656	678.948608
1216.299805	715.765869
1216.128906	669.647644
1215.209961	727.097717
1215.035156	658.066040
1214.120117	722.372314
1213.940430	655.627380
1213.029297	685.549377
1212.845703	696.583496
1211.938477	724.388550
1211.750977	719.253601
1210.847656	749.461182
1210.655273	664.297363
1209.756836	767.649597
1209.560547	771.408264
1208.666016	746.883057
1208.464844	707.338440
1207.574219	719.252502
1207.369141	688.922668
1206.482422	764.917969
1206.272461	720.690063
1205.390625	664.022827
1205.175781	681.758362
1204.298828	691.366821
1204.079102	692.995972
1203.207031	707.255920
1202.982422	692.832825
1202.114258	723.138794
1201.885742	669.884521
1201.021484	688.679993
1200.788086	658.336792
1199.928711	656.521912
1199.690430	667.291443
1198.835938	667.830872
1198.591797	639.811218
1197.742188	656.268799
1197.494141	639.660339
1196.648438	658.428406
1196.395508	673.646851
1195.554688	688.016235
1195.296875	703.066711
1194.460938	660.459412
1194.197266	659.680237
1193.367188	685.465515
1193.098633	682.266602
1192.272461	662.488464
1191.999023	738.947388
1191.177734	680.632263
1190.899414	677.397705
1190.083008	666.799072
1189.798828	677.237427
1188.988281	696.350403
1188.698242	690.709534
1187.893555	648.279236
1187.597656	642.843750
1186.797852	632.177795
1186.497070	672.214417
1185.702148	652.591187
1185.396484	694.759644
1184.606445	686.684570
1184.294922	662.816040
1183.509766	652.337585
1183.193359	610.463074
1182.414063	627.125671
1182.090820	617.124695
1181.317383	654.363770
1180.989258	621.514771
1180.220703	581.290161
1179.886719	596.421753
1179.124023	588.014282
1178.784180	571.340515
1178.026367	622.079834
1177.680664	607.471619
1176.929688	585.506714
1176.578125	609.593262
1175.832031	617.281494
1175.474609	573.198486
1174.734375	537.453796
1174.371094	550.411316
1173.635742	571.502319
1173.266602	602.364380
1172.538086	539.520203
1172.162109	579.580933
1171.439453	600.866943
1171.057617	611.130981
1170.340820	605.300415
1169.953125	547.623779
1169.242188	559.679504
1168.848633	529.394165
1168.142578	564.119141
1167.743164	592.598938
1167.043945	532.169312
1166.637695	535.925171
1165.944336	550.255188
1165.531250	547.100830
1164.844727	554.693787
1164.425781	537.929199
1163.744141	568.222168
1163.319336	544.579529
1162.644531	561.293152
1162.211914	544.449158
1161.543945	531.646851
1161.105469	505.922882
1160.443359	558.800842
1159.998047	562.252747
1159.342773	556.419739
1158.890625	532.770508
1158.241211	588.099243
1157.783203	571.011047
1157.140625	549.389832
1156.675781	521.232849
1156.039063	565.169800
1155.567383	536.898926
1154.937500	533.287964
1154.458984	550.302002
1153.835938	585.366516
1153.349609	570.462952
1152.733398	533.077332
1152.241211	536.512024
1151.630859	566.991455
1151.131836	570.188660
1150.528320	564.611816
1150.022461	579.064148
1149.425781	562.233032
1148.912109	556.398560
1148.323242	593.854431
1147.801758	569.777039
1147.219727	591.470642
1146.691406	511.099701
1146.116211	568.696167
1145.581055	583.008423
1145.012695	607.093079
1144.470703	582.867798
1143.909180	557.146484
1143.359375	596.226624
1142.804688	547.978394
1142.248047	605.080200
1141.700195	559.189209
1141.135742	575.699280
1140.595703	579.449341
1140.024414	589.049866
1139.491211	592.912292
1138.912109	593.402893
1138.386719	617.682678
1137.798828	615.731323
1137.281250	599.462708
1136.686523	550.429443
1136.175781	583.511658
1135.573242	633.402100
1135.070313	596.962708
1134.459961	595.074097
1133.963867	547.106750
1133.346680	610.645020
1132.858398	596.724670
1132.232422	628.452698
1131.751953	614.684570
1131.118164	574.445923
1130.645508	564.854675
1130.003906	578.793213
1129.539063	594.108398
1128.889648	565.195618
1128.431641	575.921509
1127.774414	580.754333
1127.325195	584.838623
1126.659180	551.470398
1126.217773	598.267273
1125.543945	578.230713
1125.109375	591.376099
1124.428711	593.774597
1124.001953	555.150330
1123.312500	609.310852
1122.893555	624.983032
1122.196289	573.329285
1121.786133	602.299683
1121.079102	555.277405
1120.677734	611.200317
1119.962891	559.618896
1119.568359	579.509033
1118.845703	593.051331
1118.459961	574.883850
1117.728516	577.244873
1117.350586	525.180481
1116.610352	536.840820
1116.241211	585.920532
1115.492188	588.144287
1115.131836	567.778015
1114.374023	570.114502
1114.021484	556.400635
1113.255859	605.738220
1112.912109	610.341003
1112.136719	516.203979
1111.801758	540.414551
1111.018555	504.907043
1110.691406	531.300598
1109.898438	549.454407
1109.580078	508.685303
1108.779297	526.989685
1108.469727	515.333801
1107.659180	473.281372
1107.358398	557.978210
1106.539063	513.339600
1106.247070	530.872070
1105.418945	508.750854
1105.134766	508.274811
1104.297852	506.395050
1104.023438	559.888733
1103.177734	526.342957
1102.911133	528.302246
1102.055664	508.375793
1101.798828	539.433594
1100.934570	488.188171
1100.686523	541.571655
1099.812500	490.296600
1099.574219	570.669495
1098.690430	499.088104
1098.460938	523.382141
1097.568359	552.425659
1097.347656	505.309540
1096.446289	509.976898
1096.234375	505.207123
1095.323242	556.605957
1095.121094	489.390289
1094.200195	523.080444
1094.006836	531.935608
1093.076172	487.346069
1092.892578	466.751678
1091.953125	536.170654
1091.778320	486.848755
1090.829102	513.795837
1090.664063	488.992920
1089.704102	500.326660
1089.548828	473.195099
1088.580078	462.409698
1088.434570	520.184570
1087.455078	517.859497
1087.319336	551.462769
1086.330078	511.065094
1086.203125	515.490295
1085.204102	499.831024
1085.087891	466.087616
1084.079102	490.823334
1083.971680	497.357544
1082.953125	504.023682
1082.855469	492.776367
1081.827148	508.338135
1081.739258	512.830811
1080.700195	505.992554
1080.623047	497.053314
1079.573242	488.117004
1079.505859	487.997772
1078.446289	479.122925
1078.388672	525.945251
1077.319336	532.226257
1077.271484	532.550598
1076.191406	525.442566
1076.154297	561.524719
1075.063477	525.311584
1075.036133	556.936523
1073.935547	542.908203
1073.918945	487.499298
1072.806641	520.618774
1072.800781	527.643555
1071.681641	527.535522
1071.677734	469.547333
1070.563477	529.662292
1070.548828	515.930176
1069.444336	509.444122
1069.419922	588.854675
1068.325195	495.936005
1068.290039	551.083252
1067.206055	500.301270
1067.160156	557.583252
1066.086914	495.732544
1066.030273	497.717529
1064.966797	549.212524
1064.899414	493.169800
1063.846680	531.242798
1063.768555	508.522980
1062.726563	515.512085
1062.637695	517.237122
1061.606445	506.481354
1061.506836	554.674927
1060.485352	495.223511
1060.375000	525.814697
1059.364258	530.806091
1059.243164	545.561340
1058.243164	544.075745
1058.111328	518.925842
1057.122070	530.587585
1056.978516	505.549469
1056.000000	532.707214
1055.845703	516.457642
1054.877930	534.825867
1054.712891	492.055786
1053.755859	496.839935
1053.580078	489.725830
1052.633789	474.462250
1052.446289	467.548187
1051.511719	518.905579
1051.312500	509.322571
1050.388672	507.665497
1050.177734	511.398315
1049.265625	474.168518
1049.043945	495.842926
1048.142578	500.778748
1047.909180	467.076141
1047.018555	516.251831
1046.774414	559.468567
1045.895508	551.741333
1045.638672	528.497986
1044.771484	511.589752
1044.502930	532.767212
1043.646484	527.050781
1043.367188	497.416870
1042.522461	553.622314
1042.231445	536.898010
1041.397461	537.947205
1041.094727	512.563538
1040.273438	517.833618
1039.958008	576.212708
1039.147461	502.172272
1038.821289	536.489319
1038.022461	513.175842
1037.683594	551.740173
1036.896484	495.300781
1036.545898	564.785522
1035.771484	550.713501
1035.408203	540.474304
1034.645508	510.636322
1034.269531	553.515625
1033.518555	588.219666
1033.131836	566.550232
1032.392578	568.124390
1031.992188	553.233582
1031.265625	561.349976
1030.853516	507.001434
1030.138672	536.831848
1029.713867	502.483551
1029.011719	530.066589
1028.574219	552.810120
1027.883789	543.260681
1027.434570	532.930725
1026.755859	547.581421
1026.294922	581.030945
1025.627930	578.497986
1025.154297	545.810181
1024.500000	536.273376
1024.012695	550.053345
1023.372070	536.161621
1022.872070	554.294189
1022.243164	542.695068
1021.730469	554.152161
1021.114258	562.513489
1020.588867	512.404541
1019.985352	591.180176
1019.447266	531.975830
1018.855469	511.363739
1018.304688	534.027832
1017.726563	506.830505
1017.162109	520.762146
1016.596680	548.767334
1016.019531	533.753296
1015.466797	511.043396
1014.875977	513.933411
1014.335938	517.572144
1013.732422	557.528870
1013.206055	537.366333
1012.588867	555.199402
1012.075195	588.105164
1011.445313	511.351074
1010.944336	574.719299
1010.300781	526.512024
1009.812500	585.648987
1009.156250	548.217468
1008.681641	583.316833
1008.010742	552.442993
1007.549805	563.312988
1006.866211	567.581299
1006.417969	607.367065
1005.720703	552.157410
1005.285156	574.117615
1004.574219	576.015137
1004.153320	585.035583
1003.428711	521.333191
1003.020508	556.218994
1002.282227	525.559631
1001.887695	511.967163
1001.135742	514.522461
1000.753906	531.716309
999.988281	488.233582
999.621094	529.398804
998.840820	494.643951
998.487305	511.644653
997.693359	518.478760
997.353516	549.020447
996.545898	546.656860
996.219727	507.020691
995.397461	542.159973
995.084961	528.953796
994.249023	487.599274
993.950195	526.638977
993.100586	520.115479
992.815430	515.512939
991.951172	493.872131
991.680664	451.529480
990.801758	526.369507
990.545898	491.072510
989.652344	495.788940
989.410156	523.993835
988.274414	530.487000
987.138672	481.959137
986.001953	572.068237
984.865234	547.749756
983.728516	497.049438
982.591797	501.342224
981.455078	468.260254
980.317383	498.932495
979.179688	525.196716
978.041992	527.282715
976.903320	498.616058
975.765625	487.530151
974.626953	518.165588
973.487305	515.860718
972.348633	539.893066
971.208984	544.167114
970.069336	548.439270
968.929688	543.936401
967.790039	576.713440
966.649414	567.821655
965.508789	572.084900
964.368164	624.557800
963.226563	606.897461
962.085938	606.768494
960.944336	595.689392
959.802734	588.994019
958.660156	597.625183
957.517578	617.195801
956.375977	538.290283
955.232422	599.431458
954.089844	566.495239
952.946289	551.067139
951.802734	518.155090
950.659180	511.487122
949.515625	498.265808
948.371094	504.714264
947.226563	513.344360
946.082031	554.730408
944.937500	497.840668
943.791992	513.015625
942.646484	501.993164
941.500977	462.607880
940.354492	495.233673
939.208984	519.120728
938.062500	503.744720
936.916016	494.915955
935.768555	494.810028
934.621094	494.704102
933.474609	477.167358
932.326172	527.167908
931.178711	522.699097
930.030273	524.764465
928.881836	539.890808
927.733398	511.480347
926.584961	533.131042
925.435547	513.436401
924.286133	548.127991
923.136719	548.010254
921.986328	541.369995
920.836914	521.690247
919.686523	565.042969
918.535156	590.994751
917.384766	556.110718
916.233398	575.537659
915.082031	588.442017
913.930664	573.119019
912.779297	536.098145
911.626953	579.382080
910.474609	525.019653
909.322266	505.385162
908.168945	576.838928
907.015625	550.697327
905.862305	576.590088
904.708984	559.128357
903.555664	541.674072
902.401367	582.715454
901.247070	545.771667
900.091797	526.166138
898.937500	532.546875
897.782227	562.732788
896.626953	560.447205
895.471680	521.384399
894.315430	599.137878
893.159180	637.932922
892.002930	637.794800
890.846680	579.294922
889.689453	656.968262
888.532227	656.825928
887.375000	719.327698
886.217773	708.373413
885.059570	803.224854
883.901367	751.240906
882.743164	815.825989
881.584961	761.703857
880.425781	746.437195
879.266602	647.059326
878.107422	685.733887
876.948242	707.144104
875.788086	706.990417
874.627930	655.116943
873.467773	642.047363
872.307617	613.904968
871.146484	577.160461
869.985352	577.034851
868.824219	585.519775
867.662109	574.631409
866.500000	574.506226
865.337891	557.171082
864.175781	578.557373
863.013672	513.922180
861.850586	531.008728
860.687500	530.892883
859.523438	530.777039
858.360352	494.137970
857.196289	549.876953
856.032227	547.609375
854.868164	493.814270
853.703125	523.758057
852.538086	519.351440
851.373047	521.383484
850.208008	540.575745
849.041992	503.998077
847.875977	518.897217
846.709961	544.508484
845.542969	548.675781
844.376953	533.556091
843.209961	503.446625
842.041992	544.031616
840.875000	556.760681
839.707031	586.611511
838.539063	582.201965
837.371094	614.173950
836.202148	654.689880
835.034180	695.187988
833.865234	799.825317
832.695313	947.178650
831.526367	1186.385254
830.356445	1318.628662
829.186523	1485.000854
828.015625	1649.163574
826.845703	1644.529541
825.674805	1563.027100
824.503906	1436.729248
823.332031	1304.083862
822.160156	1167.228882
820.988281	1043.234497
819.816406	921.427551
818.644531	835.926025
817.471680	793.101929
816.298828	743.902100
815.125977	673.413330
813.952148	669.003662
812.778320	600.692444
811.604492	609.078491
810.430664	598.298218
809.255859	557.720764
808.081055	589.521118
806.906250	544.707886
805.731445	548.842102
804.555664	557.228149
803.379883	525.209656
802.204102	576.114807
801.028320	563.234924
799.851563	569.485168
798.674805	577.857056
797.498047	514.009094
796.320313	518.142334
795.142578	615.688599
793.964844	503.054749
792.787109	560.240662
791.608398	551.629883
790.429688	530.295776
789.250977	587.437500
788.072266	587.307190
786.892578	555.380371
785.712891	578.569458
784.533203	599.629395
783.353516	548.655579
782.172852	609.952637
780.992188	539.942261
779.810547	560.991821
778.629883	567.216614
777.448242	507.842255
776.266602	556.386780
775.084961	528.767151
773.902344	526.534912
772.719727	492.591736
771.537109	536.868896
770.353516	456.448303
769.170898	583.109619
767.987305	498.489960
766.803711	538.502625
765.619141	574.274780
764.434570	540.373474
763.250000	569.798096
762.065430	584.440247
760.879883	603.294678
759.694336	622.140686
758.508789	687.364746
757.323242	706.183350
756.136719	741.853882
754.950195	735.367004
753.763672	728.882935
752.576172	739.250671
751.389648	640.119568
750.202148	631.555725
749.013672	652.461670
747.826172	664.941223
746.637695	635.339600
745.449219	601.544556
744.259766	656.083557
743.071289	710.598022
741.881836	674.706787
740.691406	729.192505
739.501953	771.048096
738.311523	821.286743
737.121094	926.102966
735.930664	980.483215
734.739258	1013.848389
733.547852	990.536377
732.356445	992.412231
731.165039	958.627014
729.972656	931.148438
728.780273	849.167603
727.587891	760.934814
726.394531	775.434204
725.202148	676.781006
724.008789	766.706360
722.814453	695.325867
721.621094	659.573486
720.426758	667.798767
719.232422	625.789612
718.037109	659.128296
716.841797	604.587891
715.646484	625.367065
714.451172	589.678223
713.255859	566.548889
712.059570	576.871765
710.863281	601.817444
709.666016	557.809143
708.469727	578.570374
707.272461	588.880981
706.075195	555.343933
704.876953	578.178772
703.678711	559.266907
702.480469	523.672729
701.282227	554.842529
700.083984	596.425232
698.884766	598.375366
697.685547	591.986755
696.485352	583.516907
695.285156	622.971802
694.084961	610.332581
692.884766	583.120972
691.684570	626.713196
690.483398	628.652954
689.282227	582.725037
688.080078	636.690979
686.878906	657.348877
685.676758	638.482178
684.474609	627.941101
683.271484	648.586731
682.068359	602.716309
680.865234	656.604004
679.662109	629.448914
678.458008	677.075134
677.254883	664.462769
676.049805	664.311890
674.845703	591.518372
673.640625	690.985474
672.435547	676.306519
671.230469	672.004578
670.024414	715.397766
668.819336	646.821228
667.613281	683.982239
666.406250	634.093750
665.199219	607.016907
663.992188	635.876343
662.785156	670.934875
661.578125	639.727356
660.370117	633.372070
659.162109	635.297058
657.953125	657.910156
656.745117	680.512817
655.536133	655.542114
654.327148	618.177856
653.117188	667.645081
651.907227	636.494568
650.697266	681.802734
649.487305	638.269470
648.276367	603.016541
647.065430	619.395996
645.854492	602.740967
644.643555	610.858032
643.431641	631.350708
642.219727	579.637146
641.007813	604.252014
639.794922	583.495544
638.582031	579.239258
637.369141	579.106628
636.155273	591.336426
634.942383	578.841309
633.728516	593.124878
632.513672	617.696838
631.299805	586.677429
630.084961	598.891174
628.869141	617.271912
627.654297	654.158081
626.438477	596.422302
625.222656	645.633179
624.006836	645.484863
622.790039	630.950134
621.573242	665.735718
620.356445	667.636963
619.139648	614.084778
617.921875	683.756592
616.704102	622.013794
615.486328	646.499207
614.267578	660.713745
613.048828	662.613098
611.830078	672.715332
610.610352	592.591309
609.391602	578.104614
608.171875	590.268677
606.951172	534.807678
605.731445	575.656311
604.510742	606.245483
603.289063	585.629028
602.068359	552.739014
600.846680	583.312012
599.625000	550.437561
598.403320	531.898560
597.180664	548.138000
595.958008	554.145813
594.735352	541.751648
593.511719	525.275391
592.289063	537.414307
591.064453	514.817749
589.840820	543.292969
588.616211	563.587036
587.391602	581.830139
586.166992	557.202942
584.942383	563.195557
583.716797	593.666382
582.491211	564.974121
581.264648	505.707947
580.038086	581.021484
578.811523	544.199097
577.584961	533.884216
576.358398	548.021057
575.130859	549.930603
573.902344	533.512390
572.674805	563.925964
571.446289	514.946228
570.217773	500.582336
568.989258	539.119812
567.759766	541.028320
566.530273	542.935913
565.300781	573.304504
564.070313	554.878357
562.840820	568.973511
561.610352	511.956848
560.378906	542.304077
559.147461	529.993958
557.916016	550.171936
556.684570	556.132690
555.453125	535.710876
554.220703	547.758240
552.988281	561.828247
551.754883	553.585938
550.521484	561.565918
549.288086	537.112610
548.054688	591.699036
546.820313	611.819641
545.585938	573.193604
544.351563	560.909851
543.117188	500.044495
541.881836	572.791382
540.646484	542.304443
539.410156	566.454041
538.174805	584.524536
536.938477	584.387634
535.701172	539.774841
534.464844	551.775208
533.227539	551.645813
531.990234	527.273926
530.751953	573.604004
529.513672	555.296021
528.275391	567.278381
527.037109	542.925415
525.797852	538.762207
524.558594	568.895996
523.319336	526.407593
522.079102	540.398682
520.838867	546.319397
519.598633	528.051697
518.358398	558.152222
517.117188	566.078857
515.875977	527.678772
514.634766	579.907166
513.392578	601.914490
512.150391	541.394104
510.908203	571.448547
509.665039	581.372070
508.421875	518.887939
507.178711	524.797607
505.934570	599.052673
504.691406	552.686523
503.447266	616.853333
502.202148	566.487061
500.958008	584.428223
499.712891	586.297913
498.466797	606.233154
497.221680	592.041260
495.975586	607.952637
494.729492	599.784790
493.482422	591.620728
492.235352	567.420349
490.988281	581.317627
489.741211	639.297791
488.493164	609.092285
487.245117	638.994507
485.997070	682.901001
484.748047	636.689026
483.499023	648.547974
482.250000	602.365906
481.000977	650.240540
479.750977	648.085693
478.500977	681.927979
477.250000	719.752686
475.999023	681.603516
474.748047	661.457642
473.497070	731.226135
472.245117	723.062317
470.993164	742.859314
469.741211	746.675171
468.488281	792.404724
467.236328	782.238159
465.982422	768.086304
464.729492	867.630615
463.475586	877.393860
462.221680	948.953918
460.967773	946.734070
459.712891	1028.206299
458.458008	1205.263794
457.203125	1242.817627
455.947266	1409.782593
454.691406	1407.454468
453.435547	1440.952026
452.178711	1472.443481
450.921875	1287.084717
449.665039	1159.490723
448.408203	1131.375732
447.150391	1067.492188
445.892578	1009.601318
444.633789	878.221802
443.375000	846.227722
442.116211	818.220886
440.857422	796.183838
439.597656	756.292053
438.337891	766.032959
437.078125	789.657471
435.818359	771.615173
434.557617	729.784119
433.295898	799.000488
432.035156	782.950806
430.773438	852.120850
429.511719	842.009399
428.249023	766.539001
426.987305	778.235535
425.724609	736.472656
424.460938	752.129150
423.198242	736.117065
421.934570	720.112549
420.669922	698.182129
419.406250	672.307495
418.141602	701.798340
416.875977	709.534241
415.611328	723.194031
414.345703	709.190735
413.080078	691.244080
411.813477	691.076599
410.546875	698.805176
409.280273	672.979614
408.013672	696.493225
406.746094	625.310974
405.478516	652.768677
404.209961	688.099548
402.942383	687.932373
401.673828	668.058411
400.404297	707.299927
399.134766	732.734192
397.865234	679.386475
396.595703	704.814941
395.326172	730.230957
394.055664	714.310669
392.784180	668.888245
391.513672	765.100281
390.242188	757.048279
388.970703	778.488220
387.698242	744.886414
386.425781	758.458984
385.153320	736.664856
383.880859	801.295532
382.607422	791.282227
381.333984	802.866699
380.059570	785.007568
378.785156	833.866394
377.510742	766.969238
376.236328	839.341248
374.960938	784.238831
373.685547	827.169189
372.410156	821.087402
371.133789	846.354919
369.857422	793.263000
368.581055	787.193665
367.303711	798.746521
366.026367	814.208069
364.749023	765.089172
363.470703	802.070068
362.192383	844.900024
360.914063	864.245117
359.634766	821.026184
358.356445	883.362854
357.076172	834.298584
355.796875	851.673340
354.516602	921.767517
353.236328	933.254578
351.955078	893.985474
350.673828	843.026978
349.392578	891.592896
348.111328	889.421997
346.829102	908.702087
345.546875	900.679199
344.263672	902.405273
342.981445	865.159302
341.697266	919.491028
340.414063	925.105957
339.129883	880.093079
337.845703	940.220154
336.561523	938.040710
335.276367	924.188232
333.991211	945.355652
332.705078	945.120728
331.419922	917.666870
330.133789	936.875916
328.846680	958.018494
327.560547	1029.662109
326.272461	990.560181
324.985352	1003.905945
323.697266	1059.953613
322.409180	1133.440674
321.121094	1146.740234
319.832031	1158.093140
318.542969	1237.318237
317.253906	1302.931274
315.963867	1401.464111
314.673828	1511.574951
313.383789	1548.008057
312.092773	1630.909424
310.801758	1727.324219
309.510742	1908.873413
308.218750	2092.266846
306.926758	2192.362549
305.634766	2445.234863
304.341797	2674.771729
303.048828	2906.126221
301.755859	2949.856689
300.461914	2993.564941
299.167969	3180.225342
297.874023	3360.996582
296.579102	3375.599609
295.284180	3341.929199
293.989258	3373.899902
292.693359	3382.697998
291.397461	3233.298828
290.101563	3070.473389
288.804688	3040.775391
287.507813	2878.079590
286.210938	2754.010010
284.913086	2714.779297
283.615234	2681.346680
282.317383	2638.301514
281.018555	2483.611328
279.719727	2452.185791
278.420898	2449.640381
277.121094	2377.838379
275.821289	2336.845459
274.521484	2203.576660
273.220703	2260.687988
271.919922	2190.926758
270.619141	2123.122070
269.317383	2157.158447
268.015625	2139.326172
266.713867	2104.223389
265.411133	2094.090820
264.108398	2103.152100
262.804688	1974.080322
261.501953	2123.177734
260.198242	2195.500000
258.893555	2143.181396
257.588867	2207.794678
256.284180	2276.206787
254.979492	2218.159668
253.673828	2286.533203
252.368164	2266.802979
251.061523	2331.300293
249.755859	2382.368896
248.448242	2534.803223
247.141602	2463.388428
245.833984	2468.492920
244.526367	2563.438965
243.217773	2446.203857
241.909180	2470.413330
240.600586	2565.284180
239.291992	2524.522461
237.982422	2527.691406
236.671875	2528.949219
235.362305	2472.961670
234.051758	2413.187012
232.741211	2383.957520
231.429688	2358.555908
230.118164	2350.322510
228.806641	2307.790283
227.494141	2208.123779
226.181641	2163.744873
224.868164	2208.886475
223.555664	2139.781006
222.242188	2127.807617
220.927734	2085.396240
219.613281	2052.517822
218.298828	2095.725586
216.984375	1958.291626
215.668945	1974.890137
214.353516	1951.573975
213.037109	1907.372070
211.720703	1971.451660
210.404297	1921.570313
209.087891	1862.223145
207.770508	1907.285278
206.452148	1916.274780
205.134766	1970.782593
203.816406	1905.793823
202.497070	1924.254639
201.178711	1901.008179
199.859375	1919.459717
198.539063	1869.705322
197.218750	1935.500488
195.898438	1870.620361
194.578125	1964.772705
193.256836	1952.903809
191.935547	1965.634766
190.613281	1881.899414
189.291992	1860.606079
187.968750	2015.127197
186.646484	1986.249756
185.323242	1968.723267
183.999023	2039.982544
182.675781	1899.705811
181.351563	2059.675049
180.026367	2083.668213
178.702148	2111.422119
177.376953	2118.410645
176.050781	2157.455078
174.724609	2153.114502
173.398438	2256.214600
172.072266	2165.167236
170.745117	2153.291016
169.416992	2248.774170
168.089844	2246.295410
166.761719	2294.642578
165.433594	2286.506348
164.104492	2368.681152
162.775391	2336.077148
161.445313	2389.988037
160.116211	2505.906494
158.785156	2565.380859
157.455078	2559.061523
156.124023	2648.543213
154.792969	2645.959473
153.460938	2786.059082
152.128906	2952.359619
150.796875	3022.874756
149.463867	3142.124512
148.130859	3171.291260
146.797852	3329.809082
145.463867	3439.507080
144.129883	3470.442383
142.794922	3574.422363
141.460938	3564.099854
140.125000	3643.656250
138.790039	3745.631836
137.454102	3793.281738
136.117188	3756.715820
134.781250	3813.687256
133.444336	3822.010742
132.106445	3852.760986
130.768555	3726.509521
129.430664	3803.976074
128.092773	3756.253662
126.753906	3816.862549
125.414063	3763.560059
124.075195	3669.226074
122.735352	3692.489990
121.394531	3702.682861
120.053711	3673.708252
118.712891	3741.692871
117.372070	3606.483887
116.030273	3631.592041
114.688477	3712.569824
113.345703	3679.902588
112.002930	3691.935059
110.660156	3793.302002
109.316406	3773.662109
107.972656	3726.127686
106.627930	3674.898926
105.283203	3655.304443
103.938477	3291.850586
102.592773	3119.993652
101.247070	2872.062256
99.901367	2447.828857
98.554688	2179.791504
