#Wave		#Intensity
3199.989258	53.193554
3199.284180	49.647316
3198.579102	67.368057
3197.874023	56.722195
3197.168945	67.347145
3196.463867	60.248608
3195.757813	63.782719
3195.052734	31.886393
3194.346680	49.593323
3193.640625	49.585587
3192.934570	53.119118
3192.228516	56.651535
3191.522461	42.482002
3190.816406	49.554573
3190.109375	35.390575
3189.403320	49.539032
3188.696289	49.531250
3187.990234	45.986073
3187.283203	56.589340
3186.576172	53.044147
3185.869141	53.035786
3185.162109	31.816452
3184.455078	60.088249
3183.747070	42.408531
3183.040039	56.535763
3182.332031	42.395107
3181.624023	35.323654
3180.916016	45.913467
3180.208008	45.906178
3179.500000	52.960247
3178.791992	52.951824
3178.083984	49.413834
3177.375977	49.405960
3176.666992	45.869648
3175.958008	59.973808
3175.250000	52.909611
3174.541016	56.427895
3173.832031	38.787968
3173.123047	49.358597
3172.413086	56.400784
3171.704102	59.916218
3170.995117	38.763092
3170.285156	49.326912
3169.575195	28.182274
3168.865234	49.311039
3168.155273	35.216496
3167.445313	59.858383
3166.735352	52.807697
3166.025391	56.319111
3165.315430	35.193752
3164.604492	35.188057
3163.893555	49.255306
3163.183594	49.247322
3162.472656	28.136763
3161.761719	63.297436
3161.050781	56.255245
3160.338867	45.699955
3159.627930	45.692520
3158.916992	49.199314
3158.205078	35.136639
3157.493164	56.209454
3156.782227	45.662724
3156.070313	49.167206
3155.358398	49.159168
3154.645508	63.194302
3153.933594	38.612415
3153.221680	52.644661
3152.508789	49.126957
3151.795898	63.152863
3151.083984	70.158325
3150.371094	59.624767
3149.658203	59.614960
3148.945313	31.555664
3148.231445	52.584106
3147.518555	70.100578
3146.804688	56.071209
3146.091797	38.542587
3145.377930	49.046097
3144.664063	59.546124
3143.950195	59.536266
3143.236328	28.012424
3142.522461	63.017509
3141.808594	49.005486
3141.093750	52.497162
3140.379883	55.987667
3139.665039	52.479713
3138.950195	41.976784
3138.235352	55.959724
3137.520508	48.956600
3136.805664	76.918976
3136.089844	55.931736
3135.375000	55.922398
3134.659180	38.440224
3133.944336	41.927776
3133.228516	31.440571
3132.512695	55.884987
3131.796875	45.398941
3131.081055	52.374611
3130.364258	59.347931
3129.648438	73.299835
3128.932617	69.797638
3128.215820	48.850132
3127.499023	66.285446
3126.782227	59.298046
3126.065430	62.775585
3125.348633	76.712776
3124.631836	69.727119
3123.914063	62.743813
3123.197266	48.792500
3122.479492	73.176376
3121.761719	52.259995
3121.043945	66.184784
3120.326172	55.725113
3119.608398	80.091270
3118.890625	62.669491
3118.171875	48.734661
3117.454102	52.206841
3116.735352	55.677830
3116.016602	52.189087
3115.298828	80.009644
3114.579102	45.215141
3113.860352	66.072411
3113.141602	83.445648
3112.422852	73.002487
3111.703125	72.990021
3110.983398	76.452667
3110.264648	48.643383
3109.544922	62.530792
3108.825195	55.573410
3108.104492	41.672920
3107.384766	55.554367
3106.665039	62.487946
3105.944336	55.535309
3105.224609	65.936852
3104.503906	65.925522
3103.783203	52.037518
3103.062500	58.965710
3102.341797	58.955559
3101.620117	55.478027
3100.899414	62.402023
3100.177734	55.458900
3099.457031	79.708412
3098.735352	62.369724
3098.013672	55.430180
3097.291992	41.565449
3096.570313	76.190140
3095.847656	62.326599
3095.125977	69.239784
3094.403320	69.227783
3093.680664	79.598152
3092.958984	62.283398
3092.236328	51.893822
3091.513672	79.556709
3090.790039	69.167725
3090.067383	76.071266
3089.343750	69.143669
3088.621094	103.697449
3087.897461	72.575569
3087.173828	65.652168
3086.450195	58.731171
3085.726563	69.083435
3085.002930	48.349964
3084.278320	79.418213
3083.554688	58.690159
3082.830078	96.649239
3082.105469	58.669628
3081.381836	82.813210
3080.657227	65.548973
3079.931641	75.885513
3079.207031	51.731052
3078.482422	72.410767
3077.756836	75.845581
3077.031250	82.726105
3076.306641	65.479988
3075.581055	82.697021
3074.854492	55.121651
3074.128906	58.556446
3073.403320	65.433914
3072.676758	82.638802
3071.951172	72.296204
3071.224609	89.493797
3070.498047	68.829231
3069.771484	82.580498
3069.044922	65.364677
3068.318359	75.672043
3067.590820	68.780602
3066.864258	72.206848
3066.136719	72.194069
3065.409180	65.306877
3064.682617	61.858707
3063.954102	79.027664
3063.226563	58.401394
3062.499023	65.260559
3061.771484	58.380661
3061.042969	78.971565
3060.314453	65.225784
3059.585938	65.214188
3058.857422	61.770870
3058.128906	78.915398
3057.400391	58.318382
3056.671875	85.747047
3055.942383	58.297596
3055.212891	89.145126
3054.484375	71.988983
3053.754883	61.693829
3053.025391	68.536453
3052.295898	78.802841
3051.565430	89.065544
3050.835938	61.649731
3050.105469	78.760559
3049.375000	85.593979
3048.645508	75.309204
3047.915039	78.718239
3047.184570	71.860291
3046.453125	65.004791
3045.722656	54.731052
3044.991211	78.661758
3044.260742	75.228172
3043.529297	109.403130
3042.797852	61.528194
3042.066406	78.605217
3041.334961	95.676086
3040.602539	95.658859
3039.871094	68.315453
3039.138672	85.378922
3038.407227	81.948990
3037.674805	85.348129
3036.942383	71.679497
3036.209961	85.317329
3035.476563	102.362297
3034.744141	78.463585
3034.010742	95.503616
3033.278320	92.076118
3032.544922	81.830627
3031.811523	85.224808
3031.078125	109.068001
3030.344727	115.863754
3029.610352	85.178497
3028.876953	119.228271
3028.142578	81.741692
3027.408203	119.185005
3026.673828	105.544693
3025.939453	81.697182
3025.205078	71.472038
3024.470703	95.278732
3023.735352	78.250435
3023.000977	74.834625
3022.265625	108.830551
3021.530273	88.408722
3020.794922	118.990059
3020.059570	98.573792
3019.324219	105.352768
3018.587891	101.935699
3017.852539	129.094986
3017.116211	112.088341
3016.379883	115.463867
3015.643555	95.070511
3014.907227	122.211174
3014.170898	74.670952
3013.434570	122.166473
3012.697266	91.608086
3011.959961	118.729485
3011.223633	98.357841
3010.486328	111.903931
3009.749023	91.540977
3009.010742	111.862907
3008.273438	115.231544
3007.536133	111.821861
3006.797852	105.025490
3006.059570	128.717285
3005.321289	108.373581
3004.583008	128.669983
3003.844727	142.188034
3003.106445	101.544197
3002.367188	121.830612
3001.628906	145.493118
3000.889648	111.636940
3000.150391	135.292572
2999.411133	128.504257
2998.671875	135.242706
2997.932617	111.554649
2997.192383	114.913887
2996.453125	125.030266
2995.712891	128.385757
2994.972656	114.850243
2994.232422	151.979584
2993.492188	151.951492
2992.751953	178.931992
2992.010742	148.519836
2991.270508	158.616821
2990.529297	121.471245
2989.788086	151.810944
2989.046875	165.274612
2988.305664	161.871658
2987.564453	151.726547
2986.822266	178.667007
2986.081055	165.152054
2985.338867	161.751587
2984.596680	195.413544
2983.854492	168.428650
2983.112305	178.501205
2982.370117	171.733383
2981.627930	202.001709
2980.884766	185.133789
2980.141602	164.906693
2979.399414	191.794525
2978.656250	198.487183
2977.913086	195.086655
2977.168945	205.139114
2976.425781	201.738571
2975.681641	225.232727
2974.938477	205.024384
2974.194336	252.032120
2973.450195	255.344879
2972.706055	228.423813
2971.961914	285.476440
2971.216797	265.275574
2970.472656	251.796844
2969.727539	302.099701
2968.982422	231.566467
2968.237305	288.565063
2967.492188	295.220612
2966.747070	288.457031
2966.001953	335.352356
2965.255859	325.230835
2964.509766	305.056274
2963.764648	281.537628
2963.018555	361.909058
2962.272461	321.636597
2961.525391	311.526978
2960.779297	334.912354
2960.032227	331.500977
2959.286133	418.483215
2958.539063	358.154327
2957.791992	414.979340
2957.044922	368.057617
2956.297852	398.096527
2955.549805	391.332184
2954.802734	391.258545
2954.054688	414.589081
2953.306641	407.825348
2952.558594	417.775116
2951.810547	434.404266
2951.062500	467.731781
2950.314453	477.664520
2949.565430	440.837921
2948.816406	454.110931
2948.067383	494.086273
2947.319336	487.317413
2946.569336	450.516632
2945.820313	467.114166
2945.071289	477.033569
2944.321289	446.925995
2943.571289	450.176117
2942.822266	473.429016
2942.072266	460.005920
2941.321289	449.920624
2940.571289	416.514282
2939.821289	473.070618
2939.070313	479.642700
2938.320313	469.561157
2937.569336	452.824188
2936.818359	439.422485
2936.066406	432.682495
2935.315430	435.928101
2934.564453	382.612335
2933.812500	452.394775
2933.060547	415.725067
2932.309570	395.695068
2931.556641	405.593506
2930.804688	385.572968
2930.052734	365.560028
2929.299805	385.426331
2928.547852	391.997040
2927.794922	345.423157
2927.041992	381.885590
2926.289063	358.572113
2925.536133	355.184326
2924.783203	348.478973
2924.029297	381.594696
2923.275391	318.487885
2922.522461	331.694977
2921.768555	361.478546
2921.014648	298.411591
2920.259766	338.135254
2919.505859	298.297668
2918.750977	328.064789
2917.997070	331.315277
2917.242188	278.251648
2916.487305	351.059967
2915.732422	321.191559
2914.977539	337.683258
2914.221680	304.518799
2913.466797	317.697937
2912.710938	317.637115
2911.955078	304.343964
2911.199219	291.055878
2910.443359	281.079651
2909.687500	290.944366
2908.930664	320.638580
2908.174805	300.747589
2907.417969	360.167023
2906.661133	300.632233
2905.904297	303.877563
2905.147461	267.493042
2904.389648	277.346924
2903.632813	287.196991
2902.875000	297.043274
2902.117188	346.483917
2901.359375	372.811005
2900.601563	280.379150
2899.843750	306.708801
2899.085938	300.055176
2898.327148	309.887451
2897.568359	273.571381
2896.810547	352.608459
2896.051758	299.824219
2895.291992	296.472321
2894.533203	260.186676
2893.774414	296.358093
2893.014648	279.839783
2892.254883	319.285004
2891.496094	329.096313
2890.736328	266.516602
2889.975586	282.913635
2889.215820	309.171478
2888.455078	332.130768
2887.695313	272.886414
2886.934570	295.843781
2886.173828	292.500092
2885.413086	305.587097
2884.652344	308.813263
2883.890625	321.891998
2883.129883	325.113708
2882.368164	272.517334
2881.606445	279.029999
2880.844727	311.796692
2880.083008	311.736298
2879.321289	285.429535
2878.558594	288.654388
2877.796875	285.318939
2877.034180	318.052551
2876.271484	298.321350
2875.508789	268.764893
2874.746094	288.374664
2873.983398	317.805847
2873.219727	298.089905
2872.456055	288.206787
2871.693359	333.993011
2870.929688	294.642456
2870.165039	330.590088
2869.401367	297.800507
2868.637695	261.751740
2867.873047	278.057159
2867.109375	297.626801
2866.344727	291.028931
2865.580078	277.894897
2864.814453	310.527954
2864.049805	307.199432
2863.285156	284.267487
2862.519531	310.346588
2861.753906	284.156738
2860.988281	300.429047
2860.222656	277.516205
2859.457031	270.933563
2858.690430	280.671600
2857.924805	283.879822
2857.158203	267.512665
2856.391602	273.983887
2855.625000	283.713623
2854.858398	260.835144
2854.091797	280.342987
2853.324219	303.102386
2852.557617	273.716400
2851.790039	325.789154
2851.022461	289.895630
2850.254883	257.272766
2849.487305	283.270294
2848.718750	263.682800
2847.951172	302.687653
2847.182617	296.120270
2846.414063	315.582855
2845.645508	266.729126
2844.876953	279.685486
2844.108398	328.403473
2843.338867	305.582916
2842.570313	282.771301
2841.800781	263.218201
2841.031250	289.158325
2840.261719	292.349915
2839.491211	272.806366
2838.721680	295.482208
2837.951172	279.192078
2837.181641	262.908325
2836.411133	259.611542
2835.640625	233.604462
2834.870117	265.997223
2834.098633	262.701691
2833.328125	298.318573
2832.556641	259.356415
2831.785156	252.822754
2831.013672	259.254364
2830.242188	272.163483
2829.470703	242.955261
2828.699219	262.339996
2827.926758	249.335800
2827.154297	258.999146
2826.381836	262.184937
2825.609375	245.952179
2824.836914	229.725815
2824.064453	223.210617
2823.291016	287.852539
2822.518555	261.926453
2821.745117	197.214325
2820.971680	252.125900
2820.198242	226.222137
2819.423828	242.332993
2818.650391	226.132767
2817.875977	213.168747
2817.102539	206.668228
2816.328125	222.770126
2815.553711	225.953979
2814.778320	238.818375
2814.003906	232.317841
2813.228516	219.367859
2812.454102	229.000504
2811.678711	232.179871
2810.903320	245.030212
2810.127930	228.864441
2809.351563	212.705063
2808.576172	235.218063
2807.799805	244.835999
2807.023438	241.566544
2806.247070	238.298370
2805.470703	270.447174
2804.694336	222.108948
2803.916992	218.846527
2803.140625	238.109222
2802.363281	215.542542
2801.585938	244.447449
2800.808594	234.751541
2800.031250	247.565414
2799.252930	208.942245
2798.475586	189.617554
2797.697266	237.778091
2796.918945	244.155930
2796.140625	195.928253
2795.362305	244.058746
2794.583984	211.903549
2793.804688	218.281372
2793.026367	240.703552
2792.247070	205.359436
2791.467773	214.942795
2790.688477	218.107407
2789.908203	218.063904
2789.128906	243.669876
2788.348633	214.771362
2787.569336	221.138306
2786.789063	227.502686
2786.007813	224.253632
2785.227539	195.381989
2784.447266	227.366394
2783.666016	195.303925
2782.884766	236.878708
2782.104492	220.829224
2781.323242	220.785065
2780.541016	227.139191
2779.759766	211.101227
2778.977539	191.871796
2778.196289	227.002838
2777.414063	233.350540
2776.631836	214.128143
2775.849609	230.061752
2775.066406	214.042343
2774.284180	194.835312
2773.500977	274.630768
2772.717773	223.491837
2771.934570	248.983810
2771.151367	242.550934
2770.368164	223.357330
2769.583984	207.361603
2768.800781	229.646729
2768.016602	220.033905
2767.232422	261.437042
2766.448242	226.320724
2765.664063	184.844543
2764.878906	200.739044
2764.094727	238.927002
2763.309570	251.619141
2762.524414	194.249100
2761.739258	232.415253
2760.954102	219.635941
2760.167969	216.409210
2759.382813	194.092682
2758.596680	203.597198
2757.810547	203.556168
2757.024414	206.695053
2756.238281	203.474091
2755.452148	241.576736
2754.665039	225.638000
2753.877930	206.528305
2753.090820	244.607224
2752.303711	254.086060
2751.516602	215.929535
2750.729492	231.759872
2749.941406	250.757950
2749.154297	225.319183
2748.366211	241.137955
2747.578125	193.505798
2746.790039	225.182495
2746.000977	228.307877
2745.212891	215.580460
2744.423828	244.063736
2743.634766	228.169235
2742.845703	240.796509
2742.056641	231.244522
2741.267578	193.192551
2740.477539	246.983017
2739.688477	240.601318
2738.898438	234.222183
2738.108398	231.010132
2737.318359	224.635498
2736.528320	253.059021
2735.737305	265.658020
2734.946289	249.794296
2734.156250	211.807816
2733.365234	227.568100
2732.574219	240.161942
2731.782227	224.316193
2730.991211	243.223007
2730.199219	236.857315
2729.407227	224.179291
2728.616211	217.820038
2727.823242	224.088013
2727.031250	236.664474
2726.239258	223.996719
2725.446289	264.956207
2724.653320	230.212616
2723.860352	217.553848
2723.067383	226.966400
2722.274414	220.616760
2721.481445	261.535065
2720.687500	220.526703
2719.893555	223.631409
2719.099609	226.734818
2718.305664	201.500885
2717.511719	204.607498
2716.717773	201.418503
2715.922852	254.868164
2715.127930	232.794891
2714.333008	235.892487
2713.538086	216.976669
2712.743164	235.795914
2711.947266	226.317719
2711.152344	254.555283
2710.356445	238.793045
2709.560547	241.885468
2708.764648	191.584259
2707.968750	260.626770
2707.171875	244.876099
2706.375977	235.409470
2705.579102	182.012619
2704.782227	216.487793
2703.985352	247.811920
2703.188477	222.671280
2702.390625	253.981216
2701.593750	244.524231
2700.795898	244.473938
2699.998047	235.022736
2699.200195	238.107376
2698.402344	231.793671
2697.603516	238.009354
2696.804688	203.518707
2696.006836	244.172119
2695.208008	244.121811
2694.409180	231.554993
2693.609375	222.121811
2692.810547	240.842987
2692.010742	237.666107
2691.210938	206.351654
2690.411133	234.442093
2689.611328	243.769424
2688.811523	243.719070
2688.011719	259.288483
2687.210938	246.741638
2686.410156	284.162598
2685.609375	212.297363
2684.808594	199.767944
2684.007813	249.658249
2683.206055	230.886063
2682.404297	246.435425
2681.603516	252.621948
2680.801758	246.333313
2679.999023	202.637283
2679.197266	249.348022
2678.395508	255.528702
2677.592773	218.089005
2676.790039	242.963013
2675.987305	227.341248
2675.184570	249.089340
2674.380859	255.263535
2673.578125	227.199570
2672.774414	242.710709
2671.970703	267.548462
2671.166992	239.499374
2670.363281	233.230057
2669.559570	220.745163
2668.754883	292.193298
2667.950195	242.407761
2667.146484	248.571533
2666.340820	245.413223
2665.536133	242.256210
2664.731445	260.836884
2663.925781	242.155136
2663.120117	226.585068
2662.314453	285.499634
2661.508789	235.798264
2660.703125	257.462708
2659.897461	213.990540
2659.090820	244.952438
2658.284180	238.701172
2657.477539	257.247437
2656.670898	244.798721
2655.864258	263.335876
2655.090820	217.295380
2655.056641	250.891052
2654.285156	260.754456
2654.250000	284.902985
2653.479492	195.534317
2653.442383	263.170410
2652.673828	223.431747
2652.634766	253.828812
2651.868164	238.909256
2651.827148	290.913483
2651.062500	248.177277
2651.018555	222.780594
2650.256836	229.526840
2650.210938	238.201462
2649.450195	229.489670
2649.402344	269.080200
2648.644531	272.862396
2648.593750	244.285889
2647.837891	244.916275
2647.785156	210.227219
2647.031250	235.577408
2646.976563	247.274170
2646.224609	241.737503
2646.166992	253.402740
2645.417969	247.895569
2645.358398	250.259811
2644.610352	226.167877
2644.548828	237.851257
2643.803711	235.424057
2643.739258	225.447891
2642.997070	238.482834
2642.929688	256.277191
2642.189453	253.927261
2642.120117	253.136200
2641.381836	266.270447
2641.309570	293.205750
2640.574219	253.844238
2640.500000	277.715332
2639.766602	225.946274
2639.689453	228.295578
2638.958984	210.436020
2638.878906	259.091675
2638.150391	278.472565
2638.068359	280.623413
2637.342773	259.865082
2637.256836	258.982330
2636.534180	269.101746
2636.446289	298.999786
2635.725586	241.223953
2635.634766	277.363892
2634.916992	262.828979
2634.823242	268.061768
2634.108398	256.602478
2634.011719	271.085632
2633.299805	262.742340
2633.200195	277.188049
2632.491211	244.155533
2632.388672	230.941177
2631.681641	265.745667
2631.576172	295.542145
2630.873047	290.418182
2630.763672	267.778381
2630.063477	296.548218
2629.952148	267.721680
2629.253906	234.728455
2629.138672	249.205307
2628.444336	277.921844
2628.326172	286.063995
2627.634766	265.525696
2627.513672	282.928040
2626.825195	250.046631
2626.700195	282.868042
2626.014648	274.696930
2625.886719	301.252014
2625.205078	268.479309
2625.073242	236.647781
2624.394531	237.580078
2624.259766	294.978760
2623.583984	280.729675
2623.446289	248.835464
2622.773438	246.754181
2622.631836	261.068146
2621.962891	243.629089
2621.818359	233.376022
2621.152344	280.589172
2621.003906	273.237488
2620.341797	265.127869
2620.189453	297.734802
2619.530273	255.836411
2619.375000	242.433456
2618.718750	255.793579
2618.559570	273.063080
2617.908203	274.238739
2617.745117	276.072418
2617.096680	249.546204
2616.929688	272.946777
2616.284180	311.110321
2616.114258	285.153259
2615.472656	277.180450
2615.298828	272.830414
2614.661133	246.341217
2614.483398	297.291077
2613.848633	267.851013
2613.666992	257.393005
2613.037109	261.649445
2612.851563	275.719360
2612.224609	276.993896
2612.035156	275.660492
2611.412109	301.564728
2611.218750	278.663849
2610.599609	258.440430
2610.402344	269.419525
2609.787109	252.244461
2609.584961	269.361938
2608.973633	276.806885
2608.768555	269.304321
2608.161133	301.360962
2607.951172	269.246704
2607.347656	261.340240
2607.133789	272.248047
2606.535156	261.295959
2606.316406	269.131409
2605.721680	264.325195
2605.499023	281.304382
2604.908203	304.229706
2604.680664	290.415100
2604.093750	291.888031
2603.863281	278.127472
2603.280273	264.190552
2603.044922	265.845062
2602.466797	279.502930
2602.226563	250.512833
2601.652344	267.171600
2601.408203	299.329132
2600.837891	313.182312
2600.589844	283.996246
2600.023438	300.849365
2599.770508	286.988281
2599.208984	260.896240
2598.951172	283.874207
2598.394531	254.714020
2598.132813	277.709656
2597.580078	273.080414
2597.313477	259.343353
2596.764648	291.440491
2596.493164	271.489288
2595.950195	236.179764
2595.673828	265.331299
2595.134766	282.140472
2594.853516	268.323273
2594.319336	291.290802
2594.034180	253.023117
2593.503906	251.386826
2593.213867	289.542358
2592.688477	269.734680
2592.392578	292.527069
2591.872070	288.076202
2591.572266	298.556976
2591.056641	312.539581
2590.751953	277.171631
2590.240234	309.422241
2589.930664	313.654022
2589.423828	254.233917
2589.109375	289.230042
2588.608398	248.065063
2588.288086	301.343048
2587.791992	272.518341
2587.466797	270.845795
2586.974609	278.594269
2586.644531	273.829773
2586.158203	257.119568
2585.823242	258.561035
2585.340820	290.739746
2585.000977	319.329803
2584.524414	226.431808
2584.178711	279.733154
2583.707031	302.876648
2583.356445	267.512878
2582.889648	269.177063
2582.534180	279.611938
2582.072266	299.713440
2581.710938	261.319702
2581.254883	266.026031
2580.888672	215.693893
2580.437500	299.609497
2580.065430	270.318176
2579.619141	293.444092
2579.242188	276.332733
2578.800781	256.718964
2578.417969	303.596375
2577.983398	256.674347
2577.594727	264.071472
2577.165039	308.566650
2576.770508	306.499084
2576.346680	296.294617
2575.947266	279.126556
2575.527344	302.351105
2575.123047	288.165802
2574.708984	277.870239
2574.298828	288.103088
2573.889648	280.874756
2573.473633	260.752319
2573.071289	274.720825
2572.649414	297.071625
2572.251953	323.503571
2571.824219	312.160278
2571.432617	238.008179
2570.999023	266.641876
2570.613281	277.627655
2570.173828	278.701141
2569.793945	292.830658
2569.348633	281.669037
2568.973633	298.878937
2568.522461	314.915955
2568.154297	298.826569
2567.697266	272.463867
2567.333984	298.774170
2566.871094	293.591339
2566.513672	265.191742
2566.044922	281.422913
2565.693359	286.478699
2565.218750	287.412140
2564.873047	271.192810
2564.392578	293.398712
2564.052734	246.772522
2563.565430	260.069733
2563.231445	338.110260
2562.738281	293.270203
2562.411133	316.732208
2561.911133	302.274170
2561.589844	298.406616
2561.083984	296.163727
2560.768555	289.220734
2560.256836	320.270111
2559.947266	292.213593
2559.428711	299.054535
2559.125977	313.465515
2558.601563	311.069244
2558.304688	307.324524
2557.773438	274.767792
2557.482422	304.227905
2556.945313	271.688660
2556.660156	282.881927
2556.117188	310.864197
2555.838867	301.079102
2555.288086	307.778381
2555.016602	270.619141
2554.459961	295.643585
2554.194336	322.253326
2553.630859	304.626801
2553.371094	291.800323
2552.801758	310.590576
2552.548828	294.787598
2551.972656	283.389130
2551.726563	297.773773
2551.142578	307.439545
2550.903320	297.720886
2550.313477	289.291046
2550.080078	309.817688
2549.483398	286.214417
2549.256836	315.836365
2548.653320	301.211823
2548.433594	288.453033
2547.823242	307.168182
2547.610352	294.473297
2546.993164	301.078705
2546.786133	315.667694
2546.163086	313.052643
2545.962891	282.229462
2545.332031	285.898285
2545.138672	267.008179
2544.500977	300.878937
2544.314453	266.960541
2543.669922	276.747345
2543.490234	303.310059
2542.838867	282.700928
2542.666016	282.027954
2542.006836	285.645050
2541.841797	294.105591
2541.175781	276.563354
2541.016602	330.430664
2540.343750	285.518341
2540.192383	357.649872
2539.511719	303.483704
2539.367188	309.099609
2538.679688	318.436920
2538.541992	306.014374
2537.847656	303.348877
2537.716797	248.402756
2537.014648	315.292603
2536.891602	357.393494
2536.181641	288.203400
2536.065430	320.990753
2535.348633	324.156677
2535.240234	336.071442
2534.515625	315.082153
2534.414063	311.794006
2533.682617	291.011047
2533.587891	335.950592
2532.848633	302.943970
2532.761719	308.655792
2532.015625	287.882538
2531.935547	326.753174
2531.181641	320.797485
2531.109375	326.694305
2530.347656	326.720764
2530.282227	335.708618
2529.513672	326.647797
2529.456055	281.218658
2528.678711	338.559235
2528.628906	338.610809
2527.843750	323.506378
2527.801758	320.413086
2527.009766	356.376404
2526.974609	350.577393
2526.174805	326.355743
2526.147461	320.297272
2525.338867	308.322174
2525.319336	311.175964
2524.503906	284.311127
2524.492188	305.078491
2523.667969	311.176086
2523.664063	338.243622
2522.835938	320.065430
2522.833008	302.132111
2522.007813	301.893799
2521.997070	290.101379
2521.179688	316.930969
2521.160156	290.036255
2520.351563	322.909149
2520.324219	307.907471
2519.522461	310.781342
2519.488281	313.815735
2518.694336	322.791870
2518.651367	316.733215
2517.865234	325.749420
2517.814453	361.472626
2517.036133	334.737122
2516.977539	304.643890
2516.207031	331.661102
2516.139648	313.533386
2515.377930	340.644379
2515.302734	316.448120
2514.548828	313.456299
2514.464844	316.376770
2513.718750	322.439545
2513.626953	325.257477
2512.888672	295.264618
2512.789063	307.284027
2512.058594	328.346649
2511.951172	316.162659
2511.229492	307.204071
2511.112305	322.055206
2510.398438	322.204254
2510.274414	319.001099
2509.568359	304.081146
2509.435547	298.064453
2508.738281	298.005249
2508.596680	369.516296
2507.907227	343.094788
2507.757813	306.867432
2507.076172	349.050110
2506.917969	339.562775
2506.245117	312.884155
2506.078125	309.706360
2505.414063	291.771210
2505.239258	336.431549
2504.583008	351.865692
2504.399414	270.870148
2503.751953	339.773773
2503.558594	303.543762
2502.919922	345.724030
2502.718750	333.227264
2502.087891	294.562927
2501.877930	327.202393
2501.255859	288.498444
2501.037109	321.180237
2500.423828	339.524292
2500.196289	306.241089
2499.591797	318.433258
2499.355469	309.143921
2498.759766	324.381775
2498.514648	326.904663
2497.926758	318.316101
2497.672852	323.858978
2497.094727	354.286652
2496.831055	305.962128
2496.261719	303.189484
2495.989258	320.741455
2495.428711	309.136261
2495.147461	344.421448
2494.595703	360.092316
2494.305664	332.468903
2493.762695	345.024811
2493.462891	365.038666
2492.928711	311.964844
2492.620117	335.284027
2492.095703	335.900116
2491.777344	329.274445
2491.261719	350.830811
2490.934570	361.822418
2490.427734	374.749969
2490.091797	329.123688
2489.593750	344.706207
2489.248047	343.870270
2488.759766	329.657990
2488.404297	334.900238
2487.924805	347.574982
2487.560547	296.303894
2487.090820	326.540131
2486.716797	322.897125
2486.255859	344.450989
2485.873047	334.669678
2485.420898	389.307190
2485.028320	328.670746
2484.585938	314.382111
2484.184570	313.793579
2483.750977	311.330231
2483.339844	381.792999
2482.916016	356.167480
2482.494141	358.033478
2482.080078	317.199493
2481.649414	298.785553
2481.245117	323.124359
2480.803711	322.377411
2480.409180	338.020966
2479.958984	351.872162
2479.573242	373.847443
2479.113281	328.141144
2478.737305	397.699677
2478.267578	387.176239
2477.900391	346.801300
2477.420898	330.944427
2477.064453	358.693176
2476.575195	327.913757
2476.227539	337.706451
2475.728516	363.279846
2475.391602	352.583496
2474.881836	321.856415
2474.554688	340.567993
2474.035156	369.015930
2473.717773	340.504425
2473.187500	354.173187
2472.879883	358.358826
2472.340820	339.337280
2472.042969	322.462708
2471.493164	312.707886
2471.205078	334.343292
2470.645508	350.977356
2470.368164	355.173340
2469.797852	350.895844
2469.530273	334.218292
2468.949219	353.762299
2468.692383	349.073425
2468.101563	389.048035
2467.854492	369.888916
2467.252930	327.077911
2467.015625	372.802094
2466.404297	350.569458
2466.177734	396.587097
2465.555664	321.035004
2465.338867	357.755890
2464.707031	297.403473
2464.500000	318.939209
2463.857422	329.717010
2463.661133	372.522644
2463.007813	332.583282
2462.822266	354.574982
2462.158203	338.390656
2461.983398	381.319977
2461.308594	338.311584
2461.143555	366.355865
2460.458984	349.997070
2460.304688	318.639923
2459.608398	311.689148
2459.464844	354.308624
2458.757813	346.893494
2458.625000	330.427399
2457.907227	390.898529
2457.785156	312.507660
2457.056641	352.607727
2456.944336	321.375946
2456.205078	334.898773
2456.104492	336.191162
2455.354492	352.442261
2455.263672	333.153229
2454.502930	320.059875
2454.422852	339.038483
2453.651367	343.469788
2453.582031	362.762268
2452.799805	328.714264
2452.741211	356.748047
2451.947266	334.505432
2451.900391	365.597748
2451.095703	366.695923
2451.059570	350.669830
2450.243164	316.750641
2450.217773	368.430908
2449.390625	348.929993
2449.375977	347.566711
2448.537109	345.916199
2448.534180	371.261780
2447.692383	356.343903
2447.684570	354.626953
2446.850586	388.935181
2446.831055	336.962524
2446.008789	347.303864
2445.977539	377.894714
2445.166016	353.173798
2445.124023	363.161743
2444.323242	344.205048
2444.270508	304.515198
2443.480469	358.973450
2443.416016	354.207794
2442.637695	388.567017
2442.562500	365.830444
2441.794922	370.699738
2441.708008	348.188019
2440.952148	370.629425
2440.853516	321.778107
2440.108398	370.559082
2439.998047	345.098206
2439.264648	331.957916
2439.143555	330.396881
2438.421875	346.711609
2438.288086	327.395172
2437.577148	343.682953
2437.432617	336.084717
2436.733398	334.730957
2436.577148	336.004730
2435.889648	361.322235
2435.720703	335.924683
2435.044922	346.448029
2434.865234	341.685394
2434.201172	310.855713
2434.008789	341.603912
2433.356445	369.995880
2433.152344	347.360352
2432.511719	366.966034
2432.295898	318.094421
2431.666992	340.266541
2431.438477	323.853607
2430.821289	346.118256
2430.582031	350.028290
2429.976563	343.094543
2429.724609	326.614899
2429.130859	337.114807
2428.867188	323.621185
2428.285156	337.050476
2428.008789	338.117676
2427.439453	357.678284
2427.151367	332.208374
2426.593750	348.743622
2426.292969	317.561615
2425.747070	345.722107
2425.434570	300.009125
2424.901367	351.564697
2424.576172	361.089264
2424.054688	307.191071
2423.717773	346.445892
2423.208008	363.243042
2422.858398	358.004974
2422.361328	336.599854
2422.000000	357.918793
2421.514648	351.295776
2421.140625	337.468109
2420.667969	348.277008
2420.281250	354.837799
2419.820313	333.455627
2419.420898	363.475616
2418.973633	321.590271
2418.561523	357.573669
2418.125977	377.574890
2417.701172	316.797668
2417.278320	350.959351
2416.840820	345.778076
2416.430664	330.251312
2415.979492	316.644470
2415.582031	339.032288
2415.119141	302.046356
2414.734375	389.075378
2414.257813	345.527008
2413.885742	359.530945
2413.396484	307.705750
2413.037109	347.676239
2412.188477	347.609436
2411.339844	388.776459
2410.491211	344.531067
2409.641602	368.017944
2408.791992	288.470520
2407.942383	332.560150
2407.092773	364.862976
2406.243164	367.734589
2405.393555	361.781097
2404.542969	344.066895
2403.693359	367.521942
2402.842773	326.296539
2401.992188	332.111633
2401.141602	367.309204
2400.290039	340.797119
2399.439453	375.979340
2398.587891	352.412506
2397.736328	364.089203
2396.884766	334.662445
2396.033203	381.558777
2395.180664	381.484955
2394.329102	366.741425
2393.476563	340.270142
2392.624023	366.599396
2391.771484	366.528351
2390.918945	375.252289
2390.066406	340.006439
2389.212891	351.662567
2388.359375	342.804474
2387.505859	333.949768
2386.652344	351.457825
2385.798828	377.743774
2384.945313	351.321289
2384.090820	365.888550
2383.236328	398.009338
2382.381836	386.228058
2381.527344	365.675110
2380.672852	333.430786
2379.818359	365.532776
2378.962891	380.080048
2378.107422	356.621033
2377.251953	394.544739
2376.396484	382.779877
2375.541016	341.805450
2374.684570	347.580475
2373.829102	362.114014
2372.972656	359.123627
2372.116211	394.083130
2371.259766	396.924713
2370.403320	312.225342
2369.545898	373.430237
2368.688477	358.772980
2367.832031	396.614471
2366.974609	387.789764
2366.116211	358.562469
2365.258789	355.577698
2364.401367	364.250092
2363.542969	390.399628
2362.684570	384.497406
2361.826172	346.562317
2360.967773	384.346710
2360.108398	363.893311
2359.250000	384.195953
2358.390625	381.210571
2357.531250	343.313110
2356.671875	407.240662
2355.812500	348.994873
2354.953125	363.464905
2354.092773	392.464966
2353.232422	372.041779
2352.372070	371.968628
2351.511719	392.233490
2350.651367	395.061188
2349.790039	406.600586
2348.929688	403.616821
2348.068359	354.183868
2347.207031	394.750122
2346.345703	374.358337
2345.484375	382.988831
2344.622070	406.120178
2343.759766	388.638367
2342.897461	382.762268
2342.035156	388.485046
2341.172852	397.104065
2340.310547	373.841675
2339.447266	420.126648
2338.584961	425.837341
2337.721680	425.753174
2336.858398	370.650574
2335.994141	361.891876
2335.130859	396.555054
2334.266602	382.006653
2333.403320	410.865204
2332.539063	390.533966
2331.674805	373.102997
2330.809570	373.029114
2329.945313	396.084198
2329.080078	352.647400
2328.214844	358.357452
2327.349609	410.295715
2326.484375	398.658997
2325.619141	384.138580
2324.752930	372.511597
2323.887695	418.631470
2323.021484	432.981049
2322.155273	415.579224
2321.289063	424.152832
2320.421875	403.874786
2319.555664	398.026031
2318.688477	421.016235
2317.821289	406.516998
2316.954102	412.201172
2316.085938	409.237183
2315.218750	397.630219
2314.350586	417.716644
2313.483398	426.274139
2312.615234	434.828186
2311.746094	397.313446
2310.877930	443.290375
2310.008789	402.910889
2309.140625	437.358856
2308.271484	405.626953
2307.402344	468.822693
2306.533203	399.713776
2305.663086	376.633453
2304.793945	439.796997
2303.923828	442.583069
2303.053711	390.774475
2302.183594	407.932953
2301.312500	399.234802
2300.442383	393.411713
2299.571289	376.106750
2298.700195	427.699951
2297.829102	430.484222
2296.958008	464.829895
2296.086914	401.624390
2295.214844	458.907379
2294.343750	461.683014
2293.471680	427.186218
2292.599609	424.234131
2291.726563	392.624481
2290.854492	469.908722
2289.981445	432.573059
2289.108398	452.535278
2288.235352	423.808716
2287.362305	449.490601
2286.489258	452.262726
2285.615234	449.310028
2284.742188	443.497192
2283.868164	403.358307
2282.994141	463.339752
2282.119141	460.387024
2281.245117	377.384247
2280.370117	448.768219
2279.496094	428.673157
2278.621094	414.300629
2277.746094	402.790497
2276.870117	434.126404
2275.995117	414.050323
2275.119141	485.340485
2274.243164	436.718384
2273.367188	456.606873
2272.491211	473.634094
2271.614258	439.306824
2270.738281	424.957855
2269.861328	424.872070
2268.984375	450.444550
2268.107422	430.401184
2267.230469	433.164032
2266.352539	407.433807
2265.474609	407.351471
2264.597656	415.813232
2263.719727	404.339325
2262.840820	458.348328
2261.962891	424.099915
2261.083984	418.322632
2260.206055	423.928284
2259.327148	443.754517
2258.447266	446.508636
2257.568359	452.105042
2256.689453	434.956329
2255.809570	446.237305
2254.929688	440.463440
2254.049805	429.009644
2253.169922	437.444275
2252.289063	454.395355
2251.409180	491.215271
2250.528320	442.855652
2249.647461	431.412781
2248.766602	434.162842
2247.885742	417.052094
2247.003906	442.495972
2246.122070	473.601349
2245.240234	464.998993
2244.358398	447.895752
2243.476563	439.302032
2242.594727	427.878143
2241.711914	464.620789
2240.829102	458.861267
2239.946289	487.086853
2239.063477	475.662354
2238.180664	450.088745
2237.296875	438.676361
2236.413086	447.075745
2235.530273	415.865448
2234.645508	452.550354
2233.761719	469.425262
2232.877930	441.056641
2231.993164	432.486511
2231.108398	423.919830
2230.223633	421.007751
2229.338867	491.546234
2228.454102	451.904205
2227.568359	440.516602
2226.682617	454.542816
2225.796875	488.321930
2224.911133	460.001160
2224.025391	442.977997
2223.138672	459.813019
2222.252930	442.796753
2221.366211	439.886353
2220.479492	431.338684
2219.592773	428.431732
2218.705078	445.252289
2217.818359	470.518372
2216.930664	453.520569
2216.042969	444.978638
2215.155273	422.361450
2214.266602	495.469147
2213.378906	458.777893
2212.490234	461.497772
2211.601563	464.216492
2210.712891	455.682617
2209.824219	472.462738
2208.934570	410.508270
2208.044922	472.268646
2207.156250	460.929443
2206.266602	429.925049
2205.375977	488.833862
2204.486328	435.365906
2203.595703	485.824585
2202.706055	449.225067
2201.815430	480.010498
2200.923828	471.492188
2200.033203	451.753662
2199.141602	479.714081
2198.250977	471.200958
2197.359375	471.103851
2196.467773	459.792297
2195.575195	476.515717
2194.683594	526.861694
2193.791016	509.941742
2192.898438	473.419617
2192.005859	498.528412
2191.113281	495.625366
2190.220703	498.322601
2189.327148	495.420715
2188.433594	470.132690
2187.540039	470.035553
2186.646484	427.979614
2185.752930	478.231293
2184.858398	452.967529
2183.963867	455.669342
2183.069336	466.754852
2182.174805	452.686462
2181.280273	469.355438
2180.384766	474.844666
2179.490234	457.990570
2178.594727	527.696899
2177.699219	466.175232
2176.803711	463.287720
2175.907227	463.191681
2175.010742	502.151886
2174.115234	474.156189
2173.218750	479.634979
2172.321289	510.203400
2171.424805	498.947815
2170.527344	476.549530
2169.630859	487.595581
2168.733398	470.780212
2167.834961	487.393005
2166.937500	509.567902
2166.039063	456.566986
2165.141602	456.472046
2164.243164	525.946777
2163.344727	520.272949
2162.445313	461.750458
2161.546875	447.749084
2160.647461	481.021515
2159.748047	514.280029
2158.848633	503.055634
2157.949219	480.720947
2157.048828	494.511505
2156.149414	502.741119
2155.249023	460.981354
2154.348633	466.438019
2153.448242	438.582306
2152.546875	502.321716
2151.645508	510.540894
2150.745117	488.241486
2149.843750	535.289307
2148.941406	454.762207
2148.040039	496.252594
2147.137695	476.746399
2146.236328	496.045105
2145.333984	515.335693
2144.430664	468.137177
2143.528320	517.889526
2142.625977	473.479004
2141.722656	492.757996
2140.819336	489.887085
2139.916016	506.387329
2139.011719	536.713379
2138.108398	489.579193
2137.204102	467.353302
2136.299805	552.964844
2135.395508	475.450012
2134.491211	480.877563
2133.585938	486.302826
2132.681641	505.538239
2131.776367	519.241699
2130.871094	521.893982
2129.964844	485.894409
2129.059570	499.593201
2128.153320	507.766968
2127.247070	529.732361
2126.340820	537.896301
2125.434570	548.814575
2124.528320	515.611694
2123.621094	548.583557
2122.713867	534.687439
2121.806641	551.108032
2120.899414	575.786560
2119.991211	528.840759
2119.083984	512.206482
2118.175781	536.877441
2117.267578	536.764221
2116.359375	558.667419
2115.450195	544.792114
2114.541992	536.424438
2113.632813	539.061462
2112.723633	530.698425
2111.814453	486.599884
2110.904297	541.468445
2109.995117	491.890167
2109.084961	543.986938
2108.174805	543.871887
2107.264648	554.741760
2106.353516	538.150391
2105.443359	573.722534
2104.532227	518.710999
2103.621094	510.369354
2102.709961	559.641357
2101.797852	545.808960
2100.886719	526.497986
2099.974609	501.711975
2099.062500	515.310608
2098.150391	548.086487
2097.238281	613.726563
2096.325195	517.721802
2095.412109	498.441071
2094.499023	501.073303
2093.585938	487.279205
2092.672852	517.281982
2091.758789	533.590149
2090.845703	558.098694
2089.931641	544.303955
2089.017578	538.718872
2088.102539	549.540344
2087.188477	524.822266
2086.273438	516.511902
2085.358398	502.740417
2084.443359	570.925842
2083.527344	529.837341
2082.612305	567.951843
2081.696289	513.231567
2080.780273	551.333313
2079.864258	515.741333
2078.948242	515.631226
2078.031250	567.345947
2077.114258	553.589539
2076.197266	567.103577
2075.280273	561.530579
2074.363281	596.839294
2073.445313	569.464539
2072.528320	561.170288
2071.610352	528.367676
2070.692383	550.038208
2069.773438	539.030945
2068.855469	552.524414
2067.936523	593.224182
2067.017578	535.963806
2066.098633	579.369629
2065.178711	554.770203
2064.259766	560.088928
2063.339844	559.968689
2062.419922	592.460999
2061.500000	537.991211
2060.580078	581.340332
2059.659180	540.476013
2058.738281	567.513611
2057.817383	561.961975
2056.896484	597.125793
2055.975586	559.006531
2055.053711	553.460144
2054.131836	558.765930
2053.209961	569.493042
2052.288086	542.257446
2051.366211	528.587097
2050.443359	593.515991
2049.520508	577.130737
2048.597656	598.677856
2047.674805	598.548645
2046.751953	584.880554
2045.828125	592.875854
2044.904297	565.681641
2043.980469	543.911194
2043.056641	600.607910
2042.131836	600.478027
2041.208008	584.122498
2040.283203	605.625610
2039.358398	575.760437
2038.433594	567.528198
2037.507813	545.789856
2036.582031	588.893127
2035.657227	548.254089
2034.730469	610.239258
2033.804688	588.510193
2032.878906	585.683472
2031.952148	580.159546
2031.101563	564.361267
2031.025391	620.501038
2030.175781	610.266235
2030.098633	561.026917
2029.250000	585.864563
2029.171875	571.691650
2028.324219	553.372925
2028.244141	595.832092
2027.397461	539.784668
2027.316406	609.179993
2026.470703	563.979431
2026.388672	571.318909
2025.544922	539.601685
2025.460938	581.971863
2024.618164	566.485596
2024.533203	616.863647
2023.690430	574.480652
2023.604492	635.581360
2022.763672	582.472900
2022.676758	595.054626
2021.836914	593.158447
2021.748047	646.072388
2020.909180	568.795959
2020.818359	675.536804
2019.981445	541.746460
2019.889648	589.284119
2019.053711	598.244751
2018.959961	610.677246
2018.125977	552.338867
2018.031250	610.544006
2017.198242	600.734192
2017.101563	639.990173
2016.269531	616.791870
2016.170898	607.589050
2015.341797	527.818848
2015.241211	647.774292
2014.413086	578.885681
2014.310547	655.694580
2013.484375	616.474792
2013.379883	612.564331
2012.555664	584.070190
2012.449219	620.488708
2011.625977	557.058777
2011.518555	641.837097
2010.697266	578.488098
2010.587891	620.217285
2009.767578	616.051025
2009.656250	665.715210
2008.838867	613.255188
2008.724609	619.945740
2007.909180	626.595703
2007.792969	587.612061
2006.979492	615.732422
2006.861328	595.531067
2006.048828	548.417969
2005.928711	619.538391
2005.119141	620.895386
2004.996094	673.030457
2004.188477	601.976196
2004.064453	640.713135
2003.258789	569.628845
2003.130859	592.328613
2002.328125	561.470703
2002.198242	653.830139
2001.397461	566.745361
2001.264648	637.612305
2000.465820	601.558838
2000.332031	624.079956
1999.535156	601.454346
1999.398438	626.620667
1998.603516	644.303345
1998.464844	639.869324
1997.672852	560.983154
1997.530273	570.134705
1996.741211	644.079041
1996.595703	647.616211
1995.808594	609.085205
1995.662109	607.341003
1994.876953	590.199890
1994.727539	609.882202
1993.945313	582.050110
1993.791992	604.399231
1993.012695	581.948425
1992.857422	614.961060
1992.080078	589.890625
1991.921875	638.883911
1991.148438	565.659729
1990.986328	625.380249
1990.214844	597.725220
1990.050781	611.882446
1989.282227	578.861084
1989.115234	633.118469
1988.349609	605.553955
1988.178711	616.953979
1987.416016	573.299988
1987.243164	630.168762
1986.482422	704.445801
1986.306641	565.958740
1985.549805	575.776489
1985.370117	624.552307
1984.615234	642.614136
1984.432617	624.414185
1983.681641	605.021790
1983.496094	616.272583
1982.748047	602.238525
1982.558594	605.467224
1981.813477	650.302856
1981.621094	623.999878
1980.878906	620.755676
1980.683594	653.188538
1979.944336	631.346863
1979.745117	631.719971
1979.009766	591.114319
1978.807617	626.250183
1978.075195	639.146301
1977.869141	660.747314
1977.140625	612.295349
1976.930664	692.565369
1976.205078	673.672852
1975.991211	628.496765
1975.269531	657.516418
1975.052734	654.982605
1974.333984	601.280273
1974.113281	654.837158
1973.398438	590.485962
1973.173828	644.046326
1972.462891	662.508972
1972.234375	617.295654
1971.526367	630.339966
1971.294922	633.119446
1970.590820	630.227783
1970.354492	664.893494
1969.654297	600.745728
1969.415039	683.358459
1968.717773	635.342224
1968.474609	627.380188
1967.781250	592.524414
1967.533203	672.423096
1966.843750	619.104187
1966.592773	658.987244
1965.907227	629.665894
1965.651367	632.274292
1964.969727	640.223694
1964.709961	669.317627
1964.032227	645.443420
1963.768555	642.614075
1963.094727	658.661072
1962.827148	655.744934
1962.157227	655.876892
1961.885742	671.524048
1961.219727	671.753418
1960.943359	647.491211
1960.281250	626.324341
1960.000977	668.571045
1959.343750	663.518127
1959.058594	708.208679
1958.405273	604.785339
1958.115234	678.879700
1957.466797	647.296997
1957.172852	721.148376
1956.528320	660.497009
1956.229492	628.212952
1955.588867	684.343384
1955.286133	670.473816
1954.650391	625.648682
1954.342773	643.828674
1953.710938	668.125549
1953.398438	667.524597
1952.771484	657.359497
1952.455078	667.375000
1951.832031	673.206177
1951.510742	688.407166
1950.892578	646.480408
1950.566406	722.665344
1949.952148	670.302917
1949.622070	656.339905
1949.012695	659.543823
1948.676758	661.484436
1948.072266	643.470581
1947.731445	711.597351
1947.131836	651.329468
1946.786133	716.726990
1946.191406	659.185425
1945.840820	761.516479
1945.250000	690.956116
1944.895508	692.612671
1944.309570	664.260254
1943.949219	724.172424
1943.368164	680.078918
1943.002930	689.658630
1942.426758	637.458069
1942.056641	726.488220
1941.485352	658.586853
1941.110352	641.806763
1940.543945	682.362915
1940.164063	644.302734
1939.602539	695.511719
1939.216797	683.757263
1938.660156	690.076660
1938.269531	765.424255
1937.718750	668.721558
1937.322266	691.365173
1936.776367	650.027283
1936.374023	714.952942
1935.833984	671.130066
1935.426758	714.791443
1934.891602	721.399292
1934.478516	711.992920
1933.948242	694.750183
1933.530273	775.105896
1933.005859	652.203308
1932.582031	751.208252
1932.062500	699.797302
1931.632813	703.604309
1931.119141	710.270142
1930.684570	679.733398
1930.175781	670.393250
1929.735352	755.966309
1929.231445	707.360291
1928.786133	713.660095
1928.288086	680.742432
1927.835938	687.169983
1927.343750	699.155579
1926.886719	676.485168
1926.399414	709.618408
1925.936523	731.596191
1925.455078	709.487854
1924.986328	678.809265
1924.510742	688.182434
1924.036133	781.242493
1923.566406	685.409302
1923.084961	733.727722
1922.621094	690.574768
1922.134766	717.785461
1921.676758	682.511230
1921.183594	693.964417
1920.731445	759.087524
1920.232422	733.227356
1919.786133	713.992310
1919.280273	683.138794
1918.839844	703.284668
1918.329102	719.759216
1917.894531	729.589050
1917.376953	719.595276
1916.948242	658.094482
1916.424805	716.805603
1916.002930	692.324646
1915.472656	724.517334
1915.056641	668.418701
1914.519531	687.609558
1914.109375	681.502197
1913.567383	648.094666
1913.163086	662.888916
1912.614258	708.281799
1912.216797	699.732971
1911.661133	695.006653
1911.269531	715.443115
1910.707031	692.225769
1910.322266	723.228760
1909.753906	707.796265
1909.375000	720.455322
1908.799805	699.771729
1908.427734	691.297363
1907.845703	676.029175
1907.479492	728.101440
1906.891602	749.225098
1906.532227	675.214722
1905.936523	691.433960
1905.583984	693.548340
1904.982422	699.130859
1904.635742	690.782471
1904.027344	717.295654
1903.687500	637.932007
1903.072266	745.921021
1902.739258	695.795898
1902.116211	722.199768
1901.790039	708.841492
1901.161133	808.364075
1900.840820	677.093750
1900.205078	753.253601
1899.891602	737.551758
1899.249023	750.465637
1898.942383	745.314636
1898.292969	713.693359
1897.993164	663.548157
1897.335938	737.052063
1897.043945	700.280823
1896.379883	726.430176
1896.093750	686.988831
1895.422852	726.262878
1895.143555	710.544861
1894.465820	702.588867
1894.193359	728.829651
1893.507813	752.040649
1893.243164	736.584839
1892.550781	777.973694
1892.292969	770.638611
1891.592773	722.983154
1891.342773	704.752014
1890.634766	733.254028
1890.391602	765.090576
1889.675781	764.390747
1889.440430	730.773743
1888.717773	735.523499
1888.489258	725.379822
1887.758789	750.999207
1887.538086	741.009338
1886.799805	745.611450
1886.585938	698.834534
1885.840820	745.438843
1885.634766	709.209595
1884.881836	708.784668
1884.682617	772.104736
1883.921875	713.830872
1883.730469	695.813416
1882.961914	742.316223
1882.778320	716.683716
1882.001953	703.083862
1881.825195	653.555054
1881.041992	757.592285
1880.873047	719.037048
1880.081055	728.785583
1879.919922	708.406128
1879.120117	723.411865
1878.966797	713.518494
1878.159180	731.048584
1878.013672	716.006104
1877.198242	730.878601
1877.060547	731.603821
1876.237305	707.305054
1876.106445	720.978210
1875.275391	779.934326
1875.153320	747.053833
1874.313477	743.364258
1874.199219	733.808350
1873.351563	792.563843
1873.245117	673.403381
1872.388672	753.409668
1872.291016	754.487671
1871.426758	774.012817
1871.335938	728.151733
1870.463867	789.412659
1870.381836	743.725769
1869.500977	771.055359
1869.426758	764.530273
1868.538086	760.493103
1868.471680	719.882874
1867.574219	773.289978
1867.516602	719.745789
1866.610352	739.382935
1866.561523	743.159424
1865.646484	809.240356
1865.605469	761.331543
1864.682617	705.326416
1864.650391	732.412964
1863.718750	738.863770
1863.694336	727.042664
1862.753906	717.955444
1862.738281	766.125244
1861.789063	722.969727
1861.781250	745.064758
1860.825195	747.536133
1860.824219	753.888306
1859.868164	797.045166
1859.858398	764.071655
1858.911133	765.539490
1858.893555	737.997559
1857.955078	778.454224
1857.927734	787.012390
1856.997070	767.858093
1856.961914	740.238953
1856.040039	707.651917
1855.996094	771.116455
1855.082031	749.288391
1855.029297	814.914490
1854.125000	777.857544
1854.062500	713.852173
1853.166992	777.708252
1853.095703	744.713745
1852.208984	767.121887
1852.128906	783.316223
1851.250000	756.539490
1851.161133	752.116394
1850.291992	790.301453
1850.194336	751.938904
1849.333008	693.662537
1849.226563	811.178894
1848.374023	756.103149
1848.258789	792.907898
1847.415039	795.058899
1847.290039	738.495300
1846.456055	787.087036
1846.322266	836.419189
1845.496094	784.329651
1845.353516	818.154724
1844.537109	760.731262
1844.383789	859.246155
1843.577148	763.189331
1843.415039	799.709290
1842.617188	833.356506
1842.446289	799.519714
1841.657227	786.328369
1841.476563	843.164368
1840.696289	799.192688
1840.506836	786.251099
1839.736328	817.257385
1839.536133	816.991516
1838.775391	762.452637
1838.566406	816.797424
1837.814453	788.322449
1837.595703	870.700012
1836.853516	775.163818
1836.625000	813.833618
1835.892578	754.208008
1835.654297	811.065125
1834.930664	798.265564
1834.682617	859.781738
1833.968750	811.109436
1833.711914	810.678833
1833.006836	870.733948
1832.740234	874.809814
1832.044922	862.768982
1831.767578	908.041809
1831.083008	818.432251
1830.795898	882.107666
1830.121094	823.468750
1829.823242	845.901245
1829.158203	836.294800
1828.850586	799.429871
1828.195313	838.729004
1827.877930	804.378540
1827.232422	797.027100
1826.905273	855.571838
1826.269531	851.381287
1825.931641	886.191101
1825.305664	835.644592
1824.958008	898.819153
1824.342773	822.508667
1823.984375	834.417786
1823.378906	809.377686
1823.010742	841.918213
1822.415039	863.686768
1822.036133	780.127258
1821.450195	917.974548
1821.062500	813.292664
1820.486328	829.645691
1820.086914	861.831848
1819.521484	876.142334
1819.112305	820.595032
1818.557617	821.547058
1818.137695	812.706421
1817.592773	782.519836
1817.162109	820.200256
1816.626953	805.682556
1816.186523	809.752808
1815.662109	784.804199
1815.210938	783.938782
1814.697266	875.286987
1814.234375	827.291504
1813.731445	792.264587
1813.257813	788.682129
1812.765625	766.223633
1812.281250	775.691589
1811.799805	802.306885
1811.304688	834.370972
1810.833008	851.313782
1810.328125	785.552124
1809.867188	796.818481
1809.350586	805.827698
1808.900391	853.566772
1808.373047	782.614685
1807.933594	783.575806
1807.395508	843.791931
1806.966797	858.403076
1806.416992	800.130005
1806.000000	853.064514
1805.439453	840.827393
1805.032227	863.235168
1804.460938	832.958252
1804.065430	819.137146
1803.482422	830.201660
1803.097656	891.314758
1802.502930	845.323181
1802.129883	852.394348
1801.524414	852.777466
1801.161133	859.974243
1800.544922	847.464966
1800.193359	859.805054
1799.564453	839.602844
1799.224609	808.006042
1798.584961	806.230774
1798.255859	836.237732
1797.604492	841.744812
1797.287109	774.141663
1796.625000	808.388123
1796.318359	841.068176
1795.643555	856.631470
1795.348633	843.481812
1794.663086	871.715759
1794.379883	863.947083
1793.681641	825.634338
1793.410156	866.355042
1792.701172	802.503967
1792.440430	806.891663
1791.719727	832.871887
1791.470703	835.083923
1790.737305	875.956726
1790.500000	837.495911
1789.755859	824.827026
1789.530273	842.483215
1788.773438	860.256958
1788.559570	829.437195
1787.791016	857.501648
1787.588867	875.630005
1786.807617	842.028015
1786.617188	908.930115
1785.825195	867.254089
1785.646484	872.709106
1784.841797	856.870544
1784.674805	864.814758
1783.858398	836.323853
1783.704102	885.230164
1782.875000	876.780579
1782.732422	864.472107
1781.890625	856.238708
1781.759766	892.596252
1780.906250	883.969482
1780.788086	889.847412
1779.921875	888.830811
1779.815430	866.529175
1778.937500	947.006165
1778.843750	894.635864
1777.952148	873.162964
1777.871094	879.036560
1776.966797	880.560364
1776.897461	891.710815
1775.981445	872.731873
1775.924805	901.810669
1774.996094	801.497437
1774.951172	860.531372
1774.009766	923.015564
1773.978516	914.293274
1773.024414	937.997925
1773.004883	916.679138
1772.038086	882.006653
1772.030273	919.063904
1771.056641	921.447632
1771.050781	846.313904
1770.082031	939.227478
1770.064453	932.234375
1769.108398	941.606079
1769.077148	883.883423
1768.133789	851.637329
1768.089844	888.727966
1767.159180	933.536682
1767.102539	923.946167
1766.183594	920.529724
1766.114258	946.493103
1765.208984	933.164246
1765.125977	915.896423
1764.233398	938.104248
1764.137695	890.373718
1763.257813	950.729980
1763.149414	943.257629
1762.282227	950.540100
1762.160156	892.458313
1761.305664	917.049438
1761.170898	940.259705
1760.330078	986.015259
1760.181641	932.444214
1759.353516	919.243347
1759.192383	886.737610
1758.376953	880.658630
1758.202148	919.349915
1757.400391	913.756470
1757.212891	893.869446
1756.422852	885.424194
1756.221680	934.036499
1755.446289	905.715027
1755.231445	858.088867
1754.468750	918.323547
1754.240234	953.753845
1753.491211	941.156982
1753.250000	855.136169
1752.513672	928.183350
1751.535156	948.448975
1750.557617	948.258667
1749.579102	932.735718
1748.600586	947.877991
1747.622070	960.459717
1746.643555	934.727722
1745.664063	909.005981
1744.684570	954.774963
1743.705078	931.611694
1742.725586	987.564880
1741.746094	943.993469
1740.765625	946.354248
1739.785156	1015.021912
1738.804688	981.670105
1737.824219	945.782349
1736.843750	937.945374
1735.862305	927.563232
1734.880859	957.948914
1733.899414	985.775024
1732.917969	942.281982
1731.935547	929.360718
1730.954102	896.079163
1729.971680	969.707825
1728.989258	941.520630
1728.006836	926.065430
1727.023438	953.857910
1726.041016	968.923523
1725.057617	956.014465
1724.074219	935.484253
1723.090820	998.833801
1722.106445	968.138855
1721.122070	1013.672180
1720.138672	980.446411
1719.153320	929.457520
1718.168945	1030.828369
1717.184570	990.003662
1716.199219	1022.796082
1715.213867	981.989319
1714.228516	1029.991455
1713.243164	1006.954407
1712.256836	986.462524
1711.270508	988.797302
1710.285156	942.968689
1709.297852	1018.807190
1708.311523	1038.870483
1707.325195	1010.792480
1706.337891	1000.455383
1705.350586	1000.251587
1704.363281	1007.643005
1703.375000	1075.781372
1702.387695	1057.846802
1701.399414	1042.449707
1700.411133	994.172668
1699.422852	1069.845215
1698.434570	1034.225464
1697.445313	1084.577271
1696.456055	1076.772705
1695.466797	1043.700195
1694.477539	1101.598633
1693.487305	1066.008179
1692.498047	1091.045776
1691.507813	1113.547974
1690.517578	1115.844604
1689.527344	1029.799438
1688.536133	1112.864136
1687.545898	1067.222412
1686.554688	1029.166626
1685.563477	1061.741089
1684.571289	1084.216187
1683.580078	1114.244751
1682.587891	1098.893799
1681.595703	1045.750732
1680.603516	1080.807129
1679.611328	1067.990967
1678.618164	992.221680
1677.625000	1090.212402
1676.631836	1102.574829
1675.638672	984.059570
1674.645508	1087.023804
1673.651367	1096.863159
1672.657227	1033.756836
1671.663086	1088.867554
1670.668945	1081.100830
1669.674805	1075.850708
1668.679688	1068.089600
1667.684570	1125.660034
1666.689453	1072.673584
1665.694336	1100.079956
1664.698242	1077.253296
1663.703125	1094.604980
1662.707031	1049.198242
1661.710938	1061.529297
1660.713867	1071.346191
1659.717773	1173.972900
1658.720703	1075.919434
1657.723633	1100.771606
1656.726563	1055.419189
1655.729492	1060.213745
1654.731445	1100.088745
1653.733398	1059.775146
1652.735352	1054.546021
1651.737305	1146.988403
1650.739258	1114.201172
1649.740234	1121.480225
1648.741211	1103.728394
1647.742188	1131.024536
1646.743164	1170.817993
1645.743164	1193.086182
1644.744141	1087.808960
1643.744141	1140.087158
1642.743164	1109.854492
1641.743164	1099.627441
1640.743164	1111.892334
1639.742188	1154.129272
1638.741211	1156.387085
1637.740234	1136.170044
1636.738281	1155.906372
1635.737305	1125.713501
1634.735352	1093.037598
1633.733398	1202.590210
1632.730469	1179.889526
1631.728516	1157.198242
1630.725586	1127.036011
1629.722656	1151.730469
1628.719727	1091.672852
1627.716797	1126.331665
1626.712891	1146.027832
1625.709961	1170.697266
1624.706055	1172.943359
1623.701172	1137.841431
1622.697266	1187.389648
1621.692383	1152.299072
1620.688477	1186.893921
1619.682617	1126.940552
1618.677734	1176.449341
1617.672852	1273.184326
1616.666992	1143.637451
1615.661133	1143.398315
1614.655273	1197.832031
1613.649414	1150.373901
1612.642578	1127.776367
1611.635742	1192.113159
1610.628906	1139.719482
1609.622070	1171.753784
1608.615234	1196.328369
1607.607422	1151.410889
1606.599609	1218.155762
1605.591797	1195.576416
1604.583984	1173.006348
1603.575195	1190.116211
1602.567383	1261.754272
1601.558594	1209.443726
1600.549805	1189.367065
1599.540039	1312.983765
1598.531250	1235.927002
1597.521484	1302.527100
1596.511719	1282.447266
1595.500977	1269.801514
1594.491211	1276.958740
1593.480469	1202.463989
1592.469727	1330.842773
1591.458984	1372.606567
1590.448242	1308.028931
1589.436523	1268.199585
1588.425781	1248.159668
1587.414063	1196.004150
1586.402344	1277.280762
1585.389648	1257.251221
1584.376953	1237.230103
1583.365234	1165.368164
1582.352539	1165.122437
1581.338867	1194.492188
1580.326172	1186.837891
1579.312500	1250.727173
1578.298828	1161.672852
1577.285156	1186.086426
1576.270508	1168.578369
1575.256836	1158.472168
1574.242188	1192.727783
1573.227539	1187.548096
1572.212891	1096.155884
1571.197266	1132.865356
1570.182617	1142.474731
1569.166992	1147.156372
1568.150391	1205.982056
1567.134766	1146.670776
1566.119141	1225.152710
1565.102539	1151.104492
1564.085938	1202.501709
1563.068359	1180.119751
1562.051758	1251.153320
1561.034180	1236.142822
1560.016602	1218.681519
1558.999023	1238.075073
1557.981445	1291.843872
1556.962891	1235.094238
1555.944336	1151.364258
1554.925781	1246.841919
1553.907227	1202.406982
1552.888672	1135.910522
1551.869141	1172.461914
1550.849609	1194.283691
1549.830078	1191.578003
1548.810547	1147.201416
1547.790039	1173.915771
1546.769531	1154.064087
1545.749023	1153.818481
1544.728516	1146.225342
1543.708008	1111.699707
1542.686523	1133.496460
1541.665039	1189.550537
1540.643555	1108.542358
1539.622070	1179.257202
1538.599609	1215.696899
1537.577148	1159.190063
1536.554688	1144.272583
1535.532227	1131.805908
1534.508789	1209.771851
1533.486328	1109.331665
1532.462891	1094.437256
1531.439453	1123.512451
1530.415039	1155.017212
1529.391602	1115.708374
1528.367188	1164.286987
1527.342773	1151.836426
1526.318359	1178.427979
1525.292969	1129.390259
1524.267578	1170.607666
1523.242188	1167.918823
1522.216797	1143.291626
1521.191406	1128.423706
1520.165039	1169.605591
1519.138672	1230.258911
1518.112305	1237.302246
1517.085938	1176.159180
1516.059570	1217.295166
1515.032227	1236.506714
1514.004883	1185.136963
1512.977539	1192.181763
1511.949219	1148.140991
1510.921875	1228.149780
1509.893555	1164.668213
1508.865234	1244.639038
1507.835938	1268.675781
1506.807617	1299.991821
1505.778320	1207.396362
1504.749023	1245.998413
1503.719727	1260.300415
1502.689453	1196.906494
1501.660156	1320.440308
1500.629883	1210.952026
1499.599609	1273.773560
1498.568359	1258.945068
1497.538086	1248.973145
1496.506836	1299.622192
1495.475586	1231.466064
1494.444336	1345.110962
1493.412109	1267.281738
1492.379883	1288.811768
1491.347656	1336.974854
1490.315430	1271.305054
1489.283203	1287.977783
1488.250000	1273.176880
1487.216797	1386.640381
1486.183594	1325.854858
1485.150391	1415.068481
1484.116211	1281.750854
1483.083008	1317.742065
1482.048828	1339.213379
1481.013672	1384.843506
1479.979492	1316.887451
1478.944336	1468.796997
1477.909180	1487.801147
1476.874023	1472.990723
1475.838867	1506.470825
1474.802734	1527.867798
1473.766602	1611.997803
1472.730469	1519.968018
1471.694336	1604.062866
1470.657227	1567.541138
1469.621094	1543.090454
1468.583984	1590.966919
1467.545898	1638.822388
1466.508789	1592.686035
1465.470703	1722.425659
1464.432617	1618.487671
1463.394531	1562.753540
1462.356445	1490.191528
1461.317383	1595.771118
1460.278320	1566.547852
1459.239258	1561.395508
1458.200195	1592.325195
1457.160156	1567.930908
1456.121094	1555.568359
1455.081055	1555.229736
1454.040039	1514.036255
1453.000000	1530.525513
1451.958984	1547.007446
1450.917969	1597.105347
1449.876953	1553.536865
1448.835938	1589.207397
1447.793945	1620.062134
1446.751953	1727.689453
1445.709961	1638.547852
1444.667969	1671.769653
1443.625000	1611.454712
1442.582031	1697.411987
1441.539063	1673.071777
1440.496094	1641.552856
1439.453125	1566.921143
1438.409180	1662.393799
1437.365234	1585.395020
1436.321289	1692.793335
1435.276367	1572.732544
1434.232422	1658.546753
1433.187500	1662.969238
1432.142578	1705.665527
1431.096680	1657.457764
1430.051758	1726.439209
1429.005859	1692.591675
1427.959961	1706.561646
1426.914063	1732.473267
1425.867188	1753.595337
1424.820313	1789.039185
1423.773438	1774.318481
1422.726563	1719.016113
1421.679688	1716.251709
1420.631836	1737.353149
1419.583984	1651.077393
1418.536133	1669.798096
1417.487305	1671.816040
1416.439453	1580.842285
1415.390625	1713.990479
1414.341797	1603.980347
1413.291992	1641.752319
1412.243164	1679.507568
1411.193359	1700.573730
1410.143555	1666.862061
1409.092773	1721.251221
1408.042969	1725.632324
1406.992188	1706.214844
1405.941406	1643.981323
1404.890625	1724.491577
1403.838867	1783.563354
1402.788086	1666.669434
1401.736328	1694.826050
1400.683594	1689.698853
1399.631836	1582.406494
1398.579102	1617.688843
1397.526367	1546.083374
1396.473633	1552.864990
1395.420898	1554.895630
1394.367188	1583.032227
1393.313477	1592.173340
1392.259766	1485.067139
1391.206055	1579.609985
1390.151367	1557.918945
1389.096680	1545.720215
1388.041992	1500.343872
1386.987305	1530.817383
1385.931641	1568.384644
1384.876953	1586.986084
1383.821289	1544.008179
1382.764648	1609.958130
1381.708984	1638.005615
1380.652344	1609.243652
1379.595703	1592.324341
1378.539063	1591.970703
1377.481445	1646.011108
1376.424805	1631.458740
1375.367188	1657.099121
1374.309570	1711.088379
1373.250977	1564.210815
1372.192383	1644.182007
1371.133789	1587.132813
1370.075195	1534.831421
1369.016602	1513.242798
1367.957031	1602.594360
1366.897461	1434.698486
1365.837891	1490.999023
1364.778320	1514.253052
1363.717773	1469.111084
1362.657227	1419.273804
1361.596680	1489.669189
1360.536133	1470.484375
1359.474609	1496.072266
1358.414063	1450.983765
1357.352539	1490.693970
1356.290039	1478.588623
1355.228516	1490.027710
1354.166016	1532.055420
1353.103516	1552.888428
1352.041016	1529.017700
1350.977539	1559.248901
1349.914063	1584.763916
1348.850586	1633.774780
1347.787109	1532.348999
1346.723633	1604.846313
1345.659180	1597.438965
1344.594727	1658.145630
1343.530273	1685.951172
1342.464844	1673.834839
1341.399414	1661.723755
1340.333984	1659.004150
1339.268555	1562.444946
1338.203125	1651.222412
1337.136719	1608.641968
1336.070313	1617.658081
1335.003906	1614.950317
1333.936523	1584.123169
1332.870117	1583.766602
1331.802734	1625.571899
1330.735352	1573.686401
1329.666992	1636.546143
1328.599609	1626.814453
1327.531250	1560.921753
1326.461914	1588.645996
1325.393555	1651.444946
1324.324219	1592.606567
1323.255859	1580.556641
1322.185547	1479.684082
1321.116211	1547.124268
1320.045898	1481.352295
1318.975586	1488.025391
1317.905273	1501.701782
1316.834961	1531.716309
1315.763672	1557.048218
1314.692383	1482.011841
1313.621094	1477.009644
1312.549805	1453.346924
1311.477539	1539.312500
1311.475586	1503.714355
1310.405273	1445.693237
1310.403320	1401.135376
1309.333008	1475.671509
1309.330078	1407.878052
1308.260742	1447.368408
1308.257813	1454.236572
1307.187500	1484.322998
1307.184570	1512.228760
1306.114258	1453.700684
1306.111328	1402.463379
1305.041016	1425.421265
1305.038086	1383.578125
1303.967773	1406.468872
1303.964844	1432.235596
1302.893555	1350.275879
1302.891602	1366.782715
1301.819336	1368.589355
1301.817383	1294.369141
1300.745117	1400.856323
1300.743164	1408.187988
1299.670898	1330.743530
1299.668945	1352.082642
1298.595703	1423.478638
1298.594727	1405.354370
1297.520508	1409.202271
1297.519531	1353.921875
1296.445313	1394.932251
1296.445313	1311.811279
1295.370117	1397.617432
1295.370117	1387.641479
1294.294922	1376.439209
1294.293945	1438.449585
1293.219727	1397.112183
1293.217773	1368.422974
1292.143555	1422.425781
1292.141602	1405.275269
1291.067383	1436.110840
1291.065430	1446.755127
1289.992188	1442.820679
1289.988281	1439.460083
1288.916016	1451.850708
1288.911133	1473.949219
1287.838867	1542.166016
1287.833984	1575.721436
1286.762695	1602.260742
1286.756836	1531.279297
1285.685547	1541.605225
1285.678711	1505.414063
1284.608398	1578.464844
1284.600586	1484.198486
1283.531250	1536.401978
1283.522461	1502.407471
1282.454102	1519.878784
1282.444336	1497.427979
1281.376953	1521.921509
1281.365234	1392.799194
1280.298828	1477.571533
1280.286133	1436.502319
1279.220703	1440.194946
1279.207031	1466.286865
1278.142578	1451.525024
1278.126953	1408.054077
1277.064453	1513.853516
1277.047852	1507.291504
1275.985352	1469.536499
1275.967773	1386.575562
1274.907227	1469.266968
1274.887695	1511.229126
1273.828125	1450.461060
1273.806641	1397.508545
1272.749023	1422.395386
1272.726563	1448.078857
1271.669922	1461.508911
1271.645508	1419.994141
1270.589844	1389.451782
1270.563477	1403.483032
1269.509766	1400.772583
1269.482422	1398.537354
1268.429688	1368.105835
1268.400391	1358.927368
1267.349609	1367.853638
1267.318359	1347.062134
1266.269531	1402.311890
1266.236328	1323.651978
1265.189453	1360.407837
1265.154297	1351.061646
1264.108398	1360.156372
1264.071289	1373.840454
1263.027344	1415.411133
1262.988281	1389.683350
1261.946289	1405.899780
1261.905273	1366.284180
1260.865234	1391.767822
1260.821289	1335.973511
1259.783203	1336.034424
1259.738281	1335.665649
1258.701172	1338.097534
1258.654297	1388.402954
1257.619141	1379.440308
1257.569336	1360.413330
1256.537109	1430.008179
1256.485352	1334.741699
1255.455078	1448.220337
1255.400391	1369.004395
1254.372070	1378.670898
1254.315430	1281.129150
1253.290039	1355.325195
1253.230469	1400.623413
1252.207031	1380.465820
1252.144531	1361.146606
1251.124023	1396.364624
1251.058594	1356.226807
1250.040039	1400.719238
1249.972656	1374.329712
1248.957031	1393.536133
1248.886719	1380.916260
1247.873047	1386.355347
1247.800781	1283.954956
1246.789063	1462.204468
1246.713867	1405.582153
1245.705078	1411.201416
1245.626953	1310.959473
1244.620117	1447.824219
1244.539063	1400.332153
1243.536133	1396.842407
1243.452148	1425.295044
1242.451172	1408.103271
1242.364258	1376.699707
1241.366211	1414.751465
1241.276367	1344.211182
1240.280273	1476.686157
1240.187500	1380.655396
1239.195313	1386.580322
1239.099609	1444.643311
1238.109375	1466.919434
1238.010742	1423.641968
1237.023438	1466.643311
1236.921875	1407.241577
1235.937500	1427.233154
1235.832031	1388.553467
1234.851563	1413.154785
1234.743164	1418.060303
1233.765625	1433.598267
1233.653320	1364.967041
1232.678711	1419.523560
1232.563477	1392.171753
1231.591797	1485.962646
1231.472656	1428.535522
1230.504883	1389.089355
1230.381836	1350.259155
1229.416992	1335.940796
1229.291016	1361.404175
1228.330078	1351.780518
1228.200195	1374.835083
1227.242188	1369.912598
1227.109375	1326.406494
1226.154297	1300.710571
1226.017578	1305.484131
1225.066406	1300.463867
1224.925781	1325.787598
1223.978516	1297.919800
1223.833984	1375.841675
1222.889648	1299.970093
1222.741211	1261.084351
1221.800781	1295.130249
1221.648438	1306.553345
1220.711914	1372.944336
1220.555664	1262.782593
1219.623047	1331.364746
1219.462891	1319.665039
1218.533203	1434.387085
1218.369141	1303.350220
1217.444336	1337.741211
1217.276367	1287.042847
1216.354492	1293.897339
1216.181641	1327.880737
1215.264648	1396.867188
1215.087891	1327.569580
1214.173828	1373.667725
1213.993164	1372.947266
1213.083984	1414.676147
1212.899414	1381.760986
1211.993164	1435.037231
1211.803711	1395.137085
1210.902344	1409.551147
1210.708984	1470.143066
1209.811523	1459.694580
1209.613281	1453.821899
1208.720703	1518.982788
1208.517578	1442.071655
1207.628906	1534.726074
1207.421875	1384.702271
1206.537109	1438.243408
1206.326172	1516.656616
1205.445313	1490.631592
1205.229492	1500.338989
1204.353516	1428.533813
1204.132813	1427.038330
1203.261719	1478.614502
1203.036133	1472.284058
1202.168945	1514.945068
1201.938477	1465.101685
1201.076172	1457.453613
1200.840820	1423.752563
1199.983398	1569.263062
1199.743164	1475.798706
1198.890625	1498.060181
1198.645508	1486.835449
1197.796875	1520.638062
1197.546875	1493.313965
1196.703125	1497.482300
1196.449219	1527.099365
1195.609375	1510.907959
1195.350586	1485.783203
1194.515625	1519.757446
1194.250977	1517.279175
1193.421875	1542.312744
1193.151367	1537.388916
1192.327148	1605.979492
1192.052734	1534.751709
1191.232422	1550.852051
1190.952148	1466.193726
1190.137695	1612.208374
1189.852539	1499.936279
1189.042969	1623.311646
1188.751953	1479.132446
1187.948242	1460.925415
1187.651367	1476.510620
1186.852539	1501.722534
1186.550781	1487.515869
1185.756836	1421.567627
1185.449219	1387.262207
1184.661133	1462.356079
1184.348633	1366.503784
1183.564453	1348.025757
1183.247070	1363.910278
1182.468750	1290.751587
1182.144531	1290.982910
1181.372070	1352.061279
1181.042969	1336.042847
1180.275391	1267.453125
1179.940430	1269.959717
1179.178711	1246.693848
1178.837891	1267.390625
1178.081055	1244.172119
1177.734375	1287.489624
1176.984375	1209.755493
1176.631836	1232.795288
1175.886719	1268.742554
1175.528320	1178.126831
1174.789063	1273.049561
1174.424805	1195.967041
1173.690430	1229.539185
1173.320313	1191.153076
1172.592773	1222.469360
1172.215820	1229.357300
1171.494141	1256.370728
1171.111328	1181.531372
1170.395508	1158.274414
1170.006836	1183.512451
1169.296875	1173.973511
1168.902344	1201.329102
1168.198242	1241.984375
1167.796875	1158.067139
1167.098633	1228.095337
1166.691406	1151.006592
1165.999023	1171.009277
1165.584961	1216.293823
1164.899414	1152.592529
1164.479492	1157.237061
1163.799805	1156.911865
1163.373047	1141.142334
1162.699219	1183.954102
1162.266602	1217.680298
1161.598633	1229.161621
1161.159180	1142.854736
1160.498047	1151.686401
1160.051758	1158.387451
1159.397461	1194.610962
1158.944336	1171.654907
1158.296875	1201.187744
1157.836914	1196.200806
1157.195313	1191.869995
1156.729492	1222.991089
1156.093750	1155.318481
1155.621094	1215.929932
1154.992188	1180.053223
1154.512695	1168.275391
1153.890625	1252.424561
1153.403320	1217.600708
1152.788086	1209.076904
1152.294922	1199.273804
1151.686523	1188.426025
1151.185547	1248.567505
1150.583984	1219.936523
1150.076172	1191.937378
1149.480469	1203.825562
1148.965820	1146.597534
1148.377930	1255.719971
1147.856445	1193.615601
1147.274414	1230.543091
1146.746094	1220.346802
1146.170898	1230.299316
1145.634766	1226.805664
1145.067383	1207.402344
1144.524414	1206.255493
1143.963867	1177.719849
1143.413086	1201.464600
1142.860352	1263.533081
1142.301758	1196.675781
1141.755859	1224.795044
1141.190430	1218.875122
1140.651367	1285.666138
1140.078125	1200.594116
1139.546875	1194.888672
1138.965820	1256.497925
1138.441406	1264.791382
1137.853516	1209.002441
1137.335938	1201.199585
1136.740234	1192.983154
1136.231445	1189.651978
1135.627930	1197.186523
1135.125000	1223.333618
1134.514648	1192.405273
1134.019531	1252.480103
1133.400391	1187.626221
1132.913086	1209.283691
1132.287109	1216.516602
1131.807617	1179.663818
1131.172852	1205.001709
1130.701172	1238.173828
1130.058594	1173.301514
1129.593750	1255.998413
1128.943359	1215.630981
1128.487305	1183.474121
1127.829102	1150.308350
1127.379883	1171.947021
1126.713867	1105.193237
1126.272461	1198.804199
1125.598633	1169.920044
1125.165039	1200.821411
1124.482422	1227.892944
1124.057617	1223.148315
1123.366211	1211.913086
1122.949219	1171.008789
1122.250000	1191.461548
1121.840820	1236.192993
1121.133789	1218.039673
1120.732422	1258.498779
1120.016602	1219.981079
1119.624023	1328.148804
1118.899414	1224.159302
1118.514648	1239.957886
1117.782227	1255.184082
1117.406250	1239.708862
1116.665039	1225.798340
1116.296875	1289.038086
1115.546875	1250.098267
1115.187500	1221.185669
1114.428711	1252.028320
1114.077148	1245.719238
1113.310547	1256.192505
1112.966797	1191.415649
1112.191406	1289.405151
1111.857422	1233.958984
1111.072266	1193.021973
1110.746094	1280.987549
1109.953125	1212.831909
1109.635742	1276.227661
1108.833984	1134.378540
1108.524414	1194.956299
1107.713867	1261.351807
1107.414063	1255.463501
1106.593750	1151.677490
1106.302734	1196.723633
1105.473633	1140.237793
1105.190430	1212.225098
1104.352539	1135.495972
1104.079102	1184.997314
1103.231445	1175.362061
1102.966797	1128.554810
1102.110352	1061.356201
1101.854492	1126.078979
1100.989258	1123.512451
1100.742188	1107.873413
1099.867188	1085.348877
1099.629883	1132.363403
1098.745117	1056.116333
1098.516602	1114.163696
1097.623047	1169.460815
1097.403320	1131.904785
1096.500000	1044.460693
1096.290039	1120.448364
1095.376953	1133.260742
1095.176758	1028.178833
1094.253906	1081.785400
1094.062500	1063.881836
1093.130859	1034.785889
1092.948242	1045.713745
1092.006836	1107.948486
1091.833984	1133.000366
1090.882813	1096.553223
1090.719727	1022.857849
1089.758789	1085.163452
1089.604492	1083.201538
1088.634766	1078.225464
1088.490234	1114.372070
1087.509766	1033.506470
1087.375000	1116.387085
1086.384766	1075.469116
1086.258789	1091.505615
1085.258789	1044.101563
1085.143555	1077.838379
1084.133789	1110.470825
1084.027344	1104.503296
1083.007813	1050.244629
1082.911133	994.522278
1081.880859	1105.479736
1081.794922	1090.616211
1080.754883	1065.257813
1080.678711	1052.330688
1079.627930	1029.493164
1079.561523	1023.014771
1078.500977	1066.946167
1078.444336	1007.139282
1077.374023	1013.457397
1077.327148	1143.428955
1076.246094	1055.329468
1076.209961	1031.336670
1075.118164	1043.983887
1075.092773	1055.729614
1073.990234	997.188049
1073.974609	1073.403687
1072.861328	1054.540161
1072.856445	1120.135864
1071.738281	1003.668701
1071.732422	1021.053894
1070.619141	978.879395
1070.603516	1047.370605
1069.500000	1065.821411
1069.474609	1122.376709
1068.380859	1092.410522
1068.344727	1071.192261
1067.261719	1078.785400
1067.214844	1068.711548
1066.142578	1047.301392
1066.084961	1081.716675
1065.022461	1098.436035
1064.954102	1057.118652
1063.902344	1095.978271
1063.824219	1048.009766
1062.782227	1086.826416
1062.692383	1074.272095
1061.662109	1162.464478
1061.561523	1124.829834
1060.541016	1081.918091
1060.429688	1137.803345
1059.419922	1124.071289
1059.297852	1095.550781
1058.298828	1117.150391
1058.166016	1130.606934
1057.177734	1103.544067
1057.033203	1123.699463
1056.056641	1110.003540
1055.900391	1134.452271
1054.934570	1114.231812
1054.767578	1101.068237
1053.812500	1122.914063
1053.634766	1105.202881
1052.689453	1127.137573
1052.500977	1177.703613
1051.567383	1080.136230
1051.367188	1087.006348
1050.444336	1151.165283
1050.233398	1163.883301
1049.321289	1099.725830
1049.098633	1104.087646
1048.198242	1083.918701
1047.963867	1136.856812
1047.075195	1036.964600
1046.829102	1140.974609
1045.951172	1094.594604
1045.693359	1094.441895
1044.827148	1063.227661
1044.557617	1111.777100
1043.703125	1058.559937
1043.421875	1107.093384
1042.579102	1107.255737
1042.286133	1133.217896
1041.454102	1107.026489
1041.149414	1073.534058
1040.329102	1144.579346
1040.012695	1079.859497
1039.204102	1071.015381
1038.875977	1119.162720
1038.079102	1126.332397
1037.738281	1105.689209
1036.953125	1159.415283
1036.600586	1112.000977
1035.827148	1130.306396
1035.462891	1102.929810
1034.701172	1143.392822
1034.325195	1111.435059
1033.575195	1092.101929
1033.186523	1144.091187
1032.448242	1114.067627
1032.047852	1073.546997
1031.322266	1129.367676
1030.908203	1163.261353
1030.195313	1098.076172
1029.769531	1070.805054
1029.067383	1091.194092
1028.629883	1110.018433
1027.940430	1137.532715
1027.490234	1136.052612
1026.812500	1210.455444
1026.349609	1116.028809
1025.684570	1201.337402
1025.208984	1135.471558
1024.556641	1172.278809
1024.068359	1143.946777
1023.427734	1134.369873
1022.926758	1152.417358
1022.299805	1160.714600
1021.786133	1103.934448
1021.170898	1116.179688
1020.644531	1079.563599
1020.041992	1160.230469
1019.501953	1144.963257
1018.912109	1153.347168
1018.360352	1107.461914
1017.782227	1139.826782
1017.217773	1078.732178
1016.653320	1183.844604
1016.074219	1163.768555
1015.522461	1121.651978
1014.931641	1102.234009
1014.392578	1152.383667
1013.788086	1163.169678
1013.261719	1136.662964
1012.644531	1112.595459
1012.131836	1156.323608
1011.500000	1129.791016
1011.000000	1125.134888
1010.356445	1155.716187
1009.869141	1242.030396
1009.210938	1185.995972
1008.737305	1197.579224
1008.066406	1257.748169
1007.606445	1155.355591
1006.920898	1189.749268
1006.473633	1190.451538
1005.775391	1195.989014
1005.341797	1187.993774
1004.629883	1171.678589
1004.209961	1185.536865
1003.484375	1188.825806
1003.077148	1202.946167
1002.337891	1173.252441
1001.944336	1189.453003
1001.190430	1142.425415
1000.810547	1244.361084
1000.043945	1294.703491
999.677734	1202.188599
998.896484	1148.369629
998.543945	1179.882080
997.749023	1182.927368
997.410156	1270.036011
996.601563	1247.957886
996.276367	1260.951172
995.453125	1173.602661
995.141602	1192.362061
994.304688	1227.717285
994.006836	1227.367676
993.155273	1166.462891
992.872070	1187.454102
992.006836	1133.523804
991.737305	1176.191040
990.857422	1139.753418
990.602539	1202.369019
989.708008	1132.932373
989.466797	1136.065308
988.331055	1124.819824
987.195313	1115.779663
986.058594	1082.540039
984.921875	1064.713013
983.785156	1128.269653
982.648438	1130.230347
981.511719	1129.991577
980.374023	1090.189453
979.236328	1140.501465
978.098633	1058.970093
976.959961	1155.395142
975.822266	1117.816895
974.683594	1146.123657
973.544922	1130.514771
972.405273	1147.833008
971.265625	1219.999878
970.126953	1175.865723
968.986328	1136.136719
967.846680	1219.223999
966.706055	1216.772949
965.565430	1238.433838
964.424805	1225.022217
963.284180	1167.796387
962.142578	1187.263062
961.000977	1206.721191
959.859375	1213.033447
958.717773	1138.345215
957.575195	1122.782471
956.432617	1153.178223
955.290039	1113.553711
954.146484	1108.942017
953.003906	1110.892578
951.860352	1112.842285
950.716797	1097.303955
949.572266	1053.362061
948.428711	1057.507202
947.284180	1081.310791
946.138672	1048.319946
944.994141	1091.766846
943.848633	1047.872314
942.704102	1117.491699
941.557617	1071.428101
940.412109	1069.017456
939.265625	1060.064087
938.119141	1068.560181
936.972656	1092.314575
935.826172	1102.979736
934.678711	1056.977539
933.531250	1109.044067
932.383789	1108.806519
931.236328	1071.543945
930.087891	1075.669189
928.939453	1099.385498
927.791016	1107.855835
926.641602	1146.787354
925.493164	1220.511597
924.343750	1183.272339
923.194336	1165.620850
922.043945	1232.770630
920.893555	1119.471680
919.743164	1245.280396
918.592773	1173.310303
917.442383	1201.298218
916.291016	1183.664917
915.139648	1155.182007
913.988281	1161.446045
912.835938	1102.593628
911.684570	1150.095825
910.532227	1236.629028
909.378906	1169.121704
908.226563	1238.264526
907.073242	1242.333740
905.919922	1229.059814
904.766602	1256.968018
903.612305	1235.029419
902.458984	1275.921509
901.304688	1247.490845
900.149414	1184.427124
898.995117	1251.281372
897.839844	1257.504028
896.684570	1255.068237
895.529297	1252.633301
894.373047	1334.555298
893.216797	1340.754028
892.060547	1409.648926
890.904297	1348.819702
889.747070	1437.132690
888.590820	1503.800903
887.432617	1520.756348
886.275391	1591.696655
885.117188	1759.771240
883.959961	1664.404053
882.801758	1670.517822
881.642578	1570.895264
880.483398	1566.239502
879.325195	1423.544922
878.165039	1384.420166
877.005859	1455.265625
875.845703	1327.776001
874.685547	1392.137573
873.525391	1335.816772
872.365234	1298.906860
871.204102	1274.934570
870.042969	1253.125732
868.881836	1259.310913
867.719727	1228.905762
866.558594	1250.155396
865.396484	1165.983765
864.233398	1187.237549
863.071289	1169.776123
861.908203	1229.716919
860.745117	1137.025024
859.582031	1153.968262
858.417969	1173.052490
857.253906	1142.724609
856.089844	1157.507690
854.925781	1243.136475
853.760742	1187.053955
852.596680	1285.515137
851.430664	1214.428223
850.265625	1272.082031
849.099609	1267.514404
847.933594	1295.112061
846.767578	1301.259888
845.601563	1318.121216
844.434570	1315.689819
843.267578	1424.661377
842.100586	1407.214111
840.933594	1528.966064
839.765625	1618.550415
838.597656	1609.633545
837.429688	1819.000610
836.260742	1884.927002
835.091797	2124.088135
833.922852	2393.084473
832.753906	2794.526123
831.583984	3262.058350
830.414063	3680.229736
829.244141	3993.517822
828.074219	3941.370361
826.903320	3750.419678
825.733398	3386.593262
824.561523	3057.083740
823.390625	2614.597412
822.218750	2381.427246
821.046875	2274.231689
819.875000	2034.839844
818.703125	1932.032349
817.530273	1812.213745
816.357422	1777.709595
815.184570	1617.487061
814.010742	1657.611938
812.836914	1601.862793
811.663086	1501.415039
810.489258	1467.016602
809.314453	1479.465088
808.139648	1451.471191
806.964844	1459.661743
805.790039	1480.612427
804.614258	1424.987305
803.438477	1437.430664
802.262695	1424.357422
801.086914	1351.777588
799.910156	1364.228394
798.733398	1419.163452
797.556641	1414.601318
796.378906	1390.929077
795.201172	1365.144165
794.023438	1396.681030
792.845703	1326.340820
791.666992	1423.643921
790.489258	1399.995239
789.309570	1386.960449
788.130859	1422.697388
786.951172	1498.694336
785.771484	1479.287964
784.591797	1415.394043
783.412109	1389.659302
782.231445	1387.232788
781.050781	1410.216553
779.870117	1291.352783
778.688477	1293.182373
777.506836	1303.475098
776.325195	1330.687622
775.143555	1296.550293
773.960938	1256.084106
772.778320	1276.946167
771.595703	1356.981689
770.413086	1236.226807
769.229492	1282.431763
768.045898	1271.584839
766.862305	1288.195923
765.677734	1300.576782
764.494141	1306.619507
763.309570	1426.620117
762.124023	1451.620972
760.939453	1550.441040
759.753906	1613.364258
758.568359	1667.825317
757.381836	1798.151001
756.196289	1898.912354
755.009766	1944.844360
753.822266	1969.689331
752.635742	1821.818726
751.448242	1804.566162
750.260742	1644.166992
749.073242	1599.599854
747.884766	1580.303589
746.696289	1470.552734
745.507813	1455.500366
744.319336	1419.426025
743.129883	1463.258301
741.940430	1401.975098
740.750977	1449.994263
739.561523	1443.366455
738.371094	1440.942383
737.180664	1428.019165
735.990234	1402.504272
734.798828	1393.793335
733.607422	1378.790405
732.416016	1370.088379
731.224609	1357.194824
730.032227	1375.764893
728.839844	1356.585327
727.647461	1335.317993
726.454102	1249.090576
725.260742	1238.333252
724.067383	1250.624023
722.874023	1283.852783
721.679688	1325.442139
720.486328	1274.901611
719.291016	1322.752808
718.096680	1238.755371
716.901367	1234.292480
715.706055	1219.373657
714.510742	1223.281128
713.315430	1285.723755
712.119141	1254.081909
710.922852	1253.799194
709.725586	1259.784180
708.529297	1349.315063
707.332031	1326.039917
706.134766	1311.126221
704.936523	1348.401855
703.738281	1329.315918
702.540039	1316.497437
701.341797	1441.353882
700.143555	1401.405151
698.944336	1455.297241
697.745117	1475.813110
696.544922	1537.999634
695.345703	1570.988403
694.145508	1568.549927
692.944336	1495.304199
691.744141	1582.414917
690.542969	1634.098022
689.341797	1658.702148
688.140625	1718.667114
686.938477	1795.246582
685.736328	1761.563354
684.534180	1748.688354
683.331055	1787.789429
682.128906	1808.167603
680.925781	1849.314941
679.721680	1796.960083
678.518555	1742.551758
677.314453	1704.779785
676.110352	1760.444580
674.905273	1803.630615
673.701172	1836.421753
672.496094	1833.929810
671.290039	1765.067261
670.084961	1781.255005
668.878906	1737.313354
667.672852	1784.590088
666.466797	1769.678467
665.259766	1742.342896
664.052734	1727.447266
662.845703	1724.983032
661.637695	1759.785889
660.429688	1806.991699
659.221680	1812.788086
658.013672	1808.236938
656.804688	1758.181885
655.595703	1739.169067
654.386719	1707.759644
653.177734	1655.694092
651.967773	1638.783691
650.757813	1644.607788
649.547852	1631.838501
648.336914	1550.925049
647.125977	1560.893921
645.915039	1523.381592
644.703125	1516.842041
643.492188	1489.672852
642.280273	1512.022705
641.067383	1488.991333
639.855469	1517.516357
638.642578	1515.107544
637.429688	1506.517090
636.215820	1530.897095
635.001953	1495.527100
633.788086	1521.957764
632.574219	1453.661499
631.359375	1469.796509
630.144531	1574.420776
628.929688	1514.389404
627.714844	1666.268921
626.499023	1641.206665
625.283203	1607.931030
624.067383	1582.893188
622.850586	1730.506470
621.633789	1734.218384
620.416992	1766.688354
619.200195	1846.380981
617.982422	1821.316284
616.764648	1822.950195
615.546875	1820.478394
614.328125	1779.020874
613.109375	1700.656006
611.890625	1741.284058
610.670898	1681.418213
609.452148	1633.880005
608.232422	1660.147705
607.011719	1713.041504
605.791992	1731.084106
604.571289	1769.599609
603.350586	1720.047119
602.128906	1719.650146
600.907227	1639.430786
599.685547	1571.525757
598.463867	1597.757935
597.241211	1603.524780
596.018555	1533.629639
594.795898	1600.739258
593.573242	1628.983643
592.349609	1571.391113
591.125977	1630.273071
589.901367	1644.193115
588.677734	1692.820557
587.453125	1690.387085
586.227539	1724.693604
585.002930	1777.349243
583.777344	1827.940186
582.551758	1786.723633
581.325195	2000.421753
580.099609	1865.404053
578.873047	1960.767700
577.645508	1901.218018
576.418945	1957.820313
575.191406	1949.218506
573.963867	1814.368164
572.735352	1905.560059
571.507813	1874.586548
570.279297	1943.337646
569.049805	1747.579956
567.821289	1793.954590
566.591797	1761.001465
565.362305	1732.129395
564.131836	1634.164185
562.901367	1564.693237
561.670898	1604.960693
560.440430	1547.715332
559.208984	1518.925537
557.977539	1538.873169
556.746094	1520.246948
555.513672	1597.003052
554.281250	1517.508911
553.048828	1456.306274
551.816406	1518.828369
550.583008	1449.544312
549.349609	1544.468140
548.116211	1515.737793
546.881836	1470.813354
545.647461	1472.494995
544.413086	1443.801025
543.177734	1467.757080
541.943359	1449.197510
540.707031	1448.858276
539.471680	1448.518921
538.235352	1492.676758
536.999023	1474.127930
535.762695	1417.176270
534.525391	1430.992188
533.289063	1402.366821
532.050781	1365.673706
530.813477	1403.728638
529.575195	1423.591919
528.336914	1431.332886
527.098633	1437.051636
525.859375	1460.928345
524.620117	1553.384521
523.380859	1460.241577
522.140625	1550.637695
520.900391	1542.209106
519.660156	1523.706909
518.419922	1519.318237
517.178711	1516.945923
515.937500	1514.574585
514.696289	1506.163452
513.454102	1566.201782
512.211914	1499.415527
510.969727	1525.220093
509.726563	1524.860229
508.483398	1532.545288
507.240234	1534.194336
505.997070	1545.893677
504.752930	1597.783081
503.508789	1555.209961
502.263672	1564.886597
501.019531	1558.491455
499.774414	1590.249146
498.528320	1517.605957
497.283203	1553.371826
496.037109	1579.088135
494.791016	1566.678223
493.543945	1564.301636
492.297852	1533.855347
491.050781	1557.546509
489.802734	1605.275391
488.554688	1652.981323
487.306641	1630.554688
486.058594	1652.197021
484.810547	1643.795898
483.561523	1665.424438
482.311523	1669.031250
481.062500	1630.620117
479.812500	1658.236450
478.562500	1717.836426
477.312500	1753.415771
476.061523	1711.022461
474.810547	1664.652344
473.558594	1728.188965
472.307617	1823.653931
471.055664	1871.146362
469.803711	1868.703857
468.550781	1972.050415
467.297852	2025.459229
466.044922	2100.787842
464.791016	2148.156006
463.538086	2337.082520
462.284180	2456.141602
461.029297	2666.828125
459.774414	2843.538086
458.519531	3006.218018
457.264648	3411.809082
456.009766	3604.142822
454.753906	3728.698242
453.497070	3594.456299
452.241211	3557.778809
450.984375	3328.153076
449.727539	2955.439453
448.469727	2803.614014
447.211914	2695.594971
445.954102	2490.243408
444.696289	2445.932861
443.437500	2381.778564
442.178711	2347.444580
440.919922	2313.126709
439.660156	2245.079346
438.400391	2310.030029
437.140625	2216.222412
435.879883	2152.213867
434.620117	2252.835449
433.358398	2184.882813
432.097656	2144.712891
430.835938	2274.988037
429.574219	2244.721436
428.311523	2317.467529
427.049805	2190.171631
425.787109	2201.521729
424.523438	2214.845459
423.260742	2200.458740
421.997070	2332.476807
420.732422	2361.581299
419.468750	2341.236328
418.204102	2398.000732
416.938477	2498.218994
415.673828	2537.133545
414.408203	2605.661133
413.142578	2684.030029
411.875977	2691.277832
410.609375	2779.457520
409.342773	2814.307861
408.076172	2906.360352
406.808594	2947.079834
405.541016	3041.026611
404.273438	3105.352783
403.004883	3238.638184
401.736328	3279.235596
400.466797	3337.544678
399.198242	3521.888184
397.928711	3556.477783
396.658203	3679.645020
395.388672	3735.829590
394.118164	3797.889893
392.847656	3824.507080
391.576172	3978.956543
390.304688	3997.649902
389.033203	4120.526367
387.760742	4127.382324
386.489258	4122.444336
385.215820	4237.340332
383.943359	4252.017090
382.669922	4317.736328
381.396484	4187.121094
380.123047	4243.010254
378.848633	4253.744141
377.574219	4262.510742
376.298828	4355.599121
375.024414	4303.555664
373.749023	4331.902832
372.472656	4328.880859
371.197266	4402.267090
369.920898	4342.425781
368.643555	4345.275879
367.367188	4283.519043
366.089844	4349.012695
364.812500	4295.110840
363.534180	4313.617188
362.255859	4191.295898
360.977539	4221.549316
359.698242	4146.225586
358.418945	4147.158203
357.139648	4105.104980
355.860352	4115.812988
354.580078	4155.809082
353.299805	3990.778809
352.018555	4091.295166
350.737305	4025.886230
349.456055	3946.851807
348.174805	3901.014404
346.892578	3820.098877
345.610352	3815.254639
344.327148	3751.940430
343.043945	3764.651367
341.760742	3679.950684
340.477539	3593.343750
339.193359	3549.615967
337.909180	3474.763184
336.625000	3421.354492
335.339844	3284.307373
334.054688	3330.176514
332.768555	3212.666260
331.483398	3159.373535
330.197266	3121.656494
328.910156	3050.922363
327.624023	2986.051270
326.336914	2956.173340
325.048828	2986.505859
323.760742	2865.399170
322.472656	2787.051025
321.184570	2747.548584
319.895508	2680.906982
318.606445	2682.177002
317.317383	2507.005615
316.027344	2492.810059
314.737305	2480.559326
313.447266	2526.437500
312.156250	2549.049072
310.866211	2552.283691
309.574219	2435.484619
308.283203	2634.232178
306.991211	2503.924805
305.698242	2613.565674
304.406250	2525.877441
303.113281	2648.991699
301.819336	2692.787354
300.526367	2665.054443
299.232422	2735.872559
297.937500	2768.022217
296.643555	2902.505615
295.348633	2950.041260
294.052734	3032.295410
292.757813	3124.156006
291.461914	3345.226074
290.166016	3512.179932
288.869141	3653.982178
287.572266	3705.108643
286.275391	3948.933350
284.977539	4157.952637
283.679688	4409.243652
282.381836	4652.703125
281.083008	4922.993164
279.784180	5081.506348
278.485352	5249.559570
277.185547	5582.977051
275.885742	5921.994141
274.585938	6128.161133
273.285156	6449.564453
271.984375	6793.866211
270.683594	7270.568359
269.381836	7441.602051
268.080078	7789.226563
266.777344	8042.595703
265.475586	8386.047852
264.172852	8577.726563
262.869141	8788.491211
261.565430	8966.540039
260.261719	9219.279297
258.958008	9362.618164
257.653320	9484.800781
256.348633	9687.392578
255.043945	9914.780273
253.738281	10107.579102
252.432617	10057.129883
251.125977	10249.790039
249.819336	10637.533203
248.512695	10674.982422
247.206055	10809.952148
245.898438	11013.686523
244.590820	11018.506836
243.282227	11059.633789
241.973633	11171.430664
240.665039	11164.739258
239.356445	11156.138672
238.046875	10931.807617
236.736328	10890.820313
235.426758	11105.546875
234.116211	10816.533203
232.805664	10895.753906
231.494141	10666.046875
230.182617	10800.541016
228.871094	10557.632813
227.558594	10598.725586
226.246094	10653.126953
224.933594	10507.554688
223.620117	10485.798828
222.306641	10325.114258
220.992188	10282.482422
219.678711	10205.628906
218.363281	10153.536133
217.048828	9972.182617
215.733398	9673.072266
214.417969	9600.249023
213.102539	9381.177734
211.786133	9268.579102
210.468750	9233.888672
209.152344	8849.924805
207.834961	8758.421875
206.517578	8473.439453
205.199219	8427.602539
203.880859	8381.789063
202.562500	8038.350586
201.243164	7852.402832
199.923828	7784.031738
198.604492	7649.392090
197.284180	7478.837891
195.963867	7476.880371
194.642578	7420.029297
193.322266	7278.049805
192.000000	7232.628418
190.678711	7153.185059
189.356445	7242.069824
188.034180	7181.565918
186.710938	7221.256348
185.387695	7376.177246
184.064453	7185.347656
182.740234	7264.657227
181.416016	7325.044922
180.091797	7266.492676
178.766602	7596.671875
177.441406	7726.715820
176.116211	7883.092773
174.790039	7994.135254
173.463867	8084.383301
172.136719	8330.988281
170.809570	8545.433594
169.482422	8614.741211
168.155273	8593.630859
166.827148	8785.242188
165.498047	9042.617188
164.169922	9160.627930
162.840820	9282.336914
161.510742	9398.336914
160.180664	9512.394531
158.850586	9665.855469
157.520508	9984.579102
156.189453	10207.330078
154.858398	10416.815430
153.526367	10522.928711
152.194336	10824.181641
150.862305	11125.272461
149.529297	11398.060547
148.196289	11661.323242
146.863281	11945.066406
145.529297	12007.474609
144.195313	12311.581055
142.860352	12403.827148
141.526367	12331.204102
140.190430	12693.015625
138.855469	12756.997070
137.519531	13114.750977
136.183594	12882.977539
134.846680	13025.404297
133.509766	13296.773438
132.171875	13070.737305
130.834961	13037.314453
129.496094	13145.903320
128.158203	13090.057617
126.819336	13045.442383
125.480469	13068.055664
124.140625	12948.810547
122.800781	12734.467773
121.460938	12790.713867
120.120117	12541.090820
118.779297	12401.596680
117.437500	12506.337891
116.095703	12411.642578
114.753906	12657.892578
113.411133	12434.701172
112.068359	12308.442383
110.725586	12279.038086
109.381836	12379.901367
108.038086	11913.317383
106.694336	11532.535156
105.349609	10919.547852
104.003906	10306.891602
102.659180	9367.512695
101.313477	8402.635742
99.966797	7369.565918
98.621094	6116.106934
