#Wave		#Intensity
3199.956055	10.638624
3199.250977	31.915873
3198.545898	14.182634
3197.840820	14.180434
3197.134766	38.990139
3196.429688	35.440071
3195.724609	14.173822
3195.018555	35.429039
3194.312500	35.423515
3193.606445	60.210583
3192.901367	42.494949
3192.195313	46.028999
3191.488281	38.941521
3190.782227	31.856253
3190.076172	46.007374
3189.369141	24.769314
3188.663086	42.455013
3187.956055	45.985703
3187.249023	67.199295
3186.541992	35.362480
3185.834961	31.821215
3185.127930	10.605398
3184.420898	45.949467
3183.712891	35.340157
3183.005859	17.667282
3182.297852	67.125038
3181.590820	31.791033
3180.882813	60.040203
3180.174805	31.780943
3179.466797	60.021130
3178.757813	28.240744
3178.049805	28.236248
3177.341797	38.818653
3176.632813	59.982899
3175.924805	52.917637
3175.215820	67.018295
3174.506836	31.740433
3173.797852	63.470707
3173.088867	17.627928
3172.379883	59.925346
3171.669922	17.622274
3170.960938	42.286663
3170.250977	14.093289
3169.541016	66.932358
3168.832031	70.443771
3168.122070	42.259449
3167.412109	45.773689
3166.701172	35.204845
3165.991211	28.159327
3165.281250	70.386932
3164.570313	52.781658
3163.860352	66.845940
3163.149414	35.176373
3162.438477	42.204800
3161.727539	49.230942
3161.016602	42.191093
3160.305664	24.607470
3159.593750	35.147808
3158.882813	70.284164
3158.170898	52.704533
3157.458984	45.669807
3156.748047	59.712307
3156.036133	38.631062
3155.324219	35.113407
3154.611328	45.639957
3153.899414	42.122292
3153.187500	10.528847
3152.474609	38.599442
3151.761719	42.101566
3151.049805	28.063101
3150.336914	80.668152
3149.624023	21.040403
3148.911133	49.086189
3148.197266	52.583679
3147.484375	52.575008
3146.770508	42.053066
3146.057617	70.076866
3145.343750	59.555492
3144.629883	42.032215
3143.916016	21.012629
3143.202148	52.522873
3142.488281	45.512276
3141.774414	59.506180
3141.059570	34.997822
3140.344727	62.985615
3139.630859	24.490334
3138.916016	73.458778
3138.201172	24.482182
3137.486328	38.465588
3136.771484	48.948040
3136.055664	24.469936
3135.340820	48.931702
3134.625000	52.418060
3133.910156	59.397202
3133.194336	76.854103
3132.478516	59.377316
3131.762695	59.367367
3131.046875	80.307083
3130.330078	24.437185
3129.614258	59.337482
3128.897461	38.388390
3128.181641	48.849735
3127.464844	38.375473
3126.748047	69.761841
3126.031250	38.362549
3125.314453	59.277576
3124.596680	31.376949
3123.879883	76.686264
3123.162109	48.792103
3122.445313	62.722095
3121.727539	34.839714
3121.009766	66.184250
3120.291992	48.759079
3119.574219	24.375406
3118.856445	55.705761
3118.137695	27.848152
3117.419922	59.167271
3116.701172	97.435410
3115.982422	31.313198
3115.263672	55.658432
3114.544922	31.302536
3113.826172	45.207069
3113.107422	52.153107
3112.387695	38.239086
3111.668945	76.465111
3110.949219	27.800745
3110.229492	62.540981
3109.509766	79.899803
3108.790039	27.786480
3108.070313	45.145294
3107.350586	38.193317
3106.629883	72.902008
3105.910156	31.238358
3105.189453	52.054989
3104.468750	27.757891
3103.748047	48.567955
3103.027344	58.965229
3102.306641	45.083294
3101.585938	65.879623
3100.864258	48.534512
3100.143555	55.458450
3099.421875	51.983326
3098.700195	58.904263
3097.978516	38.107937
3097.256836	58.883904
3096.535156	58.873718
3095.813477	41.550728
3095.090820	48.467453
3094.369141	41.536335
3093.646484	44.989895
3092.923828	72.663376
3092.201172	44.974281
3091.478516	44.966469
3090.755859	58.792088
3090.032227	38.035324
3089.309570	41.485863
3088.585938	76.044174
3087.863281	58.751175
3087.139648	69.106979
3086.416016	58.730690
3085.692383	55.266300
3084.967773	48.349571
3084.244141	65.605812
3083.519531	37.975674
3082.795898	69.034607
3082.071289	55.218025
3081.346680	58.658882
3080.622070	20.699509
3079.897461	44.841076
3079.171875	44.833214
3078.447266	65.513969
3077.721680	58.607471
3076.997070	48.256500
3076.271484	72.372032
3075.545898	41.348175
3074.820313	55.121201
3074.094727	62.000439
3073.368164	51.657932
3072.642578	58.535339
3071.916016	65.410316
3071.189453	89.493073
3070.463867	30.972904
3069.737305	65.375694
3069.009766	103.206551
3068.283203	58.473373
3067.556641	51.585030
3066.829102	61.891083
3066.102539	37.815632
3065.375000	13.748704
3064.647461	89.350739
3063.919922	72.155106
3063.192383	92.754395
3062.463867	65.260033
3061.736328	72.116699
3061.007813	65.236847
3060.279297	61.792347
3059.551758	61.781357
3058.823242	61.770367
3058.094727	106.363358
3057.365234	44.596046
3056.636719	78.886642
3055.907227	41.150909
3055.178711	27.429047
3054.449219	78.844437
3053.719727	78.830360
3052.990234	61.682308
3052.260742	47.966553
3051.530273	41.106838
3050.800781	78.774017
3050.070313	71.911232
3049.340820	41.084774
3048.610352	61.616119
3047.879883	58.182575
3047.149414	54.750252
3046.417969	51.319153
3045.687500	58.151268
3044.957031	61.560875
3044.225586	106.002464
3043.494141	51.282299
3042.762695	78.618721
3042.031250	64.934212
3041.299805	51.254627
3040.568359	71.743561
3039.835938	64.899147
3039.103516	78.547966
3038.372070	64.875755
3037.639648	78.519638
3036.907227	58.025784
3036.174805	71.665970
3035.441406	51.180733
3034.708984	95.520103
3033.975586	27.286524
3033.243164	71.614174
3032.509766	54.553307
3031.776367	57.952396
3031.042969	102.250412
3030.309570	78.377785
3029.575195	78.363579
3028.841797	102.194824
3028.107422	44.276390
3027.373047	88.536713
3026.638672	61.283516
3025.904297	61.272385
3025.169922	71.471458
3024.435547	78.264030
3023.700195	95.260620
3022.965820	98.644836
3022.230469	51.013905
3021.495117	85.007690
3020.759766	108.790016
3020.024414	67.981369
3019.289063	95.156563
3018.552734	78.150063
3017.817383	71.341385
3017.081055	74.724953
3016.344727	91.691139
3015.608398	101.860435
3014.872070	88.262909
3014.135742	78.064445
3013.398438	95.017593
3012.662109	91.607338
3011.924805	91.590569
3011.187500	91.573792
3010.451172	115.294022
3009.712891	125.444023
3008.975586	77.964417
3008.238281	118.619743
3007.500000	88.101349
3006.762695	105.024635
3006.024414	121.941689
3005.286133	77.892876
3004.547852	88.036636
3003.809570	94.791245
3003.071289	64.310799
3002.332031	118.445465
3001.592773	115.040123
3000.854492	98.104393
3000.115234	108.233177
2999.375977	94.686577
2998.636719	118.336395
2997.896484	101.412491
2997.157227	111.533157
2996.416992	91.237556
2995.677734	108.113434
2994.937500	104.715538
2994.197266	114.828079
2993.457031	114.806854
2992.715820	104.657478
2991.975586	141.767776
2991.234375	57.371574
2990.494141	111.347733
2989.752930	101.206467
2989.011719	70.831398
2988.270508	107.913559
2987.528320	131.495270
2986.787109	101.131439
2986.044922	97.742256
2985.303711	114.573097
2984.561523	107.813484
2983.819336	97.687820
2983.077148	175.131821
2982.334961	101.018814
2981.591797	107.733360
2980.849609	117.811447
2980.106445	171.636169
2979.363281	117.767601
2978.620117	117.745674
2977.876953	154.722626
2977.133789	158.056717
2976.389648	158.027252
2975.646484	114.296272
2974.902344	191.578598
2974.158203	157.938843
2973.414063	147.830032
2972.669922	157.879883
2971.925781	188.077057
2971.181641	177.968246
2970.436523	184.649506
2969.692383	174.545074
2968.947266	184.580460
2968.202148	171.124390
2967.457031	181.156631
2966.710938	201.247452
2965.965820	217.977249
2965.220703	194.466339
2964.474609	184.373169
2963.728516	214.503098
2962.982422	217.813858
2962.236328	217.772995
2961.490234	211.032684
2960.743164	247.833130
2959.997070	207.604980
2959.250000	251.087875
2958.502930	234.304657
2957.755859	250.993515
2957.008789	267.676086
2956.261719	260.935089
2955.514648	267.575378
2954.766602	277.557190
2954.018555	267.474640
2953.271484	300.852295
2952.523438	290.769104
2951.775391	263.981964
2951.026367	283.977692
2950.278320	267.222717
2949.529297	307.248169
2948.781250	273.799957
2948.032227	290.440247
2947.283203	300.398682
2946.534180	303.679077
2945.784180	336.986725
2945.035156	346.930664
2944.285156	273.489777
2943.536133	310.118774
2942.786133	333.397980
2942.036133	310.001434
2941.286133	309.942780
2940.535156	299.887817
2939.785156	299.831024
2939.034180	289.781769
2938.284180	289.726837
2937.533203	289.671936
2936.782227	302.932709
2936.031250	329.501648
2935.279297	316.128479
2934.528320	302.760315
2933.776367	289.397217
2933.025391	309.296906
2932.273438	285.962158
2931.521484	242.689194
2930.768555	285.853485
2930.016602	302.415344
2929.264648	242.550797
2928.511719	265.758514
2927.758789	288.957397
2927.005859	245.733063
2926.252930	255.646530
2925.500000	258.917297
2924.747070	225.679764
2923.993164	265.455017
2923.240234	285.309723
2922.486328	218.916885
2921.732422	255.354309
2920.978516	235.411652
2920.223633	258.571899
2919.469727	228.693008
2918.715820	258.473145
2917.960938	235.231903
2917.206055	304.749298
2916.451172	258.325012
2915.696289	261.586853
2914.941406	248.294464
2914.185547	238.317093
2913.430664	277.983398
2912.674805	224.991119
2911.918945	218.331924
2911.163086	221.597534
2910.407227	224.861877
2909.651367	264.492706
2908.894531	287.580688
2908.138672	234.647293
2907.381836	254.427841
2906.625000	244.468155
2905.868164	270.845184
2905.111328	241.071991
2904.353516	260.836029
2903.596680	273.990295
2902.838867	254.134949
2902.081055	234.287201
2901.323242	273.832397
2900.565430	273.779755
2899.807617	257.237518
2899.049805	243.998901
2898.291016	267.028503
2897.532227	280.161163
2896.773438	243.858063
2896.014648	263.579559
2895.255859	260.234680
2894.497070	263.478027
2893.738281	270.012939
2892.978516	296.298523
2892.218750	230.409973
2891.458984	276.438629
2890.699219	243.482300
2889.939453	207.248978
2889.179688	253.255417
2888.418945	256.494904
2887.659180	282.747467
2886.898438	253.108704
2886.137695	256.346283
2885.376953	243.153320
2884.616211	256.247192
2883.854492	236.490128
2883.093750	246.296234
2882.332031	262.665161
2881.570313	226.504852
2880.808594	269.127563
2880.046875	252.668411
2879.285156	232.934830
2878.522461	213.208893
2877.760742	232.844574
2876.998047	259.030365
2876.235352	258.980133
2875.472656	258.929901
2874.709961	222.833145
2873.946289	265.382080
2873.183594	262.054901
2872.419922	196.503021
2871.656250	275.050781
2870.892578	271.723602
2870.128906	229.119949
2869.365234	215.985397
2868.600586	284.652679
2867.836914	242.071289
2867.072266	245.294800
2866.307617	199.467636
2865.542969	238.660706
2864.778320	212.464752
2864.013672	235.299744
2863.248047	231.986511
2862.483398	254.808777
2861.717773	258.025269
2860.952148	231.850937
2860.186523	280.778778
2859.419922	251.345932
2858.654297	234.978928
2857.887695	261.036774
2857.122070	241.411896
2856.355469	241.364761
2855.588867	283.711273
2854.822266	251.051758
2854.054688	198.846313
2853.288086	244.435394
2852.520508	257.421631
2851.752930	309.497131
2850.985352	283.378815
2850.217773	293.093140
2849.450195	227.916748
2848.682617	257.169983
2847.914063	234.336899
2847.145508	296.117828
2846.377930	273.286011
2845.609375	256.968628
2844.839844	253.666153
2844.071289	234.107483
2843.302734	282.824432
2842.533203	240.516129
2841.763672	272.964752
2840.994141	224.177078
2840.224609	230.629700
2839.455078	279.299438
2838.684570	233.786194
2837.915039	217.508316
2837.144531	236.940125
2836.374023	246.628922
2835.603516	223.869095
2834.833008	214.093567
2834.062500	269.185944
2833.291016	233.464783
2832.520508	275.563934
2831.749023	217.166473
2830.977539	226.845688
2830.206055	230.041046
2829.433594	233.235123
2828.662109	233.189194
2827.889648	220.190842
2827.118164	268.709381
2826.345703	220.104065
2825.573242	249.186340
2824.799805	165.012955
2824.027344	223.208786
2823.254883	181.119217
2822.481445	236.055237
2821.708008	248.940613
2820.934570	193.941406
2820.161133	222.988556
2819.387695	248.793152
2818.613281	216.439575
2817.839844	235.775620
2817.065430	187.291534
2816.291016	245.367966
2815.516602	190.445343
2814.741211	206.543915
2813.966797	200.049820
2813.192383	241.947845
2812.416992	225.773285
2811.641602	245.076736
2810.866211	203.115479
2810.090820	203.075226
2809.314453	196.589432
2808.539063	206.216873
2807.762695	190.068481
2806.986328	212.576813
2806.209961	235.076187
2805.433594	247.907867
2804.657227	189.917679
2803.880859	196.316589
2803.103516	222.018921
2802.326172	180.153473
2801.548828	189.766846
2800.771484	228.318115
2799.994141	131.819458
2799.216797	205.726044
2798.438477	192.829819
2797.660156	157.446350
2796.881836	263.429230
2796.103516	170.231339
2795.325195	228.000366
2794.546875	192.638000
2793.767578	154.079697
2792.989258	189.351898
2792.209961	221.401306
2791.430664	182.860275
2790.651367	211.690735
2789.871094	221.268906
2789.091797	243.667862
2788.311523	176.303391
2787.531250	201.907227
2786.751953	205.071152
2785.970703	217.844589
2785.190430	188.974457
2784.410156	204.948288
2783.628906	204.907333
2782.847656	201.665344
2782.067383	198.424622
2781.285156	214.383728
2780.503906	211.141724
2779.722656	211.099472
2778.940430	191.870209
2778.159180	211.014969
2777.376953	163.024368
2776.594727	185.363129
2775.812500	182.130722
2775.029297	178.899582
2774.247070	204.415680
2773.463867	207.568054
2772.680664	194.755569
2771.897461	201.100647
2771.114258	220.208893
2770.331055	197.829147
2769.546875	185.028824
2768.763672	184.991669
2767.979492	188.143372
2767.195313	178.540894
2766.411133	162.567062
2765.626953	181.656067
2764.841797	200.737396
2764.056641	187.954346
2763.272461	187.916534
2762.487305	197.431885
2761.702148	206.943375
2760.916016	197.352402
2760.130859	187.765259
2759.344727	194.091080
2758.559570	171.783722
2757.773438	159.026932
2756.987305	184.434052
2756.201172	181.217606
2755.414063	200.252747
2754.627930	187.500443
2753.840820	158.866623
2753.053711	222.368362
2752.266602	187.386917
2751.479492	231.804779
2750.692383	193.660751
2749.904297	190.447495
2749.116211	165.021133
2748.328125	244.308807
2747.540039	231.570602
2746.751953	209.322845
2745.963867	196.596817
2745.174805	218.748947
2744.386719	187.008331
2743.597656	205.984406
2742.808594	196.437637
2742.019531	199.565536
2741.229492	177.355637
2740.440430	164.653976
2739.650391	174.117935
2738.861328	231.055115
2738.071289	170.882797
2737.280273	170.848114
2736.490234	189.792694
2735.700195	189.754150
2734.909180	208.687180
2734.118164	189.677063
2733.327148	202.281082
2732.536133	180.119965
2731.745117	183.242691
2730.953125	217.951279
2730.162109	208.432724
2729.370117	202.075439
2728.578125	220.975021
2727.786133	167.275589
2726.994141	189.330017
2726.201172	160.897720
2725.409180	173.481781
2724.616211	195.521423
2723.823242	189.175690
2723.030273	185.984818
2722.236328	170.188660
2721.443359	179.606918
2720.649414	163.818481
2719.856445	179.533585
2719.062500	170.049698
2718.268555	204.647629
2717.473633	188.866898
2716.679688	204.563980
2715.884766	157.324722
2715.089844	210.772003
2714.295898	179.276810
2713.500000	191.818359
2712.705078	210.642609
2711.910156	188.596542
2711.114258	172.844742
2710.318359	185.377274
2709.522461	194.763306
2708.726563	207.286179
2707.930664	166.422943
2707.134766	166.388794
2706.337891	175.770950
2705.541016	144.353638
2704.744141	194.523651
2703.947266	185.073196
2703.150391	206.988495
2702.352539	200.674866
2701.555664	210.038300
2700.757813	241.337662
2699.959961	178.615799
2699.162109	172.313110
2698.364258	212.997818
2697.565430	184.768875
2696.767578	190.992889
2695.968750	203.475082
2695.169922	219.081848
2694.371094	168.971161
2693.571289	168.936325
2692.772461	203.307327
2691.972656	203.265381
2691.173828	184.464340
2690.374023	203.181458
2689.573242	256.268280
2688.773438	156.228867
2687.973633	215.551285
2687.172852	234.246445
2686.372070	202.971603
2685.571289	215.417603
2684.770508	209.130325
2683.969727	224.690552
2683.167969	230.884155
2682.367188	180.925766
2681.565430	221.432220
2680.763672	202.677628
2679.961914	196.400665
2679.159180	205.710403
2678.357422	233.713333
2677.554688	183.816345
2676.751953	246.075882
2675.949219	189.968506
2675.146484	221.064957
2674.343750	221.019028
2673.540039	205.411606
2672.736328	186.699005
2671.932617	180.438171
2671.128906	211.504181
2670.325195	214.569870
2669.521484	226.961456
2668.716797	180.287979
2667.912109	183.358200
2667.107422	186.427109
2666.302734	260.943542
2665.498047	208.090134
2664.693359	232.888138
2663.887695	189.376160
2663.082031	214.167664
2662.276367	248.258484
2661.470703	204.770477
2660.665039	232.645096
2659.858398	232.596481
2659.052734	223.245926
2658.246094	251.099152
2657.439453	232.450562
2656.632813	210.711075
2655.826172	192.078690
2655.051758	204.876740
2655.018555	204.428040
2654.246094	198.668350
2654.210938	235.352676
2653.440430	192.428940
2653.404297	213.630676
2652.634766	195.501099
2652.596680	204.299545
2651.829102	223.393738
2651.788086	204.256699
2651.023438	189.233551
2650.980469	185.648941
2650.217773	192.304626
2650.171875	222.731979
2649.411133	217.082962
2649.364258	235.056625
2648.604492	210.846405
2648.555664	219.546249
2647.798828	198.411484
2647.747070	197.859268
2646.992188	204.578613
2646.938477	191.635880
2646.185547	213.842880
2646.128906	197.776108
2645.378906	170.426727
2645.320313	213.182510
2644.571289	213.773270
2644.510742	240.938232
2643.764648	204.445450
2643.701172	185.298096
2642.957031	198.217789
2642.891602	179.083786
2642.150391	219.861954
2642.081055	225.351074
2641.342773	185.768463
2641.271484	185.181046
2640.535156	191.929352
2640.460938	200.570511
2639.727539	207.373566
2639.651367	206.698334
2638.918945	225.907303
2638.840820	228.245529
2638.111328	238.246704
2638.029297	228.197372
2637.303711	216.552353
2637.218750	203.484421
2636.495117	197.958191
2636.408203	240.430817
2635.686523	219.573746
2635.596680	212.643875
2634.877930	188.616821
2634.785156	218.761230
2634.069336	238.050858
2633.973633	206.393021
2633.260742	176.190414
2633.162109	218.668747
2632.452148	250.334534
2632.349609	181.672211
2631.642578	228.662903
2631.538086	209.340622
2630.833984	225.535568
2630.725586	218.529968
2630.024414	222.409241
2629.913086	264.642212
2629.214844	197.664352
2629.100586	218.437408
2628.405273	231.599533
2628.288086	215.315186
2627.595703	209.948746
2627.474609	193.742584
2626.785156	234.609634
2626.662109	227.522400
2625.975586	231.484192
2625.848633	227.474121
2625.165039	231.445694
2625.035156	258.159058
2624.355469	215.980026
2624.221680	233.522903
2623.544922	209.774216
2623.407227	264.193481
2622.734375	188.148438
2622.593750	257.994598
2621.923828	259.046417
2621.779297	218.020523
2621.113281	246.669678
2620.964844	245.604691
2620.301758	231.214157
2620.150391	233.274826
2619.491211	249.669525
2619.335938	242.431442
2618.679688	228.054962
2618.521484	263.856537
2617.868164	203.366287
2617.706055	242.328217
2617.056641	234.140091
2616.890625	226.942627
2616.245117	283.385162
2616.076172	208.497421
2615.433594	203.263916
2615.259766	245.238785
2614.621094	234.022125
2614.444336	217.602997
2613.809570	227.825317
2613.628906	235.941635
2612.997070	255.490784
2612.812500	263.462982
2612.185547	233.903946
2611.996094	223.589417
2611.373047	212.324356
2611.179688	223.541656
2610.559570	209.211868
2610.363281	199.001404
2609.747070	215.328781
2609.546875	232.628815
2608.934570	202.989960
2608.729492	257.061066
2608.121094	258.307159
2607.912109	217.231323
2607.308594	196.772125
2607.095703	241.656357
2606.495117	215.183060
2606.277344	266.070892
2605.681641	212.073044
2605.459961	238.495224
2604.868164	239.694061
2604.642578	247.615036
2604.054688	227.363434
2603.824219	213.942429
2603.240234	224.252838
2603.005859	198.618210
2602.426758	239.571869
2602.187500	235.235703
2601.612305	261.027466
2601.369141	250.456985
2600.798828	233.349503
2600.550781	250.403198
2599.984375	230.239868
2599.731445	228.978119
2599.169922	245.547287
2598.913086	238.086060
2598.354492	214.817200
2598.093750	231.931412
2597.540039	282.282928
2597.274414	207.472946
2596.725586	230.082611
2596.455078	259.285370
2595.910156	263.782898
2595.634766	213.483170
2595.094727	220.803680
2594.815430	219.535400
2594.279297	214.633469
2593.995117	222.536545
2593.463867	260.581665
2593.174805	252.966461
2592.648438	208.429550
2592.354492	249.864792
2591.833008	257.427582
2591.533203	213.253204
2591.016602	208.357925
2590.712891	216.252991
2590.201172	226.703445
2589.891602	249.703049
2589.384766	205.223206
2589.070313	255.738129
2588.568359	241.937912
2588.249023	246.551331
2587.751953	208.214462
2587.427734	216.066177
2586.935547	223.485794
2586.606445	225.147034
2586.118164	238.751816
2585.784180	200.763367
2585.301758	205.046265
2584.961914	234.173233
2584.484375	223.369995
2584.139648	237.163086
2583.666992	201.916016
2583.317383	255.351059
2582.849609	232.469101
2582.495117	264.413422
2582.032227	259.953308
2581.671875	264.356110
2581.214844	262.965973
2580.849609	252.147095
2580.397461	232.348221
2580.026367	209.570770
2579.579102	238.421249
2579.203125	233.818054
2578.761719	262.829041
2578.379883	203.407883
2577.943359	250.560883
2577.555664	218.540085
2577.125000	219.966400
2576.732422	215.457947
2576.306641	186.327988
2575.908203	260.920471
2575.488281	280.970306
2575.083984	209.297623
2574.668945	210.690994
2574.259766	257.774292
2573.850586	219.813126
2573.434570	251.654190
2573.031250	238.089325
2572.610352	245.536728
2572.211914	289.929932
2571.785156	263.667145
2571.392578	216.646606
2570.959961	239.369690
2570.573242	237.964493
2570.134766	227.200134
2569.753906	234.872559
2569.309570	263.494629
2568.933594	280.577789
2568.484375	248.297028
2568.114258	231.741043
2567.658203	224.023987
2567.293945	216.456955
2566.832031	233.055084
2566.473633	246.900513
2566.005859	196.691803
2565.653320	262.095245
2565.179688	220.851700
2564.833008	225.484192
2564.353516	223.828064
2564.012695	222.398010
2563.526367	235.875229
2563.191406	219.312866
2562.699219	275.127502
2562.371094	252.774490
2561.872070	247.862747
2561.549805	225.325500
2561.044922	253.852509
2560.728516	225.285782
2560.217773	262.860992
2559.907227	255.684692
2559.389648	262.803314
2559.085938	313.462799
2558.562500	223.484772
2558.264648	222.123718
2557.734375	262.687897
2557.442383	261.633759
2556.906250	283.761322
2556.620117	261.587463
2556.078125	232.391693
2555.798828	252.417664
2555.249023	205.183884
2554.976563	221.966583
2554.420898	256.423401
2554.154297	261.448547
2553.591797	256.366943
2553.331055	237.085709
2552.762695	283.449249
2552.508789	234.004639
2551.933594	253.239243
2551.686523	243.078537
2551.103516	256.197479
2550.863281	252.149185
2550.274414	262.167816
2550.040039	279.441010
2549.444336	228.969620
2549.216797	270.280701
2548.614258	298.197205
2548.393555	261.123657
2547.784180	255.971344
2547.570313	294.470764
2546.954102	283.011627
2546.746094	248.889679
2546.123047	261.878387
2545.922852	270.088196
2545.292969	282.886444
2545.098633	239.698456
2544.461914	261.762482
2544.274414	260.890991
2543.630859	222.599258
2543.450195	224.447495
2542.799805	231.572235
2542.625977	242.602585
2541.967773	228.514130
2541.801758	260.751160
2541.136719	270.548828
2540.976563	260.704498
2540.304688	261.472504
2540.151367	227.317871
2539.472656	243.385880
2539.327148	230.307510
2538.640625	255.348221
2538.501953	248.445160
2537.807617	273.312042
2537.676758	254.459152
2536.975586	249.229202
2536.850586	269.557159
2536.142578	300.209351
2536.025391	260.424194
2535.309570	249.118317
2535.199219	260.377411
2534.476563	246.062103
2534.374023	269.411896
2533.643555	261.007721
2533.547852	281.469666
2532.809570	257.950134
2532.721680	239.054871
2531.976563	245.897614
2531.895508	269.266479
2531.142578	236.848511
2531.068359	296.442261
2530.308594	281.756836
2530.242188	257.071930
2529.473633	278.697174
2529.415039	257.025574
2528.639648	260.658447
2528.588867	260.002472
2527.804688	242.627762
2527.761719	299.251129
2526.969727	287.494507
2526.934570	253.864182
2526.134766	260.483612
2526.106445	293.099701
2525.299805	227.497940
2525.279297	277.941193
2524.464844	302.265076
2524.452148	259.767548
2523.628906	239.364227
2523.624023	265.760529
2522.795898	256.654022
2522.792969	287.172668
2521.967773	250.569672
2521.957031	272.154663
2521.139648	280.707855
2521.121094	287.043793
2520.311523	241.425308
2520.285156	260.075012
2519.482422	280.605957
2519.448242	254.039169
2518.654297	274.521545
2518.612305	259.958099
2517.825195	295.584869
2517.775391	286.785797
2516.996094	304.577972
2516.937500	274.774536
2516.166992	259.296448
2516.100586	256.796631
2515.337891	298.438049
2515.263672	274.650787
2514.507813	292.355743
2514.425781	274.588867
2513.678711	280.248749
2513.587891	268.558960
2512.848633	256.094635
2512.750000	229.715256
2512.018555	289.183533
2511.912109	325.107941
2511.188477	234.918732
2511.073242	277.322998
2510.358398	319.190216
2510.234375	286.204193
2509.528320	249.886292
2509.395508	274.217010
2508.697266	273.921631
2508.556641	259.255249
2507.867188	270.861938
2507.717773	271.113617
2507.036133	279.839447
2506.878906	259.137848
2506.205078	330.932312
2506.039063	315.659607
2505.374023	258.681488
2505.199219	267.952087
2504.542969	258.634094
2504.359375	288.727295
2503.710938	294.668518
2503.519531	276.758179
2502.879883	246.514130
2502.678711	291.571411
2502.047852	255.486023
2501.838867	285.556061
2501.215820	333.573425
2500.998047	309.282074
2500.383789	258.396790
2500.157227	270.560242
2499.551758	252.341156
2499.316406	309.141327
2498.719727	258.301758
2498.474609	291.239899
2497.886719	306.301514
2497.633789	291.173523
2497.053711	258.206665
2496.791992	255.461365
2496.221680	258.159088
2495.950195	305.889740
2495.388672	276.119293
2495.108398	296.912537
2494.554688	294.072845
2494.265625	311.686981
2493.721680	279.017639
2493.423828	302.712433
2492.888672	287.965057
2492.581055	278.906494
2492.054688	314.903625
2491.738281	290.708344
2491.220703	263.870453
2490.895508	290.641815
2490.387695	275.813568
2490.051758	293.540283
2489.552734	296.744507
2489.208984	278.651154
2488.718750	242.746033
2488.365234	299.333099
2487.884766	287.645752
2487.521484	278.523346
2487.049805	275.609467
2486.677734	314.007416
2486.215820	293.529602
2485.833008	305.050323
2485.380859	335.400208
2484.989258	296.097290
2484.545898	302.403015
2484.144531	290.108612
2483.710938	290.372772
2483.299805	257.486145
2482.875000	317.255676
2482.455078	343.235840
2482.040039	251.363464
2481.609375	310.616028
2481.204102	317.137817
2480.764648	310.544434
2480.368164	302.122314
2479.918945	289.774628
2479.532227	325.992157
2479.073242	319.269775
2478.696289	272.107941
2478.227539	274.863281
2477.860352	349.787933
2477.381836	301.393311
2477.023438	319.831970
2476.535156	289.507019
2476.187500	334.714996
2475.688477	336.695557
2475.350586	328.676666
2474.841797	307.089783
2474.513672	292.766418
2473.995117	286.353943
2473.676758	328.554047
2473.148438	271.530487
2472.839844	280.711975
2472.300781	354.088104
2472.001953	319.474152
2471.453125	286.154816
2471.165039	298.518188
2470.605469	286.088379
2470.327148	343.231750
2469.757813	283.073273
2469.489258	292.438446
2468.910156	336.071381
2468.651367	343.103394
2468.061523	315.362061
2467.813477	283.380188
2467.212891	312.342041
2466.975586	292.274292
2466.364258	326.998993
2466.136719	316.074188
2465.515625	288.634552
2465.297852	301.108582
2464.666992	323.902039
2464.458984	268.264282
2463.817383	285.556091
2463.620117	295.035370
2462.967773	314.921356
2462.781250	294.979980
2462.118164	306.020294
2461.942383	327.694000
2461.268555	291.239685
2461.102539	297.847687
2460.418945	341.170746
2460.263672	309.703400
2459.568359	285.222595
2459.423828	294.758392
2458.717773	320.432831
2458.583984	285.772583
2457.867188	299.784302
2457.744141	321.433655
2457.016602	296.775665
2456.903320	276.738007
2456.166016	317.269836
2456.063477	297.511688
2455.314453	314.258392
2455.222656	294.481110
2454.462891	340.611328
2454.382813	300.373596
2453.611328	267.140930
2453.541992	312.210693
2452.759766	340.451202
2452.701172	315.124695
2451.907227	311.028748
2451.859375	309.120605
2451.055664	290.420746
2451.018555	315.005768
2450.203125	307.949432
2450.176758	255.522446
2449.350586	299.080353
2449.334961	291.121735
2448.497070	255.037766
2448.493164	302.946960
2447.651367	317.737213
2447.644531	307.731537
2446.809570	252.360321
2446.791016	310.588928
2445.967773	255.280960
2445.937500	290.009796
2445.125000	276.007385
2445.083984	275.297699
2444.282227	246.282516
2444.230469	333.792694
2443.439453	272.936127
2443.375977	292.731262
2442.596680	263.985992
2442.522461	298.515137
2441.753906	263.935913
2441.667969	289.666595
2440.911133	302.430969
2440.813477	295.448334
2440.067383	302.373596
2439.958008	312.925385
2439.223633	320.099487
2439.103516	315.774902
2438.380859	331.891968
2438.248047	280.622070
2437.536133	305.164093
2437.392578	309.779816
2436.692383	296.219513
2436.537109	262.958008
2435.848633	305.048065
2435.680664	283.342773
2435.003906	281.301483
2434.825195	303.717804
2434.160156	275.326965
2433.968750	300.725677
2433.315430	316.713715
2433.112305	253.950394
2432.470703	263.384613
2432.255859	321.010040
2431.625000	272.210876
2431.398438	291.757568
2430.780273	322.449249
2430.541992	277.103394
2429.935547	254.360977
2429.684570	282.869446
2429.089844	277.969452
2428.827148	311.956543
2428.244141	286.786072
2427.968750	268.160034
2427.398438	307.423279
2427.111328	218.556305
2426.552734	286.676575
2426.252930	279.684937
2425.706055	277.757202
2425.394531	273.792419
2424.860352	280.658447
2424.536133	273.726654
2424.013672	254.021164
2423.677734	229.991562
2423.166992	292.363800
2422.818359	311.432617
2422.320313	286.402649
2421.959961	250.250061
2421.473633	262.731506
2421.100586	267.644867
2420.626953	268.584167
2420.240234	282.122742
2419.779297	250.827271
2419.380859	267.515808
2418.931641	280.282654
2418.520508	276.172455
2418.084961	321.525818
2417.661133	296.450378
2417.237305	289.022827
2416.799805	273.133301
2416.388672	288.967377
2415.939453	246.922501
2415.541016	227.002243
2415.079102	290.426758
2414.692383	274.118896
2414.217773	281.645691
2413.844727	250.490677
2413.356445	243.840256
2412.996094	279.906403
2412.147461	276.906799
2411.298828	321.032318
2410.449219	267.966278
2409.600586	262.026489
2408.750977	297.298676
2407.901367	320.785309
2407.051758	226.566162
2406.202148	276.533997
2405.352539	300.010956
2404.501953	229.375931
2403.651367	276.374084
2402.801758	285.139526
2401.950195	326.230713
2401.099609	282.091003
2400.249023	308.477448
2399.397461	302.543243
2398.546875	276.054077
2397.695313	284.809235
2396.843750	273.011719
2395.991211	296.439240
2395.139648	328.661072
2394.288086	237.646378
2393.435547	281.600433
2392.583008	287.411407
2391.730469	299.084534
2390.877930	287.300018
2390.024414	275.520050
2389.171875	269.605621
2388.318359	263.693451
2387.464844	251.924835
2386.611328	275.306244
2385.757813	278.180969
2384.903320	316.186401
2384.049805	242.947876
2383.195313	245.827148
2382.340820	304.298248
2381.486328	295.462921
2380.631836	301.255005
2379.776367	312.893311
2378.921875	271.901031
2378.066406	336.156219
2377.210938	309.787964
2376.355469	303.883667
2375.499023	300.903015
2374.643555	280.398590
2373.787109	286.184387
2372.930664	327.004028
2372.074219	300.668213
2371.217773	306.446564
2370.361328	259.699188
2369.503906	271.318024
2368.647461	277.098663
2367.790039	265.379425
2366.932617	259.496155
2366.075195	268.190704
2365.216797	326.429138
2364.359375	276.827637
2363.500977	326.301300
2362.642578	334.975891
2361.784180	297.050812
2360.925781	305.727661
2360.067383	317.312195
2359.208008	282.323364
2358.348633	334.647583
2357.490234	250.209061
2356.629883	244.342270
2355.770508	299.551331
2354.911133	308.215546
2354.050781	305.247864
2353.190430	299.374756
2352.330078	342.905579
2351.469727	267.297516
2350.609375	331.151337
2349.749023	293.330719
2348.887695	348.443146
2348.026367	316.440186
2347.165039	278.644714
2346.303711	316.315521
2345.442383	313.351746
2344.580078	301.686646
2343.717773	295.826630
2342.856445	284.169495
2341.994141	307.306366
2341.130859	298.550079
2340.268555	301.389099
2339.405273	315.816559
2338.542969	324.444641
2337.679688	286.729218
2336.816406	272.194122
2335.953125	332.937622
2335.088867	364.711670
2334.225586	306.760223
2333.361328	309.592896
2332.497070	318.210083
2331.632813	297.901337
2330.767578	323.867401
2329.903320	315.129913
2329.038086	315.067474
2328.172852	297.665283
2327.307617	343.836334
2326.442383	349.545776
2325.577148	346.588165
2324.710938	294.541473
2323.845703	311.805542
2322.979492	349.268311
2322.113281	354.970825
2321.246094	328.931976
2320.379883	340.405762
2319.512695	291.306335
2318.646484	366.223267
2317.779297	322.904297
2316.912109	322.840057
2316.043945	319.893860
2315.176758	308.304779
2314.308594	308.243378
2313.440430	336.984039
2312.572266	334.037262
2311.704102	382.914673
2310.835938	368.445923
2309.966797	322.325897
2309.098633	353.912292
2308.229492	287.676178
2307.360352	316.380646
2306.490234	310.566254
2305.621094	310.504242
2304.750977	313.316681
2303.881836	373.605804
2303.011719	313.191498
2302.141602	295.892426
2301.270508	321.682770
2300.400391	347.462769
2299.529297	361.748352
2298.658203	318.619324
2297.787109	335.774750
2296.916016	329.968933
2296.044922	367.196228
2295.172852	324.100494
2294.300781	352.711243
2293.428711	303.901611
2292.556641	312.439972
2291.684570	343.901611
2290.812500	329.506287
2289.939453	335.169556
2289.066406	349.422913
2288.193359	360.806946
2287.320313	337.830719
2286.447266	326.313293
2285.573242	377.760529
2284.699219	326.182159
2283.825195	340.419952
2282.951172	346.071716
2282.077148	328.845001
2281.203125	397.393555
2280.328125	308.704071
2279.453125	382.944641
2278.578125	342.866455
2277.703125	317.087616
2276.828125	348.440521
2275.952148	311.248871
2275.077148	354.009949
2274.201172	311.123413
2273.325195	316.768219
2272.448242	328.117126
2271.572266	330.903534
2270.695313	367.913300
2269.819336	347.878784
2268.942383	279.387207
2268.064453	344.888000
2267.187500	344.818329
2266.310547	324.804535
2265.432617	350.376160
2264.554688	347.457306
2263.676758	316.065277
2262.798828	350.163666
2261.919922	321.630005
2261.041992	350.021973
2260.163086	344.260864
2259.284180	352.724823
2258.405273	321.369629
2257.525391	309.930939
2256.646484	346.824890
2255.766602	318.332092
2254.886719	326.792572
2254.006836	366.501678
2253.126953	326.660034
2252.247070	343.633453
2251.366211	332.206238
2250.485352	357.687958
2249.604492	360.453552
2248.723633	363.217987
2247.842773	388.677795
2246.960938	377.252869
2246.080078	345.981171
2245.198242	357.252197
2244.316406	360.014313
2243.433594	354.272736
2242.551758	391.037506
2241.668945	359.794647
2240.786133	354.056488
2239.903320	382.303162
2239.020508	399.213104
2238.137695	334.025177
2237.253906	384.899750
2236.371094	393.310028
2235.487305	390.400848
2234.603516	376.179169
2233.718750	393.069489
2232.834961	347.753113
2231.950195	392.909119
2231.065430	327.828461
2230.180664	387.097656
2229.295898	358.769073
2228.411133	305.032654
2227.525391	369.917725
2226.639648	347.256348
2225.753906	406.460907
2224.868164	358.402649
2223.982422	411.937683
2223.095703	375.181549
2222.209961	389.206451
2221.323242	358.109467
2220.436523	411.600616
2219.549805	411.516327
2218.662109	352.253448
2217.775391	388.808167
2216.887695	352.109131
2216.000000	405.546570
2215.112305	371.674805
2214.223633	385.674286
2213.335938	391.224304
2212.447266	351.748230
2211.558594	346.049225
2210.669922	399.421997
2209.781250	410.588989
2208.891602	334.589417
2208.001953	387.931549
2207.113281	359.746643
2206.222656	387.772125
2205.333008	376.454926
2204.443359	356.716003
2203.552734	412.806824
2202.662109	356.569275
2201.771484	421.058136
2200.880859	384.487274
2199.990234	420.884796
2199.098633	356.275726
2198.208008	336.569122
2197.316406	384.170593
2196.424805	364.466309
2195.532227	378.406219
2194.640625	409.154907
2193.748047	372.646423
2192.855469	364.165741
2191.962891	378.094055
2191.070313	394.816742
2190.176758	349.942566
2189.284180	321.880676
2188.390625	374.983490
2187.497070	391.692841
2186.603516	355.247925
2185.708984	383.140991
2184.815430	371.877472
2183.920898	391.368988
2183.026367	377.313446
2182.131836	346.497681
2181.237305	377.157288
2180.341797	351.940582
2179.446289	399.341919
2178.551758	315.498535
2177.655273	429.882355
2176.759766	385.139404
2175.864258	348.785828
2174.967773	337.554688
2174.071289	379.321594
2173.174805	390.397125
2172.278320	404.255951
2171.381836	384.660278
2170.484375	406.874939
2169.586914	345.493256
2168.689453	362.135406
2167.791992	367.630341
2166.894531	381.476410
2165.996094	314.583008
2165.097656	384.101135
2164.199219	358.976379
2163.300781	395.070068
2162.402344	386.643036
2161.502930	381.000519
2160.604492	369.799377
2159.705078	355.823029
2158.805664	402.996796
2157.905273	397.355408
2157.005859	408.385101
2156.105469	436.075470
2155.205078	410.991791
2154.304688	385.918518
2153.404297	399.717041
2152.502930	399.633636
2151.602539	360.705048
2150.701172	410.563049
2149.799805	407.703796
2148.898438	360.479065
2147.996094	424.167450
2147.094727	399.132965
2146.192383	410.134216
2145.290039	382.342468
2144.387695	382.262482
2143.484375	415.415741
2142.582031	423.635376
2141.678711	406.936981
2140.775391	387.477875
2139.872070	423.369263
2138.968750	437.113251
2138.064453	423.191833
2137.160156	436.929993
2136.255859	392.601563
2135.351563	384.226563
2134.447266	400.727753
2133.542969	466.957092
2132.637695	375.697235
2131.732422	389.427826
2130.827148	411.436584
2129.921875	414.110870
2129.015625	444.385590
2128.109375	436.013428
2127.204102	430.403748
2126.296875	493.756836
2125.390625	477.105927
2124.484375	479.762756
2123.577148	432.798248
2122.669922	454.755890
2121.762695	493.237335
2120.855469	471.093933
2119.947266	476.503357
2119.040039	462.634033
2118.131836	462.536469
2117.223633	478.954590
2116.315430	459.589325
2115.406250	484.255402
2114.498047	445.640991
2113.588867	440.046295
2112.679688	453.701904
2111.770508	456.355164
2110.860352	428.773254
2109.951172	417.690735
2109.041016	423.097198
2108.130859	412.020477
2107.220703	447.634186
2106.309570	507.943542
2105.399414	439.209534
2104.488281	477.539215
2103.577148	444.511292
2102.666016	466.363647
2101.753906	441.580200
2100.842773	468.908112
2099.930664	452.359253
2099.018555	449.522278
2098.106445	443.946106
2097.194336	424.673096
2096.281250	449.236115
2095.368164	424.492737
2094.455078	484.640350
2093.541992	473.587372
2092.628906	446.117523
2091.714844	456.968018
2090.800781	418.570282
2089.887695	459.508820
2088.972656	511.368225
2088.058594	410.101105
2087.143555	470.149109
2086.229492	450.919067
2085.314453	456.287537
2084.399414	450.726929
2083.483398	401.471100
2082.568359	417.768555
2081.652344	453.168549
2080.736328	455.801208
2079.820313	447.517609
2078.903320	485.616638
2077.987305	433.688507
2077.070313	474.501129
2076.153320	433.503174
2075.236328	468.846588
2074.319336	416.966217
2073.401367	465.921387
2072.483398	424.960144
2071.565430	408.528076
2070.647461	408.440613
2069.729492	416.520203
2068.810547	421.874512
2067.892578	478.929047
2066.973633	448.899719
2066.053711	481.443726
2065.134766	500.376526
2064.215820	405.109253
2063.295898	434.923279
2062.375977	423.959167
2061.456055	448.322021
2060.535156	423.777039
2059.615234	458.993134
2058.694336	480.617279
2057.773438	447.936707
2056.852539	472.268005
2055.930664	504.729584
2055.009766	463.925720
2054.087891	458.400970
2053.166016	452.878540
2052.244141	482.604858
2051.321289	501.475586
2050.399414	422.774750
2049.476563	476.873749
2048.553711	446.972717
2047.630859	473.959656
2046.707031	473.857330
2045.783203	414.197235
2044.860352	473.652679
2043.936523	457.314301
2043.011719	440.982971
2042.087891	478.755249
2041.163086	429.975250
2040.238281	483.955444
2039.313477	454.116852
2038.388672	475.638458
2037.463867	483.641174
2036.538086	510.549591
2035.612305	510.438934
2034.686523	477.926483
2033.760742	477.822815
2032.833984	458.826294
2031.907227	539.678528
2031.056641	415.841309
2030.980469	491.000824
2030.130859	491.448792
2030.053711	517.866394
2029.204102	431.969910
2029.126953	477.304352
2028.278320	464.289124
2028.199219	482.592712
2027.351563	480.403931
2027.272461	466.315033
2026.425781	450.639679
2026.344727	522.806030
2025.499023	493.731018
2025.416992	468.806488
2024.572266	507.134827
2024.488281	517.191162
2023.645508	482.775085
2023.560547	519.771667
2022.717773	442.243866
2022.631836	503.503265
2021.791016	455.649353
2021.703125	500.701660
2020.863281	460.963104
2020.774414	495.209808
2019.935547	493.227295
2019.844727	476.266449
2019.007813	512.006531
2018.916016	567.628845
2018.080078	460.727173
2017.986328	511.023468
2017.152344	428.322205
2017.056641	451.753723
2016.223633	463.263000
2016.126953	508.112000
2015.295898	522.428101
2015.196289	551.006409
2014.367188	460.411835
2014.265625	499.828308
2013.438477	506.096924
2013.335938	526.585693
2012.509766	476.403076
2012.405273	499.609802
2011.581055	484.394440
2011.473633	507.557007
2010.651367	489.692383
2010.542969	485.966766
2009.722656	519.199768
2009.611328	453.648682
2008.792969	481.454681
2008.679688	480.386597
2007.863281	446.411713
2007.748047	472.231964
2006.933594	502.798676
2006.816406	541.874756
2006.002930	481.205444
2005.883789	496.162689
2005.073242	489.185791
2004.952148	522.867615
2004.142578	491.788513
2004.019531	477.179596
2003.212891	478.268829
2003.085938	487.795685
2002.282227	470.126648
2002.153320	487.688599
2001.351563	518.392578
2001.220703	495.618591
2000.419922	494.133087
2000.287109	506.223450
1999.489258	520.897644
1999.353516	484.689453
1998.557617	515.437927
1998.419922	508.678192
1997.625977	531.452820
1997.485352	529.979675
1996.695313	509.891205
1996.550781	500.426239
1995.762695	533.950867
1995.617188	529.746460
1994.831055	488.251770
1994.682617	486.831482
1993.899414	464.026428
1993.747070	492.072876
1992.966797	498.808319
1992.812500	451.858673
1992.034180	538.940552
1991.876953	497.202301
1991.101563	482.548859
1990.941406	486.402496
1990.168945	444.939331
1990.005859	483.623260
1989.236328	485.059662
1989.070313	488.859283
1988.303711	514.448181
1988.133789	504.776001
1987.370117	468.815735
1987.198242	518.015442
1986.436523	495.518158
1986.261719	531.249023
1985.502930	498.109009
1985.325195	555.152649
1984.569336	546.216980
1984.387695	472.309082
1983.635742	492.579529
1983.451172	525.561096
1982.702148	511.228851
1982.513672	464.098480
1981.767578	481.701385
1981.576172	525.328552
1980.833008	532.453613
1980.638672	458.560913
1979.898438	497.582336
1979.700195	527.761353
1978.963867	497.494354
1978.761719	530.309265
1978.029297	513.451721
1977.824219	527.527405
1977.093750	524.055786
1976.885742	559.374695
1976.159180	521.289673
1975.946289	519.304138
1975.223633	518.524414
1975.007813	540.488953
1974.288086	521.104736
1974.068359	503.102112
1973.352539	464.903198
1973.128906	500.329041
1972.416992	534.276489
1972.189453	510.860809
1971.480469	531.510559
1971.250000	510.747253
1970.543945	499.370789
1970.309570	515.952759
1969.608398	525.981384
1969.369141	523.814880
1968.671875	517.879211
1968.428711	486.481140
1967.734375	541.807861
1967.488281	552.817200
1966.797852	509.688812
1966.547852	531.436584
1965.861328	522.937988
1965.606445	504.752258
1964.923828	530.847229
1964.665039	563.071716
1963.986328	581.427124
1963.723633	528.425842
1963.048828	522.657410
1962.782227	488.485779
1962.111328	549.225159
1961.839844	485.722534
1961.173828	455.828461
1960.898438	522.764893
1960.235352	533.037048
1959.956055	549.178467
1959.296875	522.282532
1959.012695	506.616638
1958.358398	524.852905
1958.070313	554.236694
1957.419922	556.723511
1957.127930	556.763977
1956.481445	519.337585
1956.184570	519.530090
1955.542969	535.220825
1955.241211	553.864746
1954.603516	516.488220
1954.297852	500.751160
1953.664063	527.042419
1953.353516	550.967773
1952.725586	542.915405
1952.409180	561.437439
1951.785156	537.495605
1951.465820	595.731628
1950.845703	569.323181
1950.520508	587.656677
1949.906250	545.281067
1949.576172	566.352722
1948.965820	550.501282
1948.631836	537.120544
1948.025391	584.967834
1947.686523	579.325012
1947.084961	537.009521
1946.741211	587.129028
1946.144531	571.465942
1945.795898	531.470276
1945.204102	534.157288
1944.849609	544.568481
1944.262695	534.060303
1943.904297	555.017700
1943.322266	555.215515
1942.958008	544.323425
1942.380859	563.082764
1942.011719	541.559082
1941.439453	549.702454
1941.065430	552.001709
1940.498047	557.567627
1940.118164	525.471680
1939.555664	546.847656
1939.170898	564.952698
1938.614258	509.590363
1938.223633	564.825256
1937.671875	567.877319
1937.276367	572.614136
1936.729492	541.242188
1936.329102	556.655762
1935.787109	596.849304
1935.380859	619.832031
1934.844727	567.566223
1934.432617	564.315247
1933.901367	559.507324
1933.484375	569.460449
1932.958984	562.056152
1932.536133	511.344208
1932.015625	607.015564
1931.587891	579.743652
1931.072266	620.155518
1930.638672	587.516235
1930.128906	569.696533
1929.689453	592.651184
1929.185547	540.450073
1928.740234	558.282593
1928.241211	542.999634
1927.791016	621.343506
1927.297852	542.899902
1926.840820	555.397278
1926.353516	582.517151
1925.890625	592.113892
1925.409180	592.999268
1924.940430	586.717468
1924.464844	592.890137
1923.990234	576.062561
1923.519531	600.719971
1923.040039	591.710632
1922.575195	624.421936
1922.088867	552.137756
1921.629883	592.562378
1921.137695	536.240417
1920.684570	576.583801
1920.186523	554.514648
1919.739258	568.544128
1919.235352	554.388428
1918.793945	576.370850
1918.283203	562.142700
1917.847656	597.411621
1917.331055	546.257202
1916.902344	599.944031
1916.378906	590.768555
1915.956055	552.269104
1915.426758	572.258606
1915.009766	568.018494
1914.474609	580.001343
1914.063477	552.064514
1913.521484	587.740479
1913.116211	559.885071
1912.568359	584.983032
1912.169922	599.388306
1911.615234	579.604126
1911.222656	599.277039
1910.662109	558.495300
1910.275391	633.479187
1909.708008	597.689270
1909.328125	580.581299
1908.753906	581.827454
1908.380859	633.243652
1907.799805	579.074097
1907.432617	551.347046
1906.845703	649.671875
1906.485352	601.357544
1905.891602	597.142151
1905.537109	598.608459
1904.936523	602.242188
1904.588867	551.038940
1903.981445	630.900330
1903.640625	637.926086
1903.026367	539.152100
1902.692383	637.807007
1902.071289	596.594482
1901.743164	566.540894
1901.115234	604.305603
1900.793945	587.511719
1900.159180	596.320435
1899.845703	579.499573
1899.203125	609.257568
1898.895508	582.024780
1898.247070	585.589294
1897.946289	647.743408
1897.290039	585.454590
1896.997070	623.928589
1896.333984	590.545837
1896.046875	623.811707
1895.376953	626.983887
1895.096680	631.589600
1894.419922	652.957764
1894.146484	615.684326
1893.461914	582.304016
1893.196289	578.739868
1892.504883	587.390991
1892.246094	649.644958
1891.546875	597.695557
1891.294922	625.856079
1890.588867	618.432922
1890.344727	578.413635
1889.629883	618.290039
1889.393555	596.705383
1888.671875	618.147156
1888.442383	536.145325
1887.712891	597.143311
1887.491211	494.001648
1886.753906	612.647217
1886.539063	643.657410
1885.794922	667.239990
1885.587891	588.375854
1884.835938	633.210022
1884.635742	588.264832
1883.875977	607.011353
1883.683594	648.544556
1882.916016	617.289001
1882.731445	588.042725
1881.956055	630.165771
1881.778320	564.309326
1880.996094	624.812805
1880.826172	587.820435
1880.035156	551.789856
1879.873047	648.054382
1879.074219	616.716125
1878.919922	561.365967
1878.113281	626.979065
1877.966797	597.977539
1877.152344	665.847839
1877.013672	582.130981
1876.191406	585.081665
1876.059570	616.102905
1875.229492	626.541626
1875.106445	613.364868
1874.267578	654.986389
1874.152344	532.006104
1873.305664	654.833801
1873.198242	618.372437
1872.342773	584.536743
1872.244141	607.776062
1871.380859	667.515076
1871.289063	610.279785
1870.417969	667.359314
1870.334961	638.969727
1869.455078	610.088806
1869.379883	573.392395
1868.491211	622.923889
1868.424805	594.225098
1867.528320	602.019043
1867.469727	573.174011
1866.564453	573.340881
1866.513672	586.148499
1865.600586	573.206787
1865.558594	622.664001
1864.636719	624.934326
1864.602539	601.619324
1863.671875	663.675171
1863.646484	611.965454
1862.708008	588.355347
1862.690430	604.004395
1861.743164	645.225220
1861.734375	590.817810
1860.778320	627.297180
1860.778320	619.167297
1859.821289	580.138916
1859.812500	554.270691
1858.864258	595.704346
1858.847656	616.287170
1857.907227	611.263733
1857.881836	621.320007
1856.950195	608.534912
1856.916016	605.644592
1855.993164	613.640808
1855.949219	592.564026
1855.035156	603.080200
1854.983398	623.468689
1854.077148	618.625916
1854.016602	576.766724
1853.119141	584.580627
1853.049805	636.103943
1852.161133	641.871521
1852.083008	594.591125
1851.203125	620.878357
1851.115234	602.204590
1850.244141	649.449585
1850.147461	617.566223
1849.286133	646.716980
1849.179688	589.003601
1848.327148	670.057617
1848.211914	622.440002
1847.368164	578.693237
1847.244141	694.592468
1846.408203	622.887573
1846.275391	611.819641
1845.449219	599.316101
1845.306641	575.542175
1844.489258	617.437073
1844.337891	686.358582
1843.530273	625.132202
1843.369141	660.399170
1842.570313	638.032654
1842.399414	637.030945
1841.609375	609.268616
1841.429688	657.507568
1840.649414	632.579834
1840.459961	598.061035
1839.688477	648.073853
1839.490234	610.805176
1838.728516	616.722168
1838.519531	641.579590
1837.767578	650.424988
1837.549805	690.371338
1836.805664	650.299133
1836.579102	687.631714
1835.844727	631.968384
1835.607422	638.547119
1834.882813	673.449036
1834.636719	643.543457
1833.921875	652.521057
1833.665039	615.080933
1832.959961	634.200317
1832.693359	671.539124
1831.998047	600.294495
1831.721680	671.378967
1831.035156	597.579895
1830.749023	658.360168
1830.073242	654.612610
1829.777344	632.491882
1829.110352	620.722351
1828.804688	640.052246
1828.147461	693.308228
1827.832031	611.630615
1827.184570	599.711853
1826.858398	637.176880
1826.221680	648.912598
1825.885742	667.848145
1825.258789	682.523254
1824.912109	634.303833
1824.294922	607.145813
1823.938477	629.016968
1823.331055	612.215881
1822.963867	657.100952
1822.367188	689.905518
1821.990234	685.171387
1821.403320	630.129211
1821.015625	633.695496
1820.438477	630.006348
1820.041016	669.452637
1819.474609	619.514954
1819.066406	643.648438
1818.509766	694.550659
1818.090820	684.513123
1817.544922	632.228638
1817.115234	653.591187
1816.580078	673.554688
1816.139648	696.996094
1815.614258	650.112244
1815.164063	658.400208
1814.649414	649.985168
1814.187500	630.067749
1813.683594	675.748779
1813.211914	637.597656
1812.717773	556.542419
1812.235352	642.563843
1811.751953	641.839539
1811.257813	644.968079
1810.786133	662.414307
1810.281250	685.752686
1809.819336	649.349243
1809.303711	634.423706
1808.852539	651.808533
1808.326172	710.996460
1807.885742	672.369019
1807.348633	616.218262
1806.918945	700.677917
1806.371094	672.307617
1805.952148	697.955383
1805.392578	641.476501
1804.984375	677.142273
1804.414063	674.536804
1804.017578	739.025330
1803.435547	671.818665
1803.049805	609.705322
1802.456055	686.978516
1802.082031	697.407043
1801.477539	638.300720
1801.113281	668.862610
1800.498047	689.197205
1800.145508	707.460632
1799.518555	666.061951
1799.176758	704.739929
1798.538086	688.861877
1798.208008	642.658203
1797.558594	637.679749
1797.239258	719.945068
1796.578125	698.726685
1796.270508	678.524170
1795.597656	637.368896
1795.301758	706.764099
1794.616211	667.799622
1794.332031	675.677673
1793.635742	670.184753
1793.362305	734.847839
1792.654297	715.877991
1792.392578	662.521484
1791.672852	697.874084
1791.422852	675.277649
1790.690430	651.868896
1790.452148	718.951294
1789.708984	705.169861
1789.482422	664.705322
1788.726563	735.538513
1788.511719	708.363647
1787.744141	717.546814
1787.541016	687.620667
1786.760742	653.774170
1786.569336	731.257080
1785.778320	651.070496
1785.598633	692.497253
1784.794922	706.848267
1784.626953	746.410522
1783.811523	752.430481
1783.656250	712.809509
1782.828125	681.087158
1782.684570	666.357666
1781.843750	719.030762
1781.711914	640.502563
1780.859375	706.153137
1780.740234	730.388184
1779.875000	716.137207
1779.767578	732.814514
1778.890625	705.805237
1778.795898	717.244507
1777.905273	733.551758
1777.823242	776.218018
1776.919922	723.220276
1776.849609	701.541138
1775.934570	639.321045
1775.876953	765.632690
1774.949219	738.081177
1774.903320	716.674683
1773.962891	755.648804
1773.929688	778.169312
1772.977539	727.575623
1772.956055	724.092712
1771.991211	745.136841
1771.982422	723.948608
1771.008789	675.037537
1771.003906	709.478271
1770.034180	757.020569
1770.017578	714.368835
1769.060547	762.001038
1769.030273	752.180481
1768.085938	746.458313
1768.042969	759.589661
1767.110352	771.955811
1767.054688	830.278381
1766.135742	800.007263
1766.067383	764.273621
1765.160156	751.138916
1765.079102	764.083496
1764.185547	817.629639
1764.090820	667.774292
1763.209961	789.277893
1763.102539	776.347107
1762.233398	768.623596
1762.113281	728.118042
1761.257813	753.100586
1761.124023	725.408875
1760.281250	760.633240
1760.134766	710.066284
1759.305664	747.678406
1759.145508	755.362244
1758.329102	762.889038
1758.155273	686.980530
1757.351563	831.843323
1757.165039	686.808716
1756.375000	713.962524
1756.174805	732.076050
1755.397461	708.702576
1755.184570	696.559937
1754.420898	754.604248
1754.193359	746.848145
1753.443359	757.010498
1753.202148	708.823303
1752.464844	713.390442
1751.487305	741.368286
1750.509766	838.344849
1749.531250	766.624939
1748.552734	756.251404
1747.574219	789.306580
1746.594727	807.025146
1745.616211	755.795654
1744.636719	727.562378
1743.657227	724.863708
1742.677734	724.717834
1741.697266	778.149475
1740.717773	780.543640
1739.737305	775.285889
1738.756836	726.684082
1737.775391	711.242065
1736.794922	756.976013
1735.813477	795.046753
1734.833008	703.168701
1733.851563	784.537109
1732.869141	779.285400
1731.887695	807.135864
1730.905273	806.972839
1729.922852	763.542358
1728.940430	806.646606
1727.958008	798.851135
1726.975586	806.320374
1725.992188	724.778564
1725.008789	788.196045
1724.025391	851.587769
1723.041992	853.956787
1722.057617	780.094055
1721.074219	848.529663
1720.089844	858.517578
1719.105469	832.948669
1718.120117	840.396545
1717.135742	860.533569
1716.150391	840.055420
1715.165039	850.034485
1714.179688	898.062927
1713.194336	905.489563
1712.208008	920.520691
1711.222656	902.585999
1710.236328	930.285645
1709.250000	841.395081
1708.262695	856.426636
1707.276367	894.251587
1706.289063	911.798889
1705.301758	919.209900
1704.314453	901.300354
1703.327148	969.459717
1702.338867	868.033630
1701.350586	918.460388
1700.362305	933.451050
1699.374023	907.968933
1698.385742	935.598572
1697.396484	965.745056
1696.407227	914.995483
1695.417969	935.025269
1694.428711	904.515137
1693.439453	929.590820
1692.449219	959.707153
1691.458984	964.560852
1690.468750	961.838867
1689.478516	918.734070
1688.487305	946.304138
1687.497070	938.541382
1686.505859	900.512390
1685.514648	837.279602
1684.522461	958.135559
1683.531250	864.666016
1682.539063	952.701721
1681.546875	967.625305
1680.554688	886.807800
1679.562500	886.625671
1678.569336	858.742126
1677.576172	908.921448
1676.583008	898.665527
1675.589844	946.299072
1674.596680	923.458313
1673.602539	933.331177
1672.608398	928.108704
1671.614258	897.741455
1670.620117	862.358337
1669.625977	909.940002
1668.630859	932.370667
1667.635742	954.791992
1666.640625	896.817017
1665.645508	886.585815
1664.649414	861.292358
1663.654297	921.367554
1662.658203	913.647339
1661.662109	918.477722
1660.665039	978.503662
1659.668945	990.843872
1658.671875	872.765625
1657.674805	927.748657
1656.677734	942.598328
1655.679688	932.377808
1654.682617	939.702576
1653.684570	982.099121
1652.686523	936.808838
1651.688477	881.519897
1650.689453	956.451294
1649.691406	936.226929
1648.692383	1011.115784
1647.693359	915.820984
1646.693359	958.160400
1645.694336	942.954468
1644.694336	992.772583
1643.694336	962.564575
1642.694336	962.364807
1641.694336	987.156311
1640.693359	924.486023
1639.692383	1009.229065
1638.691406	944.082520
1637.690430	996.324402
1636.689453	968.655396
1635.687500	1003.398132
1634.685547	1010.675903
1633.683594	1002.980713
1632.681641	1040.188843
1631.678711	1007.551086
1630.676758	992.380737
1629.673828	1002.145630
1628.670898	932.150208
1627.666992	1021.662903
1626.664063	961.657715
1625.660156	1028.709351
1624.656250	983.669373
1623.652344	1010.851746
1622.647461	1055.447510
1621.643555	1032.828491
1620.638672	1027.636475
1619.633789	1079.663574
1618.628906	1032.181519
1617.623047	1039.425903
1616.617188	1026.777832
1615.611328	1001.706909
1614.605469	1098.416504
1613.599609	1006.257080
1612.592773	1068.148193
1611.586914	1038.122070
1610.580078	1102.463379
1609.572266	1169.260132
1608.565430	1054.843872
1607.557617	1116.659546
1606.549805	1175.968262
1605.541992	1153.397827
1604.534180	1153.156006
1603.526367	1180.187378
1602.517578	1264.221191
1601.508789	1211.910645
1600.500000	1229.001099
1599.490234	1231.220337
1598.481445	1211.147461
1597.471680	1262.894531
1596.461914	1227.968872
1595.452148	1183.156738
1594.441406	1252.199585
1593.430664	1246.987915
1592.420898	1221.989014
1591.409180	1216.785645
1590.398438	1147.296143
1589.387695	1196.496704
1588.375977	1144.341553
1587.364258	1215.761353
1586.352539	1151.271118
1585.339844	1143.618530
1584.328125	1116.213013
1583.315430	1212.267700
1582.302734	1130.553101
1581.289063	1108.103149
1580.276367	1093.064819
1579.262695	1129.837646
1578.249023	1149.330078
1577.235352	1161.416626
1576.220703	1168.567383
1575.207031	1089.446533
1574.192383	1126.180664
1573.177734	1145.652710
1572.163086	1142.947266
1571.147461	1127.929199
1570.131836	1125.228394
1569.117188	1134.837158
1568.100586	1203.509521
1567.084961	1183.569580
1566.068359	1264.503052
1565.052734	1234.719971
1564.036133	1325.444458
1563.018555	1315.329346
1562.001953	1231.477173
1560.984375	1243.503662
1559.966797	1233.411987
1558.949219	1206.129150
1557.931641	1176.401855
1556.913086	1149.142334
1555.894531	1156.263184
1554.875977	1124.110596
1553.857422	1182.764648
1552.837891	1096.646240
1551.819336	1039.998291
1550.799805	1037.324829
1549.780273	1051.815063
1548.759766	1144.739380
1547.740234	1088.128784
1546.719727	1082.996826
1545.699219	1114.612427
1544.678711	1099.680176
1543.657227	1087.202637
1542.636719	1099.211792
1541.615234	1067.158691
1540.593750	1052.248779
1539.571289	1108.295532
1538.549805	1049.354126
1537.527344	1036.902710
1536.504883	1119.811768
1535.481445	1078.016602
1534.458984	1094.894287
1533.435547	1036.018066
1532.412109	1126.184814
1531.388672	1028.248413
1530.365234	1120.819946
1529.340820	1049.781250
1528.316406	1010.503662
1527.291992	1095.698364
1526.267578	1078.385620
1525.243164	1112.304688
1524.217773	1031.588135
1523.192383	1128.896240
1522.166992	1092.089111
1521.140625	1101.604004
1520.115234	1094.058105
1519.088867	1101.132202
1518.062500	1069.233276
1517.036133	1117.705933
1516.008789	1102.858887
1514.981445	1134.265015
1513.954102	1136.455322
1512.926758	1077.819458
1511.899414	1165.157349
1510.871094	1179.499023
1509.842773	1184.108643
1508.814453	1152.252563
1507.786133	1132.561890
1506.756836	1144.467896
1505.727539	1180.662109
1504.698242	1134.260742
1503.668945	1192.296021
1502.639648	1257.589600
1501.609375	1177.219604
1500.579102	1210.940552
1499.548828	1254.351807
1498.518555	1241.953247
1497.487305	1309.590454
1496.456055	1289.911255
1495.424805	1391.446533
1494.393555	1374.181396
1493.361328	1398.115967
1492.330078	1487.449097
1491.297852	1472.596069
1490.264648	1462.592285
1489.232422	1571.221191
1488.199219	1619.291382
1487.166016	1628.621460
1486.132813	1722.627197
1485.099609	1828.686646
1484.065430	1893.587646
1483.032227	1876.253418
1481.998047	1960.454346
1480.962891	1935.862427
1479.928711	2058.674072
1478.893555	2017.160889
1477.858398	2065.029053
1476.823242	1994.555420
1475.788086	2008.608765
1474.751953	2008.173706
1473.715820	1925.691772
1472.679688	1901.148193
1471.643555	1905.560425
1470.606445	1820.742065
1469.569336	1817.936157
1468.532227	1716.299438
1467.495117	1691.827026
1466.458008	1710.735840
1465.419922	1732.045166
1464.381836	1702.767822
1463.343750	1649.423706
1462.305664	1704.435547
1461.266602	1742.575073
1460.227539	1679.631348
1459.188477	1561.380737
1458.149414	1671.685059
1457.109375	1603.987671
1456.069336	1562.766235
1455.029297	1670.594116
1453.989258	1569.295654
1452.949219	1600.188843
1451.908203	1710.339844
1450.867188	1630.713135
1449.826172	1711.995728
1448.784180	1673.213013
1447.743164	1694.448853
1446.701172	1631.691162
1445.659180	1657.724365
1444.617188	1674.152222
1443.574219	1621.031372
1442.531250	1546.356445
1441.488281	1529.240234
1440.445313	1514.527710
1439.401367	1478.258545
1438.358398	1523.447266
1437.314453	1597.354126
1436.269531	1515.598267
1435.225586	1522.448120
1434.180664	1598.699341
1433.135742	1543.316528
1432.090820	1531.017578
1431.045898	1499.590332
1430.000000	1537.520630
1428.954102	1635.200073
1427.908203	1572.698608
1426.862305	1579.522705
1425.816406	1703.408081
1424.769531	1686.314697
1423.722656	1683.556641
1422.674805	1707.062256
1421.627930	1613.595459
1420.580078	1720.631470
1419.532227	1734.569092
1418.484375	1674.552979
1417.436523	1762.425537
1416.387695	1795.419067
1415.338867	1818.862671
1414.290039	1906.644897
1413.241211	1870.483765
1412.191406	1841.485107
1411.141602	1862.515381
1410.091797	1871.630127
1409.041992	1883.121338
1407.991211	1906.508057
1406.940430	1856.115601
1405.889648	1881.876709
1404.838867	1843.404419
1403.788086	1764.521851
1402.736328	1799.795532
1401.684570	1799.398438
1400.632813	1623.141113
1399.580078	1648.918335
1398.528320	1634.301514
1397.475586	1655.314697
1396.421875	1545.727051
1395.369141	1585.740967
1394.315430	1490.456787
1393.261719	1483.008789
1392.208008	1421.001099
1391.154297	1373.251343
1390.099609	1436.970825
1389.045898	1436.652710
1387.990234	1495.589111
1386.935547	1390.992554
1385.880859	1409.637451
1384.825195	1437.748291
1383.769531	1411.380493
1382.712891	1418.170166
1381.657227	1458.095093
1380.600586	1417.540771
1379.543945	1426.690063
1378.487305	1483.144287
1377.429688	1530.113525
1376.373047	1551.053223
1375.315430	1543.616821
1374.257813	1427.468994
1373.199219	1531.116211
1372.140625	1476.442383
1371.082031	1466.666748
1370.023438	1463.979004
1368.964844	1414.077637
1367.905273	1409.042236
1366.845703	1323.779907
1365.786133	1406.055176
1364.726563	1346.776123
1363.666016	1377.131104
1362.605469	1360.320801
1361.544922	1378.873657
1360.484375	1399.774536
1359.422852	1298.154175
1358.361328	1337.907227
1357.299805	1417.676392
1356.238281	1358.499146
1355.176758	1409.981079
1354.114258	1416.725830
1353.051758	1491.699829
1351.988281	1547.821533
1350.925781	1472.217896
1349.862305	1551.831055
1348.798828	1603.199707
1347.735352	1621.642090
1346.670898	1661.223267
1345.607422	1733.674561
1344.542969	1749.726196
1343.477539	1916.048706
1342.413086	1812.325562
1341.347656	1811.918701
1340.282227	1785.700195
1339.216797	1656.269653
1338.150391	1695.770386
1337.084961	1561.727905
1336.018555	1683.286011
1334.952148	1596.183838
1333.884766	1626.288330
1332.817383	1625.922363
1331.750000	1531.864380
1330.682617	1559.620728
1329.615234	1526.491943
1328.546875	1563.599487
1327.478516	1525.803955
1326.410156	1544.177246
1325.341797	1567.220337
1324.272461	1510.740112
1323.203125	1454.285278
1322.133789	1510.058105
1321.063477	1439.606323
1319.994141	1448.627075
1318.923828	1457.643555
1317.853516	1398.928101
1316.782227	1428.965576
1315.711914	1414.635986
1314.640625	1388.643433
1313.569336	1441.995605
1312.497070	1430.005005
1311.425781	1397.029297
1311.421875	1324.188110
1310.353516	1387.385864
1310.349609	1340.507324
1309.281250	1426.701904
1309.277344	1349.591553
1308.208008	1347.135132
1308.204102	1326.045532
1307.135742	1393.432617
1307.130859	1323.478271
1306.062500	1341.864746
1306.057617	1304.604126
1304.988281	1318.269165
1304.984375	1274.090454
1303.915039	1276.055542
1303.911133	1348.384033
1302.840820	1338.622803
1302.837891	1166.526978
1301.767578	1331.336060
1301.763672	1285.044434
1300.692383	1333.360474
1300.689453	1301.106323
1299.618164	1216.734619
1299.615234	1228.730835
1298.542969	1307.168823
1298.541016	1240.143066
1297.468750	1244.085815
1297.465820	1207.351318
1296.392578	1274.025879
1296.391602	1242.021729
1295.317383	1299.303467
1295.316406	1302.259521
1294.241211	1315.274170
1294.241211	1220.647705
1293.166016	1252.971680
1293.165039	1347.500244
1292.089844	1278.311157
1292.088867	1261.251465
1291.013672	1315.260010
1291.012695	1319.019287
1289.938477	1277.847778
1289.935547	1258.354614
1288.862305	1228.834229
1288.858398	1320.738770
1287.785156	1344.736816
1287.781250	1311.154785
1286.708984	1307.338867
1286.704102	1389.738647
1285.631836	1316.387817
1285.625977	1380.142944
1284.554688	1320.790649
1284.547852	1416.932129
1283.477539	1404.099731
1283.469727	1377.193604
1282.400391	1331.911133
1282.391602	1279.523682
1281.323242	1329.348145
1281.312500	1362.659058
1280.245117	1261.838135
1280.233398	1413.319336
1279.166992	1405.393677
1279.154297	1299.492920
1278.088867	1284.563721
1278.075195	1310.774536
1277.010742	1377.059814
1276.995117	1342.888916
1275.931641	1309.589722
1275.915039	1303.229614
1274.853516	1300.079834
1274.834961	1397.815674
1273.774414	1292.890137
1273.753906	1328.083130
1272.695313	1237.054688
1272.673828	1348.597168
1271.615234	1359.583618
1271.592773	1327.473633
1270.536133	1310.703125
1270.510742	1306.359619
1269.456055	1335.930176
1269.429688	1266.762207
1268.375977	1296.331177
1268.347656	1308.070557
1267.295898	1275.262085
1267.265625	1303.148804
1266.215820	1286.596802
1266.183594	1325.949341
1265.134766	1207.696899
1265.101563	1270.216675
1264.054688	1221.352783
1264.018555	1286.087036
1262.973633	1235.003296
1262.935547	1341.193115
1261.892578	1234.774658
1261.852539	1225.489746
1260.810547	1234.545898
1260.768555	1273.661987
1259.729492	1241.251465
1259.684570	1284.902588
1258.647461	1194.800659
1258.600586	1171.597900
1257.565430	1250.033081
1257.516602	1249.723633
1256.483398	1226.699219
1256.432617	1281.708496
1255.401367	1219.541870
1255.347656	1242.232788
1254.318359	1277.047607
1254.262695	1232.729370
1253.235352	1265.265503
1253.177734	1248.570068
1252.152344	1262.721191
1252.091797	1218.341187
1251.069336	1294.797974
1251.005859	1310.162354
1249.986328	1313.016968
1249.919922	1296.047119
1248.902344	1317.386108
1248.833984	1327.968384
1247.818359	1305.606201
1247.747070	1288.544556
1246.734375	1376.857178
1246.660156	1364.160645
1245.650391	1358.152466
1245.573242	1409.842896
1244.566406	1452.420776
1244.486328	1540.580566
1243.481445	1422.183472
1243.398438	1468.959351
1242.396484	1468.008057
1242.311523	1523.778076
1241.311523	1518.423340
1241.222656	1567.082397
1240.226563	1640.234253
1240.134766	1529.962769
1239.141602	1593.860474
1239.045898	1529.607666
1238.055664	1568.229492
1237.958008	1540.733276
1236.969727	1563.329468
1236.868164	1522.010132
1235.883789	1523.901611
1235.779297	1507.885742
1234.797852	1558.137207
1234.689453	1491.473022
1233.710938	1539.434570
1233.599609	1465.891602
1232.624023	1419.509399
1232.509766	1412.799805
1231.537109	1428.442139
1231.419922	1380.369263
1230.450195	1359.178223
1230.329102	1308.982178
1229.363281	1319.832031
1229.238281	1226.168701
1228.275391	1310.386475
1228.147461	1280.875732
1227.188477	1245.780640
1227.055664	1191.234497
1226.100586	1275.419067
1225.964844	1275.697632
1225.011719	1295.855713
1224.872070	1238.763672
1223.923828	1206.019653
1223.780273	1183.532959
1222.834961	1258.615723
1222.688477	1180.967773
1221.747070	1221.635498
1221.595703	1141.793091
1220.657227	1175.485718
1220.502930	1164.402344
1219.568359	1177.557495
1219.409180	1203.010620
1218.479492	1170.448120
1218.316406	1154.711426
1217.389648	1183.992432
1217.222656	1211.591797
1216.299805	1213.590210
1216.128906	1202.166138
1215.209961	1215.652344
1215.035156	1160.755371
1214.120117	1203.953857
1213.940430	1238.153442
1213.029297	1210.602295
1212.845703	1208.172729
1211.938477	1263.095215
1211.750977	1363.156738
1210.847656	1363.698486
1210.655273	1392.513428
1209.756836	1388.643799
1209.560547	1419.573853
1208.666016	1420.452393
1208.464844	1487.692505
1207.574219	1420.180054
1207.369141	1562.622559
1206.482422	1447.389771
1206.272461	1548.571289
1205.390625	1547.860107
1205.175781	1532.246216
1204.298828	1515.512695
1204.079102	1497.691895
1203.207031	1490.043945
1202.982422	1481.385986
1202.114258	1485.180542
1201.885742	1503.822388
1201.021484	1482.606812
1200.788086	1451.074585
1199.928711	1443.433228
1199.690430	1468.952148
1198.835938	1452.303345
1198.591797	1379.806396
1197.742188	1374.277222
1197.494141	1393.139160
1196.648438	1383.156860
1196.395508	1333.638794
1195.554688	1337.174438
1195.296875	1344.700439
1194.460938	1341.486816
1194.197266	1278.414795
1193.367188	1320.663452
1193.098633	1284.935425
1192.272461	1340.968018
1191.999023	1252.800049
1191.177734	1237.928467
1190.899414	1252.503784
1190.083008	1267.375000
1189.798828	1293.114380
1188.988281	1276.261841
1188.698242	1249.638916
1187.893555	1276.014404
1187.597656	1215.270020
1186.797852	1246.097778
1186.497070	1196.814209
1185.702148	1195.656616
1185.396484	1241.939575
1184.606445	1186.298950
1184.294922	1107.719971
1183.509766	1147.292969
1183.193359	1148.306030
1182.414063	1117.423950
1182.090820	1009.634155
1181.317383	1165.086792
1180.989258	1104.663086
1180.220703	1144.343750
1179.886719	1165.630249
1179.124023	1082.584473
1178.784180	1013.449219
1178.026367	1011.734253
1177.680664	1035.875122
1176.929688	1025.206299
1176.578125	1062.822510
1175.832031	1025.006226
1175.474609	1087.491211
1174.734375	1024.806030
1174.371094	1001.159729
1173.635742	1058.759277
1173.266602	1046.211792
1172.538086	1019.852478
1172.162109	1012.002625
1171.439453	994.616882
1171.057617	1063.820679
1170.340820	1037.657837
1169.953125	997.942505
1169.242188	1082.957031
1168.848633	1002.229065
1168.142578	996.307190
1167.743164	1051.750000
1167.043945	1059.790161
1166.637695	1026.624634
1165.944336	995.916382
1165.531250	987.946533
1164.844727	1004.814209
1164.425781	1008.052185
1163.744141	1015.981262
1163.319336	1001.032043
1162.644531	1006.691833
1162.211914	998.533386
1161.543945	1036.029785
1161.105469	950.864014
1160.443359	1047.183716
1159.998047	1027.409668
1159.342773	1040.164185
1158.890625	1061.026001
1158.241211	994.546204
1157.783203	1038.201904
1157.140625	1021.592651
1156.675781	1044.722168
1156.039063	1100.832764
1155.567383	1012.889099
1154.937500	1039.344116
1154.458984	1030.688599
1153.835938	1073.171875
1153.349609	1107.104004
1152.733398	1075.228271
1152.241211	1091.058105
1151.630859	1065.943970
1151.131836	1113.332886
1150.528320	1086.140869
1150.022461	1097.292847
1149.425781	1090.460083
1148.912109	1090.270752
1148.323242	1078.911133
1147.801758	1044.966553
1147.219727	1112.689941
1146.691406	1137.027954
1146.116211	1119.266602
1145.581055	1130.000854
1145.012695	1146.227905
1144.470703	1116.225586
1143.909180	1082.585449
1143.359375	1093.457153
1142.804688	1039.347534
1142.248047	1075.198242
1141.700195	1059.516357
1141.135742	1070.440918
1140.595703	1090.994507
1140.024414	1076.927002
1139.491211	1025.149902
1138.912109	1083.409912
1138.386719	1054.359375
1137.798828	1092.136597
1137.281250	1038.314697
1136.686523	1082.885620
1136.175781	1017.752869
1135.573242	1051.177979
1135.070313	1062.774536
1134.459961	1086.852295
1133.963867	1060.301880
1133.346680	1120.264160
1132.858398	1096.255615
1132.232422	1122.236938
1131.751953	1148.013794
1131.118164	1151.135742
1130.645508	1061.926758
1130.003906	1108.232056
1129.539063	1170.145020
1128.889648	1107.962891
1128.431641	1075.053467
1127.774414	1130.116577
1127.325195	1115.483765
1126.659180	1107.424316
1126.217773	1076.881104
1125.543945	1199.044312
1125.109375	1128.580322
1124.428711	1138.254761
1124.001953	1191.542114
1123.312500	1243.262939
1122.893555	1177.765869
1122.196289	1278.793091
1121.786133	1215.878418
1121.079102	1226.983887
1120.677734	1215.634521
1119.962891	1327.416138
1119.568359	1278.527832
1118.845703	1360.661133
1118.459961	1363.940063
1117.728516	1358.091553
1117.350586	1282.522339
1116.610352	1415.917603
1116.241211	1415.223511
1115.492188	1449.115967
1115.131836	1437.469727
1114.374023	1482.297729
1114.021484	1396.633179
1113.255859	1426.055298
1112.912109	1490.943726
1112.136719	1468.164551
1111.801758	1443.357178
1111.018555	1389.611450
1110.691406	1393.538452
1109.898438	1221.754395
1109.580078	1352.742798
1108.779297	1344.270264
1108.469727	1361.471436
1107.659180	1225.620117
1107.358398	1201.453003
1106.539063	1147.202515
1106.247070	1117.980591
1105.418945	1106.756226
1105.134766	1095.264771
1104.297852	1084.176147
1104.023438	1097.291992
1103.177734	1066.067505
1102.911133	1106.062622
1102.055664	1059.116211
1101.798828	1013.685669
1100.934570	1034.334717
1100.686523	1042.693970
1099.812500	1018.479736
1099.574219	961.600586
1098.690430	1067.246460
1098.460938	925.465454
1097.568359	1040.253174
1097.347656	972.440125
1096.446289	1073.401245
1096.234375	1035.113281
1095.323242	1033.060669
1095.121094	978.780579
1094.200195	1030.579834
1094.006836	987.559814
1093.076172	1037.001221
1092.892578	1036.727295
1091.953125	1065.666992
1091.778320	987.158813
1090.829102	1043.161255
1090.664063	980.228943
1089.704102	1038.455811
1089.548828	1022.639648
1088.580078	1018.190613
1088.434570	993.283447
1087.455078	997.935242
1087.319336	1015.498535
1086.330078	984.355835
1086.203125	1006.326721
1085.204102	1004.104980
1085.087891	976.991333
1084.079102	997.193115
1083.971680	934.225647
1082.953125	981.402954
1082.855469	938.515015
1081.827148	978.939392
1081.739258	962.957397
1080.700195	1007.546570
1080.623047	909.025452
1079.573242	914.110046
1079.505859	967.041504
1078.446289	942.718750
1078.388672	890.749817
1077.319336	884.826172
1077.271484	975.596924
1076.191406	911.210510
1076.154297	908.283020
1075.063477	906.550415
1075.036133	908.097290
1073.935547	901.892456
1073.918945	881.076721
1072.806641	895.021179
1072.800781	936.790833
1071.681641	847.186218
1071.677734	881.508667
1070.563477	889.475098
1070.548828	892.359985
1069.444336	895.996033
1069.419922	940.839172
1068.325195	880.174744
1068.290039	931.751160
1067.206055	900.095581
1067.160156	947.006470
1066.086914	906.609985
1066.030273	946.769348
1064.966797	904.191284
1064.899414	1004.031799
1063.846680	948.647888
1063.768555	981.670471
1062.726563	968.537842
1062.637695	963.740906
1061.606445	948.258057
1061.506836	1038.634277
1060.485352	948.063049
1060.375000	980.931580
1059.364258	1014.776367
1059.243164	1066.826416
1058.243164	987.809692
1058.111328	1082.015625
1057.122070	1110.221069
1056.978516	1077.328125
1056.000000	1125.594727
1055.845703	1039.536621
1054.877930	1033.996704
1054.712891	999.557251
1053.755859	998.135803
1053.580078	1014.747192
1052.633789	1038.025391
1052.446289	979.204712
1051.511719	984.361694
1051.312500	1069.356934
1050.388672	1008.651184
1050.177734	941.237427
1049.265625	1012.895203
1049.043945	943.203430
1048.142578	943.689758
1047.909180	998.044739
1047.018555	927.918152
1046.774414	991.184448
1045.895508	958.873047
1045.638672	1037.177246
1044.771484	938.655945
1044.502930	944.450928
1043.646484	985.162476
1043.367188	937.608765
1042.522461	911.586914
1042.231445	899.964294
1041.397461	915.843994
1041.094727	974.530701
1040.273438	955.658569
1039.958008	956.689026
1039.147461	995.456543
1038.821289	980.632080
1038.022461	953.040894
1037.683594	967.193909
1036.896484	961.727539
1036.545898	927.390991
1035.771484	1001.499146
1035.408203	971.096069
1034.645508	1030.153320
1034.269531	911.543579
1033.518555	978.886353
1033.131836	1001.344543
1032.392578	967.586792
1031.992188	937.423584
1031.265625	980.698364
1030.853516	992.054749
1030.138672	987.149414
1029.713867	969.859070
1029.011719	944.804932
1028.574219	958.642944
1027.883789	988.956177
1027.434570	951.818604
1026.755859	939.977844
1026.294922	960.345520
1025.627930	966.379761
1025.154297	995.171997
1024.500000	970.610474
1024.012695	1001.491577
1023.372070	968.192627
1022.872070	990.280579
1022.243164	941.409851
1021.730469	970.313843
1021.114258	989.935181
1020.588867	970.064941
1019.985352	936.588806
1019.447266	991.708008
1018.855469	998.376831
1018.304688	910.473694
1017.726563	925.131714
1017.162109	964.941650
1016.596680	973.619446
1016.019531	973.443542
1015.466797	940.231384
1014.875977	999.436523
1014.335938	986.483643
1013.732422	972.942566
1013.206055	939.838257
1012.588867	1029.523315
1012.075195	1005.969299
1011.445313	1042.369507
1010.944336	1038.915649
1010.300781	1077.055786
1009.812500	1001.128296
1009.156250	1039.647461
1008.681641	1076.042725
1008.010742	1122.354614
1007.549805	1135.462280
1006.866211	1106.783447
1006.417969	1077.800537
1005.720703	1117.409424
1005.285156	1157.067749
1004.574219	1215.304688
1004.153320	1242.924683
1003.428711	1193.176880
1003.020508	1143.339111
1002.282227	1319.350952
1001.887695	1169.580200
1001.135742	1181.657471
1000.753906	1178.159790
999.988281	1235.841187
999.621094	1248.498901
998.840820	1235.520386
998.487305	1281.317017
997.693359	1252.627197
997.353516	1214.900635
996.545898	1184.786133
996.219727	1223.463013
995.397461	1103.916016
995.084961	1234.225586
994.249023	1173.285767
993.950195	1209.727173
993.100586	1107.693604
992.815430	1127.959839
991.951172	1133.512695
991.680664	1114.506836
990.801758	1007.062317
990.545898	1063.623413
989.652344	998.101440
989.410156	1052.390991
988.274414	983.932251
987.138672	1047.545898
986.001953	972.515991
984.865234	976.710388
983.728516	1005.095581
982.591797	969.701416
981.455078	969.496582
980.317383	986.875305
979.179688	960.296997
978.041992	944.714844
976.903320	992.839050
975.765625	1047.531006
974.626953	948.506531
973.487305	970.257202
972.348633	1051.255127
971.208984	1009.342163
970.069336	982.803162
968.929688	980.401489
967.790039	1072.292236
966.649414	1030.409912
965.508789	1074.029175
964.368164	1071.609741
963.226563	1145.875000
962.085938	1121.536011
960.944336	1051.216553
959.802734	1129.817627
958.660156	1070.471558
957.517578	1026.471069
956.375977	1078.768799
955.232422	1008.532532
954.089844	1023.628418
952.946289	959.993958
951.802734	1010.074463
950.659180	950.841431
949.515625	867.594421
948.371094	932.956665
947.226563	865.039856
946.082031	930.374573
944.937500	923.625427
943.791992	927.794250
942.646484	875.214172
941.500977	944.854736
940.354492	826.843872
939.208984	881.196594
938.062500	850.478088
936.916016	922.244263
935.768555	932.945801
934.621094	900.056335
933.474609	891.148193
932.326172	875.708618
931.178711	934.324585
930.030273	918.882202
928.881836	903.446289
927.733398	883.663940
926.584961	987.924500
925.435547	981.185730
924.286133	972.274597
923.136719	1022.082581
921.986328	1028.385620
920.836914	969.474426
919.686523	947.533569
918.535156	971.230408
917.384766	873.267639
916.233398	992.530945
915.082031	972.774963
913.930664	894.412964
912.779297	894.220398
911.626953	928.747253
910.474609	952.411682
909.322266	982.572876
908.168945	958.506775
907.015625	880.248474
905.862305	906.070129
904.708984	905.874634
903.555664	901.345703
902.401367	989.966431
901.247070	952.934692
900.091797	991.704102
898.937500	982.830444
897.782227	1038.891235
896.626953	1055.977661
895.471680	1092.527466
894.315430	1109.594727
893.159180	1169.904053
892.002930	1076.684082
890.846680	1149.943604
889.689453	1190.755005
888.532227	1225.066772
887.375000	1270.164307
886.217773	1326.040405
885.059570	1386.210693
883.901367	1383.751221
882.743164	1374.817871
881.584961	1439.253540
880.425781	1262.039673
879.266602	1263.922485
878.107422	1252.865967
876.948242	1226.722534
875.788086	1172.569458
874.627930	1202.484375
873.467773	1223.768066
872.307617	1171.804565
871.146484	1119.863647
869.985352	1104.547974
868.824219	1031.117554
867.662109	977.088562
866.500000	938.144958
865.337891	1011.082703
864.175781	995.806885
863.013672	995.589783
861.850586	963.125183
860.687500	1033.844116
859.523438	1037.916260
858.360352	992.572754
857.196289	1022.427429
856.032227	1002.876770
854.868164	951.129272
853.703125	983.119690
852.538086	976.466553
851.373047	997.709167
850.208008	952.442993
849.041992	958.668701
847.875977	1024.929199
846.709961	998.980103
845.542969	1080.205444
844.376953	1084.254517
843.209961	1133.290527
842.041992	1079.495728
840.875000	1053.562500
839.707031	1087.586304
838.539063	1172.965698
837.371094	1200.528198
836.202148	1320.077271
835.034180	1422.461548
833.865234	1586.819214
832.695313	1907.185913
831.526367	2270.164307
830.356445	2571.005371
829.186523	3017.009033
828.015625	3182.971191
826.845703	3207.900391
825.674805	2997.937256
824.503906	2817.953369
823.332031	2381.927246
822.160156	2089.062256
820.988281	1943.531006
819.816406	1650.890991
818.644531	1520.447021
817.471680	1345.288574
816.298828	1270.388672
815.125977	1216.832275
813.952148	1186.735718
812.778320	1137.481323
811.604492	1124.452515
810.430664	1094.395996
809.255859	1074.996094
808.081055	1068.374023
806.906250	1097.926758
805.731445	1040.247314
804.555664	1025.129639
803.379883	999.386841
802.204102	1052.312988
801.028320	1060.582031
799.851563	1068.847168
798.674805	998.503052
797.498047	1057.754150
796.320313	1095.743652
795.142578	1038.178345
793.964844	1095.258423
792.787109	1126.847656
791.608398	1084.164917
790.429688	1086.045776
789.250977	1123.977905
788.072266	1127.969116
786.892578	1214.629517
785.712891	1195.286377
784.533203	1137.812622
783.353516	1126.968262
782.172852	1171.193726
780.992188	1143.407104
779.810547	1050.007324
778.629883	1130.200195
777.448242	1117.252930
776.266602	1207.972778
775.084961	1144.252075
773.902344	1165.143555
772.719727	1107.802856
771.537109	1173.079712
770.353516	1153.799927
769.170898	1244.389771
767.987305	1191.306519
766.803711	1191.041138
765.619141	1239.335693
764.434570	1186.288574
763.250000	1278.880127
762.065430	1356.661011
760.879883	1387.999634
759.694336	1552.188232
758.508789	1661.482788
757.323242	1787.592529
756.136719	2004.270020
754.950195	1999.608154
753.763672	1889.618408
752.576172	1735.448853
751.389648	1553.974487
750.202148	1465.209351
749.013672	1342.808228
747.826172	1336.195068
746.637695	1346.415039
745.449219	1232.535400
744.259766	1303.755737
743.071289	1311.873291
741.881836	1193.873657
740.691406	1292.372925
739.501953	1262.670044
738.311523	1277.090454
737.121094	1299.904175
735.930664	1356.300171
734.739258	1320.311890
733.547852	1254.959229
732.356445	1319.719360
731.165039	1239.712402
729.972656	1262.503052
728.780273	1253.832642
727.587891	1303.860718
726.394531	1322.429688
725.202148	1372.419678
724.008789	1240.137085
722.814453	1241.952637
721.621094	1252.142700
720.426758	1191.151978
719.232422	1174.140381
718.037109	1155.043945
716.841797	1056.459839
715.646484	1087.594849
714.451172	1127.079956
713.255859	1018.115540
712.059570	971.903564
710.863281	1092.883789
709.666016	1032.051392
708.469727	1021.375122
707.272461	1016.968201
706.075195	989.597839
704.876953	1056.167725
703.678711	1030.887451
702.480469	1032.740967
701.282227	1088.826294
700.083984	1032.274414
698.884766	1121.693237
697.685547	1113.101807
696.485352	1133.690063
695.285156	1223.024902
694.084961	1147.758545
692.884766	1132.920776
691.684570	1163.895874
690.483398	1209.428345
689.282227	1194.586304
688.080078	1163.105347
686.878906	1237.729736
685.676758	1179.216309
684.474609	1253.802856
683.271484	1257.676147
682.068359	1238.685913
680.865234	1269.572876
679.662109	1290.058716
678.458008	1293.919678
677.254883	1204.338745
676.049805	1280.876343
674.845703	1261.905884
673.640625	1222.193481
672.435547	1228.139404
671.230469	1275.564331
670.024414	1204.771240
668.819336	1210.716675
667.613281	1262.258057
666.406250	1259.898682
665.199219	1282.400879
663.992188	1329.747925
662.785156	1424.701294
661.578125	1389.181396
660.370117	1370.236206
659.162109	1388.548340
657.953125	1382.025024
656.745117	1398.257324
655.536133	1410.346191
654.327148	1397.619507
653.117188	1343.558228
651.907227	1339.118408
650.697266	1328.482300
649.487305	1282.735840
648.276367	1228.749512
647.065430	1257.373901
645.854492	1211.674438
644.643555	1132.976563
643.431641	1130.654175
642.219727	1078.826416
641.007813	1072.392700
639.794922	1115.445557
638.582031	1162.601196
637.369141	1170.578491
636.155273	1081.712891
634.942383	1137.083374
633.728516	1099.752441
632.513672	1095.382324
631.299805	1152.769653
630.084961	1175.143799
628.869141	1160.471191
627.654297	1156.090698
626.438477	1240.147095
625.222656	1258.367798
624.006836	1198.463989
622.790039	1288.618042
621.573242	1214.351318
620.356445	1329.111206
619.139648	1326.751831
617.921875	1400.366333
616.704102	1397.991333
615.486328	1368.936401
614.267578	1323.479370
613.048828	1312.917603
611.830078	1285.952759
610.610352	1281.555542
609.391602	1322.260620
608.171875	1444.928467
606.951172	1516.312988
605.731445	1649.122192
604.510742	1675.367554
603.289063	1617.646729
602.068359	1465.781982
600.846680	1273.052979
599.625000	1262.527832
598.403320	1155.856445
597.180664	1165.815918
595.958008	1130.784546
594.735352	1089.636230
593.511719	1101.647583
592.289063	1134.087158
591.064453	1115.438477
589.840820	1164.199219
588.616211	1090.418457
587.391602	1128.954590
586.166992	1147.062500
584.942383	1205.973022
583.716797	1266.896362
582.491211	1313.513916
581.264648	1292.817871
580.038086	1306.788696
578.811523	1326.867554
577.584961	1324.521851
576.358398	1303.841919
575.130859	1264.840332
573.902344	1305.272705
572.674805	1278.503662
571.446289	1272.100464
570.217773	1302.328003
568.989258	1214.545410
567.759766	1212.228882
566.530273	1238.381958
565.300781	1197.433838
564.070313	1184.959961
562.840820	1168.427734
561.610352	1123.460938
560.378906	1129.292480
559.147461	1116.845459
557.916016	1138.916748
556.684570	1098.057617
555.453125	1140.414795
554.220703	1105.660156
552.988281	1131.769531
551.754883	1099.060669
550.521484	1119.077148
549.288086	1153.271973
548.054688	1128.686157
546.820313	1075.749023
545.585938	1126.133057
544.351563	1152.193970
543.117188	1208.609619
541.881836	1186.062744
540.646484	1252.561401
539.410156	1161.230835
538.174805	1122.529907
536.938477	1130.355225
535.701172	1136.155273
534.464844	1067.169556
533.227539	1026.505737
531.990234	1074.749878
530.751953	1046.221436
529.513672	1090.399536
528.275391	1049.767822
527.037109	1043.466309
525.797852	1089.631348
524.558594	1071.218994
523.319336	1109.288086
522.079102	1066.682495
520.838867	1048.288208
519.598633	1033.933228
518.358398	1027.644897
517.117188	1105.968994
515.875977	1073.483887
514.634766	1039.000366
513.392578	1107.200562
512.150391	1074.737671
510.908203	1102.654297
509.665039	1104.405762
508.421875	1059.898926
507.178711	1055.627319
505.934570	1121.716064
504.691406	1093.314453
503.447266	1089.037476
502.202148	1136.991821
500.958008	1054.380859
499.712891	1084.249512
498.466797	1134.177856
497.221680	1174.047852
495.975586	1149.692627
494.729492	1093.253296
493.482422	1169.203003
492.235352	1194.991211
490.988281	1090.471680
489.741211	1126.286377
488.493164	1202.155762
487.245117	1149.789551
485.997070	1115.471680
484.748047	1185.282715
483.499023	1174.992798
482.250000	1184.719727
481.000977	1266.468506
479.750977	1250.165283
478.500977	1189.874268
477.250000	1279.560303
475.999023	1301.243042
474.748047	1268.959473
473.497070	1336.585449
472.245117	1322.285156
470.993164	1395.856689
469.741211	1427.467285
468.488281	1425.130859
467.236328	1392.862915
465.982422	1506.247192
464.729492	1607.609863
463.475586	1531.451050
462.221680	1734.432617
460.967773	1847.626221
459.712891	1980.692017
458.458008	2211.310303
457.203125	2378.083740
455.947266	2600.531250
454.691406	2621.806885
453.435547	2716.711914
452.178711	2644.428955
450.921875	2458.789307
449.665039	2233.461670
448.408203	2004.264893
447.150391	1912.341675
445.892578	1631.658813
444.633789	1615.371826
443.375000	1547.444580
442.116211	1467.634033
440.857422	1433.527954
439.597656	1413.333252
438.337891	1383.225220
437.078125	1367.020020
435.818359	1386.526978
434.557617	1475.433105
433.295898	1473.095215
432.035156	1508.419189
430.773438	1571.469360
429.511719	1606.752075
428.249023	1578.634521
426.987305	1578.253784
425.724609	1516.500122
424.460938	1476.548340
423.198242	1497.958618
421.934570	1483.748413
420.669922	1461.633423
419.406250	1394.049316
418.141602	1454.995972
416.875977	1379.540039
415.611328	1393.037720
414.345703	1422.332397
413.080078	1358.788452
411.813477	1397.949219
410.546875	1369.973999
409.280273	1351.879883
408.013672	1349.578857
406.746094	1351.223999
405.478516	1335.119019
404.209961	1382.114014
402.942383	1369.951294
401.673828	1379.471680
400.404297	1296.388184
399.134766	1441.831787
397.865234	1396.188477
396.595703	1437.192505
395.326172	1509.668823
394.055664	1448.299316
392.784180	1457.782959
391.513672	1445.626587
390.242188	1437.408569
388.970703	1496.034180
387.698242	1538.907837
386.425781	1518.882813
385.153320	1483.151978
383.880859	1580.987427
382.607422	1600.235718
381.333984	1550.769409
380.059570	1607.303101
378.785156	1569.630859
377.510742	1647.708862
376.236328	1657.110718
374.960938	1635.138062
373.685547	1687.660278
372.410156	1608.860962
371.133789	1612.384521
369.857422	1678.583740
368.581055	1615.509277
367.303711	1568.127441
366.026367	1642.116821
364.749023	1719.983032
363.470703	1727.385132
362.192383	1603.745483
360.914063	1710.892456
359.634766	1644.007202
358.356445	1647.510864
357.076172	1651.012451
355.796875	1679.906128
354.516602	1708.785156
353.236328	1638.076538
351.955078	1664.999146
350.673828	1662.636475
349.392578	1607.598511
348.111328	1630.607056
346.829102	1659.453857
345.546875	1674.639404
344.263672	1664.479736
342.981445	1687.450317
341.697266	1694.824585
340.414063	1561.968384
339.129883	1625.835693
337.845703	1681.884521
336.561523	1584.160034
335.276367	1612.951660
333.991211	1528.908447
332.705078	1621.873901
331.419922	1617.582275
330.133789	1673.548096
328.846680	1618.720825
327.560547	1732.940674
326.272461	1689.779175
324.985352	1788.389526
323.697266	1714.174072
322.409180	1717.628296
321.121094	1697.796509
319.832031	1780.786499
318.542969	1869.552856
317.253906	1779.897095
315.963867	1822.097168
314.673828	1988.302368
313.383789	2051.740234
312.092773	2163.569824
310.801758	2205.630371
309.510742	2325.108398
308.218750	2392.268066
306.926758	2650.959229
305.634766	2721.871582
304.341797	2831.428467
303.048828	3008.604248
301.755859	3309.406738
300.461914	3358.822266
299.167969	3555.051270
297.874023	3756.976074
296.579102	3827.482178
295.284180	3851.616699
293.989258	3918.201904
292.693359	4042.642578
291.397461	3916.227051
290.101563	4005.887695
288.804688	3738.784912
287.507813	3680.009521
286.210938	3642.462646
284.913086	3608.787598
283.615234	3507.709961
282.317383	3556.892578
281.018555	3392.343750
279.719727	3354.913574
278.420898	3263.621582
277.121094	3207.003662
275.821289	3144.644043
274.521484	3103.466553
273.220703	3093.067139
271.919922	3217.203125
270.619141	3149.137451
269.317383	3194.438477
268.015625	3287.725586
266.713867	3523.038330
265.411133	3527.899902
264.108398	3632.542725
262.804688	3689.170654
261.501953	3816.733154
260.198242	3923.137939
258.893555	3985.396973
257.588867	4193.276855
256.284180	4243.937500
254.979492	4332.881836
253.673828	4356.669434
252.368164	4504.888184
251.061523	4639.631836
249.755859	4651.838379
248.448242	4776.908691
247.141602	4919.126953
245.833984	5130.105957
244.526367	5119.231445
243.217773	5037.650879
241.909180	5097.496582
240.600586	5130.568359
239.291992	4968.840820
237.982422	4980.926270
236.671875	4970.101074
235.362305	4877.229980
234.051758	4778.682617
232.741211	4622.970215
231.429688	4465.430664
230.118164	4416.623535
228.806641	4390.709473
227.494141	4227.633301
226.181641	4135.114746
224.868164	4212.117676
223.555664	3969.255615
222.242188	3907.324707
220.927734	3843.522217
219.613281	3950.953857
218.298828	3957.536377
216.984375	3880.459473
215.668945	3799.620117
214.353516	3735.924561
213.037109	3590.570801
211.720703	3608.630127
210.404297	3611.488770
209.087891	3559.294922
207.770508	3528.003174
206.452148	3485.343262
205.134766	3543.235596
203.816406	3489.214600
202.497070	3511.053711
201.178711	3464.649170
199.859375	3420.162842
198.539063	3423.057129
197.218750	3461.932373
195.898438	3434.519531
194.578125	3471.477051
193.256836	3447.859131
191.935547	3367.497559
190.613281	3480.095459
189.291992	3403.547607
187.968750	3489.610596
186.646484	3541.609863
185.323242	3521.785156
183.999023	3452.859375
182.675781	3601.132080
181.351563	3566.201904
180.026367	3601.122314
178.702148	3603.946777
177.376953	3740.702148
176.050781	3764.231201
174.724609	3768.893311
173.398438	3837.638184
172.072266	3838.507813
170.745117	3899.660889
169.416992	3898.628418
168.089844	3965.380127
166.761719	4047.154541
165.433594	4081.837402
164.104492	4116.500977
162.775391	4314.783203
161.445313	4418.939453
160.116211	4489.201172
158.785156	4561.303711
157.455078	4755.495117
156.124023	4874.446289
154.792969	5006.478516
153.460938	5328.056152
152.128906	5514.324707
150.796875	5505.347168
149.463867	5834.034180
148.130859	5954.375977
146.797852	6108.399902
145.463867	6200.484863
144.129883	6373.096680
142.794922	6433.210938
141.460938	6551.351074
140.125000	6620.744629
138.790039	6729.408691
137.454102	6856.726563
136.117188	6847.400391
134.781250	6881.096680
133.444336	6980.218262
132.106445	6843.744629
130.768555	6797.048340
129.430664	6927.869629
128.092773	6838.212402
126.753906	6968.948730
125.414063	7075.343750
124.075195	6875.599609
122.735352	6804.704590
121.394531	6832.708984
120.053711	6894.263672
118.712891	6922.225098
117.372070	6896.119141
116.030273	7214.738281
114.688477	7086.109375
113.345703	7097.221191
112.002930	7145.561035
110.660156	7219.930664
109.316406	7236.573730
107.972656	6946.261230
106.627930	7076.412109
105.283203	6721.223633
103.938477	6407.119629
102.592773	6033.721680
101.247070	5352.142090
99.901367	4752.650879
98.554688	4084.788086
