#Wave		#Intensity
3199.956055	67.377953
3199.250977	74.470367
3198.545898	7.091317
3197.840820	38.996193
3197.134766	24.811907
3196.429688	53.160107
3195.724609	42.521469
3195.018555	31.886135
3194.312500	31.881165
3193.606445	38.959789
3192.901367	77.907410
3192.195313	31.866230
3191.488281	21.240829
3190.782227	31.856253
3190.076172	49.546402
3189.369141	53.077103
3188.663086	24.765425
3187.956055	35.373615
3187.249023	31.831245
3186.541992	60.116215
3185.834961	24.749834
3185.127930	45.956722
3184.420898	3.534574
3183.712891	24.738110
3183.005859	31.801107
3182.297852	49.460556
3181.590820	49.452717
3180.882813	67.103752
3180.174805	38.843372
3179.466797	42.367855
3178.757813	45.891209
3178.049805	42.354370
3177.341797	24.702780
3176.632813	56.454491
3175.924805	35.278423
3175.215820	38.800068
3174.506836	67.007584
3173.797852	31.735353
3173.088867	49.358196
3172.379883	17.625101
3171.669922	45.817913
3170.960938	24.667221
3170.250977	35.233223
3169.541016	73.977867
3168.832031	35.221886
3168.122070	24.651346
3167.412109	38.731583
3166.701172	59.848236
3165.991211	42.238991
3165.281250	38.712814
3164.570313	70.375549
3163.860352	73.882355
3163.149414	84.423294
3162.438477	52.756001
3161.727539	45.714443
3161.016602	52.738865
3160.305664	70.307053
3159.593750	77.325172
3158.882813	84.340996
3158.170898	52.704533
3157.458984	59.722057
3156.748047	45.662354
3156.036133	49.166809
3155.324219	10.534021
3154.611328	59.683022
3153.899414	31.591719
3153.187500	49.134621
3152.474609	42.108479
3151.761719	52.626961
3151.049805	59.634090
3150.336914	63.131596
3149.624023	21.040403
3148.911133	49.086189
3148.197266	73.617149
3147.484375	35.050007
3146.770508	56.070755
3146.057617	45.549961
3145.343750	24.522848
3144.629883	56.042953
3143.916016	31.518944
3143.202148	59.525921
3142.488281	56.015110
3141.774414	24.502544
3141.059570	48.996952
3140.344727	41.990410
3139.630859	48.980667
3138.916016	55.968590
3138.201172	31.477091
3137.486328	83.924919
3136.771484	83.910927
3136.055664	55.931282
3135.340820	41.941456
3134.625000	83.868896
3133.910156	73.373016
3133.194336	62.880630
3132.478516	59.377316
3131.762695	45.398575
3131.046875	62.849022
3130.330078	48.874371
3129.614258	52.356602
3128.897461	45.368095
3128.181641	27.914133
3127.464844	62.796230
3126.748047	76.738022
3126.031250	62.775078
3125.314453	38.356079
3124.596680	55.781246
3123.879883	62.743305
3123.162109	97.584206
3122.445313	34.845608
3121.727539	97.551193
3121.009766	52.250721
3120.291992	73.138618
3119.574219	45.268612
3118.856445	69.632202
3118.137695	69.620377
3117.419922	48.725986
3116.701172	45.237869
3115.982422	59.147152
3115.263672	13.914608
3114.544922	100.863731
3113.826172	55.639469
3113.107422	55.629982
3112.387695	41.715366
3111.668945	41.708244
3110.949219	83.402237
3110.229492	62.540981
3109.509766	48.634663
3108.790039	48.626339
3108.070313	69.454300
3107.350586	93.747231
3106.629883	72.902008
3105.910156	83.302284
3105.189453	31.232992
3104.468750	52.046043
3103.748047	79.790215
3103.027344	76.307945
3102.306641	58.955078
3101.585938	45.075531
3100.864258	48.534512
3100.143555	83.187675
3099.421875	62.379990
3098.700195	41.579479
3097.978516	34.643581
3097.256836	83.130219
3096.535156	51.947399
3095.813477	65.788651
3095.090820	76.163139
3094.369141	55.381779
3093.646484	55.372177
3092.923828	65.743050
3092.201172	62.272079
3091.478516	48.425430
3090.755859	72.625519
3090.032227	69.155136
3089.309570	82.971725
3088.585938	51.848301
3087.863281	79.486885
3087.139648	51.830235
3086.416016	65.640182
3085.692383	48.358013
3084.967773	75.977898
3084.244141	65.605812
3083.519531	72.499016
3082.795898	93.196724
3082.071289	100.082672
3081.346680	37.955746
3080.622070	44.848934
3079.897461	51.739700
3079.171875	82.769005
3078.447266	79.306381
3077.721680	51.712475
3076.997070	96.513000
3076.271484	72.372032
3075.545898	72.359306
3074.820313	75.791649
3074.094727	79.222778
3073.368164	44.770206
3072.642578	58.535339
3071.916016	68.852966
3071.189453	72.282867
3070.463867	37.855770
3069.737305	92.902306
3069.009766	68.804367
3068.283203	75.671425
3067.556641	51.585030
3066.829102	82.521446
3066.102539	79.069054
3065.375000	75.617867
3064.647461	54.985069
3063.919922	75.591064
3063.192383	79.013008
3062.463867	61.825291
3061.736328	99.589729
3061.007813	30.901667
3060.279297	78.956886
3059.551758	68.645950
3058.823242	82.360489
3058.094727	61.759373
3057.365234	99.483490
3056.636719	82.316490
3055.907227	58.297123
3055.178711	65.143982
3054.449219	99.412552
3053.719727	82.257767
3052.990234	75.389488
3052.260742	61.671284
3051.530273	54.809116
3050.800781	61.649227
3050.070313	92.457291
3049.340820	68.474625
3048.610352	75.308594
3047.879883	65.027580
3047.149414	75.281593
3046.417969	58.161709
3045.687500	61.571934
3044.957031	92.341316
3044.225586	123.099640
3043.494141	71.795219
3042.762695	75.200516
3042.031250	71.769394
3041.299805	68.339500
3040.568359	68.327202
3039.835938	71.730637
3039.103516	81.963097
3038.372070	92.191856
3037.639648	116.072510
3036.907227	112.638283
3036.174805	54.602642
3035.441406	58.004829
3034.708984	54.582916
3033.975586	75.037941
3033.243164	115.946754
3032.509766	47.734142
3031.776367	74.997215
3031.042969	81.800331
3030.309570	115.862808
3029.575195	61.328014
3028.841797	115.820801
3028.107422	91.958656
3027.373047	74.915680
3026.638672	68.092796
3025.904297	81.696510
3025.169922	81.681664
3024.435547	98.680740
3023.700195	125.880112
3022.965820	105.447929
3022.230469	98.626884
3021.495117	91.808304
3020.759766	95.191269
3020.024414	118.967400
3019.289063	118.945709
3018.552734	95.139206
3017.817383	81.533012
3017.081055	91.707893
3016.344727	146.026642
3015.608398	81.488350
3014.872070	112.025993
3014.135742	112.005508
3013.398438	91.624107
3012.662109	64.464424
3011.924805	108.551788
3011.187500	101.748657
3010.451172	125.467018
3009.712891	122.053642
3008.975586	105.082474
3008.238281	128.787155
3007.500000	94.878380
3006.762695	98.248848
3006.024414	94.843536
3005.286133	98.212761
3004.547852	115.124825
3003.809570	81.249641
3003.071289	91.389030
3002.332031	115.061310
3001.592773	111.656593
3000.854492	162.379684
3000.115234	71.028023
2999.375977	131.884872
2998.636719	125.098480
2997.896484	148.738312
2997.157227	125.052322
2996.416992	148.683426
2995.677734	158.791611
2994.937500	121.605141
2994.197266	124.959969
2993.457031	124.936867
2992.715820	121.537720
2991.975586	138.392349
2991.234375	114.743149
2990.494141	141.715302
2989.752930	124.821304
2989.011719	128.171097
2988.270508	138.264252
2987.528320	141.610291
2986.787109	134.841919
2986.044922	138.187332
2985.303711	107.833504
2984.561523	168.458572
2983.819336	175.164368
2983.077148	124.613029
2982.334961	144.793625
2981.591797	154.866714
2980.849609	212.060608
2980.106445	161.539917
2979.363281	154.780273
2978.620117	161.479782
2977.876953	198.448593
2977.133789	147.967987
2976.389648	131.128998
2975.646484	157.997787
2974.902344	171.412430
2974.158203	161.299240
2973.414063	194.866867
2972.669922	178.034760
2971.925781	178.001495
2971.181641	188.041916
2970.436523	238.365723
2969.692383	214.824707
2968.947266	167.800415
2968.202148	204.678207
2967.457031	224.768402
2966.710938	211.309830
2965.965820	258.219208
2965.220703	204.524933
2964.474609	231.304520
2963.728516	244.667603
2962.982422	254.674667
2962.236328	271.378662
2961.490234	254.579102
2960.743164	311.465942
2959.997070	267.877380
2959.250000	284.566254
2958.502930	237.651855
2957.755859	284.459320
2957.008789	264.330109
2956.261719	304.424255
2955.514648	280.954132
2954.766602	300.965637
2954.018555	254.100906
2953.271484	294.166687
2952.523438	260.689545
2951.775391	327.471283
2951.026367	340.773224
2950.278320	350.729828
2949.529297	320.606781
2948.781250	290.495056
2948.032227	330.500946
2947.283203	330.438568
2946.534180	293.667694
2945.784180	293.612213
2945.035156	343.594788
2944.285156	286.830750
2943.536133	323.457214
2942.786133	313.394104
2942.036133	320.001495
2941.286133	323.273651
2940.535156	303.219910
2939.785156	349.802887
2939.034180	309.766693
2938.284180	319.698578
2937.533203	316.308411
2936.782227	306.261658
2936.031250	352.799744
2935.279297	316.128479
2934.528320	292.779205
2933.776367	325.987671
2933.025391	302.645355
2932.273438	292.612457
2931.521484	255.987244
2930.768555	292.501221
2930.016602	292.445618
2929.264648	225.937729
2928.511719	279.046448
2927.758789	255.743896
2927.005859	335.392426
2926.252930	242.366196
2925.500000	302.070190
2924.747070	255.549149
2923.993164	272.091370
2923.240234	275.357056
2922.486328	278.621490
2921.732422	285.200928
2920.978516	235.411652
2920.223633	261.886902
2919.469727	232.007401
2918.715820	281.669464
2917.960938	218.666275
2917.206055	228.561981
2916.451172	271.572449
2915.696289	278.143005
2914.941406	235.052094
2914.185547	241.627060
2913.430664	271.364746
2912.674805	291.164978
2911.918945	261.336700
2911.163086	304.283203
2910.407227	241.395844
2909.651367	264.492706
2908.894531	327.246979
2908.138672	264.391327
2907.381836	241.210800
2906.625000	247.771790
2905.868164	290.663116
2905.111328	284.002625
2904.353516	267.439484
2903.596680	254.183762
2902.838867	306.942200
2902.081055	250.786285
2901.323242	303.525055
2900.565430	244.092789
2899.807617	260.535431
2899.049805	276.971741
2898.291016	270.325134
2897.532227	270.273132
2896.773438	253.744186
2896.014648	273.463806
2895.255859	273.411133
2894.497070	299.706238
2893.738281	309.527008
2892.978516	223.869995
2892.218750	289.658264
2891.458984	286.311462
2890.699219	276.385315
2889.939453	243.435303
2889.179688	282.856689
2888.418945	246.629730
2887.659180	282.747467
2886.898438	299.128479
2886.137695	289.211212
2885.376953	272.726013
2884.616211	282.528961
2883.854492	262.766815
2883.093750	288.987579
2882.332031	242.965256
2881.570313	223.222168
2880.808594	246.153259
2880.046875	301.889526
2879.285156	229.654068
2878.522461	259.130798
2877.760742	229.565079
2876.998047	242.636032
2876.235352	249.145447
2875.472656	262.207520
2874.709961	262.156647
2873.946289	249.000473
2873.183594	278.433319
2872.419922	248.903824
2871.656250	278.325195
2870.892578	261.902252
2870.128906	245.485657
2869.365234	287.980530
2868.600586	261.749603
2867.836914	284.597321
2867.072266	242.024216
2866.307617	212.547470
2865.542969	251.738007
2864.778320	284.375885
2864.013672	264.712219
2863.248047	287.532562
2862.483398	248.275223
2861.717773	254.759125
2860.952148	287.364532
2860.186523	248.130081
2859.419922	235.024765
2858.654297	264.351288
2857.887695	244.721970
2857.122070	270.772797
2856.355469	260.934875
2855.588867	322.843872
2854.822266	264.093414
2854.054688	264.041809
2853.288086	283.545044
2852.520508	280.231140
2851.752930	231.308395
2850.985352	257.320984
2850.217773	273.553619
2849.450195	276.756042
2848.682617	286.467834
2847.914063	266.883698
2847.145508	237.545059
2846.377930	266.779175
2845.609375	256.968628
2844.839844	240.657623
2844.071289	253.616440
2843.302734	266.570129
2842.533203	260.017426
2841.763672	237.219376
2840.994141	253.417557
2840.224609	237.126297
2839.455078	256.565765
2838.684570	220.798065
2837.915039	262.957825
2837.144531	243.431641
2836.374023	279.080109
2835.603516	269.291809
2834.833008	262.751190
2834.062500	239.997101
2833.291016	278.860718
2832.520508	278.805847
2831.749023	252.820663
2830.977539	256.011566
2830.206055	265.681213
2829.433594	255.910767
2828.662109	233.189194
2827.889648	255.809952
2827.118164	223.384918
2826.345703	249.235489
2825.573242	249.186340
2824.799805	262.079407
2824.027344	265.262604
2823.254883	239.336105
2822.481445	258.690674
2821.708008	271.571594
2820.934570	245.659103
2820.161133	261.769165
2819.387695	274.641785
2818.613281	248.743988
2817.839844	268.073639
2817.065430	248.645660
2816.291016	200.168610
2815.516602	261.458862
2814.741211	254.952652
2813.966797	238.769135
2813.192383	222.592026
2812.416992	222.547958
2811.641602	251.526123
2810.866211	232.131973
2810.090820	244.979645
2809.314453	244.931091
2808.539063	306.103180
2807.762695	222.283478
2806.986328	231.901978
2806.209961	247.957077
2805.433594	251.127457
2804.657227	247.858673
2803.880859	279.992493
2803.103516	257.413239
2802.326172	238.059952
2801.548828	215.497940
2800.771484	225.102356
2799.994141	202.551849
2799.216797	212.154984
2798.438477	215.326630
2797.660156	189.578262
2796.881836	231.303711
2796.103516	221.621933
2795.325195	218.366547
2794.546875	199.059265
2793.767578	250.379517
2792.989258	224.654800
2792.209961	186.105453
2791.430664	221.357178
2790.651367	234.142792
2789.871094	243.716476
2789.091797	201.987823
2788.311523	230.797180
2787.531250	256.390137
2786.751953	217.888092
2785.970703	233.862579
2785.190430	221.004028
2784.410156	204.948288
2783.628906	224.117401
2782.847656	195.263260
2782.067383	201.625015
2781.285156	239.981781
2780.503906	230.336426
2779.722656	230.290344
2778.940430	204.661560
2778.159180	211.014969
2777.376953	188.596817
2776.594727	198.146805
2775.812500	233.255127
2775.029297	185.288864
2774.247070	210.803680
2773.463867	233.114899
2772.680664	197.948288
2771.897461	207.484802
2771.114258	191.485992
2770.331055	178.684387
2769.546875	236.071259
2768.763672	178.612640
2767.979492	261.487396
2767.195313	197.670273
2766.411133	207.193314
2765.626953	162.534378
2764.841797	194.364777
2764.056641	172.026016
2763.272461	203.841675
2762.487305	248.382034
2761.702148	200.575882
2760.916016	184.619980
2760.130859	219.589890
2759.344727	257.727509
2758.559570	197.233154
2757.773438	235.359863
2756.987305	203.513443
2756.201172	251.161255
2755.414063	193.895523
2754.627930	238.348022
2753.840820	247.831924
2753.053711	206.484909
2752.266602	244.555817
2751.479492	279.435913
2750.692383	203.185059
2749.904297	222.188751
2749.116211	234.837769
2748.328125	209.407547
2747.540039	253.776001
2746.751953	212.494400
2745.963867	228.305984
2745.174805	244.111145
2744.386719	240.892090
2743.597656	199.646423
2742.808594	228.121124
2742.019531	259.751953
2741.229492	202.692154
2740.440430	227.982437
2739.650391	218.438858
2738.861328	231.055115
2738.071289	256.324188
2737.280273	224.633636
2736.490234	192.955917
2735.700195	205.567001
2734.909180	233.982590
2734.118164	252.902756
2733.327148	224.405579
2732.536133	208.559967
2731.745117	208.517548
2730.953125	202.157700
2730.162109	240.013428
2729.370117	195.760574
2728.578125	192.563950
2727.786133	227.242310
2726.994141	224.040512
2726.201172	211.375443
2725.409180	258.645569
2724.616211	233.364273
2723.823242	182.869827
2723.030273	214.355377
2722.236328	201.705078
2721.443359	217.418900
2720.649414	182.720612
2719.856445	211.030701
2719.062500	207.838531
2718.268555	192.053940
2717.473633	188.866898
2716.679688	204.563980
2715.884766	251.719559
2715.089844	239.084671
2714.295898	232.745331
2713.500000	232.697693
2712.705078	176.059494
2711.910156	229.459122
2711.114258	254.553162
2710.318359	194.803238
2709.522461	232.459427
2708.726563	229.271072
2707.930664	229.224045
2707.134766	216.619370
2706.337891	225.991211
2705.541016	210.254211
2704.744141	210.211044
2703.947266	216.441528
2703.150391	235.214188
2702.352539	213.217041
2701.555664	225.712799
2700.757813	244.471924
2699.959961	238.154404
2699.162109	228.706497
2698.364258	275.644226
2697.565430	181.637207
2696.767578	231.696289
2695.968750	203.475082
2695.169922	237.860306
2694.371094	256.585846
2693.571289	234.633774
2692.772461	218.946350
2691.972656	240.791290
2691.173828	250.121140
2690.374023	203.181458
2689.573242	237.516953
2688.773438	218.720428
2687.973633	215.551285
2687.172852	243.616302
2686.372070	218.584808
2685.571289	231.027573
2684.770508	262.193237
2683.969727	249.656174
2683.167969	218.403931
2682.367188	240.194565
2681.565430	215.194687
2680.763672	258.803741
2679.961914	196.400665
2679.159180	227.528183
2678.357422	255.526581
2677.554688	211.856125
2676.751953	214.927032
2675.949219	252.253265
2675.146484	227.292145
2674.343750	208.567245
2673.540039	245.871460
2672.736328	258.266937
2671.932617	233.325211
2671.128906	220.835251
2670.325195	211.460175
2669.521484	251.833939
2668.716797	217.588943
2667.912109	223.759155
2667.107422	242.355240
2666.302734	267.156494
2665.498047	217.407608
2664.693359	180.100159
2663.887695	273.198395
2663.082031	229.687057
2662.276367	235.845566
2661.470703	204.770477
2660.665039	272.970245
2659.858398	263.609344
2659.052734	266.654877
2658.246094	207.699295
2657.439453	244.847931
2656.632813	238.599304
2655.826172	213.764999
2655.051758	242.127060
2655.018555	272.570740
2654.246094	239.022858
2654.210938	250.836395
2653.440430	251.399109
2653.404297	207.438477
2652.634766	232.739395
2652.596680	244.540359
2651.829102	242.009888
2651.788086	244.489075
2651.023438	207.846680
2650.980469	210.402145
2650.217773	241.931610
2650.171875	250.573486
2649.411133	220.184143
2649.364258	235.056625
2648.604492	226.349823
2648.555664	259.744873
2647.798828	238.713806
2647.747070	231.866333
2646.992188	235.575363
2646.938477	271.999329
2646.185547	226.239563
2646.128906	287.393402
2645.378906	260.288116
2645.320313	256.436951
2644.571289	229.264084
2644.510742	256.382996
2643.764648	263.300964
2643.701172	250.152420
2642.957031	210.606400
2642.891602	253.187408
2642.150391	250.828430
2642.081055	253.134094
2641.342773	253.883575
2641.271484	265.426147
2640.535156	222.885696
2640.460938	228.341812
2639.727539	253.800476
2639.651367	243.718918
2638.918945	232.096542
2638.840820	277.595917
2638.111328	256.811371
2638.029297	194.276138
2637.303711	235.113983
2637.218750	268.229462
2636.495117	247.447739
2636.408203	221.936142
2635.686523	244.314453
2635.596680	258.870819
2634.877930	222.629684
2634.785156	255.734970
2634.069336	250.417145
2633.973633	234.117462
2633.260742	244.193726
2633.162109	249.467163
2632.452148	268.877838
2632.349609	246.335205
2631.642578	200.852554
2631.538086	240.126007
2630.833984	284.236603
2630.725586	243.153061
2630.024414	253.299408
2629.913086	276.951141
2629.214844	253.257462
2629.100586	230.743744
2628.405273	268.655457
2628.288086	258.378235
2627.595703	213.036224
2627.474609	261.398712
2626.785156	256.218414
2626.662109	267.492554
2625.975586	265.435211
2625.848633	264.361816
2625.165039	237.617584
2625.035156	267.379028
2624.355469	240.663452
2624.221680	255.031586
2623.544922	256.047943
2623.407227	285.697601
2622.734375	265.258453
2622.593750	251.851883
2621.923828	252.878647
2621.779297	239.515503
2621.113281	218.919327
2620.964844	270.165161
2620.301758	243.545578
2620.150391	279.315918
2619.491211	243.504852
2619.335938	291.531464
2618.679688	258.873199
2618.521484	282.265106
2617.868164	231.098053
2617.706055	260.732880
2617.056641	341.967773
2616.890625	285.211670
2616.245117	243.341614
2616.076172	300.481567
2615.433594	283.337585
2615.259766	251.369766
2614.621094	246.339081
2614.444336	269.705139
2613.809570	267.848694
2613.628906	269.647583
2612.997070	249.334381
2612.812500	284.907623
2612.185547	212.360153
2611.996094	269.532440
2611.373047	258.481812
2611.179688	269.474884
2610.559570	249.208252
2610.363281	281.663513
2609.747070	252.242294
2609.546875	269.359680
2608.934570	236.821625
2608.729492	309.085327
2608.121094	304.433441
2607.912109	263.125275
2607.308594	245.965164
2607.095703	281.422577
2606.495117	267.441803
2606.277344	278.304047
2605.681641	288.911102
2605.459961	278.244415
2604.868164	245.840073
2604.642578	269.013855
2604.054688	276.523102
2603.824219	262.843536
2603.240234	258.044373
2603.005859	262.787170
2602.426758	264.143341
2602.187500	281.060852
2601.612305	264.098389
2601.369141	281.000519
2600.798828	242.560669
2600.550781	259.564301
2599.984375	242.519318
2599.731445	283.932861
2599.169922	217.923218
2598.913086	277.767059
2598.354492	257.780640
2598.093750	250.241791
2597.540039	251.600006
2597.274414	234.932602
2596.725586	276.099121
2596.455078	259.285370
2595.910156	325.127777
2595.634766	268.378845
2595.094727	248.404144
2594.815430	283.566559
2594.279297	294.354462
2593.995117	249.972549
2593.463867	242.187653
2593.174805	265.157623
2592.648438	257.471802
2592.354492	259.006195
2591.833008	281.944489
2591.533203	295.507996
2591.016602	254.319229
2590.712891	268.031891
2590.201172	306.356018
2589.891602	261.883698
2589.384766	266.483856
2589.070313	255.738129
2588.568359	248.062927
2588.249023	267.858246
2587.751953	284.763885
2587.427734	267.800323
2586.935547	238.793030
2586.606445	255.572311
2586.118164	266.300110
2585.784180	313.312531
2585.301758	250.952133
2584.961914	301.079865
2584.484375	263.148193
2584.139648	234.122528
2583.666992	250.865356
2583.317383	252.311172
2582.849609	259.998322
2582.495117	227.942612
2582.032227	241.603653
2581.671875	261.317535
2581.214844	256.850494
2580.849609	264.298767
2580.397461	253.748718
2580.026367	288.539459
2579.579102	290.384857
2579.203125	267.220642
2578.761719	305.615173
2578.379883	276.270416
2577.943359	250.560883
2577.555664	291.386780
2577.125000	278.013092
2576.732422	294.358032
2576.306641	244.364563
2575.908203	266.988403
2575.488281	290.132385
2575.083984	291.196686
2574.668945	290.081818
2574.259766	275.970123
2573.850586	311.401917
2573.434570	281.973969
2573.031250	241.141739
2572.610352	278.881226
2572.211914	259.410980
2571.785156	263.667145
2571.392578	280.725159
2570.959961	278.759644
2570.573242	265.421936
2570.134766	266.581482
2569.753906	265.375488
2569.309570	257.437286
2568.933594	256.179718
2568.484375	275.549133
2568.114258	286.627075
2567.658203	220.996628
2567.293945	280.479431
2566.832031	296.615570
2566.473633	262.141296
2566.005859	287.472626
2565.653320	265.142883
2565.179688	290.435120
2564.833008	265.096283
2564.353516	287.346832
2564.012695	292.468597
2563.526367	263.091614
2563.191406	246.726974
2562.699219	290.244385
2562.371094	286.274719
2561.872070	281.112640
2561.549805	298.404053
2561.044922	344.514130
2560.728516	264.863007
2560.217773	287.032135
2559.907227	298.298798
2559.389648	280.927673
2559.085938	273.899536
2558.562500	295.966309
2558.264648	295.150696
2557.734375	250.610291
2557.442383	292.056274
2556.906250	295.836273
2556.620117	282.879486
2556.078125	244.463989
2555.798828	273.705902
2555.249023	301.740997
2554.976563	304.063812
2554.420898	280.557373
2554.154297	273.608948
2553.591797	295.576019
2553.331055	343.470337
2552.762695	343.757568
2552.508789	276.550934
2551.933594	301.475281
2551.686523	331.194519
2551.103516	316.479248
2550.863281	297.718323
2550.274414	307.369171
2550.040039	303.740204
2549.444336	265.122711
2549.216797	282.428162
2548.614258	283.136749
2548.393555	294.523193
2547.784180	286.085632
2547.570313	312.685425
2546.954102	325.162292
2546.746094	276.206848
2546.123047	310.039917
2545.922852	270.088196
2545.292969	288.905304
2545.098633	276.108337
2544.461914	285.832611
2544.274414	294.260773
2543.630859	291.785522
2543.450195	291.175140
2542.799805	264.653992
2542.625977	263.830322
2541.967773	306.690033
2541.801758	300.167023
2541.136719	258.524445
2540.976563	312.239105
2540.304688	285.515961
2540.151367	321.275940
2539.472656	333.528809
2539.327148	275.762939
2538.640625	309.421967
2538.501953	318.130981
2537.807617	264.301758
2537.676758	296.869019
2536.975586	294.270630
2536.850586	281.672089
2536.142578	252.175858
2536.025391	314.931580
2535.309570	288.136841
2535.199219	299.736786
2534.476563	339.085571
2534.374023	308.764221
2533.643555	318.009430
2533.547852	272.390015
2532.809570	287.944336
2532.721680	308.653137
2531.976563	317.867645
2531.895508	299.521149
2531.142578	275.823578
2531.068359	302.492096
2530.308594	281.756836
2530.242188	338.730103
2529.473633	326.645081
2529.415039	332.621338
2528.639648	290.619202
2528.588867	344.654449
2527.804688	287.558838
2527.761719	299.251129
2526.969727	341.399750
2526.934570	320.352417
2526.134766	317.370819
2526.106445	311.229584
2525.299805	305.326202
2525.279297	271.898987
2524.464844	308.250519
2524.452148	292.993652
2523.628906	338.101959
2523.624023	283.880585
2522.795898	317.043182
2522.792969	320.077850
2521.967773	253.588577
2521.957031	311.033905
2521.139648	277.689514
2521.121094	301.993988
2520.311523	301.781647
2520.285156	316.872986
2519.482422	337.934082
2519.448242	307.835693
2518.654297	307.705475
2518.612305	289.838348
2517.825195	283.520172
2517.775391	340.558136
2516.996094	322.671722
2516.937500	277.761230
2516.166992	274.371796
2516.100586	322.488800
2515.337891	343.655945
2515.263672	295.548126
2514.507813	295.369720
2514.425781	295.481506
2513.678711	298.329315
2513.587891	316.302765
2512.848633	334.429474
2512.750000	331.147980
2512.018555	355.454742
2511.912109	313.177368
2511.188477	349.366302
2511.073242	325.034485
2510.358398	364.358643
2510.234375	289.185486
2509.528320	307.089172
2509.395508	318.926300
2508.697266	298.002655
2508.556641	303.954407
2507.867188	306.976868
2507.717773	321.761230
2507.036133	330.992920
2506.878906	306.795380
2506.205078	333.940765
2506.039063	342.460876
2505.374023	348.919220
2505.199219	330.474243
2504.542969	315.774170
2504.359375	306.586731
2503.710938	327.743561
2503.519531	315.444794
2502.879883	345.721039
2502.678711	306.447510
2502.047852	282.537476
2501.838867	315.301483
2501.215820	318.547577
2500.998047	324.151398
2500.383789	306.470612
2500.157227	335.970398
2499.551758	354.479248
2499.316406	335.893921
2498.719727	309.361389
2498.474609	329.873779
2497.886719	327.322205
2497.633789	350.596710
2497.053711	303.242706
2496.791992	371.310120
2496.221680	357.220154
2495.950195	344.497192
2495.388672	318.137451
2495.108398	377.078949
2494.554688	336.083252
2494.265625	311.686981
2493.721680	342.021637
2493.423828	350.196747
2492.888672	320.961060
2492.581055	350.116669
2492.054688	338.896271
2491.738281	341.137329
2491.220703	305.849854
2490.895508	367.750854
2490.387695	299.797363
2490.051758	340.981140
2489.552734	353.695465
2489.208984	326.081116
2488.718750	386.595551
2488.365234	373.425476
2487.884766	287.645752
2487.521484	352.598694
2487.049805	410.418427
2486.677734	314.007416
2486.215820	299.519989
2485.833008	310.973633
2485.380859	323.421631
2484.989258	337.550903
2484.545898	341.326172
2484.144531	370.036499
2483.710938	338.269318
2483.299805	325.557190
2482.875000	317.255676
2482.455078	349.153687
2482.040039	320.189178
2481.609375	304.699554
2481.204102	341.072754
2480.764648	310.544434
2480.368164	346.991943
2479.918945	363.696747
2479.532227	325.992157
2479.073242	328.138397
2478.696289	325.931488
2478.227539	357.617798
2477.860352	352.777588
2477.381836	354.580353
2477.023438	340.755554
2476.535156	313.140228
2476.187500	349.657623
2475.688477	357.369873
2475.350586	325.688690
2474.841797	315.948151
2474.513672	340.565033
2473.995117	333.587585
2473.676758	358.422607
2473.148438	348.267395
2472.839844	322.520142
2472.300781	309.827087
2472.001953	352.317291
2471.453125	398.256714
2471.165039	352.251465
2470.605469	345.075684
2470.327148	379.047241
2469.757813	371.533661
2469.489258	358.087921
2468.910156	339.019348
2468.651367	355.037415
2468.061523	330.098602
2467.813477	334.090302
2467.212891	359.488007
2466.975586	339.992554
2466.364258	368.242126
2466.136719	357.819855
2465.515625	329.868073
2465.297852	339.865143
2464.666992	365.125946
2464.458984	360.666412
2463.817383	382.704041
2463.620117	345.697998
2462.967773	356.126007
2462.781250	384.367859
2462.118164	332.502808
2461.942383	339.610168
2461.268555	320.657837
2461.102539	348.481812
2460.418945	349.994141
2460.263672	351.394257
2459.568359	364.614441
2459.423828	336.441406
2458.717773	382.167572
2458.583984	339.354919
2457.867188	373.260864
2457.744141	342.267303
2457.016602	352.604767
2456.903320	312.446136
2456.166016	352.522064
2456.063477	339.163330
2455.314453	349.502319
2455.222656	368.845001
2454.462891	320.057190
2454.382813	309.295593
2453.611328	343.466888
2453.541992	344.918488
2452.759766	319.906738
2452.701172	315.124695
2451.907227	355.042267
2451.859375	353.705292
2451.055664	328.556793
2451.018555	323.921021
2450.203125	334.345093
2450.176758	365.456512
2449.350586	337.198425
2449.334961	326.769287
2448.497070	354.707703
2448.493164	323.737457
2447.651367	368.218842
2447.644531	360.485535
2446.809570	350.335510
2446.791016	360.400391
2445.967773	353.237610
2445.937500	295.868591
2445.125000	317.556885
2445.083984	310.442108
2444.282227	362.005615
2444.230469	336.720703
2443.439453	335.236755
2443.375977	307.367828
2442.596680	358.902283
2442.522461	362.900757
2441.753906	358.834229
2441.667969	330.629547
2440.911133	332.081085
2440.813477	315.924927
2440.067383	293.480255
2439.958008	315.849945
2439.223633	326.027252
2439.103516	336.241791
2438.380859	323.002014
2438.248047	350.777588
2437.536133	361.456512
2437.392578	333.159424
2436.692383	346.576813
2436.537109	321.393127
2435.848633	376.127228
2435.680664	341.763977
2435.003906	340.522858
2434.825195	359.204712
2434.160156	337.497559
2433.968750	280.288025
2433.315430	364.072784
2433.112305	309.410828
2432.470703	372.881592
2432.255859	332.683105
2431.625000	307.716644
2431.398438	332.603607
2430.780273	354.989990
2430.541992	352.942230
2429.935547	337.176178
2429.684570	312.031250
2429.089844	337.111877
2428.827148	329.449432
2428.244141	366.613129
2427.968750	355.603516
2427.398438	348.807190
2427.111328	343.861938
2426.552734	354.651428
2426.252930	343.779419
2425.706055	307.305847
2425.394531	364.085663
2424.860352	354.515930
2424.536133	331.966370
2424.013672	333.772003
2423.677734	343.531677
2423.166992	327.801819
2422.818359	343.449036
2422.320313	327.739105
2421.959961	384.104736
2421.473633	377.861053
2421.100586	325.828522
2420.626953	333.516602
2420.240234	372.285706
2419.779297	348.207275
2419.380859	351.841431
2418.931641	336.339172
2418.520508	334.314026
2418.084961	306.776917
2417.661133	279.012115
2417.237305	339.159454
2416.799805	334.152466
2416.388672	359.734924
2415.939453	339.881561
2415.541016	318.392761
2415.079102	293.331024
2414.692383	338.964233
2414.217773	313.584900
2413.844727	335.952209
2413.356445	316.411743
2412.996094	306.423828
2412.147461	285.744232
2411.298828	347.539581
2410.449219	338.638672
2409.600586	326.797058
2408.750977	312.016418
2407.901367	356.101135
2407.051758	323.665955
2406.202148	376.556915
2405.352539	332.365082
2404.501953	338.182465
2403.651367	332.236938
2402.801758	364.508240
2401.950195	332.108734
2401.099609	355.552216
2400.249023	343.732025
2399.397461	355.414886
2398.546875	331.852234
2397.695313	322.979553
2396.843750	346.401947
2395.991211	319.919556
2395.139648	328.661072
2394.288086	331.531372
2393.435547	322.667145
2392.583008	287.411407
2391.730469	343.067535
2390.877930	360.590851
2390.024414	334.141327
2389.171875	319.424042
2388.318359	331.081757
2387.464844	333.946869
2386.611328	316.309296
2385.757813	307.463196
2384.903320	389.377686
2384.049805	327.833282
2383.195313	339.475586
2382.340820	327.705780
2381.486328	359.821167
2380.631836	266.157349
2379.776367	356.756866
2378.921875	344.992737
2378.066406	344.925507
2377.210938	315.633026
2376.355469	347.713043
2375.499023	335.959686
2374.643555	327.131683
2373.787109	356.270355
2372.930664	397.076324
2372.074219	385.322357
2371.217773	370.654419
2370.361328	376.417938
2369.503906	353.005188
2368.647461	364.603485
2367.790039	303.290771
2366.932617	344.051056
2366.075195	352.729095
2365.216797	355.574615
2364.359375	352.591003
2363.500977	361.262177
2362.642578	297.109039
2361.784180	361.120605
2360.925781	361.049805
2360.067383	343.512268
2359.208008	346.355438
2358.348633	355.017426
2357.490234	357.857147
2356.629883	351.969208
2355.770508	398.432343
2354.911133	314.030945
2354.050781	392.461517
2353.190430	331.346802
2352.330078	337.093628
2351.469727	351.554352
2350.609375	395.057739
2349.749023	360.128815
2348.887695	383.287445
2348.026367	357.083862
2347.165039	354.110992
2346.303711	356.943176
2345.442383	295.943329
2344.580078	409.017456
2343.717773	379.934204
2342.856445	368.260498
2341.994141	362.389587
2341.130859	327.535522
2340.268555	353.552582
2339.405273	428.815155
2338.542969	385.278015
2337.679688	327.276794
2336.816406	373.542999
2335.953125	405.315369
2335.088867	416.813324
2334.225586	393.579163
2333.361328	402.181427
2332.497070	344.245453
2331.632813	367.315247
2330.767578	410.617584
2329.903320	355.605316
2329.038086	317.957977
2328.172852	349.684448
2327.307617	352.504486
2326.442383	314.880066
2325.577148	355.252869
2324.710938	358.070038
2323.845703	352.224762
2322.979492	381.019989
2322.113281	392.488068
2321.246094	435.690582
2320.379883	418.295227
2319.512695	372.064545
2318.646484	328.735840
2317.779297	420.928802
2316.912109	406.432556
2316.043945	368.886627
2315.176758	348.643707
2314.308594	417.712982
2313.440430	385.947540
2312.572266	348.435425
2311.704102	408.826202
2310.835938	379.959869
2309.966797	385.639923
2309.098633	382.685638
2308.229492	382.609314
2307.360352	373.904388
2306.490234	339.322388
2305.621094	379.505188
2304.750977	393.801697
2303.881836	330.497437
2303.011719	350.544617
2302.141602	387.820190
2301.270508	356.148804
2300.400391	353.205963
2299.529297	356.006317
2298.658203	410.473541
2297.787109	413.261230
2296.916016	441.871460
2296.044922	361.458771
2295.172852	352.781952
2294.300781	392.857239
2293.428711	378.443542
2292.556641	349.703430
2291.684570	358.230865
2290.812500	398.272797
2289.939453	432.569275
2289.066406	375.200012
2288.193359	426.668549
2287.320313	397.953156
2286.447266	420.772400
2285.573242	400.655121
2284.699219	440.632050
2283.825195	414.797424
2282.951172	391.833252
2282.077148	397.473511
2281.203125	420.265106
2280.328125	391.596832
2279.453125	440.100555
2278.578125	402.868103
2277.703125	425.640137
2276.828125	394.137634
2275.952148	394.058228
2275.077148	393.978790
2274.201172	368.210297
2273.325195	379.551117
2272.448242	430.832031
2271.572266	402.218964
2270.695313	385.025543
2269.819336	422.016876
2268.942383	390.571899
2268.064453	399.043976
2267.187500	430.310486
2266.310547	430.223541
2265.432617	401.650726
2264.554688	418.657593
2263.676758	429.962677
2262.798828	427.028870
2261.919922	449.712738
2261.041992	395.553284
2260.163086	423.924530
2259.284180	395.393158
2258.405273	386.781158
2257.525391	383.859406
2256.646484	406.524261
2255.766602	409.284119
2254.886719	448.984589
2254.006836	429.005859
2253.126953	448.802490
2252.247070	408.952209
2251.366211	440.102295
2250.485352	411.625031
2249.604492	451.276489
2248.723633	422.808441
2247.842773	465.278534
2246.960938	462.347504
2246.080078	448.073975
2245.198242	439.476898
2244.316406	425.213745
2243.433594	427.961456
2242.551758	439.208801
2241.668945	436.286407
2240.786133	390.878387
2239.903320	441.772552
2239.020508	421.863495
2238.137695	418.946838
2237.253906	427.351929
2236.371094	458.390106
2235.487305	427.177734
2234.603516	452.546387
2233.718750	421.347870
2232.834961	404.298340
2231.950195	426.829315
2231.065430	440.872742
2230.180664	415.352966
2229.295898	443.517700
2228.411133	398.237091
2227.525391	457.455505
2226.639648	443.245911
2225.753906	468.559113
2224.868164	485.395721
2223.982422	442.974091
2223.095703	440.062561
2222.209961	423.050507
2221.323242	380.667542
2220.436523	434.154053
2219.549805	425.609344
2218.662109	425.522186
2217.775391	490.236359
2216.887695	447.882813
2216.000000	456.239899
2215.112305	416.726318
2214.223633	506.725342
2213.335938	489.734039
2212.447266	453.051727
2211.558594	422.011261
2210.669922	435.988800
2209.781250	435.899261
2208.891602	475.173218
2208.001953	438.531311
2207.113281	446.872772
2206.222656	486.120117
2205.333008	432.642242
2204.443359	401.656616
2203.552734	466.162811
2202.662109	409.914276
2201.771484	457.549835
2200.880859	423.777924
2199.990234	502.255829
2199.098633	448.851318
2198.208008	431.930389
2197.316406	420.624725
2196.424805	456.984680
2195.532227	417.648346
2194.640625	473.610840
2193.748047	470.711304
2192.855469	479.018005
2191.962891	478.919159
2191.070313	462.019592
2190.176758	403.133850
2189.284180	422.643311
2188.390625	475.725311
2187.497070	464.435791
2186.603516	447.556427
2185.708984	447.463928
2184.815430	450.167450
2183.920898	444.483368
2183.026367	416.442261
2182.131836	449.888123
2181.237305	433.032440
2180.341797	474.840485
2179.446289	393.756714
2178.551758	449.515594
2177.655273	496.876984
2176.759766	404.675476
2175.864258	454.816742
2174.967773	451.932709
2174.071289	446.260712
2173.174805	437.802490
2172.278320	434.923645
2171.381836	457.132507
2170.484375	462.611237
2169.586914	487.591278
2168.689453	454.062103
2167.791992	498.528992
2166.894531	406.536896
2165.996094	498.321777
2165.097656	495.434814
2164.199219	464.721344
2163.300781	425.674103
2162.402344	511.815247
2161.502930	456.088196
2160.604492	453.212799
2159.705078	458.678131
2158.805664	497.492615
2157.905273	427.921204
2157.005859	466.725830
2156.105469	444.408112
2155.205078	452.646362
2154.304688	508.079773
2153.404297	499.646332
2152.502930	477.340179
2151.602539	427.296753
2150.701172	441.077881
2149.799805	490.908661
2148.898438	463.076935
2147.996094	465.752502
2147.094727	485.057434
2146.192383	465.557770
2145.290039	531.954773
2144.387695	498.603241
2143.484375	484.651703
2142.582031	454.092804
2141.678711	509.363312
2140.775391	492.650452
2139.872070	437.204865
2138.968750	489.677490
2138.064453	472.979095
2137.160156	436.929993
2136.255859	494.899170
2135.351563	519.673340
2134.447266	494.691528
2133.542969	524.981323
2132.637695	511.058746
2131.732422	557.903687
2130.827148	510.844086
2129.921875	543.865601
2129.015625	546.511475
2128.109375	560.194458
2127.204102	549.040710
2126.296875	532.374695
2125.390625	504.684296
2124.484375	559.723206
2123.577148	578.902161
2122.669922	501.609528
2121.762695	548.347656
2120.855469	493.133423
2119.947266	556.379639
2119.040039	603.076538
2118.131836	517.600342
2117.223633	567.038208
2116.315430	544.902283
2115.406250	564.047485
2114.498047	528.167053
2113.588867	580.311035
2112.679688	577.438782
2111.770508	574.567627
2110.860352	560.703491
2109.951172	530.357300
2109.041016	519.255615
2108.130859	510.905396
2107.220703	562.975525
2106.309570	538.145630
2105.399414	557.247070
2104.488281	557.129089
2103.577148	554.267212
2102.666016	578.839600
2101.753906	554.032288
2100.842773	559.399170
2099.930664	518.156921
2099.018555	545.456909
2098.106445	556.302795
2097.194336	539.745789
2096.281250	531.413452
2095.368164	539.516602
2094.455078	558.568542
2093.541992	533.812378
2092.628906	514.540466
2091.714844	552.739746
2090.800781	547.150696
2089.887695	555.239807
2088.972656	563.325439
2088.058594	568.673523
2087.143555	546.684998
2086.229492	543.835754
2085.314453	535.523071
2084.399414	529.945618
2083.483398	557.143555
2082.568359	526.989136
2081.652344	554.176025
2080.736328	540.411011
2079.820313	507.550476
2078.903320	521.083008
2077.987305	613.710144
2077.070313	531.768494
2076.153320	550.739929
2075.236328	556.073853
2074.319336	493.273773
2073.401367	539.487915
2072.483398	542.096619
2071.565430	498.404236
2070.647461	560.925110
2069.729492	585.306152
2068.810547	585.180786
2067.892578	522.468018
2066.973633	582.209351
2066.053711	573.924438
2065.134766	530.290344
2064.215820	524.738831
2063.295898	565.400269
2062.375977	527.231262
2061.456055	505.381195
2060.535156	527.004761
2059.615234	578.494324
2058.694336	572.939270
2057.773438	545.668335
2056.852539	537.408447
2055.930664	564.428772
2055.009766	572.446350
2054.087891	566.898254
2053.166016	558.640564
2052.244141	566.653992
2051.321289	582.795959
2050.399414	577.250122
2049.476563	558.159058
2048.553711	533.658325
2047.630859	568.751587
2046.707031	598.414124
2045.783203	576.627502
2044.860352	533.197571
2043.936523	579.084412
2043.011719	560.021301
2042.087891	613.996826
2041.163086	565.187622
2040.238281	578.583618
2039.313477	591.973755
2038.388672	581.035645
2037.463867	632.245972
2036.538086	613.199768
2035.612305	561.752869
2034.686523	645.335754
2033.760742	607.401855
2032.833984	601.872131
2031.907227	612.535095
2031.056641	553.554993
2030.980469	617.797729
2030.130859	564.356018
2030.053711	671.607971
2029.204102	558.861084
2029.126953	633.709167
2028.278320	583.060730
2028.199219	641.659607
2027.351563	550.575256
2027.272461	571.438049
2026.425781	534.291382
2026.344727	600.957458
2025.499023	558.482605
2025.416992	590.049561
2024.572266	550.295227
2024.488281	649.182617
2023.645508	601.446045
2023.560547	587.099609
2022.717773	536.625183
2022.631836	643.514893
2021.791016	533.837708
2021.703125	619.147217
2020.863281	539.138123
2020.774414	586.716003
2019.935547	557.912842
2019.844727	618.877319
2019.007813	520.090820
2018.916016	605.291443
2018.080078	598.137024
2017.986328	599.780212
2017.152344	589.953247
2017.056641	629.228394
2016.223633	632.946533
2016.126953	629.091064
2015.295898	560.129089
2015.196289	653.144165
2014.367188	549.263245
2014.265625	631.503479
2013.438477	576.089050
2013.335938	623.305481
2012.509766	592.139404
2012.405273	639.285706
2011.581055	600.110901
2011.473633	623.032959
2010.651367	578.482727
2010.542969	593.362732
2009.722656	581.073303
2009.611328	657.656372
2008.792969	578.283508
2008.679688	606.521606
2007.863281	621.211487
2007.748047	633.220154
2006.933594	580.772827
2006.816406	568.700256
2006.002930	634.438477
2005.883789	630.260681
2005.073242	599.386963
2004.952148	611.352905
2004.142578	642.281189
2004.019531	627.303528
2003.212891	634.109253
2003.085938	611.084717
2002.282227	593.702820
2002.153320	632.387451
2001.351563	555.996216
2001.220703	661.717773
2000.419922	577.383728
2000.287109	562.470459
1999.489258	577.283447
1999.353516	669.460571
1998.557617	593.290527
1998.419922	572.932312
1997.625977	593.187256
1997.485352	658.459595
1996.695313	652.124023
1996.550781	623.525757
1995.762695	592.980591
1995.617188	601.984619
1994.831055	625.069580
1994.682617	567.078430
1993.899414	590.091431
1993.747070	599.045227
1992.966797	614.124207
1992.812500	633.671631
1992.034180	603.291626
1991.876953	574.723083
1991.101563	600.505249
1990.941406	641.409912
1990.168945	678.130432
1990.005859	625.236694
1989.236328	611.014404
1989.070313	566.328796
1988.303711	605.548340
1988.133789	657.010071
1987.370117	616.157837
1987.198242	622.152588
1986.436523	594.621765
1986.261719	664.728638
1985.502930	615.941284
1985.325195	643.229736
1984.569336	623.865479
1984.387695	653.761169
1983.635742	567.537292
1983.451172	592.256653
1982.702148	607.586121
1982.513672	626.799683
1981.767578	615.507324
1981.576172	567.994812
1980.833008	588.642212
1980.638672	599.861633
1979.898438	596.563721
1979.700195	674.361694
1978.963867	609.831787
1978.761719	666.217651
1978.029297	636.466187
1977.824219	628.770081
1977.093750	625.658447
1976.885742	687.231750
1976.159180	574.755249
1975.946289	647.132874
1975.223633	652.164734
1975.007813	601.726624
1974.288086	649.376709
1974.068359	686.774292
1973.352539	657.276917
1973.128906	641.379272
1972.416992	633.117676
1972.189453	643.897461
1971.480469	651.701416
1971.250000	625.133362
1970.543945	638.233276
1970.309570	646.270752
1969.608398	590.060364
1969.369141	630.173218
1968.671875	662.031128
1968.428711	651.299866
1967.734375	683.265076
1967.488281	659.128174
1966.797852	643.115234
1966.547852	677.581665
1965.861328	613.651733
1965.606445	637.581787
1964.923828	645.552917
1964.665039	653.375671
1963.986328	621.433594
1963.723633	631.986694
1963.048828	642.655273
1962.782227	732.728638
1962.111328	602.547974
1961.839844	631.704712
1961.173828	623.765259
1960.898438	647.485413
1960.235352	628.983704
1959.956055	708.360596
1959.296875	644.859070
1959.012695	726.769409
1958.358398	626.093567
1958.070313	641.747742
1957.419922	647.291016
1957.127930	649.557983
1956.481445	593.909119
1956.184570	697.124573
1955.542969	649.720764
1955.241211	630.716797
1954.603516	657.590637
1954.297852	723.307251
1953.664063	630.853760
1953.353516	659.572021
1952.725586	633.401306
1952.409180	696.500244
1951.785156	670.539124
1951.465820	653.980957
1950.845703	665.097168
1950.520508	730.600220
1949.906250	603.799011
1949.576172	658.980530
1948.965820	646.240601
1948.631836	709.104980
1948.025391	640.805725
1947.686523	656.039307
1947.084961	675.249634
1946.741211	737.878357
1946.144531	677.785156
1945.795898	708.627075
1945.204102	648.429688
1944.849609	660.884033
1944.262695	658.940063
1943.904297	658.092407
1943.322266	677.416077
1942.958008	689.652466
1942.380859	674.636902
1942.011719	715.914673
1941.439453	717.003235
1941.065430	681.418396
1940.498047	663.770996
1940.118164	670.702576
1939.555664	711.432922
1939.170898	702.230957
1938.614258	687.416199
1938.223633	665.121338
1937.671875	644.832703
1937.276367	712.469177
1936.729492	671.246460
1936.329102	678.012024
1935.787109	713.566467
1935.380859	693.684387
1934.844727	668.348999
1934.432617	748.904358
1933.901367	692.092041
1933.484375	698.643616
1932.958984	678.709351
1932.536133	735.386780
1932.015625	702.441528
1931.587891	724.679565
1931.072266	667.859741
1930.638672	695.534912
1930.128906	696.884583
1929.689453	682.207336
1929.185547	699.405945
1928.740234	724.187317
1928.241211	704.575134
1927.791016	726.656006
1927.297852	677.962769
1926.840820	700.169067
1926.353516	669.894714
1925.890625	684.220520
1925.409180	685.655396
1924.940430	734.054565
1924.464844	651.120422
1923.990234	725.996643
1923.519531	661.585876
1923.040039	720.572083
1922.575195	735.547913
1922.088867	780.880493
1921.629883	661.341980
1921.137695	725.501709
1920.684570	740.566345
1920.186523	748.988953
1919.739258	661.097839
1919.235352	740.936218
1918.793945	682.126953
1918.283203	711.872314
1917.847656	753.373047
1917.331055	685.447754
1916.902344	705.661011
1916.378906	750.932495
1915.956055	708.172852
1915.426758	774.386597
1915.009766	678.980286
1914.474609	695.476746
1914.063477	673.571533
1913.521484	732.051819
1913.116211	779.085327
1912.568359	760.740295
1912.169922	763.097900
1911.615234	723.849487
1911.222656	646.796814
1910.662109	673.865234
1910.275391	723.222046
1909.708008	781.190369
1909.328125	712.531616
1908.753906	694.523804
1908.380859	733.507202
1907.799805	720.567261
1907.432617	651.591980
1906.845703	707.304077
1906.485352	656.745728
1905.891602	730.713440
1905.537109	764.742065
1904.936523	741.019714
1904.588867	696.049194
1903.981445	691.110779
1903.640625	709.099670
1903.026367	743.297058
1902.692383	724.780701
1902.071289	727.426575
1901.743164	703.564758
1901.115234	750.803955
1900.793945	737.682861
1900.159180	729.707886
1899.845703	716.472229
1899.203125	768.762756
1898.895508	697.903015
1898.247070	726.758179
1897.946289	737.268921
1897.290039	750.113647
1896.997070	681.846008
1896.333984	700.293335
1896.046875	723.832092
1895.376953	744.543396
1895.096680	686.853699
1894.419922	778.325623
1894.146484	726.191772
1893.461914	780.757446
1893.196289	781.298767
1892.504883	744.028564
1892.246094	736.439636
1891.546875	712.536621
1891.294922	799.412781
1890.588867	790.654724
1890.344727	662.546509
1889.629883	769.601563
1889.393555	754.424927
1888.671875	740.733276
1888.442383	688.578796
1887.712891	761.422913
1887.491211	704.215149
1886.753906	745.604736
1886.539063	777.643250
1885.794922	721.974487
1885.587891	717.083069
1884.835938	727.018921
1884.635742	745.835754
1883.875977	734.666077
1883.683594	701.058289
1882.916016	750.123352
1882.731445	735.053406
1881.956055	742.137390
1881.778320	713.916931
1880.996094	754.982117
1880.826172	703.285156
1880.035156	778.231873
1879.873047	697.904724
1879.074219	749.427185
1878.919922	729.251099
1878.113281	801.284485
1877.966797	734.358398
1877.152344	736.073975
1877.013672	760.441406
1876.191406	715.099792
1876.059570	694.754333
1875.229492	751.329956
1875.106445	707.728638
1874.267578	758.952454
1874.152344	741.663696
1873.305664	724.994507
1873.198242	733.662231
1872.342773	745.609070
1872.244141	675.888916
1871.380859	732.448486
1871.289063	743.860291
1870.417969	802.389221
1870.334961	704.437927
1869.455078	721.722107
1869.379883	733.104431
1868.491211	724.148987
1868.424805	725.111694
1867.528320	685.056091
1867.469727	680.480591
1866.564453	721.216187
1866.513672	703.901550
1865.600586	713.266357
1865.558594	672.372498
1864.636719	749.402588
1864.602539	732.406128
1863.671875	736.264648
1863.646484	695.653076
1862.708008	759.419006
1862.690430	690.290710
1861.743164	772.197266
1861.734375	658.787964
1860.778320	731.846741
1860.778320	818.647949
1859.821289	747.386169
1859.812500	743.344360
1858.864258	731.566772
1858.847656	794.958618
1857.907227	731.426697
1857.881836	755.939331
1856.950195	744.345276
1856.916016	768.702759
1855.993164	723.312744
1855.949219	758.171448
1855.035156	731.006287
1854.983398	801.972168
1854.077148	754.358215
1854.016602	788.851318
1853.119141	728.116089
1853.049805	811.937561
1852.161133	730.585510
1852.083008	741.946350
1851.203125	738.271362
1851.115234	741.771301
1850.244141	745.954163
1850.147461	798.443359
1849.286133	678.009705
1849.179688	769.838013
1848.327148	753.488892
1848.211914	702.504944
1847.368164	711.636230
1847.244141	782.384827
1846.408203	747.986328
1846.275391	808.014954
1845.449219	758.265137
1845.306641	810.404663
1844.489258	724.251099
1844.337891	781.829529
1843.530273	729.320862
1843.369141	753.267761
1842.570313	768.243408
1842.399414	781.459045
1841.609375	713.417114
1841.429688	799.322937
1840.649414	765.343567
1840.459961	768.199036
1839.688477	767.798340
1839.490234	731.935364
1838.728516	785.865356
1838.519531	711.148438
1837.767578	785.713379
1837.549805	777.955750
1836.805664	808.972107
1836.579102	762.318298
1835.844727	712.589905
1835.607422	759.562134
1834.882813	772.256226
1834.636719	805.716370
1833.921875	756.508484
1833.665039	810.671509
1832.959961	787.552063
1832.693359	777.029968
1831.998047	745.820496
1831.721680	815.429626
1831.035156	758.666626
1830.749023	810.091614
1830.073242	789.691406
1829.777344	797.042603
1829.110352	773.955078
1828.804688	796.852173
1828.147461	740.048096
1827.832031	760.683411
1827.184570	726.923462
1826.858398	817.025208
1826.221680	778.695129
1825.885742	855.359375
1825.258789	843.422241
1824.912109	790.953735
1824.294922	768.013550
1823.938477	867.786682
1823.331055	767.864014
1822.963867	785.441040
1822.367188	744.371704
1821.990234	800.649719
1821.403320	762.378540
1821.015625	887.686829
1820.438477	790.748657
1820.041016	777.180664
1819.474609	736.160034
1819.066406	810.330261
1818.509766	816.356201
1818.090820	797.316833
1817.544922	779.921387
1817.115234	743.299805
1816.580078	810.856201
1816.139648	796.933044
1815.614258	810.697754
1815.164063	791.617371
1814.649414	826.076782
1814.187500	814.477783
1813.683594	781.900940
1813.211914	832.205811
1812.717773	737.742249
1812.235352	765.444580
1811.751953	758.302368
1811.257813	847.160400
1810.786133	828.017822
1810.281250	782.986267
1809.819336	768.353516
1809.303711	839.076477
1808.852539	796.654846
1808.326172	813.298096
1807.885742	773.224365
1807.348633	830.999695
1806.918945	801.513489
1806.371094	810.348022
1805.952148	793.601135
1805.392578	838.264099
1804.984375	783.107239
1804.414063	799.734924
1804.017578	857.889587
1803.435547	817.421936
1803.049805	818.968567
1802.456055	852.976990
1802.082031	803.309631
1801.477539	855.322998
1801.113281	782.491821
1800.498047	816.826355
1800.145508	805.575623
1799.518555	821.731567
1799.176758	805.417053
1798.538086	808.774841
1798.208008	776.867920
1797.558594	826.432922
1797.239258	833.484802
1796.578125	795.630371
1796.270508	755.922363
1795.597656	859.173218
1795.301758	835.735657
1794.616211	864.061279
1794.332031	848.465454
1793.635742	851.109192
1793.362305	804.465027
1792.654297	810.139526
1792.392578	819.773682
1791.672852	863.428162
1791.422852	847.963135
1790.690430	845.392456
1790.452148	850.372498
1789.708984	822.273865
1789.482422	886.273743
1788.726563	852.613892
1788.511719	826.853577
1787.744141	847.315918
1787.541016	831.840759
1786.760742	910.704834
1786.569336	816.227051
1785.778320	887.592163
1785.598633	885.572632
1784.794922	854.320190
1784.626953	864.806641
1783.811523	882.072205
1783.656250	880.075256
1782.828125	904.727722
1782.684570	933.929871
1781.843750	901.964355
1781.711914	843.714233
1780.859375	914.442932
1780.740234	912.985229
1779.875000	871.046326
1779.767578	871.663635
1778.890625	906.375732
1778.795898	845.782898
1777.905273	898.537476
1777.823242	837.904236
1776.919922	867.864319
1776.849609	896.841980
1775.934570	832.132141
1775.876953	891.525269
1774.949219	897.871948
1774.903320	891.348083
1773.962891	869.756836
1773.929688	963.080872
1772.977539	943.059692
1772.956055	852.477966
1771.991211	866.791809
1771.982422	908.786560
1771.008789	934.272461
1771.003906	934.991028
1770.034180	931.520203
1770.017578	894.227661
1769.060547	921.071960
1769.030273	937.059875
1768.085938	882.411194
1768.042969	967.210815
1767.110352	897.623047
1767.054688	898.624451
1766.135742	879.495117
1766.067383	918.646729
1765.160156	899.828552
1765.079102	903.237732
1764.185547	835.571350
1764.090820	935.895752
1763.209961	907.157043
1763.102539	963.479614
1762.233398	904.413757
1762.113281	978.408630
1761.257813	942.656555
1761.124023	917.503235
1760.281250	932.223877
1760.134766	899.585754
1759.305664	944.840149
1759.145508	911.992554
1758.329102	872.970337
1758.155273	947.123901
1757.351563	931.664551
1757.165039	911.536560
1756.375000	931.478027
1756.174805	951.698853
1755.397461	972.227356
1755.184570	853.033569
1754.420898	877.387329
1754.193359	920.944458
1753.443359	905.343628
1753.202148	963.596069
1752.464844	981.870728
1751.487305	912.649902
1750.509766	917.578674
1749.531250	889.284912
1748.552734	878.886780
1747.574219	914.471680
1746.594727	840.225525
1745.616211	944.744568
1744.636719	906.261902
1743.657227	908.631958
1742.677734	877.827271
1741.697266	943.984619
1740.717773	946.345398
1739.737305	935.953674
1738.756836	864.371582
1737.775391	894.788391
1736.794922	963.424011
1735.813477	907.168701
1734.833008	927.367432
1733.851563	975.577026
1732.869141	962.646667
1731.887695	977.729248
1730.905273	987.714355
1729.922852	956.973083
1728.940430	938.967224
1727.958008	1045.630005
1726.975586	986.915771
1725.992188	1027.405396
1725.008789	1047.537964
1724.025391	1037.157593
1723.041992	978.492126
1722.057617	1044.360474
1721.074219	1011.122192
1720.089844	1051.557007
1719.105469	1056.422729
1718.120117	1043.513550
1717.135742	1015.378845
1716.150391	1081.158936
1715.165039	1080.939331
1714.179688	1075.645996
1713.194336	1042.454346
1712.208008	1085.352173
1711.222656	1105.414307
1710.236328	1100.119751
1709.250000	1153.116699
1708.262695	1165.551025
1707.276367	1195.713257
1706.289063	1185.338623
1705.301758	1223.080933
1704.314453	1154.474609
1703.327148	1192.207642
1702.338867	1186.903076
1701.350586	1244.855469
1700.362305	1216.774902
1699.374023	1188.705811
1698.385742	1226.392822
1697.396484	1223.614136
1696.407227	1281.499268
1695.417969	1202.897339
1694.428711	1225.390625
1693.439453	1192.301270
1692.449219	1224.889404
1691.458984	1143.837891
1690.468750	1148.652710
1689.478516	1183.753540
1688.487305	1249.121460
1687.497070	1165.607788
1686.505859	1263.744263
1685.514648	1129.823120
1684.522461	1197.669434
1683.531250	1230.195313
1682.539063	1081.240845
1681.546875	1201.972046
1680.554688	1095.912964
1679.562500	1105.763184
1678.569336	1178.566895
1677.576172	1160.700195
1676.583008	1140.323486
1675.589844	1157.706299
1674.596680	1175.081787
1673.602539	1111.947144
1672.608398	1141.900757
1671.614258	1179.385864
1670.620117	1171.600464
1669.625977	1229.173096
1668.630859	1138.447144
1667.635742	1135.699951
1666.640625	1117.881226
1665.645508	1092.534912
1664.649414	1092.309570
1663.654297	1129.742310
1662.658203	1132.019043
1661.662109	1169.427979
1660.665039	1171.695435
1659.668945	1121.284058
1658.671875	1143.623901
1657.674805	1191.028687
1656.677734	1135.630371
1655.679688	1150.433960
1654.682617	1105.090210
1653.684570	1144.947266
1652.686523	1112.147339
1651.688477	1149.481934
1650.689453	1201.823608
1649.691406	1181.548462
1648.692383	1148.767700
1647.693359	1238.610352
1646.693359	1218.339722
1645.694336	1155.556885
1644.694336	1175.322754
1643.694336	1167.578369
1642.694336	1234.826538
1641.694336	1187.086670
1640.693359	1211.826294
1639.692383	1206.578369
1638.691406	1223.810669
1637.690430	1223.556274
1636.689453	1223.301880
1635.687500	1195.591309
1634.685547	1185.360596
1633.683594	1232.518555
1632.681641	1249.723267
1631.678711	1264.426758
1630.676758	1201.827881
1629.673828	1261.407227
1628.670898	1188.865356
1627.666992	1188.617554
1626.664063	1215.774536
1625.660156	1190.612793
1624.656250	1252.622070
1623.652344	1195.095703
1622.647461	1204.803345
1621.643555	1216.995605
1620.638672	1199.323853
1619.633789	1199.073364
1618.628906	1216.233154
1617.623047	1223.439087
1616.617188	1173.460449
1615.611328	1242.812500
1614.605469	1267.403687
1613.599609	1373.975708
1612.592773	1264.389404
1611.586914	1226.871582
1610.580078	1313.520630
1609.572266	1293.385498
1608.565430	1288.150635
1607.557617	1357.361694
1606.549805	1304.977417
1605.541992	1396.479614
1604.534180	1354.028320
1603.526367	1366.141235
1602.517578	1393.122192
1601.508789	1447.353394
1600.500000	1466.872192
1599.490234	1364.994751
1598.481445	1463.779419
1597.471680	1438.709351
1596.461914	1430.979736
1595.452148	1457.906494
1594.441406	1393.257690
1593.430664	1407.809814
1592.420898	1409.987305
1591.409180	1409.690674
1590.398438	1377.250000
1589.387695	1404.153198
1588.375977	1324.766968
1587.364258	1354.140625
1586.352539	1395.854492
1585.339844	1425.200562
1584.328125	1415.022217
1583.315430	1385.096191
1582.302734	1355.182617
1581.289063	1337.621216
1580.276367	1394.089478
1579.262695	1388.861450
1578.249023	1331.841675
1577.235352	1366.082397
1576.220703	1321.417969
1575.207031	1370.434937
1574.192383	1320.859619
1573.177734	1377.247070
1572.163086	1406.514893
1571.147461	1285.543823
1570.131836	1420.693237
1569.117188	1422.854370
1568.100586	1452.087158
1567.084961	1353.354004
1566.068359	1490.834351
1565.052734	1409.351685
1564.036133	1460.693848
1563.018555	1489.887085
1562.001953	1428.120239
1560.984375	1489.255371
1559.966797	1486.482666
1558.949219	1508.275513
1557.931641	1367.966187
1556.913086	1316.111816
1555.894531	1463.127075
1554.875977	1391.639038
1553.857422	1418.336060
1552.837891	1408.221436
1551.819336	1420.186279
1550.799805	1385.552124
1549.780273	1392.612915
1548.759766	1394.768066
1547.740234	1372.414673
1546.719727	1394.174683
1545.699219	1366.931274
1544.678711	1327.453491
1543.657227	1359.003418
1542.636719	1324.440063
1541.615234	1348.634033
1540.593750	1350.793701
1539.571289	1409.223511
1538.549805	1311.081177
1537.527344	1315.692627
1536.504883	1293.406982
1535.481445	1278.464111
1534.458984	1292.855103
1533.435547	1324.343872
1532.412109	1248.330566
1531.388672	1309.123901
1530.365234	1240.471802
1529.340820	1254.854858
1528.316406	1259.468262
1527.291992	1286.042480
1526.267578	1329.683594
1525.243164	1287.931763
1524.217773	1263.268799
1523.192383	1287.380615
1522.166992	1252.977295
1521.140625	1233.211548
1520.115234	1303.610474
1519.088867	1337.437134
1518.062500	1288.438354
1517.036133	1305.207764
1516.008789	1283.016846
1514.981445	1350.895020
1513.954102	1297.067749
1512.926758	1299.222534
1511.899414	1340.295898
1510.871094	1352.167969
1509.842773	1286.229004
1508.814453	1346.725586
1507.786133	1370.740112
1506.756836	1368.015747
1505.727539	1323.993530
1504.698242	1396.573608
1503.668945	1391.416748
1502.639648	1395.973022
1501.609375	1327.709595
1500.579102	1378.385254
1499.548828	1484.841919
1498.518555	1397.197388
1497.487305	1459.950928
1496.456055	1573.594727
1495.424805	1471.442505
1494.393555	1483.243408
1493.361328	1601.654541
1492.330078	1618.267090
1491.297852	1613.073975
1490.264648	1632.098022
1489.232422	1622.061890
1488.199219	1658.018799
1487.166016	1747.198730
1486.132813	1804.887451
1485.099609	1910.929077
1484.065430	1857.312012
1483.032227	1951.206787
1481.998047	1970.123657
1480.962891	1998.699341
1479.928711	2094.918457
1478.893555	2038.902710
1477.858398	2161.638672
1476.823242	2207.050293
1475.788086	2170.359619
1474.751953	2124.030029
1473.715820	2063.241211
1472.679688	2065.206787
1471.643555	2108.177002
1470.606445	2146.305176
1469.569336	1993.943237
1468.532227	1952.531738
1467.495117	2034.048462
1466.458008	2016.740601
1465.419922	2071.708984
1464.381836	2095.343750
1463.343750	2080.441162
1462.305664	1971.656372
1461.266602	1937.531738
1460.227539	1939.516968
1459.188477	1958.341919
1458.149414	2003.616821
1457.109375	1935.847168
1456.069336	2043.617432
1455.029297	1980.675659
1453.989258	1929.777100
1452.949219	2037.477783
1451.908203	1984.186401
1450.867188	2055.803223
1449.826172	2031.344116
1448.784180	2146.129883
1447.743164	2109.660889
1446.701172	2102.002197
1445.659180	1995.986572
1444.617188	2079.498535
1443.574219	2021.493164
1442.531250	2023.449341
1441.488281	1965.481079
1440.445313	2024.961914
1439.401367	1931.080078
1438.358398	1913.890503
1437.314453	1846.416748
1436.269531	1810.098389
1435.225586	1800.127319
1434.180664	1809.306519
1433.135742	1789.768677
1432.090820	1842.005493
1431.045898	1762.676392
1430.000000	1810.113647
1428.954102	1924.468018
1427.908203	1826.051270
1426.862305	1856.715820
1425.816406	1858.697754
1424.769531	1901.283936
1423.722656	1943.851196
1422.674805	1948.199707
1421.627930	1947.771973
1420.580078	1923.479858
1419.532227	1915.899658
1418.484375	1948.874390
1417.436523	1905.518311
1416.387695	1950.402222
1415.338867	1942.821777
1414.290039	2040.110107
1413.241211	2003.919556
1412.191406	1972.509277
1411.141602	2038.763550
1410.091797	2026.408691
1409.041992	2033.104370
1407.991211	2013.615234
1406.940430	1970.338135
1405.889648	2017.485962
1404.838867	1993.255371
1403.788086	1964.278931
1402.736328	1944.825317
1401.684570	1839.807617
1400.632813	1872.672363
1399.580078	1836.619385
1398.528320	1829.087524
1397.475586	1842.932861
1396.421875	1823.530518
1395.369141	1806.510376
1394.315430	1727.790771
1393.261719	1803.338623
1392.208008	1736.515625
1391.154297	1650.747803
1390.099609	1754.716919
1389.045898	1704.543335
1387.990234	1706.536011
1386.935547	1748.811768
1385.880859	1705.779785
1384.825195	1719.613281
1383.769531	1759.489502
1382.712891	1673.866943
1381.657227	1801.315552
1380.600586	1784.350098
1379.543945	1755.562134
1378.487305	1729.152222
1377.429688	1733.497925
1376.373047	1695.282227
1375.315430	1806.007935
1374.257813	1727.615601
1373.199219	1779.213623
1372.140625	1852.049438
1371.082031	1740.633423
1370.023438	1754.413574
1368.964844	1728.054810
1367.905273	1713.508667
1366.845703	1708.407593
1365.786133	1618.379028
1364.726563	1634.528564
1363.666016	1686.042358
1362.605469	1683.308594
1361.544922	1659.362549
1360.484375	1633.070313
1359.422852	1708.097656
1358.361328	1724.204468
1357.299805	1747.368652
1356.238281	1803.484131
1355.176758	1777.188232
1354.114258	1769.730713
1353.051758	1842.272827
1351.988281	1935.953003
1350.925781	1834.392944
1349.862305	1899.817505
1348.798828	1880.586060
1347.735352	1960.071777
1346.670898	1983.129272
1345.607422	2079.000000
1344.542969	2083.230957
1343.477539	2080.415527
1342.413086	2072.906006
1341.347656	2032.541016
1340.282227	2079.014893
1339.216797	2017.552246
1338.150391	2017.098877
1337.084961	2000.231079
1336.018555	2004.470093
1334.952148	1903.232422
1333.884766	1891.087524
1332.817383	1944.546997
1331.750000	1852.759521
1330.682617	1861.709351
1329.615234	1844.901245
1328.546875	1982.587891
1327.478516	1923.636230
1326.410156	1899.805908
1325.341797	1880.664307
1324.272461	1880.239990
1323.203125	1875.139526
1322.133789	1844.328003
1321.063477	1860.270630
1319.994141	1906.580200
1318.923828	1950.532715
1317.853516	1933.743652
1316.782227	1940.311035
1315.711914	1888.515747
1314.640625	1808.737305
1313.569336	1871.327637
1312.497070	1880.234985
1311.425781	1926.454468
1311.421875	1795.114136
1310.353516	1891.041870
1310.349609	1774.132202
1309.281250	1799.695923
1309.277344	1738.851929
1308.208008	1768.988892
1308.204102	1775.828979
1307.135742	1749.946411
1307.130859	1770.851196
1306.062500	1786.823364
1306.057617	1668.029663
1304.988281	1737.506714
1304.984375	1737.607788
1303.915039	1737.112183
1303.911133	1737.296143
1302.840820	1715.765137
1302.837891	1650.833618
1301.767578	1654.859985
1301.763672	1708.736572
1300.692383	1691.715576
1300.689453	1601.361572
1299.618164	1647.128296
1299.615234	1649.943359
1298.542969	1665.361084
1298.541016	1624.052368
1297.468750	1667.307495
1297.465820	1672.611938
1296.392578	1634.379883
1296.391602	1569.971313
1295.317383	1620.061768
1295.316406	1513.876709
1294.241211	1570.892822
1294.241211	1555.453979
1293.166016	1571.444946
1293.165039	1593.767578
1292.089844	1664.128662
1292.088867	1602.695313
1291.013672	1635.941772
1291.012695	1611.618652
1289.938477	1563.620972
1289.935547	1606.607666
1288.862305	1637.671265
1288.858398	1627.131470
1287.785156	1625.761230
1287.781250	1626.760132
1286.708984	1641.720459
1286.704102	1579.986694
1285.631836	1627.491821
1285.625977	1584.264893
1284.554688	1703.796631
1284.547852	1627.964600
1283.477539	1719.732056
1283.469727	1669.325562
1282.400391	1707.816406
1282.391602	1666.625854
1281.323242	1702.864746
1281.312500	1687.101685
1280.245117	1656.162598
1280.233398	1598.672729
1279.166992	1711.519043
1279.154297	1646.950928
1278.088867	1576.720825
1278.075195	1648.889648
1277.010742	1676.118286
1276.995117	1660.088501
1275.931641	1666.539795
1275.915039	1673.596802
1274.853516	1745.026855
1274.834961	1698.670044
1273.774414	1656.660278
1273.753906	1716.790283
1272.695313	1705.004272
1272.673828	1684.011597
1271.615234	1644.470825
1271.592773	1644.309692
1270.536133	1614.063721
1270.510742	1627.747192
1269.456055	1639.234985
1269.429688	1712.902832
1268.375977	1629.673462
1268.347656	1650.110229
1267.295898	1620.115112
1267.265625	1649.730957
1266.215820	1659.154541
1266.183594	1623.941406
1265.134766	1626.457764
1265.101563	1584.306641
1264.054688	1586.833252
1264.018555	1553.925659
1262.973633	1611.979980
1262.935547	1516.633179
1261.892578	1588.558472
1261.852539	1539.362793
1260.810547	1542.026489
1260.768555	1605.921631
1259.729492	1557.920776
1259.684570	1589.403687
1258.647461	1529.899414
1258.600586	1559.055420
1257.565430	1631.281738
1257.516602	1454.936523
1256.483398	1580.154907
1256.432617	1622.882813
1255.401367	1602.958496
1255.347656	1721.610229
1254.318359	1671.939453
1254.262695	1684.346069
1253.235352	1620.832764
1253.177734	1628.669800
1252.152344	1652.848999
1252.091797	1639.808960
1251.069336	1703.317139
1251.005859	1733.835205
1249.986328	1728.382690
1249.919922	1691.997559
1248.902344	1824.960449
1248.833984	1813.585938
1247.818359	1794.631836
1247.747070	1856.884644
1246.734375	1833.503174
1246.660156	1835.750854
1245.650391	1844.689331
1245.573242	1835.325684
1244.566406	1876.619751
1244.486328	1949.869141
1243.481445	1903.927979
1243.398438	1908.037964
1242.396484	1942.748413
1242.311523	1939.771851
1241.311523	1923.950684
1241.222656	1925.535156
1240.226563	1960.448486
1240.134766	1899.818726
1239.141602	1957.776611
1239.045898	1887.894043
1238.055664	1927.471558
1237.958008	1889.751831
1236.969727	1936.318237
1236.868164	1847.991211
1235.883789	1883.008301
1235.779297	1767.232788
1234.797852	1855.034912
1234.689453	1874.666870
1233.710938	1827.071777
1233.599609	1738.882446
1232.624023	1787.615601
1232.509766	1770.586792
1231.537109	1761.975342
1231.419922	1655.526001
1230.450195	1734.044678
1230.329102	1602.414307
1229.363281	1664.735840
1229.238281	1645.587158
1228.275391	1698.904541
1228.147461	1636.038086
1227.188477	1579.061401
1227.055664	1505.078857
1226.100586	1539.695190
1225.964844	1587.178589
1225.011719	1530.212646
1224.872070	1607.416138
1223.923828	1523.030518
1223.780273	1520.050049
1222.834961	1497.477051
1222.688477	1531.138428
1221.747070	1499.488770
1221.595703	1427.813354
1220.657227	1478.540649
1220.502930	1477.807373
1219.568359	1482.850098
1219.409180	1452.303711
1218.479492	1521.582642
1218.316406	1474.829468
1217.389648	1427.215698
1217.222656	1485.914429
1216.299805	1374.178711
1216.128906	1503.850342
1215.209961	1484.013306
1215.035156	1482.933472
1214.120117	1483.729858
1213.940430	1480.301514
1213.029297	1543.059326
1212.845703	1555.322510
1211.938477	1519.840576
1211.750977	1554.957764
1210.847656	1560.804443
1210.655273	1629.925537
1209.756836	1539.882202
1209.560547	1606.720215
1208.666016	1624.356079
1208.464844	1624.596680
1207.574219	1621.754028
1207.369141	1649.308228
1206.482422	1655.795532
1206.272461	1701.375854
1205.390625	1708.141479
1205.175781	1691.855225
1204.298828	1712.391968
1204.079102	1700.575562
1203.207031	1707.485107
1202.982422	1709.291626
1202.114258	1679.695801
1201.885742	1722.560181
1201.021484	1745.723633
1200.788086	1583.197510
1199.928711	1594.410278
1199.690430	1587.379272
1198.835938	1543.787109
1198.591797	1650.758545
1197.742188	1616.662231
1197.494141	1557.037964
1196.648438	1568.339844
1196.395508	1483.843750
1195.554688	1552.036743
1195.296875	1567.679443
1194.460938	1544.880859
1194.197266	1603.705322
1193.367188	1526.303101
1193.098633	1430.485596
1192.272461	1541.999023
1191.999023	1448.336914
1191.177734	1461.760498
1190.899414	1582.109985
1190.083008	1552.819824
1189.798828	1574.917847
1188.988281	1486.308472
1188.698242	1508.655029
1187.893555	1520.260376
1187.597656	1465.138672
1186.797852	1474.320801
1186.497070	1494.314453
1185.702148	1512.824951
1185.396484	1414.494263
1184.606445	1432.684082
1184.294922	1373.300415
1183.509766	1400.473022
1183.193359	1338.933838
1182.414063	1258.812256
1182.090820	1318.196533
1181.317383	1386.248047
1180.989258	1376.859375
1180.220703	1333.547974
1179.886719	1360.657959
1179.124023	1308.217773
1178.784180	1292.317871
1178.026367	1374.044556
1177.680664	1269.343750
1176.929688	1335.046387
1176.578125	1289.437012
1175.832031	1305.174561
1175.474609	1275.536499
1174.734375	1218.380493
1174.371094	1309.208862
1173.635742	1300.110840
1173.266602	1229.638550
1172.538086	1281.645020
1172.162109	1197.649658
1171.439453	1315.534424
1171.057617	1222.261963
1170.340820	1253.836670
1169.953125	1188.026855
1169.242188	1217.189087
1168.848633	1296.336914
1168.142578	1239.697266
1167.743164	1189.721558
1167.043945	1182.598511
1166.637695	1227.879272
1165.944336	1234.663452
1165.531250	1299.929688
1164.844727	1204.867676
1164.425781	1279.276978
1163.744141	1225.087036
1163.319336	1242.816284
1162.644531	1181.669800
1162.211914	1222.186768
1161.543945	1133.725586
1161.105469	1305.461792
1160.443359	1210.735107
1159.998047	1298.374878
1159.342773	1292.256348
1158.890625	1203.248657
1158.241211	1228.423584
1157.783203	1234.557495
1157.140625	1205.479370
1156.675781	1290.671875
1156.039063	1259.715820
1155.567383	1285.850342
1154.937500	1277.621704
1154.458984	1314.860962
1153.835938	1302.327026
1153.349609	1325.818970
1152.733398	1288.459229
1152.241211	1257.872803
1151.630859	1267.792969
1151.131836	1318.420532
1150.528320	1272.077271
1150.022461	1216.710693
1149.425781	1283.160889
1148.912109	1261.470337
1148.323242	1332.772461
1147.801758	1319.720703
1147.219727	1337.040894
1146.691406	1319.402710
1146.116211	1305.055786
1145.581055	1346.096680
1145.012695	1198.329224
1144.470703	1341.271118
1143.909180	1320.391968
1143.359375	1383.695801
1142.804688	1292.957275
1142.248047	1255.147705
1141.700195	1308.547974
1141.135742	1239.102783
1140.595703	1301.497559
1140.024414	1373.700317
1139.491211	1271.819458
1138.912109	1299.192749
1138.386719	1257.991089
1137.798828	1316.856079
1137.281250	1341.439209
1136.686523	1307.550781
1136.175781	1327.602051
1135.573242	1300.495850
1135.070313	1306.986572
1134.459961	1304.671875
1133.963867	1338.376831
1133.346680	1326.805786
1132.858398	1261.259033
1132.232422	1339.950928
1131.751953	1337.842896
1131.118164	1310.454712
1130.645508	1263.015015
1130.003906	1341.544067
1129.539063	1375.711060
1128.889648	1381.589355
1128.431641	1341.558350
1127.774414	1320.711670
1127.325195	1404.515991
1126.659180	1320.390503
1126.217773	1313.930420
1125.543945	1364.893433
1125.109375	1403.953857
1124.428711	1328.710693
1124.001953	1315.661133
1123.312500	1386.630127
1122.893555	1351.497559
1122.196289	1377.334106
1121.786133	1351.226685
1121.079102	1430.734863
1120.677734	1402.828735
1119.962891	1394.570313
1119.568359	1409.311890
1118.845703	1470.319702
1118.459961	1503.715698
1117.728516	1458.773804
1117.350586	1449.317871
1116.610352	1494.206909
1116.241211	1446.773071
1115.492188	1473.715088
1115.131836	1466.759888
1114.374023	1477.826294
1114.021484	1475.475342
1113.255859	1455.112793
1112.912109	1493.195923
1112.136719	1490.510986
1111.801758	1432.098633
1111.018555	1508.018799
1110.691406	1458.825317
1109.898438	1378.103149
1109.580078	1501.296875
1108.779297	1429.124512
1108.469727	1399.727661
1107.659180	1256.874634
1107.358398	1372.446289
1106.539063	1303.436279
1106.247070	1295.687744
1105.418945	1274.108521
1105.134766	1250.446045
1104.297852	1224.717529
1104.023438	1162.499878
1103.177734	1273.482422
1102.911133	1184.745850
1102.055664	1190.669556
1101.798828	1168.772827
1100.934570	1208.209961
1100.686523	1168.536377
1099.812500	1265.856689
1099.574219	1098.651123
1098.690430	1138.544678
1098.460938	1199.510986
1097.568359	1127.126465
1097.347656	1107.189331
1096.446289	1153.572266
1096.234375	1122.682495
1095.323242	1175.551880
1095.121094	1201.026611
1094.200195	1224.230835
1094.006836	1200.782959
1093.076172	1192.773926
1092.892578	1216.247192
1091.953125	1221.401245
1091.778320	1155.424438
1090.829102	1187.735840
1090.664063	1211.266846
1089.704102	1189.665649
1089.548828	1199.807495
1088.580078	1176.032349
1088.434570	1145.751343
1087.455078	1131.289673
1087.319336	1150.001587
1086.330078	1186.559814
1086.203125	1116.148560
1085.204102	1135.171753
1085.087891	1147.292603
1084.079102	1092.692627
1083.971680	1164.981567
1082.953125	1150.151001
1082.855469	1117.706421
1081.827148	1094.369873
1081.739258	1160.027710
1080.700195	1096.317139
1080.623047	1083.665771
1079.573242	1100.482056
1079.505859	1101.352783
1078.446289	1120.171631
1078.388672	1042.938232
1077.319336	1095.499146
1077.271484	1145.655151
1076.191406	1057.536255
1076.154297	1073.832153
1075.063477	1090.520264
1075.036133	1044.535522
1073.935547	1101.328125
1073.918945	1122.590088
1072.806641	1067.822388
1072.800781	1084.352173
1071.681641	1059.541626
1071.677734	1089.704224
1070.563477	1099.552124
1070.548828	1076.146240
1069.444336	1094.858032
1069.419922	1109.083374
1068.325195	1108.037231
1068.290039	1073.395020
1067.206055	1076.541138
1067.160156	1117.379150
1066.086914	1201.369873
1066.030273	1125.947632
1064.966797	1091.727295
1064.899414	1083.646606
1063.846680	1022.307617
1063.768555	1149.704102
1062.726563	1151.533447
1062.637695	1147.205322
1061.606445	1108.904053
1061.506836	1184.485107
1060.485352	1162.213745
1060.375000	1175.350464
1059.364258	1175.356323
1059.243164	1097.748901
1058.243164	1130.518066
1058.111328	1150.469604
1057.122070	1223.918457
1056.978516	1178.879517
1056.000000	1121.136963
1055.845703	1136.648315
1054.877930	1178.845337
1054.712891	1167.253418
1053.755859	1122.902832
1053.580078	1109.604004
1052.633789	1140.491455
1052.446289	1140.200073
1051.511719	1149.164307
1051.312500	1137.707520
1050.388672	1093.262085
1050.177734	1170.484863
1049.265625	1064.096436
1049.043945	1079.835693
1048.142578	1179.612183
1047.909180	1121.423340
1047.018555	1070.332520
1046.774414	1088.100342
1045.895508	1085.684570
1045.638672	1107.643677
1044.771484	1060.992676
1044.502930	1127.176880
1043.646484	1116.369141
1043.367188	1093.876953
1042.522461	1058.330200
1042.231445	1128.806030
1041.397461	1100.346558
1041.094727	1115.320679
1040.273438	1089.006226
1039.958008	1112.838257
1039.147461	1102.112549
1038.821289	1132.344238
1038.022461	1115.213379
1037.683594	1129.858276
1036.896484	1079.444702
1036.545898	1035.073853
1035.771484	1101.427002
1035.408203	1100.722046
1034.645508	1141.161133
1034.269531	1063.101440
1033.518555	1149.802979
1033.131836	1177.019043
1032.392578	1129.591064
1031.992188	1117.443970
1031.265625	1102.730957
1030.853516	1099.600586
1030.138672	1184.579346
1029.713867	1119.068115
1029.011719	1155.500854
1028.574219	1070.521240
1027.883789	1177.434326
1027.434570	1105.337769
1026.755859	1146.152222
1026.294922	1122.595703
1025.627930	1148.130127
1025.154297	1181.492676
1024.500000	1043.738647
1024.012695	1157.084351
1023.372070	1174.238281
1022.872070	1137.069946
1022.243164	1131.906860
1021.730469	1167.442993
1021.114258	1107.310059
1020.588867	1062.035034
1019.985352	1115.935669
1019.447266	1164.654907
1018.855469	1104.634277
1018.304688	1120.583008
1017.726563	1173.013916
1017.162109	1109.354614
1016.596680	1106.385742
1016.019531	1106.881958
1015.466797	1132.702271
1014.875977	1180.953369
1014.335938	1147.948364
1013.732422	1104.125854
1013.206055	1121.171753
1012.588867	1092.912231
1012.075195	1050.187744
1011.445313	1177.855713
1010.944336	1080.914429
1010.300781	1170.997803
1009.812500	1180.137939
1009.156250	1127.012817
1008.681641	1151.166870
1008.010742	1233.716675
1007.549805	1190.689087
1006.866211	1198.469727
1006.417969	1168.353394
1005.720703	1193.794800
1005.285156	1245.393555
1004.574219	1261.124023
1004.153320	1165.655884
1003.428711	1221.533936
1003.020508	1216.177246
1002.282227	1236.482544
1001.887695	1271.090942
1001.135742	1301.567383
1000.753906	1297.299561
999.988281	1333.923828
999.621094	1308.056274
998.840820	1261.668945
998.487305	1268.084839
997.693359	1313.624756
997.353516	1340.580078
996.545898	1291.504028
996.219727	1327.071533
995.397461	1284.635986
995.084961	1333.404419
994.249023	1288.655151
993.950195	1286.850098
993.100586	1214.328247
992.815430	1229.300049
991.951172	1222.714233
991.680664	1189.394653
990.801758	1150.617676
990.545898	1195.750488
989.652344	1174.236938
989.410156	1197.700195
988.274414	1122.607300
987.138672	1076.155273
986.001953	1159.538330
984.865234	1154.894043
983.728516	1134.856323
982.591797	1119.224609
981.455078	1138.773804
980.317383	1147.324951
979.179688	1175.649658
978.041992	1151.233887
976.903320	1142.204224
975.765625	1170.511597
974.626953	1227.349854
973.487305	1185.382080
972.348633	1215.856689
971.208984	1138.801270
970.069336	1182.435059
968.929688	1309.395264
967.790039	1333.238647
966.649414	1332.955811
965.508789	1269.107910
964.368164	1338.964233
963.226563	1360.589600
962.085938	1380.015015
960.944336	1360.011475
959.802734	1348.774414
958.660156	1328.785767
957.517578	1339.446167
956.375977	1275.704224
955.232422	1196.675293
954.089844	1286.097290
952.946289	1213.659790
951.802734	1187.165405
950.659180	1180.354858
949.515625	1180.103271
948.371094	1105.564575
947.226563	1074.746460
946.082031	1094.172974
944.937500	1102.673340
943.791992	1137.366577
942.646484	1102.202393
941.500977	1104.148926
940.354492	1121.366089
939.208984	1068.778076
938.062500	1079.453003
936.916016	1116.286255
935.768555	1015.777405
934.621094	1117.987671
933.474609	1067.634766
932.326172	1058.692505
931.178711	1093.312256
930.030273	1064.771118
928.881836	1036.242065
927.733398	1081.726563
926.584961	1127.191406
925.435547	1150.880737
924.286133	1170.209717
923.136719	1176.482300
921.986328	1182.752075
920.836914	1169.455688
919.686523	1108.353516
918.535156	1129.842896
917.384766	1068.775269
916.233398	1159.762695
915.082031	1122.599731
913.930664	1111.503540
912.779297	1065.684937
911.626953	1095.834961
910.474609	1130.310913
909.322266	1084.517578
908.168945	1127.655029
907.015625	1188.118652
905.862305	1203.035767
904.708984	1113.922363
903.555664	1139.682251
902.401367	1158.932251
901.247070	1186.836792
900.091797	1188.745728
898.937500	1151.686768
897.782227	1192.560547
896.626953	1127.385986
895.471680	1181.227661
894.315430	1269.653198
893.159180	1316.953003
892.002930	1316.667969
890.846680	1305.575073
889.689453	1300.970093
888.532227	1374.149048
887.375000	1395.452637
886.217773	1485.856445
885.059570	1511.444580
883.901367	1569.402710
882.743164	1586.328247
881.584961	1508.303101
880.425781	1499.346313
879.266602	1568.040405
878.107422	1455.567139
876.948242	1429.379761
875.788086	1353.627930
874.627930	1342.558716
873.467773	1353.039307
872.307617	1326.896362
871.146484	1266.307251
869.985352	1222.969360
868.824219	1276.519287
867.662109	1170.784546
866.500000	1224.322144
865.337891	1204.694214
864.175781	1195.828613
863.013672	1191.267212
861.850586	1178.108398
860.687500	1162.805908
859.523438	1162.552124
858.360352	1190.227905
857.196289	1134.121216
856.032227	1191.855713
854.868164	1148.654907
853.703125	1126.938477
852.538086	1167.467651
851.373047	1220.852783
850.208008	1214.150269
849.041992	1190.293335
847.875977	1254.359009
846.709961	1183.341187
845.542969	1204.514771
844.376953	1229.964600
843.209961	1291.822632
842.041992	1347.227905
840.875000	1383.336182
839.707031	1308.100830
838.539063	1416.976807
837.371094	1450.905762
836.202148	1474.121948
835.034180	1623.531250
833.865234	1734.380493
832.695313	2011.952881
831.526367	2280.852539
830.356445	2709.920898
829.186523	3093.929932
828.015625	3234.240479
826.845703	3293.330566
825.674805	3155.948242
824.503906	2867.054199
823.332031	2588.958740
822.160156	2342.993408
820.988281	2193.139160
819.816406	1913.241943
818.644531	1833.919312
817.471680	1628.843750
816.298828	1581.591309
815.125977	1579.111572
813.952148	1499.931763
812.778320	1459.128784
811.604492	1371.491333
810.430664	1328.605225
809.255859	1315.539795
808.081055	1251.402222
806.906250	1329.853149
805.731445	1274.249756
804.555664	1267.587769
803.379883	1284.318359
802.204102	1192.621460
801.028320	1215.737305
799.851563	1228.218018
798.674805	1253.439941
797.498047	1170.326416
796.320313	1293.232300
795.142578	1282.330688
793.964844	1294.782227
792.787109	1283.884766
791.608398	1243.288940
790.429688	1338.466553
789.250977	1350.894165
788.072266	1276.386108
786.892578	1346.055420
785.712891	1366.949829
784.533203	1377.240601
783.353516	1345.159424
782.172852	1351.214478
780.992188	1293.744019
779.810547	1397.187134
778.629883	1208.510010
777.448242	1246.329590
776.266602	1216.434937
775.084961	1245.775391
773.902344	1319.509155
772.719727	1281.161377
771.537109	1310.467407
770.353516	1295.383423
769.170898	1303.545776
767.987305	1309.592285
766.803711	1273.400269
765.619141	1296.340942
764.434570	1410.036987
763.250000	1468.812866
762.065430	1529.672119
760.879883	1567.300537
759.694336	1655.526855
758.508789	1720.520264
757.323242	1895.101074
756.136719	1936.828735
754.950195	1936.396118
753.763672	1864.339233
752.576172	1775.465332
751.389648	1699.264893
750.202148	1562.047852
749.013672	1635.363647
747.826172	1416.156372
746.637695	1506.301880
745.449219	1552.237427
744.259766	1526.656006
743.071289	1471.652710
741.881836	1481.832642
740.691406	1393.241089
739.501953	1481.168701
738.311523	1508.142944
737.121094	1459.504639
735.930664	1478.073242
734.739258	1490.336060
733.547852	1515.184937
732.356445	1504.354248
731.165039	1478.844727
729.972656	1493.192993
728.780273	1484.470825
727.587891	1452.693726
726.394531	1481.708130
725.202148	1542.138672
724.008789	1571.119629
722.814453	1493.275146
721.621094	1476.188232
720.426758	1486.323242
719.232422	1462.966431
718.037109	1364.291016
716.841797	1326.327759
715.646484	1265.374756
714.451172	1283.909302
713.255859	1323.341187
712.059570	1274.970215
710.863281	1287.220703
709.666016	1314.089722
708.469727	1242.777466
707.272461	1265.467651
706.075195	1288.147461
704.876953	1296.205811
703.678711	1371.038574
702.480469	1345.692871
701.282227	1414.222656
700.083984	1438.927979
698.884766	1457.367188
697.685547	1450.784424
696.485352	1450.456299
695.285156	1495.965698
694.084961	1512.291626
692.884766	1520.279785
691.684570	1619.876587
690.483398	1646.571045
689.282227	1685.740234
688.080078	1654.148071
686.878906	1699.538086
685.676758	1726.189697
684.474609	1734.115479
683.271484	1758.667847
682.068359	1768.660645
680.865234	1712.157227
679.662109	1784.477295
678.458008	1802.764526
677.254883	1762.902710
676.049805	1727.210815
674.845703	1764.177612
673.640625	1745.101440
672.435547	1709.437378
671.230469	1779.567749
670.024414	1683.776733
668.819336	1801.562988
667.613281	1823.952637
666.406250	1896.064575
665.199219	1841.768066
663.992188	1909.700195
662.785156	2035.583374
661.578125	2016.486816
660.370117	2154.706787
659.162109	2158.354492
657.953125	2099.933350
656.745117	2041.538452
655.536133	2103.111572
654.327148	2061.281982
653.117188	1976.064087
651.907227	1998.344971
650.697266	1844.999512
649.487305	1786.741455
648.276367	1691.337524
647.065430	1666.175171
645.854492	1667.858643
644.643555	1551.909546
643.431641	1594.882690
642.219727	1573.890137
641.007813	1546.720215
639.794922	1463.893433
638.582031	1574.871094
637.369141	1498.258057
636.155273	1462.887939
634.942383	1509.931274
633.728516	1515.763672
632.513672	1527.770142
631.299805	1550.063477
630.084961	1531.185669
628.869141	1485.567749
627.654297	1641.566528
626.438477	1591.830688
625.222656	1669.599121
624.006836	1695.939575
622.790039	1701.715576
621.573242	1762.966797
620.356445	1801.592651
619.139648	1840.200684
617.921875	1852.097412
616.704102	1783.927246
615.486328	1818.407227
614.267578	1817.988770
613.048828	1727.307129
611.830078	1669.482544
610.610352	1638.340576
609.391602	1752.764038
608.171875	1727.765625
606.951172	1786.790405
605.731445	1905.197144
604.510742	1906.805786
603.289063	1830.602661
602.068359	1740.104248
600.846680	1641.460571
599.625000	1469.197632
598.403320	1554.780396
597.180664	1474.654907
595.958008	1441.597046
594.735352	1431.041992
593.511719	1481.807983
592.289063	1452.857666
591.064453	1425.963501
589.840820	1470.567505
588.616211	1570.284180
587.391602	1539.297974
586.166992	1563.433960
584.942383	1583.477295
583.716797	1638.192871
582.491211	1774.467529
581.264648	1798.525757
580.038086	1826.650024
578.811523	1940.365479
577.584961	1913.424683
576.358398	1921.129517
575.130859	1969.566162
573.902344	1926.346313
572.674805	1897.397095
571.446289	1805.364868
570.217773	1868.026733
568.989258	1798.422241
567.759766	1714.612427
566.530273	1628.807861
565.300781	1567.438965
564.070313	1500.000854
562.840820	1485.427246
561.610352	1413.976074
560.378906	1409.584473
559.147461	1417.378418
557.916016	1455.620972
556.684570	1439.044067
555.453125	1485.380127
554.220703	1424.171509
552.988281	1391.386963
551.754883	1433.645630
550.521484	1445.474609
549.288086	1432.975952
548.054688	1527.880371
546.820313	1535.626709
545.585938	1567.674438
544.351563	1518.709106
543.117188	1483.937744
541.881836	1491.686401
540.646484	1507.525391
539.410156	1547.633423
538.174805	1442.096924
536.938477	1421.537964
535.701172	1405.031860
534.464844	1428.956299
533.227539	1337.690552
531.990234	1373.740479
530.751953	1401.694336
529.513672	1373.095703
528.275391	1287.984375
527.037109	1344.194458
525.797852	1305.539795
524.558594	1295.146118
523.319336	1337.196289
522.079102	1316.717773
520.838867	1336.567383
519.598633	1273.773438
518.358398	1378.253174
517.117188	1307.420532
515.875977	1307.112671
514.634766	1389.360962
513.392578	1405.138184
512.150391	1304.176147
510.908203	1386.366333
509.665039	1343.794312
508.421875	1351.521973
507.178711	1375.331543
505.934570	1370.986328
504.691406	1412.867676
503.447266	1328.143555
502.202148	1374.032471
500.958008	1431.949585
499.712891	1403.500732
498.466797	1377.072632
497.221680	1338.615234
495.975586	1388.459473
494.729492	1354.029297
493.482422	1419.889771
492.235352	1365.417847
490.988281	1465.321411
489.741211	1406.855957
488.493164	1414.536621
487.245117	1396.172974
485.997070	1393.838989
484.748047	1479.601196
483.499023	1527.290405
482.250000	1478.898438
481.000977	1494.552856
479.750977	1534.202881
478.500977	1579.833130
477.250000	1511.480591
475.999023	1597.070923
474.748047	1624.667847
473.497070	1620.285156
472.245117	1645.865601
470.993164	1733.338501
469.741211	1696.989014
468.488281	1694.588379
467.236328	1774.004395
465.982422	1839.417114
464.729492	1866.901733
463.475586	1944.224976
462.221680	2005.562256
460.967773	2166.526123
459.712891	2387.192139
458.458008	2490.214355
457.203125	2682.813232
455.947266	2992.801270
454.691406	2982.131348
453.435547	3021.222656
452.178711	2909.070801
450.921875	2749.228760
449.665039	2523.831543
448.408203	2300.530273
447.150391	2176.729980
445.892578	2080.812256
444.633789	1881.619995
443.375000	1847.398560
442.116211	1837.025024
440.857422	1705.540894
439.597656	1738.876221
438.337891	1750.365356
437.078125	1696.374634
435.818359	1672.163452
434.557617	1762.984009
433.295898	1800.229492
432.035156	1791.867188
430.773438	1813.233887
429.511719	1854.401978
428.249023	1913.376343
426.987305	1819.843384
425.724609	1777.829102
424.460938	1767.503540
423.198242	1765.097900
421.934570	1788.411377
420.669922	1795.890625
419.406250	1838.958740
418.141602	1854.329102
416.875977	1808.422852
415.611328	1865.287476
414.345703	1839.154785
413.080078	1860.434082
411.813477	1832.340210
410.546875	1782.545410
409.280273	1835.399048
408.013672	1787.600098
406.746094	1751.659668
405.478516	1707.848022
404.209961	1707.433228
402.942383	1736.585693
401.673828	1722.369019
400.404297	1718.009766
399.134766	1684.106812
397.865234	1660.066162
396.595703	1769.912476
395.326172	1793.100830
394.055664	1680.499512
392.784180	1699.763184
391.513672	1768.188110
390.242188	1803.151367
388.970703	1806.643188
387.698242	1814.063721
386.425781	1782.182129
385.153320	1903.541992
383.880859	1861.833740
382.607422	1896.721191
381.333984	1821.663330
380.059570	1884.018188
378.785156	1920.835815
377.510742	1951.750366
376.236328	1914.011841
374.960938	1919.424561
373.685547	1922.874268
372.410156	1902.806274
371.133789	1925.849365
369.857422	1903.831177
368.581055	1944.485718
367.303711	1963.585205
366.026367	1839.797119
364.749023	2038.933228
363.470703	1948.443481
362.192383	1983.168213
360.914063	1912.288940
359.634766	1991.965820
358.356445	2032.516357
357.076172	2035.923096
355.796875	1996.353516
354.516602	1980.237915
353.236328	1938.748535
351.955078	1977.308472
350.673828	1918.276611
349.392578	1892.440063
348.111328	1971.942139
346.829102	1990.954590
345.546875	1912.481079
344.263672	1991.918457
342.981445	1950.505493
341.697266	1950.022339
340.414063	1928.115479
339.129883	1914.007690
337.845703	1927.159302
336.561523	1862.458374
335.276367	1889.235229
333.991211	1917.943726
332.705078	1966.084473
331.419922	1905.325317
330.133789	1910.682617
328.846680	2013.199097
327.560547	1855.334473
326.272461	1903.429321
324.985352	1949.558105
323.697266	1853.948242
322.409180	1849.604248
321.121094	1864.665649
319.832031	1819.583618
318.542969	1875.370972
317.253906	1840.002563
315.963867	1880.249146
314.673828	1848.772461
313.383789	1801.811646
312.092773	1865.279907
310.801758	1893.859863
309.510742	1961.144775
308.218750	1927.749878
306.926758	1927.266602
305.634766	1951.932007
304.341797	1957.244385
303.048828	2053.430420
301.755859	2081.910645
300.461914	2077.522461
299.167969	2129.166748
297.874023	2248.390869
296.579102	2236.238281
295.284180	2347.652100
293.989258	2404.965332
292.693359	2381.203369
291.397461	2467.416016
290.101563	2507.296143
288.804688	2570.293945
287.507813	2631.332031
286.210938	2657.648682
284.913086	2799.555908
283.615234	2839.299561
282.317383	2873.245117
281.018555	2830.161865
279.719727	2994.977539
278.420898	2884.533447
277.121094	2914.583496
275.821289	2983.084229
274.521484	2943.870850
273.220703	3110.368408
271.919922	3057.688232
270.619141	3241.363525
269.317383	3250.144287
268.015625	3412.551758
266.713867	3492.319824
265.411133	3696.809082
264.108398	3887.760986
262.804688	3904.036377
261.501953	3983.595459
260.198242	4321.971191
258.893555	4359.207520
257.588867	4503.748047
256.284180	4586.901367
254.979492	4702.575195
253.673828	4777.973633
252.368164	4937.571777
251.061523	4920.995605
249.755859	5187.632324
248.448242	5257.086426
247.141602	5272.952148
245.833984	5328.961914
244.526367	5411.704590
243.217773	5538.358398
241.909180	5561.773926
240.600586	5554.613770
239.291992	5572.281738
237.982422	5353.207031
236.671875	5514.063965
235.362305	5478.296875
234.051758	5349.072266
232.741211	5225.634766
231.429688	5224.287109
230.118164	5192.439941
228.806641	5057.700684
227.494141	4957.323730
226.181641	4891.282227
224.868164	4909.059570
223.555664	4763.106445
222.242188	4784.712402
220.927734	4701.655273
219.613281	4631.956055
218.298828	4822.831543
216.984375	4785.456543
215.668945	4558.023438
214.353516	4655.653809
213.037109	4530.958496
211.720703	4626.643555
210.404297	4564.678711
209.087891	4506.541992
207.770508	4478.799316
206.452148	4494.708008
205.134766	4463.187012
203.816406	4412.718750
202.497070	4337.629883
201.178711	4389.566406
199.859375	4308.836426
198.539063	4334.230957
197.218750	4263.024902
195.898438	4299.775879
194.578125	4262.686035
193.256836	4244.538086
191.935547	4233.965820
190.613281	4238.529297
189.291992	4222.290039
187.968750	4243.865723
186.646484	4125.578613
185.323242	4162.281250
183.999023	4147.964355
182.675781	4243.179688
181.351563	4219.407715
180.026367	4276.804688
178.702148	4190.767578
177.376953	4268.890137
176.050781	4250.790039
174.724609	4300.573242
173.398438	4386.141602
172.072266	4415.131836
170.745117	4445.990234
169.416992	4522.032227
168.089844	4520.834473
166.761719	4577.990723
165.433594	4640.761230
164.104492	4598.139160
162.775391	4713.533691
161.445313	4825.105957
160.116211	5040.011719
158.785156	5057.465332
157.455078	5144.427246
156.124023	5355.316895
154.792969	5487.220703
153.460938	5570.240723
152.128906	5788.351563
150.796875	6036.367188
149.463867	6027.251465
148.130859	6276.943848
146.797852	6436.505859
145.463867	6549.121582
144.129883	6770.360840
142.794922	6802.268066
141.460938	6794.826172
140.125000	7013.944824
138.790039	6897.877930
137.454102	7079.420410
136.117188	7085.001465
134.781250	7114.893066
133.444336	7165.334961
132.106445	7088.631348
130.768555	7176.427246
129.430664	7135.257324
128.092773	7103.447266
126.753906	7170.622559
125.414063	7159.351563
124.075195	7151.818359
122.735352	7164.811035
121.394531	7103.182129
120.053711	7084.475586
118.712891	7116.114746
117.372070	7140.279297
116.030273	7365.666504
114.688477	7358.078613
113.345703	7421.261230
112.002930	7516.057617
110.660156	7471.204102
109.316406	7500.804688
107.972656	7413.189941
106.627930	7403.730957
105.283203	7000.112793
103.938477	6732.401367
102.592773	6251.136719
101.247070	5601.078613
99.901367	5040.521484
98.554688	4257.463379
