#Wave		#Intensity
3199.956055	56.739330
3199.250977	3.546208
3198.545898	35.456585
3197.840820	42.541302
3197.134766	31.901022
3196.429688	24.808050
3195.724609	17.717279
3195.018555	49.600655
3194.312500	31.881165
3193.606445	53.126984
3192.901367	14.164983
3192.195313	49.569691
3191.488281	53.102074
3190.782227	42.475006
3190.076172	31.851259
3189.369141	56.615578
3188.663086	21.227507
3187.956055	35.373615
3187.249023	63.662491
3186.541992	49.507473
3185.834961	42.428288
3185.127930	17.675663
3184.420898	63.622337
3183.712891	53.010235
3183.005859	28.267653
3182.297852	49.460556
3181.590820	70.646736
3180.882813	3.531777
3180.174805	60.030670
3179.466797	17.653273
3178.757813	38.831024
3178.049805	17.647655
3177.341797	38.818653
3176.632813	38.812462
3175.924805	28.222740
3175.215820	38.800068
3174.506836	38.793861
3173.797852	38.787655
3173.088867	14.102343
3172.379883	52.875305
3171.669922	42.293457
3170.960938	31.714998
3170.250977	38.756546
3169.541016	10.568267
3168.832031	52.832825
3168.122070	31.694588
3167.412109	42.252636
3166.701172	28.163877
3165.991211	56.318653
3165.281250	77.425629
3164.570313	66.856766
3163.860352	28.145660
3163.149414	28.141098
3162.438477	56.273067
3161.727539	7.032991
3161.016602	38.675167
3160.305664	52.730289
3159.593750	28.118244
3158.882813	17.571041
3158.170898	59.731800
3157.458984	38.643684
3156.748047	17.562443
3156.036133	17.559574
3155.324219	42.136086
3154.611328	70.215317
3153.899414	59.673248
3153.187500	45.625004
3152.474609	14.036160
3151.761719	0.000000
3151.049805	52.618313
3150.336914	38.580421
3149.624023	17.533669
3148.911133	52.592346
3148.197266	49.078102
3147.484375	0.000000
3146.770508	70.088440
3146.057617	49.053806
3145.343750	28.026114
3144.629883	70.053696
3143.916016	17.510525
3143.202148	42.018295
3142.488281	3.500944
3141.774414	59.506180
3141.059570	31.498041
3140.344727	31.492807
3139.630859	31.487572
3138.916016	66.462700
3138.201172	52.461819
3137.486328	48.956203
3136.771484	52.444328
3136.055664	38.452759
3135.340820	69.902428
3134.625000	38.439911
3133.910156	45.421391
3133.194336	66.374001
3132.478516	31.435049
3131.762695	59.367367
3131.046875	34.916122
3130.330078	41.892315
3129.614258	48.866161
3128.897461	73.286926
3128.181641	80.253136
3127.464844	20.932077
3126.748047	52.321381
3126.031250	48.825058
3125.314453	48.816826
3124.596680	69.726555
3123.879883	55.771824
3123.162109	59.247551
3122.445313	38.330170
3121.727539	59.227512
3121.009766	73.151009
3120.291992	52.241867
3119.574219	48.750813
3118.856445	59.187370
3118.137695	45.253246
3117.419922	76.569412
3116.701172	41.758034
3115.982422	55.667908
3115.263672	27.829216
3114.544922	34.780594
3113.826172	52.162003
3113.107422	69.537476
3112.387695	79.954453
3111.668945	31.281183
3110.949219	59.076584
3110.229492	66.015480
3109.509766	52.108570
3108.790039	48.626339
3108.070313	38.199863
3107.350586	72.914513
3106.629883	48.601341
3105.910156	48.592999
3105.189453	34.703323
3104.468750	48.576305
3103.748047	52.037094
3103.027344	62.433773
3102.306641	65.890968
3101.585938	90.151062
3100.864258	27.734007
3100.143555	34.661530
3099.421875	41.586658
3098.700195	45.044437
3097.978516	55.429726
3097.256836	51.956387
3096.535156	41.557919
3095.813477	76.176331
3095.090820	45.005493
3094.369141	51.920418
3093.646484	31.146849
3092.923828	51.902409
3092.201172	69.191200
3091.478516	41.507511
3090.755859	65.708801
3090.032227	62.239624
3089.309570	41.485863
3088.585938	44.935196
3087.863281	31.103561
3087.139648	76.017677
3086.416016	51.821198
3085.692383	69.082878
3084.967773	75.977898
3084.244141	79.417564
3083.519531	51.785011
3082.795898	65.582878
3082.071289	37.962391
3081.346680	48.307312
3080.622070	75.898193
3079.897461	51.739700
3079.171875	51.730629
3078.447266	75.858276
3077.721680	51.712475
3076.997070	79.278534
3076.271484	44.801731
3075.545898	75.804985
3074.820313	51.676125
3074.094727	75.778313
3073.368164	55.101795
3072.642578	48.205574
3071.916016	58.525021
3071.189453	37.862453
3070.463867	24.090036
3069.737305	75.698174
3069.009766	75.684799
3068.283203	51.594154
3067.556641	75.658043
3066.829102	68.767868
3066.102539	79.069054
3065.375000	72.180695
3064.647461	48.111935
3063.919922	68.719154
3063.192383	61.836266
3062.463867	78.998985
3061.736328	96.155602
3061.007813	68.670372
3060.279297	75.523979
3059.551758	48.052166
3058.823242	51.475304
3058.094727	61.759373
3057.365234	54.887444
3056.636719	72.026932
3055.907227	58.297123
3055.178711	54.858093
3054.449219	92.556511
3053.719727	65.120735
3052.990234	54.828716
3052.260742	47.966553
3051.530273	75.362534
3050.800781	78.774017
3050.070313	51.365162
3049.340820	68.474625
3048.610352	68.462357
3047.879883	88.985115
3047.149414	34.218906
3046.417969	61.582985
3045.687500	61.571934
3044.957031	61.560875
3044.225586	51.291515
3043.494141	88.889313
3042.762695	64.945900
3042.031250	58.099033
3041.299805	95.675308
3040.568359	78.576279
3039.835938	20.494467
3039.103516	64.887451
3038.372070	78.533806
3037.639648	40.966770
3036.907227	78.505470
3036.174805	95.554626
3035.441406	64.828926
3034.708984	34.114323
3033.975586	68.216309
3033.243164	78.434570
3032.509766	78.420380
3031.776367	68.179291
3031.042969	78.391983
3030.309570	64.746864
3029.575195	105.620468
3028.841797	64.723389
3028.107422	61.305771
3027.373047	64.699905
3026.638672	78.306717
3025.904297	74.888466
3025.169922	71.471458
3024.435547	74.861252
3023.700195	64.641136
3022.965820	74.834015
3022.230469	64.617615
3021.495117	71.406456
3020.759766	95.191269
3020.024414	78.178574
3019.289063	67.968971
3018.552734	88.343552
3017.817383	40.766506
3017.081055	78.121536
3016.344727	78.107269
3015.608398	95.069740
3014.872070	78.078728
3014.135742	78.064445
3013.398438	88.230621
3012.662109	64.464424
3011.924805	71.237106
3011.187500	71.224060
3010.451172	115.294022
3009.712891	105.101753
3008.975586	74.574661
3008.238281	61.004440
3007.500000	88.101349
3006.762695	94.860962
3006.024414	71.132652
3005.286133	94.826111
3004.547852	128.668930
3003.809570	67.708031
3003.071289	115.082489
3002.332031	104.908836
3001.592773	111.656593
3000.854492	87.955658
3000.115234	101.468605
2999.375977	94.686577
2998.636719	108.193275
2997.896484	108.173325
2997.157227	114.912949
2996.416992	94.616722
2995.677734	114.870522
2994.937500	97.959702
2994.197266	77.677818
2993.457031	87.793472
2992.715820	104.657478
2991.975586	141.767776
2991.234375	91.119560
2990.494141	131.592773
2989.752930	94.459366
2989.011719	118.052330
2988.270508	138.264252
2987.528320	138.238617
2986.787109	97.760391
2986.044922	97.742256
2985.303711	117.942894
2984.561523	114.551826
2983.819336	124.636185
2983.077148	114.509270
2982.334961	144.793625
2981.591797	127.933365
2980.849609	141.373734
2980.106445	104.327866
2979.363281	137.956329
2978.620117	114.381516
2977.876953	158.086166
2977.133789	141.242172
2976.389648	141.215836
2975.646484	137.827850
2974.902344	141.163177
2974.158203	157.938843
2973.414063	174.708221
2972.669922	167.957321
2971.925781	157.850388
2971.181641	184.684021
2970.436523	184.649506
2969.692383	151.048615
2968.947266	204.716507
2968.202148	174.479782
2967.457031	161.028107
2966.710938	214.663956
2965.965820	207.916763
2965.220703	184.407730
2964.474609	187.725403
2963.728516	234.612762
2962.982422	204.409927
2962.236328	227.824051
2961.490234	200.983505
2960.743164	237.785828
2959.997070	207.604980
2959.250000	254.435715
2958.502930	247.693481
2957.755859	224.220871
2957.008789	281.059875
2956.261719	260.935089
2955.514648	257.541290
2954.766602	250.804703
2954.018555	304.252411
2953.271484	254.053055
2952.523438	220.583466
2951.775391	247.274246
2951.026367	247.227631
2950.278320	303.965851
2949.529297	277.191284
2948.781250	287.156036
2948.032227	307.132202
2947.283203	290.385406
2946.534180	263.633484
2945.784180	306.958221
2945.035156	283.549103
2944.285156	286.830750
2943.536133	323.457214
2942.786133	250.048477
2942.036133	273.334595
2941.286133	276.615601
2940.535156	303.219910
2939.785156	253.190643
2939.034180	253.142685
2938.284180	333.019348
2937.533203	289.671936
2936.782227	279.630188
2936.031250	286.233765
2935.279297	252.902771
2934.528320	252.854767
2933.776367	272.765198
2933.025391	305.971130
2932.273438	246.060471
2931.521484	246.013702
2930.768555	272.557983
2930.016602	242.596939
2929.264648	242.550797
2928.511719	269.080505
2927.758789	222.530411
2927.005859	272.298798
2926.252930	242.366196
2925.500000	262.236755
2924.747070	282.099701
2923.993164	209.045822
2923.240234	268.721954
2922.486328	288.572235
2921.732422	205.609970
2920.978516	265.252563
2920.223633	238.681747
2919.469727	232.007401
2918.715820	238.590607
2917.960938	231.918777
2917.206055	221.936996
2916.451172	238.453873
2915.696289	238.408279
2914.941406	228.430908
2914.185547	244.937012
2913.430664	234.962173
2912.674805	244.843277
2911.918945	228.256104
2911.163086	287.746063
2910.407227	244.702637
2909.651367	261.186554
2908.894531	208.248077
2908.138672	251.171753
2907.381836	247.819321
2906.625000	231.253662
2905.868164	251.027237
2905.111328	217.955490
2904.353516	237.723984
2903.596680	214.570709
2902.838867	237.632675
2902.081055	250.786285
2901.323242	247.438904
2900.565430	214.405823
2899.807617	230.854187
2899.049805	230.809769
2898.291016	257.138550
2897.532227	240.608994
2896.773438	263.630341
2896.014648	233.926865
2895.255859	194.352493
2894.497070	217.369370
2893.738281	240.377365
2892.978516	240.331024
2892.218750	246.867828
2891.458984	240.238342
2890.699219	243.482300
2889.939453	246.724976
2889.179688	269.700562
2888.418945	259.783295
2887.659180	240.006577
2886.898438	233.385956
2886.137695	210.335419
2885.376953	253.010895
2884.616211	220.109772
2883.854492	272.620575
2883.093750	233.160431
2882.332031	226.548691
2881.570313	229.787521
2880.808594	278.973694
2880.046875	229.698547
2879.285156	196.846344
2878.522461	255.850662
2877.760742	245.962585
2876.998047	213.126251
2876.235352	252.423676
2875.472656	229.431564
2874.709961	216.279221
2873.946289	216.237259
2873.183594	248.952148
2872.419922	271.829163
2871.656250	209.562515
2870.892578	238.985809
2870.128906	248.758804
2869.365234	229.075424
2868.600586	229.030884
2867.836914	225.715118
2867.072266	238.753616
2866.307617	248.517044
2865.542969	209.236786
2864.778320	205.927368
2864.013672	232.031693
2863.248047	241.788757
2862.483398	251.541992
2861.717773	231.896133
2860.952148	238.381943
2860.186523	215.481384
2859.419922	212.175140
2858.654297	221.924545
2857.887695	251.247879
2857.122070	238.149567
2856.355469	215.271286
2855.588867	306.538635
2854.822266	221.708038
2854.054688	264.041809
2853.288086	195.548309
2852.520508	211.802612
2851.752930	254.113449
2850.985352	247.549301
2850.217773	240.987701
2849.450195	250.708420
2848.682617	224.616821
2847.914063	276.647736
2847.145508	188.734436
2846.377930	266.779175
2845.609375	237.452026
2844.839844	227.649109
2844.071289	253.616440
2843.302734	276.322723
2842.533203	185.262421
2841.763672	220.971481
2840.994141	194.936584
2840.224609	204.643250
2839.455078	211.098419
2838.684570	224.045090
2837.915039	243.479462
2837.144531	230.448608
2836.374023	207.687515
2835.603516	233.602539
2834.833008	175.167465
2834.062500	214.051468
2833.291016	291.830963
2832.520508	217.209213
2831.749023	239.855499
2830.977539	171.754593
2830.206055	233.281067
2829.433594	210.559494
2828.662109	207.279282
2827.889648	213.714645
2827.118164	161.873123
2826.345703	229.814529
2825.573242	197.407364
2824.799805	194.132889
2824.027344	223.208786
2823.254883	206.993378
2822.481445	242.522507
2821.708008	210.144669
2820.934570	213.335541
2820.161133	206.829971
2819.387695	206.789108
2818.613281	226.130905
2817.839844	219.626602
2817.065430	222.812347
2816.291016	206.625656
2815.516602	187.217468
2814.741211	238.816406
2813.966797	180.690155
2813.192383	196.784256
2812.416992	174.167969
2811.641602	190.256943
2810.866211	186.995193
2810.090820	193.404984
2809.314453	177.252762
2808.539063	177.217621
2807.762695	215.840485
2806.986328	202.914230
2806.209961	170.671753
2805.433594	186.735794
2804.657227	189.917679
2803.880859	205.971497
2803.103516	183.406937
2802.326172	199.455643
2801.548828	218.714340
2800.771484	205.807877
2799.994141	180.046097
2799.216797	186.439240
2798.438477	154.263855
2797.660156	202.431030
2796.881836	173.477783
2796.103516	228.045761
2795.325195	157.352356
2794.546875	192.638000
2793.767578	186.179642
2792.989258	173.305130
2792.209961	163.644440
2791.430664	195.692581
2790.651367	237.350220
2789.871094	185.994156
2789.091797	201.987823
2788.311523	205.153046
2787.531250	205.112091
2786.751953	173.028778
2785.970703	195.419403
2785.190430	211.395157
2784.410156	198.543655
2783.628906	208.109009
2782.847656	198.464310
2782.067383	153.619064
2781.285156	175.986649
2780.503906	166.354080
2779.722656	239.885773
2778.940430	159.891830
2778.159180	211.014969
2777.376953	188.596817
2776.594727	198.146805
2775.812500	175.740173
2775.029297	169.315674
2774.247070	178.863724
2773.463867	197.987991
2772.680664	181.984711
2771.897461	191.524429
2771.114258	162.763092
2770.331055	169.112015
2769.546875	204.169739
2768.763672	188.181183
2767.979492	156.254669
2767.195313	226.364334
2766.411133	197.630539
2765.626953	175.282181
2764.841797	165.688004
2764.056641	184.768677
2763.272461	181.546494
2762.487305	165.588028
2761.702148	203.759628
2760.916016	171.887573
2760.130859	178.217880
2759.344727	175.000153
2758.559570	203.595520
2757.773438	168.568558
2756.987305	139.915497
2756.201172	190.755386
2755.414063	206.609970
2754.627930	190.678421
2753.840820	174.753281
2753.053711	203.308228
2752.266602	171.506668
2751.479492	193.699890
2750.692383	184.136459
2749.904297	215.840500
2749.116211	161.847656
2748.328125	158.642090
2747.540039	228.398392
2746.751953	215.665955
2745.963867	149.033066
2745.174805	199.727295
2744.386719	193.347595
2743.597656	193.308441
2742.808594	190.100937
2742.019531	202.733246
2741.229492	193.190964
2740.440430	158.321136
2739.650391	186.781052
2738.861328	199.403717
2738.071289	183.540787
2737.280273	192.995087
2736.490234	186.629486
2735.700195	183.429016
2734.909180	148.610565
2734.118164	151.741653
2733.327148	164.353378
2732.536133	173.799973
2731.745117	199.039474
2730.953125	170.570572
2730.162109	157.903580
2729.370117	170.501144
2728.578125	198.877518
2727.786133	179.900162
2726.994141	176.708008
2726.201172	182.981720
2725.409180	186.098648
2724.616211	154.524994
2723.823242	192.328613
2723.030273	167.071106
2722.236328	185.946869
2721.443359	182.757919
2720.649414	173.269547
2719.856445	157.485596
2719.062500	151.155289
2718.268555	138.530701
2717.473633	173.127991
2716.679688	214.005386
2715.884766	176.203690
2715.089844	132.125732
2714.295898	217.019287
2713.500000	176.095551
2712.705078	169.771652
2711.910156	179.166718
2711.114258	166.559479
2710.318359	207.371185
2709.522461	204.187332
2708.726563	172.738480
2707.930664	188.403320
2707.134766	194.643494
2706.337891	160.077118
2705.541016	197.701721
2704.744141	178.836258
2703.947266	178.799530
2703.150391	213.260864
2702.352539	175.590500
2701.555664	166.149704
2700.757813	194.323837
2699.959961	194.283859
2699.162109	209.908707
2698.364258	225.527100
2697.565430	150.320450
2696.767578	162.813614
2695.968750	184.692764
2695.169922	169.005997
2694.371094	231.553070
2693.571289	131.394913
2692.772461	187.668304
2691.972656	190.756744
2691.173828	181.337830
2690.374023	200.055603
2689.573242	184.388168
2688.773438	193.723801
2687.973633	206.179489
2687.172852	206.136871
2686.372070	171.745209
2685.571289	174.831680
2684.770508	209.130325
2683.969727	187.242126
2683.167969	199.683594
2682.367188	184.045181
2681.565430	184.007050
2680.763672	205.795746
2679.961914	171.460892
2679.159180	218.177704
2678.357422	177.622131
2677.554688	183.816345
2676.751953	165.088882
2675.949219	202.425461
2675.146484	205.497009
2674.343750	186.776642
2673.540039	196.074707
2672.736328	199.145599
2671.932617	220.881195
2671.128906	180.400620
2670.325195	195.911621
2669.521484	195.870834
2668.716797	220.697357
2667.912109	180.250427
2667.107422	161.570160
2666.302734	180.175308
2665.498047	208.090134
2664.693359	214.257080
2663.887695	232.839539
2663.082031	195.544388
2662.276367	195.503555
2661.470703	223.385971
2660.665039	210.931564
2659.858398	207.786194
2659.052734	186.038284
2658.246094	198.399323
2657.439453	220.053207
2656.632813	201.414993
2655.826172	207.568909
2655.051758	211.085129
2655.018555	173.454102
2654.246094	183.147385
2654.210938	191.998230
2653.440430	217.258484
2653.404297	232.207245
2652.634766	189.294708
2652.596680	207.394989
2651.829102	269.934113
2651.788086	225.920288
2651.023438	179.926987
2650.980469	201.119690
2650.217773	195.406311
2650.171875	219.638489
2649.411133	204.678223
2649.364258	194.849564
2648.604492	207.745728
2648.555664	207.177444
2647.798828	195.311295
2647.747070	256.598755
2646.992188	207.678284
2646.938477	228.726700
2646.185547	170.454468
2646.128906	222.498108
2645.378906	179.722733
2645.320313	188.465698
2644.571289	185.889801
2644.510742	247.116135
2643.764648	213.738419
2643.701172	176.033188
2642.957031	201.314941
2642.891602	188.346741
2642.150391	235.345184
2642.081055	172.872055
2641.342773	216.729874
2641.271484	194.440094
2640.535156	191.929352
2640.460938	160.456406
2639.727539	191.897919
2639.651367	197.443176
2638.918945	160.920273
2638.840820	203.570328
2638.111328	204.211456
2638.029297	228.197372
2637.303711	210.365143
2637.218750	1880.689331
2636.495117	197.958191
2636.408203	40081.050781
2635.686523	222.666336
2635.596680	2567.135498
2634.877930	222.629684
2634.785156	6519.701172
2634.069336	204.043594
2633.973633	566.810669
2633.260742	185.463593
2633.162109	240.227646
2632.452148	197.795181
2632.349609	203.226547
2631.642578	203.942581
2631.538086	197.026459
2630.833984	194.640289
2630.725586	236.997284
2630.024414	200.786118
2629.913086	252.333282
2629.214844	213.106888
2629.100586	233.820328
2628.405273	206.895584
2628.288086	206.087387
2627.595703	216.123703
2627.474609	206.043701
2626.785156	222.261749
2626.662109	242.895523
2625.975586	216.051910
2625.848633	230.548096
2625.165039	216.015976
2625.035156	218.205872
2624.355469	200.552887
2624.221680	196.650864
2623.544922	219.028961
2623.407227	245.761368
2622.734375	225.161240
2622.593750	218.066864
2621.923828	249.794754
2621.779297	251.798340
2621.113281	240.502930
2620.964844	233.324448
2620.301758	212.717026
2620.150391	227.136017
2619.491211	209.599106
2619.335938	242.431442
2618.679688	240.382248
2618.521484	196.358337
2617.868164	246.504593
2617.706055	260.732880
2617.056641	209.493759
2616.890625	239.209793
2616.245117	249.502167
2616.076172	223.828110
2615.433594	206.343674
2615.259766	236.042328
2614.621094	209.388229
2614.444336	235.991989
2613.809570	206.274277
2613.628906	232.877457
2612.997070	227.786957
2612.812500	232.827744
2612.185547	224.670898
2611.996094	248.092377
2611.373047	196.938522
2611.179688	208.230591
2610.559570	243.054962
2610.363281	223.493881
2609.747070	178.415283
2609.546875	238.750626
2608.934570	227.594803
2608.729492	211.157303
2608.121094	239.856644
2607.912109	257.006073
2607.308594	267.487122
2607.095703	208.007996
2606.495117	242.849442
2606.277344	244.662888
2605.681641	205.925995
2605.459961	201.803650
2604.868164	230.475067
2604.642578	226.216202
2604.054688	221.218491
2603.824219	256.730896
2603.240234	208.893051
2603.005859	238.341858
2602.426758	208.857529
2602.187500	232.180695
2601.612305	230.318359
2601.369141	219.913452
2600.798828	264.053406
2600.550781	213.758820
2599.984375	224.100128
2599.731445	219.818985
2599.169922	187.229813
2598.913086	238.086060
2598.354492	227.092468
2598.093750	173.948563
2597.540039	208.643906
2597.274414	204.421875
2596.725586	276.099121
2596.455078	262.335785
2595.910156	230.043228
2595.634766	210.433411
2595.094727	217.736969
2594.815430	198.191681
2594.279297	214.633469
2593.995117	204.245865
2593.463867	239.121979
2593.174805	222.488571
2592.648438	236.015808
2592.354492	240.723389
2591.833008	229.846039
2591.533203	255.903839
2591.016602	232.870621
2590.712891	252.802795
2590.201172	208.322083
2589.891602	234.477264
2589.384766	248.105652
2589.070313	246.604614
2588.568359	248.062927
2588.249023	246.551331
2587.751953	217.400391
2587.427734	237.368484
2586.935547	205.117096
2586.606445	194.721756
2586.118164	226.508133
2585.784180	237.265808
2585.301758	238.710571
2584.961914	243.296875
2584.484375	198.891083
2584.139648	234.122528
2583.666992	223.331345
2583.317383	209.752655
2582.849609	244.704315
2582.495117	230.981842
2582.032227	220.195740
2581.671875	230.931763
2581.214844	229.330795
2580.849609	236.957504
2580.397461	226.233795
2580.026367	221.719803
2579.579102	198.684372
2579.203125	215.598465
2578.761719	229.211380
2578.379883	224.659454
2577.943359	238.338394
2577.555664	200.328400
2577.125000	189.415512
2576.732422	224.561813
2576.306641	244.364563
2575.908203	260.920471
2575.488281	216.835770
2575.083984	209.297623
2574.668945	232.065445
2574.259766	215.317352
2573.850586	222.866089
2573.434570	212.238480
2573.031250	235.036896
2572.610352	248.568054
2572.211914	259.410980
2571.785156	236.391251
2571.392578	228.852036
2570.959961	209.069733
2570.573242	207.456223
2570.134766	254.464142
2569.753906	225.721680
2569.309570	227.150543
2568.933594	216.532867
2568.484375	251.325043
2568.114258	198.199570
2567.658203	227.051331
2567.293945	246.943848
2566.832031	245.161850
2566.473633	249.948669
2566.005859	236.030167
2565.653320	243.809540
2565.179688	220.851700
2564.833008	228.531281
2564.353516	257.099823
2564.012695	246.770386
2563.526367	223.779068
2563.191406	234.542923
2562.699219	232.800186
2562.371094	240.592575
2561.872070	232.749161
2561.549805	234.460312
2561.044922	235.720184
2560.728516	234.418991
2560.217773	229.625702
2559.907227	206.982849
2559.389648	205.409485
2559.085938	243.466248
2558.562500	283.886078
2558.264648	222.123718
2557.734375	187.202866
2557.442383	237.295715
2556.906250	220.367844
2556.620117	249.420624
2556.078125	253.518204
2555.798828	246.335312
2555.249023	241.392807
2554.976563	240.210403
2554.420898	241.339676
2554.154297	221.927261
2553.591797	250.334793
2553.331055	249.243958
2552.762695	205.048386
2552.508789	261.355835
2551.933594	220.076950
2551.686523	206.616760
2551.103516	271.267944
2550.863281	246.073303
2550.274414	207.926208
2550.040039	246.029572
2549.444336	238.007904
2549.216797	264.207001
2548.614258	240.967438
2548.393555	200.397217
2547.784180	280.062775
2547.570313	264.112946
2546.954102	243.871719
2546.746094	261.030640
2546.123047	270.908661
2545.922852	206.359528
2545.292969	261.820435
2545.098633	257.903412
2544.461914	225.657318
2544.274414	203.252274
2543.630859	228.615448
2543.450195	263.877472
2542.799805	246.609390
2542.625977	254.732712
2541.967773	243.547958
2541.801758	245.591202
2541.136719	282.573242
2540.976563	251.610153
2540.304688	246.445358
2540.151367	236.410583
2539.472656	225.357300
2539.327148	254.550415
2538.640625	240.327728
2538.501953	233.296066
2537.807617	279.318909
2537.676758	263.546967
2536.975586	213.196060
2536.850586	263.499695
2536.142578	234.163300
2536.025391	211.973175
2535.309570	306.145416
2535.199219	214.962738
2534.476563	291.073456
2534.374023	254.276413
2533.643555	222.006577
2533.547852	281.469666
2532.809570	269.947815
2532.721680	281.419037
2531.976563	233.902603
2531.895508	208.757172
2531.142578	260.833160
2531.068359	238.968765
2530.308594	269.767181
2530.242188	281.266937
2529.473633	281.693909
2529.415039	250.977921
2528.639648	206.729126
2528.588867	284.188751
2527.804688	257.604797
2527.761719	238.796356
2526.969727	215.620880
2526.934570	262.930756
2526.134766	245.513275
2526.106445	262.883240
2525.299805	269.405457
2525.279297	235.645782
2524.464844	272.337830
2524.452148	232.582581
2523.628906	272.276794
2523.624023	286.900574
2522.795898	283.829132
2522.792969	302.129578
2521.967773	271.702057
2521.957031	254.210419
2521.139648	259.579315
2521.121094	290.033813
2520.311523	241.425308
2520.285156	278.011200
2519.482422	256.467834
2519.448242	248.061783
2518.654297	262.454681
2518.612305	250.994034
2517.825195	256.374634
2517.775391	253.924927
2516.996094	244.265503
2516.937500	250.881104
2516.166992	229.145691
2516.100586	229.922562
2515.337891	256.234711
2515.263672	244.797424
2514.507813	262.215973
2514.425781	325.328125
2513.678711	277.235321
2513.587891	247.671036
2512.848633	292.249176
2512.750000	259.548401
2512.018555	253.035583
2511.912109	241.593964
2511.188477	262.024719
2511.073242	247.503326
2510.358398	249.931961
2510.234375	268.316437
2509.528320	283.003754
2509.395508	295.081329
2508.697266	270.911499
2508.556641	297.994537
2507.867188	291.928986
2507.717773	271.113617
2507.036133	291.875580
2506.878906	309.773956
2506.205078	261.737366
2506.039063	294.814148
2505.374023	321.847900
2505.199219	259.020355
2504.542969	300.737305
2504.359375	303.610138
2503.710938	246.559372
2503.519531	312.468903
2502.879883	261.545471
2502.678711	273.720093
2502.047852	243.463150
2501.838867	258.785187
2501.215820	270.464935
2500.998047	270.621796
2500.383789	252.387558
2500.157227	279.479797
2499.551758	252.341156
2499.316406	255.636093
2498.719727	279.326324
2498.474609	273.408875
2497.886719	294.289703
2497.633789	276.317749
2497.053711	261.209076
2496.791992	258.431854
2496.221680	252.155396
2495.950195	288.070923
2495.388672	270.116699
2495.108398	285.036041
2494.554688	297.073578
2494.265625	267.160278
2493.721680	240.015182
2493.423828	314.583527
2492.888672	281.965790
2492.581055	267.038147
2492.054688	260.920135
2491.738281	249.178589
2491.220703	260.871918
2490.895508	305.470459
2490.387695	293.801422
2490.051758	278.715027
2489.552734	269.767731
2489.208984	323.116760
2488.718750	269.717834
2488.365234	299.333099
2487.884766	305.623627
2487.521484	284.449371
2487.049805	299.575500
2486.677734	257.723053
2486.215820	278.553589
2485.833008	278.395447
2485.380859	251.550156
2484.989258	331.628967
2484.545898	326.355743
2484.144531	307.870361
2483.710938	260.437439
2483.299805	313.718750
2482.875000	341.199493
2482.455078	275.180450
2482.040039	308.219482
2481.609375	304.699554
2481.204102	335.089020
2480.764648	316.459564
2480.368164	302.122314
2479.918945	301.602173
2479.532227	296.084595
2479.073242	274.926758
2478.696289	307.990295
2478.227539	286.685364
2477.860352	328.860443
2477.381836	310.257813
2477.023438	325.810120
2476.535156	313.140228
2476.187500	268.967407
2475.688477	283.533112
2475.350586	268.917267
2474.841797	280.514709
2474.513672	310.690887
2473.995117	342.443909
2473.676758	328.554047
2473.148438	312.850372
2472.839844	280.711975
2472.300781	324.580750
2472.001953	292.602509
2471.453125	256.654327
2471.165039	319.414490
2470.605469	294.936493
2470.327148	331.293274
2469.757813	309.611389
2469.489258	289.454407
2468.910156	318.383392
2468.651367	340.119873
2468.061523	277.047028
2467.813477	253.550690
2467.212891	315.288666
2466.975586	298.239075
2466.364258	297.539642
2466.136719	310.110535
2465.515625	323.977570
2465.297852	286.202240
2464.666992	303.290100
2464.458984	295.090698
2463.817383	267.892822
2463.620117	292.055206
2462.967773	314.921356
2462.781250	271.143219
2462.118164	276.595245
2461.942383	333.652100
2461.268555	288.297882
2461.102539	276.998352
2460.418945	335.288513
2460.263672	312.681305
2459.568359	291.103455
2459.423828	253.075394
2458.717773	267.517303
2458.583984	276.842163
2457.867188	290.967133
2457.744141	273.813843
2457.016602	305.590790
2456.903320	255.908249
2456.166016	282.017639
2456.063477	285.611237
2455.314453	255.518494
2455.222656	279.608307
2454.462891	325.929810
2454.382813	324.165558
2453.611328	275.947754
2453.541992	306.263824
2452.759766	255.338394
2452.701172	303.233185
2451.907227	284.620667
2451.859375	303.175964
2451.055664	284.553650
2451.018555	285.288239
2450.203125	287.419464
2450.176758	291.176727
2449.350586	263.894409
2449.334961	252.503540
2448.497070	293.146851
2448.493164	282.156494
2447.651367	296.950684
2447.644531	301.869995
2446.809570	282.049774
2446.791016	319.379181
2445.967773	273.091248
2445.937500	269.504059
2445.125000	320.524689
2445.083984	254.796814
2444.282227	258.151550
2444.230469	254.736526
2443.439453	290.736298
2443.375977	283.949341
2442.596680	258.053711
2442.522461	313.148224
2441.753906	293.591644
2441.667969	272.111023
2440.911133	302.430969
2440.813477	327.625854
2440.067383	266.800232
2439.958008	271.981873
2439.223633	269.713440
2439.103516	327.470276
2438.380859	272.625549
2438.248047	289.391510
2437.536133	325.903412
2437.392578	318.547180
2436.692383	308.068298
2436.537109	283.410278
2435.848633	266.546844
2435.680664	283.342773
2435.003906	233.924408
2434.825195	254.071609
2434.160156	245.721909
2433.968750	289.047028
2433.315430	298.954071
2433.112305	303.572876
2432.470703	290.019012
2432.255859	253.889755
2431.625000	278.128510
2431.398438	262.581787
2430.780273	286.950226
2430.541992	280.020264
2429.935547	316.472382
2429.684570	250.791473
2429.089844	286.840790
2428.827148	239.069489
2428.244141	292.699188
2427.968750	253.586121
2427.398438	295.599304
2427.111328	279.752075
2426.552734	298.498291
2426.252930	273.858185
2425.706055	271.847473
2425.394531	253.403625
2424.860352	319.064331
2424.536133	276.638641
2424.013672	245.159973
2423.677734	276.572113
2423.166992	277.597961
2422.818359	264.863251
2422.320313	239.160980
2421.959961	203.691910
2421.473633	309.964142
2421.100586	270.554047
2420.626953	239.069427
2420.240234	287.939728
2419.779297	241.974548
2419.380859	282.054688
2418.931641	247.828873
2418.520508	261.637054
2418.084961	303.827148
2417.661133	247.041977
2417.237305	291.972046
2416.799805	293.473022
2416.388672	312.556580
2415.939453	290.497070
2415.541016	277.119629
2415.079102	302.043823
2414.692383	300.646545
2414.217773	249.706497
2413.844727	312.376617
2413.356445	243.840256
2412.996094	265.174469
2412.147461	250.394440
2411.298828	297.470306
2410.449219	294.468414
2409.600586	303.244141
2408.750977	256.088959
2407.901367	253.096664
2407.051758	288.356934
2406.202148	255.941025
2405.352539	288.245819
2404.501953	273.486694
2403.651367	296.955139
2402.801758	314.535339
2401.950195	299.779572
2401.099609	235.075836
2400.249023	282.036530
2399.397461	270.232788
2398.546875	302.484772
2397.695313	281.873047
2396.843750	246.591232
2395.991211	290.569153
2395.139648	225.954498
2394.288086	275.787140
2393.435547	290.400452
2392.583008	272.747559
2391.730469	337.203125
2390.877930	266.778595
2390.024414	278.451111
2389.171875	269.605621
2388.318359	254.903671
2387.464844	301.723907
2386.611328	313.380493
2385.757813	269.396301
2384.903320	319.114044
2384.049805	289.781189
2383.195313	251.680176
2382.340820	283.816620
2381.486328	277.910645
2380.631836	298.330200
2379.776367	269.029755
2378.921875	254.359039
2378.066406	274.771179
2377.210938	271.795105
2376.355469	254.210373
2375.499023	254.160797
2374.643555	330.052521
2373.787109	309.546356
2372.930664	274.449799
2372.074219	236.447815
2371.217773	288.935333
2370.361328	280.124969
2369.503906	288.822418
2368.647461	253.764023
2367.790039	253.714401
2366.932617	288.653015
2366.075195	300.256989
2365.216797	285.625488
2364.359375	303.053436
2363.500977	285.513641
2362.642578	270.893555
2361.784180	241.717819
2360.925781	253.317200
2360.067383	282.378754
2359.208008	317.249939
2358.348633	320.097687
2357.490234	276.393738
2356.629883	322.880859
2355.770508	247.202545
2354.911133	290.769379
2354.050781	284.898010
2353.190430	290.655090
2352.330078	287.691956
2351.469727	278.919159
2350.609375	246.911087
2349.749023	287.522186
2348.887695	301.984039
2348.026367	293.215210
2347.165039	281.547272
2346.303711	301.805634
2345.442383	293.041931
2344.580078	313.289978
2343.717773	284.225586
2342.856445	316.066071
2341.994141	289.911652
2341.130859	246.376266
2340.268555	330.368805
2339.405273	272.355560
2338.542969	333.135132
2337.679688	283.832977
2336.816406	333.003448
2335.953125	330.042511
2335.088867	332.871765
2334.225586	309.654175
2333.361328	266.192017
2332.497070	315.317261
2331.632813	332.608276
2330.767578	303.625671
2329.903320	315.129913
2329.038086	271.709564
2328.172852	300.555237
2327.307617	312.053162
2326.442383	285.991974
2325.577148	285.935242
2324.710938	308.979797
2323.845703	317.579712
2322.979492	349.268311
2322.113281	305.909821
2321.246094	343.358826
2320.379883	323.097015
2319.512695	334.569672
2318.646484	351.805023
2317.779297	320.021210
2316.912109	308.427551
2316.043945	325.657715
2315.176758	285.253937
2314.308594	270.793243
2313.440430	311.062195
2312.572266	285.083527
2311.704102	362.761261
2310.835938	302.240784
2309.966797	282.035156
2309.098633	310.752258
2308.229492	345.211395
2307.360352	299.123505
2306.490234	339.322388
2305.621094	304.754150
2304.750977	339.186859
2303.881836	327.623535
2303.011719	336.178009
2302.141602	327.492584
2301.270508	307.321930
2300.400391	341.719604
2299.529297	350.264282
2298.658203	295.655762
2297.787109	312.815796
2296.916016	324.230347
2296.044922	361.458771
2295.172852	306.891602
2294.300781	321.167969
2293.428711	332.571594
2292.556641	321.039215
2291.684570	286.584686
2290.812500	343.832642
2289.939453	329.440186
2289.066406	260.635132
2288.193359	352.216309
2287.320313	294.886139
2286.447266	334.900482
2285.573242	352.004120
2284.699219	326.182159
2283.825195	303.231232
2282.951172	328.911133
2282.077148	337.423553
2281.203125	323.060944
2280.328125	368.729889
2279.453125	297.210754
2278.578125	268.578735
2277.703125	342.797424
2276.828125	325.591949
2275.952148	322.670868
2275.077148	351.155029
2274.201172	316.832123
2273.325195	311.060699
2272.448242	310.997955
2271.572266	348.019226
2270.695313	330.836761
2269.819336	307.958252
2268.942383	367.764771
2268.064453	353.438934
2267.187500	353.367554
2266.310547	324.804535
2265.432617	307.647369
2264.554688	347.457306
2263.676758	324.607574
2262.798828	338.776215
2261.919922	310.244873
2261.041992	347.176270
2260.163086	341.415741
2259.284180	355.569397
2258.405273	352.653412
2257.525391	324.147949
2256.646484	315.553772
2255.766602	318.332092
2254.886719	375.101044
2254.006836	309.679718
2253.126953	332.341095
2252.247070	329.433716
2251.366211	340.724365
2250.485352	323.622437
2249.604492	298.012787
2248.723633	337.679230
2247.842773	337.610626
2246.960938	309.177155
2246.080078	328.965698
2245.198242	340.240173
2244.316406	354.344788
2243.433594	314.594177
2242.551758	365.535065
2241.668945	325.798279
2240.786133	362.553864
2239.903320	348.320679
2239.020508	390.719208
2238.137695	382.147461
2237.253906	365.088745
2236.371094	365.014343
2235.487305	379.084900
2234.603516	330.924530
2233.718750	376.102448
2232.834961	353.407654
2231.950195	310.935272
2231.065430	353.263428
2230.180664	372.970001
2229.295898	355.944122
2228.411133	350.222687
2227.525391	344.503540
2226.639648	372.665344
2225.753906	369.766541
2224.868164	383.801270
2223.982422	335.757446
2223.095703	361.076965
2222.209961	352.542084
2221.323242	355.289703
2220.436523	358.036133
2219.549805	343.869812
2218.662109	338.163330
2217.775391	374.720886
2216.887695	338.024750
2216.000000	335.139191
2215.112305	335.070465
2214.223633	380.044006
2213.335938	399.667999
2212.447266	340.492310
2211.558594	354.489471
2210.669922	348.791046
2209.781250	371.217438
2208.891602	326.154388
2208.001953	342.953979
2207.113281	359.746643
2206.222656	354.052795
2205.333008	317.458252
2204.443359	404.465393
2203.552734	328.560547
2202.662109	331.300568
2201.771484	373.338196
2200.880859	356.422516
2199.990234	367.572723
2199.098633	364.691681
2198.208008	381.445007
2197.316406	375.758087
2196.424805	353.251953
2195.532227	361.588165
2194.640625	305.464966
2193.748047	344.627899
2192.855469	344.556793
2191.962891	358.489197
2191.070313	414.417572
2190.176758	358.341187
2189.284180	363.865112
2188.390625	333.007721
2187.497070	360.916962
2186.603516	363.639618
2185.708984	411.107483
2184.815430	343.916748
2183.920898	363.414063
2183.026367	374.518555
2182.131836	391.207062
2181.237305	343.632202
2180.341797	337.974701
2179.446289	335.112091
2178.551758	337.834686
2177.655273	365.679138
2176.759766	346.067291
2175.864258	365.527557
2174.967773	343.134094
2174.071289	359.797699
2173.174805	356.934509
2172.278320	317.828827
2171.381836	356.786346
2170.484375	379.006805
2169.586914	351.065735
2168.689453	350.992798
2167.791992	389.910950
2166.894531	350.846924
2165.996094	381.397095
2165.097656	347.917694
2164.199219	420.197144
2163.300781	358.901703
2162.402344	356.045380
2161.502930	381.000519
2160.604492	394.823395
2159.705078	353.043152
2158.805664	391.879639
2157.905273	397.355408
2157.005859	408.385101
2156.105469	355.526489
2155.205078	374.891144
2154.304688	410.906036
2153.404297	408.044495
2152.502930	382.982239
2151.602539	388.451569
2150.701172	346.759338
2149.799805	404.930328
2148.898438	346.614471
2147.996094	393.671753
2147.094727	376.958923
2146.192383	399.049530
2145.290039	354.636505
2144.387695	373.952423
2143.484375	371.104736
2142.582031	387.640198
2141.678711	442.924622
2140.775391	404.084076
2139.872070	373.561096
2138.968750	417.747467
2138.064453	387.234344
2137.160156	414.806946
2136.255859	417.484772
2135.351563	417.397186
2134.447266	431.127808
2133.542969	411.695892
2132.637695	381.222198
2131.732422	433.618225
2130.827148	425.243195
2129.921875	416.871613
2129.015625	369.861298
2128.109375	458.090057
2127.204102	422.126740
2126.296875	413.762695
2125.390625	482.621582
2124.484375	416.345856
2123.577148	457.608368
2122.669922	424.438843
2121.762695	465.682159
2120.855469	462.829132
2119.947266	509.555603
2119.040039	492.925537
2118.131836	437.757751
2117.223633	470.696747
2116.315430	451.333221
2115.406250	440.232178
2114.498047	473.149689
2113.588867	464.798889
2112.679688	415.205963
2111.770508	461.853424
2110.860352	442.515991
2109.951172	436.926514
2109.041016	434.086731
2108.130859	379.058838
2107.220703	469.603973
2106.309570	428.319977
2105.399414	433.719421
2104.488281	389.715912
2103.577148	414.328430
2102.666016	433.443848
2101.753906	403.181915
2100.842773	408.580750
2099.930664	427.685089
2099.018555	427.594391
2098.106445	413.801605
2097.194336	394.535004
2096.281250	399.929718
2095.368164	394.367462
2094.455078	492.854614
2093.541992	465.374878
2092.628906	437.906769
2091.714844	435.077332
2090.800781	440.456299
2089.887695	423.951569
2088.972656	445.738068
2088.058594	453.845215
2087.143555	429.147736
2086.229492	489.178864
2085.314453	456.287537
2084.399414	445.263550
2083.483398	445.168640
2082.568359	458.726257
2081.652344	436.788971
2080.736328	463.989258
2079.820313	403.857361
2078.903320	455.606628
2077.987305	428.233307
2077.070313	439.049896
2076.153320	425.323883
2075.236328	444.313934
2074.319336	438.768372
2073.401367	435.949829
2072.483398	411.339630
2071.565430	422.145660
2070.647461	462.899353
2069.729492	419.242554
2068.810547	462.701080
2067.892578	405.456970
2066.973633	421.693665
2066.053711	402.563110
2065.134766	435.110016
2064.215820	459.486328
2063.295898	432.205017
2062.375977	432.112213
2061.456055	445.604919
2060.535156	404.761414
2059.615234	420.970032
2058.694336	448.033051
2057.773438	466.940094
2056.852539	469.553833
2055.930664	434.175995
2055.009766	442.221588
2054.087891	452.976105
2053.166016	479.997009
2052.244141	452.780945
2051.321289	455.394043
2050.399414	439.035309
2049.476563	425.393066
2048.553711	457.808411
2047.630859	408.959473
2046.707031	490.103882
2045.783203	481.876526
2044.860352	441.173645
2043.936523	489.786346
2043.011719	503.207550
2042.087891	454.411774
2041.163086	505.694153
2040.238281	473.140808
2039.313477	494.662994
2038.388672	451.316040
2037.463867	497.150696
2036.538086	486.237701
2035.612305	440.219818
2034.686523	450.924988
2033.760742	423.831543
2032.833984	496.612000
2031.907227	447.933167
2031.056641	442.843964
2030.980469	431.649078
2030.130859	467.146393
2030.053711	493.591400
2029.204102	456.268219
2029.126953	480.001007
2028.278320	439.994934
2028.199219	466.416443
2027.351563	501.995117
2027.272461	493.269653
2026.425781	447.941254
2026.344727	420.400726
2025.499023	504.522949
2025.416992	487.666534
2024.572266	426.209076
2024.488281	495.641510
2023.645508	469.289734
2023.560547	447.057495
2022.717773	442.243866
2022.631836	481.963043
2021.791016	496.091583
2021.703125	495.317749
2020.863281	442.093292
2020.774414	465.604889
2019.935547	479.751129
2019.844727	503.174164
2019.007813	447.332031
2018.916016	468.092041
2018.080078	474.198730
2017.986328	519.092285
2017.152344	431.016083
2017.056641	475.954834
2016.223633	484.810120
2016.126953	489.293030
2015.295898	476.648315
2015.196289	529.503723
2014.367188	487.336487
2014.265625	491.766541
2013.438477	463.024841
2013.335938	488.972412
2012.509766	449.487640
2012.405273	513.040161
2011.581055	452.101471
2011.473633	488.758606
2010.651367	446.642487
2010.542969	443.008392
2009.722656	468.086853
2009.611328	491.229034
2008.792969	476.075287
2008.679688	493.805206
2007.863281	446.411713
2007.748047	458.816284
2006.933594	451.712189
2006.816406	477.493591
2006.002930	510.776733
2005.883789	482.752869
2005.073242	473.058777
2004.952148	520.186218
2004.142578	513.287476
2004.019531	503.987427
2003.212891	459.460510
2003.085938	460.993713
2002.282227	502.363892
2002.153320	471.610962
2001.351563	491.532898
2001.220703	546.519958
2000.419922	459.221497
2000.287109	490.152863
1999.489258	488.677155
1999.353516	498.078674
1998.557617	448.323608
1998.419922	468.519409
1997.625977	475.086639
1997.485352	508.566345
1996.695313	496.472992
1996.550781	489.721924
1995.762695	493.703308
1995.617188	532.421936
1994.831055	485.569061
1994.682617	510.905548
1993.899414	531.082275
1993.747070	524.164612
1992.966797	514.898926
1992.812500	510.680511
1992.034180	512.127563
1991.876953	497.202301
1991.101563	458.421417
1990.941406	505.110291
1990.168945	485.144684
1990.005859	518.358643
1989.236328	533.297607
1989.070313	523.586975
1988.303711	535.883484
1988.133789	523.471436
1987.370117	508.999939
1987.198242	493.983826
1986.436523	487.482727
1986.261719	493.874695
1985.502930	460.616943
1985.325195	451.061493
1984.569336	433.760559
1984.387695	488.319580
1983.635742	484.548340
1983.451172	496.215057
1982.702148	473.756592
1982.513672	504.106964
1981.767578	454.940186
1981.576172	538.661743
1980.833008	494.994598
1980.638672	471.891174
1979.898438	460.129883
1979.700195	509.103088
1978.963867	468.072632
1978.761719	474.346985
1978.029297	465.315613
1977.824219	519.534607
1977.093750	491.970764
1976.885742	514.091980
1976.159180	499.903442
1975.946289	468.705261
1975.223633	438.340240
1975.007813	535.163940
1974.288086	507.743073
1974.068359	463.173370
1973.352539	512.996643
1973.128906	526.942261
1972.416992	443.449493
1972.189453	478.932007
1971.480469	488.776062
1971.250000	502.766815
1970.543945	480.677765
1970.309570	505.314545
1969.608398	555.350952
1969.369141	550.404419
1968.671875	501.862335
1968.428711	513.064819
1967.734375	501.772797
1967.488281	512.950562
1966.797852	477.666473
1966.547852	528.779419
1965.861328	496.257507
1965.606445	512.722046
1964.923828	522.844543
1964.665039	528.543762
1963.986328	528.085205
1963.723633	552.324524
1963.048828	490.657959
1962.782227	504.414642
1962.111328	533.228333
1961.839844	541.461182
1961.173828	495.813416
1960.898438	528.072144
1960.235352	511.715576
1959.956055	504.076843
1959.296875	516.953125
1959.012695	485.397095
1958.358398	498.210632
1958.070313	538.325562
1957.419922	519.431030
1957.127930	556.763977
1956.481445	522.000854
1956.184570	556.639404
1955.542969	556.523132
1955.241211	524.713989
1954.603516	543.111328
1954.297852	490.153259
1953.664063	492.438599
1953.353516	556.265564
1952.725586	540.254028
1952.409180	553.492554
1951.785156	510.886932
1951.465820	558.663879
1950.845703	513.455017
1950.520508	526.773315
1949.906250	510.702271
1949.576172	531.948120
1948.965820	529.225830
1948.631836	568.871521
1948.025391	561.037354
1947.686523	523.773315
1947.084961	560.935730
1946.741211	481.340027
1946.144531	550.202087
1945.795898	563.199890
1945.204102	571.362244
1944.849609	576.290894
1944.262695	587.200623
1943.904297	536.517151
1943.322266	518.024048
1942.958008	578.673889
1942.380859	496.681488
1942.011719	530.992065
1941.439453	541.735779
1941.065430	541.437073
1940.498047	568.187988
1940.118164	551.877319
1939.555664	522.956299
1939.170898	586.072449
1938.614258	493.665680
1938.223633	585.940247
1937.671875	557.262817
1937.276367	583.169250
1936.729492	535.935913
1936.329102	601.504822
1935.787109	578.280640
1935.380859	564.442810
1934.844727	549.000977
1934.432617	561.678284
1933.901367	538.293823
1933.484375	529.914612
1932.958984	538.195313
1932.536133	556.152710
1932.015625	540.747437
1931.587891	563.932495
1931.072266	567.150757
1930.638672	495.305176
1930.128906	529.950256
1929.689453	605.821228
1929.185547	513.957397
1928.740234	539.848755
1928.241211	508.565491
1927.791016	550.257629
1927.297852	606.458862
1926.840820	565.926147
1926.353516	569.278137
1925.890625	594.745544
1925.409180	540.052917
1924.940430	589.348511
1924.464844	547.893982
1923.990234	581.323364
1923.519531	579.549194
1923.040039	533.854492
1922.575195	579.442444
1922.088867	604.722290
1921.629883	576.690186
1921.137695	604.584778
1920.684570	539.555481
1920.186523	538.746460
1919.739258	568.544128
1919.235352	517.604370
1918.793945	552.575684
1918.283203	564.769531
1917.847656	565.690613
1917.331055	562.014648
1916.902344	568.228882
1916.378906	577.640381
1915.956055	554.911560
1915.426758	622.134338
1915.009766	546.882935
1914.474609	598.372437
1914.063477	557.347412
1913.521484	548.382874
1913.116211	525.552490
1912.568359	608.592224
1912.169922	546.578796
1911.615234	592.717346
1911.222656	546.477295
1910.662109	534.896912
1910.275391	567.491760
1909.708008	545.260376
1909.328125	564.747314
1908.753906	505.822998
1908.380859	522.426025
1907.799805	615.757507
1907.432617	551.347046
1906.845703	563.223572
1906.485352	606.632568
1905.891602	555.237427
1905.537109	566.963928
1904.936523	597.005310
1904.588867	598.496826
1903.981445	594.250549
1903.640625	585.204895
1903.026367	544.386597
1902.692383	542.926636
1902.071289	586.127930
1901.743164	637.687927
1901.115234	562.448914
1900.793945	595.415466
1900.159180	591.089539
1899.845703	590.035950
1899.203125	590.953674
1898.895508	524.085632
1898.247070	551.604187
1897.946289	542.419250
1897.290039	580.227295
1896.997070	566.011169
1896.333984	611.450134
1896.046875	586.962036
1895.376953	572.122803
1895.096680	565.799011
1894.419922	569.379150
1894.146484	576.217346
1893.461914	600.582642
1893.196289	573.478577
1892.504883	561.284729
1892.246094	518.137878
1891.546875	652.506042
1891.294922	520.670166
1890.588867	558.416199
1890.344727	633.625854
1889.629883	600.028320
1889.393555	549.389587
1888.671875	594.673218
1888.442383	586.080444
1887.712891	618.004211
1887.491211	585.970032
1886.753906	576.149109
1886.539063	546.452026
1885.794922	568.196533
1885.587891	564.735718
1884.835938	594.122986
1884.635742	577.760132
1883.875977	593.985352
1883.683594	601.282227
1882.916016	586.033875
1882.731445	614.294617
1881.956055	554.650024
1881.778320	585.306885
1880.996094	614.399231
1880.826172	608.814026
1880.035156	596.037109
1879.873047	564.095947
1879.074219	601.103027
1878.919922	563.989136
1878.113281	639.986938
1877.966797	574.373169
1877.152344	600.823608
1877.013672	548.042236
1876.191406	559.078064
1876.059570	592.507507
1875.229492	584.945496
1875.106445	592.395081
1874.267578	577.011780
1874.152344	581.799805
1873.305664	556.088989
1873.198242	589.549988
1872.342773	600.124390
1872.244141	571.099915
1871.380859	625.957764
1871.289063	544.799133
1870.417969	568.683655
1870.334961	594.451355
1869.455078	602.300476
1869.379883	562.919495
1868.491211	604.755249
1868.424805	623.020142
1867.528320	607.208862
1867.469727	633.370422
1866.564453	648.575684
1866.513672	593.998657
1865.600586	638.049133
1865.558594	570.339294
1864.636719	617.155090
1864.602539	612.082275
1863.671875	624.787964
1863.646484	659.039734
1862.708008	622.049683
1862.690430	588.315979
1861.743164	606.356262
1861.734375	603.888977
1860.778320	603.773560
1860.778320	601.032654
1859.821289	611.497803
1859.812500	624.202087
1858.864258	598.317078
1858.847656	621.466003
1857.907227	590.365845
1857.881836	647.208313
1856.950195	592.864502
1856.916016	608.232788
1855.993164	595.362122
1855.949219	605.502136
1855.035156	634.409058
1854.983398	618.294678
1854.077148	582.082642
1854.016602	566.421082
1853.119141	628.946106
1853.049805	628.346558
1852.161133	636.653076
1852.083008	589.420776
1851.203125	605.225952
1851.115234	581.528015
1850.244141	605.109680
1850.147461	599.478516
1849.286133	584.131470
1849.179688	656.170654
1848.327148	586.626282
1848.211914	573.367981
1847.368164	599.546997
1847.244141	604.218018
1846.408203	604.644043
1846.275391	650.542419
1845.449219	586.287476
1845.306641	627.160278
1844.489258	604.411011
1844.337891	593.467957
1843.530273	638.155762
1843.369141	647.500732
1842.570313	635.428406
1842.399414	631.872803
1841.609375	601.457520
1841.429688	613.673706
1840.649414	627.373474
1840.459961	623.839478
1839.688477	583.006226
1839.490234	566.992188
1838.728516	603.711121
1838.519531	639.002930
1837.767578	624.408020
1837.549805	692.947327
1836.805664	647.697937
1836.579102	643.849915
1835.844727	590.357300
1835.607422	646.271484
1834.882813	618.845093
1834.636719	736.213684
1833.921875	603.127075
1833.665039	625.375183
1832.959961	673.188049
1832.693359	725.571045
1831.998047	665.261475
1831.721680	661.089661
1831.035156	672.926880
1830.749023	635.214661
1830.073242	685.784607
1829.777344	668.487366
1829.110352	644.096802
1828.804688	670.898132
1828.147461	656.954956
1827.832031	634.759460
1827.184570	662.019592
1826.858398	647.453979
1826.221680	596.999573
1825.885742	657.573547
1825.258789	633.215515
1824.912109	629.167725
1824.294922	672.011841
1823.938477	634.151794
1823.331055	630.374817
1822.963867	693.036194
1822.367188	666.562866
1821.990234	651.810974
1821.403320	567.894226
1821.015625	677.310181
1820.438477	661.117737
1820.041016	592.504089
1819.474609	622.107117
1819.066406	653.905762
1818.509766	619.394104
1818.090820	610.165283
1817.544922	652.957458
1817.115234	702.290161
1816.580078	629.514587
1816.139648	666.246277
1815.614258	626.801453
1815.164063	681.456970
1814.649414	678.470581
1814.187500	640.312744
1813.683594	631.734497
1813.211914	606.870056
1812.717773	608.313782
1812.235352	576.003418
1811.751953	621.135010
1811.257813	673.121399
1810.786133	621.013367
1810.281250	637.135864
1809.819336	618.304688
1809.303711	711.168518
1808.852539	669.914307
1808.326172	662.403198
1807.885742	638.750549
1807.348633	639.230530
1806.918945	656.723938
1806.371094	641.632019
1805.952148	692.785339
1805.392578	649.143555
1804.984375	640.959045
1804.414063	646.431091
1804.017578	646.001160
1803.435547	648.828674
1803.049805	589.037292
1802.456055	674.209351
1802.082031	645.747314
1801.477539	648.513550
1801.113281	650.785278
1800.498047	686.644653
1800.145508	650.657227
1799.518555	681.373718
1799.176758	635.040344
1798.538086	625.078369
1798.208008	683.953491
1797.558594	729.505615
1797.239258	660.594727
1796.578125	703.826843
1796.270508	681.104065
1795.597656	673.061523
1795.301758	740.296692
1794.616211	672.897278
1794.332031	698.887939
1793.635742	690.570618
1793.362305	693.593262
1792.654297	700.592346
1792.392578	690.878418
1791.672852	682.592163
1791.422852	708.783752
1790.690430	692.610657
1790.452148	695.759338
1789.708984	682.258179
1789.482422	695.621826
1788.726563	674.455750
1788.511719	695.484314
1787.744141	707.368835
1787.541016	715.949646
1786.760742	697.019897
1786.569336	700.358887
1785.778320	694.305664
1785.598633	707.943237
1784.794922	762.785889
1784.626953	718.098389
1783.811523	752.430481
1783.656250	715.382813
1782.828125	686.169861
1782.684570	710.095459
1781.843750	746.978943
1781.711914	727.960754
1780.859375	723.934021
1780.740234	704.670288
1779.875000	728.834656
1779.767578	704.530457
1778.890625	690.572021
1778.795898	699.249084
1777.905273	753.857727
1777.823242	717.102051
1776.919922	743.521179
1776.849609	716.959656
1775.934570	763.633484
1775.876953	739.940308
1774.949219	715.253906
1774.903320	783.461548
1773.962891	753.113037
1773.929688	749.918945
1772.977539	742.786255
1772.956055	749.769775
1771.991211	788.222961
1771.982422	749.620544
1771.008789	767.438110
1771.003906	762.689148
1770.034180	777.549927
1770.017578	699.169495
1769.060547	733.778809
1769.030273	724.321960
1768.085938	725.937073
1768.042969	800.101135
1767.110352	787.343628
1767.054688	772.057617
1766.135742	728.211731
1766.067383	744.027954
1765.160156	763.957031
1765.079102	756.493225
1764.185547	781.746216
1764.090820	784.128845
1763.209961	794.403076
1763.102539	740.943665
1762.233398	714.819946
1762.113281	766.040833
1761.257813	806.893494
1761.124023	722.881287
1760.281250	745.266907
1760.134766	833.885620
1759.305664	750.238953
1759.145508	750.309631
1758.329102	796.169434
1758.155273	750.122131
1757.351563	783.212463
1757.165039	767.609741
1756.375000	713.962524
1756.174805	772.466431
1755.397461	777.781860
1755.184570	759.654175
1754.420898	772.510071
1754.193359	789.741394
1753.443359	736.550720
1753.202148	693.688293
1752.464844	769.643494
1751.487305	795.053528
1750.509766	777.002502
1749.531250	764.069519
1748.552734	751.141602
1747.574219	745.881958
1746.594727	768.716980
1745.616211	743.028870
1744.636719	727.562378
1743.657227	742.730042
1742.677734	762.995178
1741.697266	742.431152
1740.717773	806.051575
1739.737305	759.984192
1738.756836	767.480347
1737.775391	780.071960
1736.794922	792.658386
1735.813477	769.564453
1734.833008	794.886353
1733.851563	807.461914
1732.869141	751.271851
1731.887695	789.312683
1730.905273	857.885925
1729.922852	837.351440
1728.940430	793.923523
1727.958008	831.924622
1726.975586	813.951172
1725.992188	849.389587
1725.008789	849.217651
1724.025391	854.129822
1723.041992	846.332153
1722.057617	851.242737
1721.074219	845.989136
1720.089844	843.277649
1719.105469	858.343445
1718.120117	878.481018
1717.135742	898.610291
1716.150391	900.965759
1715.165039	903.320190
1714.179688	908.210510
1713.194336	961.290039
1712.208008	895.161987
1711.222656	943.151672
1710.236328	935.355286
1709.250000	970.645508
1708.262695	950.177490
1707.276367	962.650452
1706.289063	967.519958
1705.301758	1066.080933
1704.314453	962.062195
1703.327148	971.990967
1702.338867	997.099854
1701.350586	1022.198364
1700.362305	1016.930420
1699.374023	1062.247803
1698.385742	970.999634
1697.396484	1044.117065
1696.407227	960.492493
1695.417969	1028.527832
1694.428711	1038.423828
1693.439453	1012.950806
1692.449219	1048.101196
1691.458984	954.460754
1690.468750	959.314392
1689.478516	1022.217834
1688.487305	1022.008484
1687.497070	1047.028687
1686.505859	956.006104
1685.514648	993.639038
1684.522461	970.742615
1683.531250	1015.919556
1682.539063	1053.516724
1681.546875	980.224609
1680.554688	962.388000
1679.562500	982.340942
1678.569336	1035.023560
1677.576172	1014.668518
1676.583008	976.700928
1675.589844	1004.184387
1674.596680	925.974548
1673.602539	996.224121
1672.608398	1011.110291
1671.614258	937.976379
1670.620117	1003.151550
1669.625977	947.644653
1668.630859	967.554443
1667.635742	952.279358
1666.640625	1012.373291
1665.645508	914.213135
1664.649414	936.624023
1663.654297	948.983459
1662.658203	976.397827
1661.662109	943.572754
1660.665039	991.048584
1659.668945	950.708435
1658.671875	950.511963
1657.674805	857.540649
1656.677734	945.105225
1655.679688	907.313904
1654.682617	952.231934
1653.684570	949.529541
1652.686523	964.362000
1651.688477	971.675293
1650.689453	991.504456
1649.691406	961.259705
1648.692383	1053.662720
1647.693359	988.385986
1646.693359	973.170715
1645.694336	1043.002686
1644.694336	987.771240
1643.694336	985.066101
1642.694336	974.863037
1641.694336	964.664124
1640.693359	989.449890
1639.692383	1009.229065
1638.691406	971.555786
1637.690430	988.833252
1636.689453	981.138062
1635.687500	978.437988
1634.685547	998.198425
1633.683594	1022.940491
1632.681641	997.783020
1631.678711	1002.563171
1630.676758	1012.328125
1629.673828	979.709534
1628.670898	1001.936829
1627.666992	1009.203613
1626.664063	1011.484558
1625.660156	971.420471
1624.656250	1035.965698
1623.652344	1005.872192
1622.647461	1045.490479
1621.643555	1002.963623
1620.638672	1050.030518
1619.633789	997.569336
1618.628906	1027.207153
1617.623047	962.339233
1616.617188	969.596497
1615.611328	1058.876343
1614.605469	1110.842041
1613.599609	1008.741699
1612.592773	1088.020752
1611.586914	1095.243652
1610.580078	1067.701050
1609.572266	1089.819946
1608.565430	1134.267456
1607.557617	1039.734131
1606.549805	1121.387451
1605.541992	1158.358765
1604.534180	1207.713989
1603.526367	1167.790527
1602.517578	1110.531616
1601.508789	1149.952026
1600.500000	1186.878052
1599.490234	1208.924561
1598.481445	1166.565308
1597.471680	1166.320313
1596.461914	1230.444580
1595.452148	1158.404419
1594.441406	1153.211548
1593.430664	1140.598145
1592.420898	1179.936768
1591.409180	1177.215332
1590.398438	1157.186646
1589.387695	1164.359375
1588.375977	1203.659546
1587.364258	1213.290283
1586.352539	1190.799805
1585.339844	1205.369019
1584.328125	1185.358887
1583.315430	1209.798828
1582.302734	1137.958374
1581.289063	1159.929810
1580.276367	1191.761475
1579.262695	1144.638916
1578.249023	1183.859253
1577.235352	1171.280029
1576.220703	1185.824707
1575.207031	1175.714966
1574.192383	1111.394897
1573.177734	1145.652710
1572.163086	1133.094360
1571.147461	1068.823730
1570.131836	1132.615112
1569.117188	1201.302612
1568.100586	1100.140625
1567.084961	1188.490845
1566.068359	1222.680908
1565.052734	1168.310791
1564.036133	1207.408569
1563.018555	1256.323853
1562.001953	1214.270996
1560.984375	1150.118042
1559.966797	1248.153931
1558.949219	1201.216187
1557.931641	1134.650635
1556.913086	1188.429321
1555.894531	1202.906494
1554.875977	1185.470337
1553.857422	1148.410522
1552.837891	1128.539795
1551.819336	1140.564087
1550.799805	1218.795410
1549.780273	1152.338135
1548.759766	1066.298950
1547.740234	1097.931763
1546.719727	1063.395142
1545.699219	1097.464600
1544.678711	1107.027588
1543.657227	1138.624390
1542.636719	1072.282349
1541.615234	1106.320435
1540.593750	1066.931274
1539.571289	1039.791626
1538.549805	1071.368530
1537.527344	1105.377441
1536.504883	1092.916626
1535.481445	1034.015991
1534.458984	1068.010742
1533.435547	1084.886841
1532.412109	1062.668945
1531.388672	1042.902832
1530.365234	1071.982544
1529.340820	1054.663940
1528.316406	1117.900146
1527.291992	1044.451904
1526.267578	1046.668335
1525.243164	1048.883789
1524.217773	1080.363037
1523.192383	1036.243896
1522.166992	1075.025269
1521.140625	1082.106567
1520.115234	1040.451782
1519.088867	1040.228882
1518.062500	1088.718262
1517.036133	1090.919922
1516.008789	1056.602173
1514.981445	1097.754395
1513.954102	1080.484253
1512.926758	1075.386475
1511.899414	1133.535156
1510.871094	1089.516602
1509.842773	1145.205688
1508.814453	1110.927002
1507.786133	1142.283447
1506.756836	1163.906860
1505.727539	1202.526245
1504.698242	1168.264160
1503.668945	1177.726196
1502.639648	1150.767334
1501.609375	1097.120117
1500.579102	1184.246460
1499.548828	1222.811035
1498.518555	1091.560425
1497.487305	1270.787842
1496.456055	1265.664795
1495.424805	1178.123657
1494.393555	1342.674561
1493.361328	1323.000488
1492.330078	1305.757324
1491.297852	1356.338501
1490.264648	1387.525513
1489.232422	1413.856934
1488.199219	1420.813232
1487.166016	1449.545776
1486.132813	1485.524048
1485.099609	1497.297607
1484.065430	1593.709106
1483.032227	1552.261230
1481.998047	1665.540161
1480.962891	1708.682495
1479.928711	1681.733887
1478.893555	1765.921631
1477.858398	1724.480469
1476.823242	1707.204224
1475.788086	1784.088745
1474.751953	1701.637573
1473.715820	1703.682129
1472.679688	1698.487793
1471.643555	1690.883301
1470.606445	1690.516724
1469.569336	1656.395386
1468.532227	1643.983521
1467.495117	1658.086914
1466.458008	1742.059082
1465.419922	1642.913452
1464.381836	1642.556763
1463.343750	1637.384155
1462.305664	1629.806274
1461.266602	1605.383423
1460.227539	1624.285278
1459.188477	1705.730225
1458.149414	1654.847900
1457.109375	1680.940552
1456.069336	1622.872681
1455.029297	1644.153076
1453.989258	1682.246582
1452.949219	1729.933960
1451.908203	1655.090088
1450.867188	1738.786865
1449.826172	1760.018066
1448.784180	1723.625488
1447.743164	1836.052979
1446.701172	1754.067993
1445.659180	1693.709717
1444.617188	1724.520630
1443.574219	1671.388794
1442.531250	1620.677368
1441.488281	1673.055908
1440.445313	1586.419922
1439.401367	1583.677368
1438.358398	1521.051880
1437.314453	1499.165894
1436.269531	1544.329956
1435.225586	1484.147461
1434.180664	1510.148682
1433.135742	1512.210938
1432.090820	1538.194214
1431.045898	1537.857422
1430.000000	1549.476440
1428.954102	1573.043335
1427.908203	1594.209717
1426.862305	1624.925049
1425.816406	1533.784058
1424.769531	1633.766602
1423.722656	1674.004517
1422.674805	1606.787231
1421.627930	1680.430786
1420.580078	1663.356689
1419.532227	1593.799438
1418.484375	1653.084351
1417.436523	1674.185059
1416.387695	1642.820435
1415.338867	1699.671143
1414.290039	1730.280273
1413.241211	1691.775146
1412.191406	1731.901245
1411.141602	1688.648804
1410.091797	1690.658203
1409.041992	1664.098389
1407.991211	1682.773071
1406.940430	1715.717163
1405.889648	1665.377563
1404.838867	1657.874634
1403.788086	1621.838135
1402.736328	1626.235352
1401.684570	1640.138550
1400.632813	1663.541382
1399.580078	1489.728760
1398.528320	1565.413818
1397.475586	1512.819946
1396.421875	1559.973389
1395.369141	1602.358032
1394.315430	1566.403687
1393.261719	1464.026245
1392.208008	1466.074585
1391.154297	1463.378418
1390.099609	1467.796997
1389.045898	1493.549805
1387.990234	1526.401611
1386.935547	1471.561157
1385.880859	1497.295532
1384.825195	1496.963623
1383.769531	1480.055054
1382.712891	1479.726807
1381.657227	1484.132568
1380.600586	1559.531494
1379.543945	1523.695435
1378.487305	1582.493652
1377.429688	1546.668091
1376.373047	1543.959961
1375.315430	1609.805542
1374.257813	1519.640015
1373.199219	1519.302002
1372.140625	1459.906250
1371.082031	1544.605591
1370.023438	1473.424072
1368.964844	1503.785400
1367.905273	1442.085205
1366.845703	1429.965454
1365.786133	1498.062256
1364.726563	1469.424683
1363.666016	1374.772949
1362.605469	1402.757202
1361.544922	1376.516602
1360.484375	1449.261597
1359.422852	1366.478149
1358.361328	1441.547974
1357.299805	1387.062134
1356.238281	1502.118652
1355.176758	1504.136719
1354.114258	1536.747559
1353.051758	1454.054321
1351.988281	1543.116943
1350.925781	1533.364380
1349.862305	1577.694946
1348.798828	1619.654785
1347.735352	1708.599731
1346.670898	1741.112305
1345.607422	1743.071167
1344.542969	1700.405029
1343.477539	1742.289307
1342.413086	1753.636230
1341.347656	1729.772217
1340.282227	1705.918579
1339.216797	1614.041748
1338.150391	1726.261353
1337.084961	1587.522217
1336.018555	1584.820801
1334.952148	1582.120605
1333.884766	1593.481445
1332.817383	1562.666016
1331.750000	1569.341187
1330.682617	1613.481445
1329.615234	1641.212891
1328.546875	1582.325195
1327.478516	1593.669434
1326.410156	1551.196167
1325.341797	1606.985596
1324.272461	1583.236938
1323.203125	1622.626953
1322.133789	1580.184692
1321.063477	1547.109497
1319.994141	1556.105835
1318.923828	1572.105957
1317.853516	1595.104980
1316.782227	1601.749023
1315.711914	1566.370850
1314.640625	1545.011719
1313.569336	1523.661987
1312.497070	1518.651367
1311.425781	1529.968750
1311.421875	1552.657104
1310.353516	1489.982422
1310.349609	1466.398438
1309.281250	1457.007690
1309.277344	1480.121948
1308.208008	1489.306885
1308.204102	1456.552612
1307.135742	1486.638916
1307.130859	1435.321533
1306.062500	1407.094238
1306.057617	1456.031494
1304.988281	1334.572754
1304.984375	1302.041260
1303.915039	1383.169678
1303.911133	1392.631470
1302.840820	1378.199463
1302.837891	1352.798828
1301.767578	1352.283691
1301.763672	1408.427246
1300.692383	1338.014404
1300.689453	1322.054321
1299.618164	1437.747559
1299.615234	1331.125000
1298.542969	1372.294678
1298.541016	1340.192139
1297.468750	1369.657104
1297.465820	1342.276855
1296.392578	1332.147461
1296.391602	1318.775879
1295.317383	1369.033447
1295.316406	1362.721558
1294.241211	1294.359863
1294.241211	1353.175171
1293.166016	1325.035034
1293.165039	1273.155396
1292.089844	1359.658203
1292.088867	1358.806885
1291.013672	1326.878906
1291.012695	1300.441650
1289.938477	1328.961670
1289.935547	1339.613647
1288.862305	1377.502197
1288.858398	1288.242554
1287.785156	1435.314941
1287.781250	1415.583008
1286.708984	1332.881958
1286.704102	1412.939697
1285.631836	1437.114746
1285.625977	1384.782104
1284.554688	1399.713013
1284.547852	1400.698853
1283.477539	1387.853882
1283.469727	1418.926758
1282.400391	1389.921265
1282.391602	1411.648315
1281.323242	1433.747192
1281.312500	1300.088013
1280.245117	1340.703003
1280.233398	1383.199463
1279.166992	1384.521484
1279.154297	1366.668091
1278.088867	1381.949463
1278.075195	1405.724731
1277.010742	1469.791138
1276.995117	1319.735596
1275.931641	1376.807495
1275.915039	1374.988281
1274.853516	1381.189941
1274.834961	1351.530396
1273.774414	1441.178589
1273.753906	1385.926392
1272.695313	1420.064697
1272.673828	1343.970825
1271.615234	1387.377441
1271.592773	1364.476440
1270.536133	1403.332397
1270.510742	1412.718018
1269.456055	1361.398560
1269.429688	1349.980103
1268.375977	1430.593994
1268.347656	1333.492432
1267.295898	1465.046997
1267.265625	1404.812866
1266.215820	1381.471802
1266.183594	1330.569336
1265.134766	1415.920532
1265.101563	1260.978760
1264.054688	1341.637451
1264.018555	1339.192993
1262.973633	1334.451172
1262.935547	1336.576294
1261.892578	1315.705566
1261.852539	1315.497437
1260.810547	1320.085693
1260.768555	1225.207397
1259.729492	1317.529419
1259.684570	1337.959595
1258.647461	1301.107910
1258.600586	1254.624512
1257.565430	1335.525269
1257.516602	1321.202271
1256.483398	1296.004272
1256.432617	1295.539917
1255.401367	1341.958008
1255.347656	1355.163086
1254.318359	1320.924561
1254.262695	1354.850220
1253.235352	1380.709351
1253.177734	1266.999146
1252.152344	1424.312622
1252.091797	1358.830444
1251.069336	1396.350708
1251.005859	1353.911133
1249.986328	1433.011597
1249.919922	1418.055176
1248.902344	1425.822388
1248.833984	1369.395508
1247.818359	1437.089600
1247.747070	1433.505737
1246.734375	1480.640381
1246.660156	1453.877808
1245.650391	1441.163574
1245.573242	1506.438965
1244.566406	1516.972778
1244.486328	1517.586792
1243.481445	1542.043335
1243.398438	1586.200195
1242.396484	1580.931763
1242.311523	1470.916992
1241.311523	1569.114258
1241.222656	1557.891235
1240.226563	1617.197144
1240.134766	1594.285522
1239.141602	1580.040894
1239.045898	1616.882568
1238.055664	1526.778564
1237.958008	1667.022827
1236.969727	1574.841431
1236.868164	1496.758057
1235.883789	1542.317261
1235.779297	1496.410156
1234.797852	1567.343384
1234.689453	1445.581543
1233.710938	1481.907104
1233.599609	1475.067749
1232.624023	1472.424683
1232.509766	1474.724487
1231.537109	1435.342773
1231.419922	1318.459106
1230.450195	1437.371216
1230.329102	1318.151978
1229.363281	1432.500610
1229.238281	1338.471924
1228.275391	1349.468140
1228.147461	1324.411743
1227.188477	1367.600464
1227.055664	1266.832031
1226.100586	1316.784058
1225.964844	1289.439453
1225.011719	1302.748535
1224.872070	1202.127441
1223.923828	1265.746338
1223.780273	1213.292969
1222.834961	1265.505981
1222.688477	1224.453003
1221.747070	1198.672485
1221.595703	1240.183960
1220.657227	1237.474243
1220.502930	1262.770386
1219.568359	1228.057007
1219.409180	1196.149414
1218.479492	1248.478027
1218.316406	1205.015747
1217.389648	1252.829224
1217.222656	1177.301392
1216.299805	1243.413818
1216.128906	1156.456421
1215.209961	1344.098511
1215.035156	1211.024292
1214.120117	1256.698608
1213.940430	1247.291138
1213.029297	1341.292236
1212.845703	1285.824707
1211.938477	1258.510498
1211.750977	1248.989502
1210.847656	1304.108276
1210.655273	1342.291626
1209.756836	1331.356445
1209.560547	1243.838745
1208.666016	1390.668701
1208.464844	1366.760498
1207.574219	1440.795654
1207.369141	1412.063354
1206.482422	1438.229004
1206.272461	1356.995483
1205.390625	1392.158203
1205.175781	1431.920654
1204.298828	1455.991089
1204.079102	1390.551147
1203.207031	1435.111450
1202.982422	1435.804932
1202.114258	1379.913574
1201.885742	1380.782349
1201.021484	1429.983398
1200.788086	1264.280029
1199.928711	1365.657104
1199.690430	1371.021973
1198.835938	1411.135742
1198.591797	1322.883667
1197.742188	1365.130615
1197.494141	1327.124390
1196.648438	1305.425781
1196.395508	1274.467041
1195.554688	1318.888306
1195.296875	1337.874512
1194.460938	1298.065552
1194.197266	1301.162354
1193.367188	1272.680908
1193.098633	1264.467407
1192.272461	1242.736938
1191.999023	1268.715820
1191.177734	1297.312500
1190.899414	1277.508423
1190.083008	1290.210571
1189.798828	1261.297852
1188.988281	1246.581299
1188.698242	1238.278564
1187.893555	1291.993042
1187.597656	1237.985352
1186.797852	1189.041992
1186.497070	1140.039307
1185.702148	1220.756226
1185.396484	1132.957764
1184.606445	1147.516113
1184.294922	1175.817505
1183.509766	1119.922241
1183.193359	1096.110229
1182.414063	1151.630737
1182.090820	1118.538574
1181.317383	1060.206177
1180.989258	1054.760498
1180.220703	1110.150269
1179.886719	1090.794067
1179.124023	1039.281006
1178.784180	1076.931519
1178.026367	1043.635742
1177.680664	1078.942139
1176.929688	1050.266968
1176.578125	1017.499512
1175.832031	1036.395142
1175.474609	1087.491211
1174.734375	1084.017090
1174.371094	996.629578
1173.635742	1088.359009
1173.266602	1037.153687
1172.538086	1015.299561
1172.162109	1043.698486
1171.439453	1051.517090
1171.057617	1034.395752
1170.340820	1067.240234
1169.953125	1056.778076
1169.242188	1026.079102
1168.848633	1013.540955
1168.142578	1055.448730
1167.743164	979.371521
1167.043945	1030.225220
1166.637695	1024.363281
1165.944336	1016.380432
1165.531250	1028.640015
1164.844727	1023.000854
1164.425781	1035.174683
1163.744141	1054.620361
1163.319336	1014.590027
1162.644531	961.242981
1162.211914	1055.011475
1161.543945	1013.309814
1161.105469	993.777100
1160.443359	1031.282837
1159.998047	1061.280396
1159.342773	1021.995361
1158.890625	986.528442
1158.241211	1067.207153
1157.783203	1042.715820
1157.140625	989.809814
1156.675781	1037.952881
1156.039063	1007.772644
1155.567383	1026.424438
1154.937500	1068.845215
1154.458984	1037.454590
1153.835938	1007.374878
1153.349609	1003.383423
1152.733398	1038.933716
1152.241211	1050.481567
1151.630859	1038.728394
1151.131836	996.139893
1150.528320	981.835022
1150.022461	1013.925598
1149.425781	1029.249146
1148.912109	1047.470947
1148.323242	1067.578003
1147.801758	1108.024902
1147.219727	1076.431152
1146.691406	1053.720947
1146.116211	1107.937988
1145.581055	1069.223877
1145.012695	1123.575195
1144.470703	1017.205627
1143.909180	1114.292969
1143.359375	1091.207275
1142.804688	1073.313110
1142.248047	1072.948853
1141.700195	1077.627808
1141.135742	1074.938477
1140.595703	1111.365723
1140.024414	1097.161621
1139.491211	1083.988525
1138.912109	1087.905396
1138.386719	1110.923706
1137.798828	1065.170288
1137.281250	1101.654175
1136.686523	1100.858887
1136.175781	1042.631348
1135.573242	1082.623413
1135.070313	1107.999023
1134.459961	1044.186646
1133.963867	1089.692017
1133.346680	1095.568970
1132.858398	1107.557251
1132.232422	1124.481445
1131.751953	1132.194702
1131.118164	1112.989014
1130.645508	1098.077393
1130.003906	1103.745239
1129.539063	1102.375977
1128.889648	1074.320313
1128.431641	1104.414185
1127.774414	1051.636230
1127.325195	1081.612793
1126.659180	1134.325317
1126.217773	1110.745361
1125.543945	1131.808228
1125.109375	1110.522949
1124.428711	1118.088745
1124.001953	1137.381104
1123.312500	1097.655518
1122.893555	1148.434448
1122.196289	1115.304688
1121.786133	1100.832397
1121.079102	1117.271851
1120.677734	1152.484741
1119.962891	1114.760864
1119.568359	1168.037720
1118.845703	1154.771606
1118.459961	1179.075439
1117.728516	1235.035522
1117.350586	1196.870605
1116.610352	1232.497070
1116.241211	1241.700806
1115.492188	1156.161987
1115.131836	1250.463501
1114.374023	1176.000977
1114.021484	1234.443481
1113.255859	1247.239502
1112.912109	1189.151489
1112.136719	1191.067993
1111.801758	1202.422363
1111.018555	1141.626099
1110.691406	1195.426270
1109.898438	1139.112793
1109.580078	1143.416504
1108.779297	1105.338501
1108.469727	1147.686646
1107.659180	1067.115601
1107.358398	1095.707153
1106.539063	1048.998413
1106.247070	1048.247314
1105.418945	1062.129028
1105.134766	1113.256836
1104.297852	1046.252319
1104.023438	1036.581177
1103.177734	956.784485
1102.911133	1002.650208
1102.055664	981.076050
1101.798828	1006.942749
1100.934570	967.459656
1100.686523	1013.480530
1099.812500	967.221436
1099.574219	988.561340
1098.690430	955.842834
1098.460938	1010.823914
1097.568359	933.332031
1097.347656	985.915039
1096.446289	930.874878
1096.234375	949.789368
1095.323242	1006.343628
1095.121094	969.800903
1094.200195	972.707092
1094.006836	967.359680
1093.076172	961.340149
1092.892578	1038.971313
1091.953125	972.226440
1091.778320	962.479797
1090.829102	1023.143188
1090.664063	919.665588
1089.704102	1000.653320
1089.548828	941.904968
1088.580078	913.703796
1088.434570	988.799072
1087.455078	964.596680
1087.319336	961.697266
1086.330078	964.357605
1086.203125	952.536438
1085.204102	855.266418
1085.087891	918.730408
1084.079102	915.019043
1083.971680	882.697632
1082.953125	903.690063
1082.855469	886.997498
1081.827148	910.125061
1081.739258	909.210938
1080.700195	874.390625
1080.623047	868.723816
1079.573242	927.422302
1079.505859	933.463623
1078.446289	956.027710
1078.388672	922.082703
1077.319336	869.302917
1077.271484	919.656738
1076.191406	891.256958
1076.154297	890.385803
1075.063477	882.168823
1075.036133	901.387207
1073.935547	855.357422
1073.918945	887.785400
1072.806641	886.159607
1072.800781	918.904602
1071.681641	882.951355
1071.677734	857.145386
1070.563477	898.414551
1070.548828	861.359863
1069.444336	884.824036
1069.419922	889.923218
1068.325195	855.601318
1068.290039	900.766602
1067.206055	846.491882
1067.160156	944.793823
1066.086914	908.843018
1066.030273	922.436523
1064.966797	859.539917
1064.899414	919.993896
1063.846680	895.077148
1063.768555	939.662048
1062.726563	899.356567
1062.637695	948.268005
1061.606445	963.876404
1061.506836	912.672302
1060.485352	932.447876
1060.375000	892.559387
1059.364258	894.341370
1059.243164	898.961365
1058.243164	936.523865
1058.111328	883.278015
1057.122070	972.000793
1056.978516	847.733643
1056.000000	927.222595
1055.845703	973.324036
1054.877930	947.087463
1054.712891	946.600586
1053.755859	913.472534
1053.580078	911.066528
1052.633789	960.062073
1052.446289	904.220581
1051.511719	895.279175
1051.312500	921.631287
1050.388672	981.931946
1050.177734	897.151306
1049.265625	914.944885
1049.043945	947.610901
1048.142578	879.144958
1047.909180	914.323547
1047.018555	905.665955
1046.774414	903.079163
1045.895508	852.084351
1045.638672	852.202942
1044.771484	856.356750
1044.502930	887.211487
1043.646484	849.508057
1043.367188	886.986694
1042.522461	902.693359
1042.231445	926.369080
1041.397461	893.614746
1041.094727	906.335510
1040.273438	873.427490
1039.958008	846.724792
1039.147461	846.582458
1038.821289	908.074097
1038.022461	993.028625
1037.683594	918.834229
1036.896484	855.115723
1036.545898	874.648376
1035.771484	934.880554
1035.408203	887.608154
1034.645508	930.246155
1034.269531	867.613770
1033.518555	914.515137
1033.131836	891.548035
1032.392578	936.517517
1031.992188	900.102234
1031.265625	923.010254
1030.853516	893.288269
1030.138672	922.818359
1029.713867	930.362549
1029.011719	931.497803
1028.574219	903.800659
1027.883789	922.434448
1027.434570	820.230774
1026.755859	953.279419
1026.294922	916.494141
1025.627930	970.812683
1025.154297	929.411682
1024.500000	966.178467
1024.012695	918.216553
1023.372070	890.648621
1022.872070	876.354492
1022.243164	877.172485
1021.730469	900.223450
1021.114258	901.350342
1020.588867	935.028748
1019.985352	969.801208
1019.447266	943.545593
1018.855469	896.546814
1018.304688	882.021362
1017.726563	960.543457
1017.162109	934.308533
1016.596680	936.002319
1016.019531	879.380493
1015.466797	971.203674
1014.875977	971.006165
1014.335938	909.068970
1013.732422	905.164551
1013.206055	906.667542
1012.588867	935.532898
1012.075195	952.907227
1011.445313	992.108459
1010.944336	923.971863
1010.300781	902.279968
1009.812500	1003.338257
1009.156250	967.571106
1008.681641	1000.918640
1008.010742	932.384094
1007.549805	1040.472290
1006.866211	947.424133
1006.417969	1013.750916
1005.720703	899.165405
1005.285156	1031.203491
1004.574219	990.571472
1004.153320	1072.933228
1003.428711	983.771057
1003.020508	995.455444
1002.282227	1007.504333
1001.887695	1052.622192
1001.135742	1002.882751
1000.753906	1059.020020
999.988281	1022.239014
999.621094	1008.063599
998.840820	1006.720276
998.487305	1032.110840
997.693359	1065.277710
997.353516	1027.484009
996.545898	1019.264587
996.219727	1064.743408
995.397461	986.339172
995.084961	1066.723511
994.249023	920.778992
993.950195	1011.411255
993.100586	896.600769
992.815430	1013.401428
991.951172	900.718323
991.680664	962.528687
990.801758	952.685303
990.545898	920.485657
989.652344	878.503235
989.410156	953.316528
988.274414	979.529907
987.138672	948.513184
986.001953	915.309143
984.865234	901.917236
983.728516	956.710205
982.591797	914.729675
981.455078	936.520508
980.317383	934.124695
979.179688	925.137329
978.041992	975.473022
976.903320	946.711548
975.765625	893.805298
974.626953	983.636414
973.487305	972.452393
972.348633	985.414551
971.208984	1033.478638
970.069336	1020.097046
968.929688	1017.687500
967.790039	1074.485107
966.649414	1032.602295
965.508789	1104.715698
964.368164	1100.098267
963.226563	1018.798950
962.085938	1152.203003
960.944336	1119.107666
959.802734	1086.026245
958.660156	1037.635010
957.517578	1050.546021
956.375977	1089.709595
955.232422	1043.535767
954.089844	984.258118
952.946289	955.620422
951.802734	1014.447083
950.659180	966.142334
949.515625	924.414185
948.371094	932.956665
947.226563	838.826538
946.082031	888.879028
944.937500	897.423279
943.791992	862.302917
942.646484	881.761902
941.500977	851.023926
940.354492	879.203369
939.208984	885.558960
938.062500	907.176636
936.916016	887.360352
935.768555	852.293945
934.621094	863.007996
933.474609	851.928955
932.326172	877.887024
931.178711	929.968811
930.030273	831.784363
928.881836	905.623291
927.733398	918.488098
926.584961	894.354553
925.435547	915.918335
924.286133	939.647949
923.136719	952.494019
921.986328	934.895996
920.836914	960.779602
919.686523	971.439270
918.535156	925.602112
917.384766	936.264526
916.233398	955.609680
915.082031	877.234619
913.930664	894.412964
912.779297	894.220398
911.626953	933.087219
910.474609	935.055664
909.322266	889.304382
908.168945	928.146851
907.015625	945.291443
905.862305	856.214600
904.708984	931.880615
903.555664	933.846130
902.401367	911.982239
901.247070	894.459167
900.091797	924.580017
898.937500	930.874634
897.782227	954.481323
896.626953	986.733276
895.471680	993.010132
894.315430	964.676880
893.159180	1018.530212
892.002930	1033.443848
890.846680	1041.866211
889.689453	1080.539917
888.532227	1119.196777
887.375000	1192.399170
886.217773	1235.334106
885.059570	1360.300171
883.901367	1314.671631
882.743164	1266.904419
881.584961	1307.627563
880.425781	1309.501099
879.266602	1266.079346
878.107422	1183.861328
876.948242	1205.163330
875.788086	1213.523193
874.627930	1120.594727
873.467773	1103.114868
872.307617	1111.491089
871.146484	1033.720215
869.985352	975.361145
868.824219	1007.438477
867.662109	1005.066895
866.500000	981.179138
865.337891	963.755371
864.175781	989.354553
863.013672	948.283142
861.850586	969.574646
860.687500	971.512512
859.523438	994.938354
858.360352	992.572754
857.196289	947.248962
856.032227	947.042114
854.868164	929.659058
853.703125	940.188660
852.538086	897.061584
851.373047	980.544312
850.208008	898.814453
849.041992	971.536743
847.875977	975.612549
846.709961	917.518188
845.542969	945.179749
844.376953	989.971497
843.209961	1032.601196
842.041992	1058.077271
840.875000	965.765686
839.707031	1126.122803
838.539063	1117.314087
837.371094	1095.669189
836.202148	1208.822876
835.034180	1317.648560
833.865234	1417.872192
832.695313	1671.994751
831.526367	1921.730469
830.356445	2273.939941
829.186523	2546.936768
828.015625	2817.677246
826.845703	2804.243164
825.674805	2645.615479
824.503906	2538.292969
823.332031	2298.687988
822.160156	2140.275391
820.988281	1873.128662
819.816406	1655.156860
818.644531	1488.460083
817.471680	1326.100586
816.298828	1319.413696
815.125977	1233.880737
813.952148	1161.168701
812.778320	1099.139282
811.604492	1124.452515
810.430664	1043.295776
809.255859	1047.322876
808.081055	1049.219849
806.906250	1053.243774
805.731445	984.937622
804.555664	1001.734619
803.379883	993.007751
802.204102	1026.802368
801.028320	1049.954956
799.851563	1009.348755
798.674805	939.017761
797.498047	1008.902100
796.320313	968.331604
795.142578	1044.547485
793.964844	1048.561401
792.787109	948.589294
791.608398	1039.610229
790.429688	999.077271
789.250977	1051.873657
788.072266	1081.323730
786.892578	1064.125732
785.712891	1102.037109
784.533203	1108.148926
783.353516	1084.601074
782.172852	1046.238159
780.992188	1046.005737
779.810547	1037.305664
778.629883	1015.910339
777.448242	986.060364
776.266602	1036.614136
775.084961	1038.498657
773.902344	1042.496826
772.719727	968.270447
771.537109	1048.373901
770.353516	1077.725220
769.170898	1126.077637
767.987305	1098.367676
766.803711	1100.234741
765.619141	1123.213989
764.434570	1137.739502
763.250000	1188.134521
762.065430	1170.990479
760.879883	1263.543823
759.694336	1282.242432
758.508789	1435.875366
757.323242	1543.063354
756.136719	1555.364136
754.950195	1552.909668
753.763672	1556.775879
752.576172	1472.182983
751.389648	1358.148438
750.202148	1292.584106
749.013672	1256.514893
747.826172	1254.129639
746.637695	1253.848999
745.449219	1219.915527
744.259766	1244.876465
743.071289	1265.621338
741.881836	1198.077393
740.691406	1281.865845
739.501953	1359.313721
738.311523	1382.114258
737.121094	1333.504272
735.930664	1440.281616
734.739258	1431.562256
733.547852	1508.889038
732.356445	1508.550537
731.165039	1459.965820
729.972656	1455.443726
728.780273	1486.567505
727.587891	1429.635132
726.394531	1399.973145
725.202148	1387.086670
724.008789	1382.585205
722.814453	1355.047729
721.621094	1289.832520
720.426758	1226.739990
719.232422	1253.672241
718.037109	1163.413818
716.841797	1108.759888
715.646484	1146.157715
714.451172	1074.803589
713.255859	1051.564941
712.059570	1036.697144
710.863281	1023.925537
709.666016	996.535461
708.469727	1061.060425
707.272461	1069.173950
706.075195	1068.932739
704.876953	1072.865967
703.678711	1112.273315
702.480469	1107.849487
701.282227	1107.599243
700.083984	1163.654785
698.884766	1205.090454
697.685547	1169.382202
696.485352	1177.453735
695.285156	1256.361206
694.084961	1262.326050
692.884766	1247.462402
691.684570	1297.150513
690.483398	1284.367065
689.282227	1263.264648
688.080078	1279.624023
686.878906	1366.703247
685.676758	1401.749146
684.474609	1455.492554
683.271484	1401.113647
682.068359	1371.699219
680.865234	1377.621582
679.662109	1435.475952
678.458008	1430.996216
677.254883	1403.677612
676.049805	1392.979004
674.845703	1396.813599
673.640625	1381.970947
672.435547	1362.985840
671.230469	1375.120483
670.024414	1416.280151
668.819336	1430.470093
667.613281	1463.307373
666.406250	1529.284912
665.199219	1452.282837
663.992188	1549.301270
662.785156	1582.081055
661.578125	1623.126953
660.370117	1666.223877
659.162109	1674.121582
657.953125	1684.084473
656.745117	1698.179443
655.536133	1722.607544
654.327148	1761.496704
653.117188	1616.403809
651.907227	1558.171753
650.697266	1568.146362
649.487305	1419.065186
648.276367	1472.434326
647.065430	1358.541870
645.854492	1296.305908
644.643555	1252.671631
643.431641	1250.322021
642.219727	1235.596558
641.007813	1194.067993
639.794922	1216.474731
638.582031	1162.601196
637.369141	1180.882935
636.155273	1221.820557
634.942383	1200.941284
633.728516	1221.260620
632.513672	1225.098755
631.299805	1278.339233
630.084961	1288.336304
628.869141	1263.349854
627.654297	1298.030640
626.438477	1342.978516
625.222656	1340.614014
624.006836	1443.090454
622.790039	1453.034912
621.573242	1425.989502
620.356445	1435.933105
619.139648	1425.333984
617.921875	1441.432739
616.704102	1498.581055
615.486328	1403.826782
614.267578	1456.853271
613.048828	1392.923462
611.830078	1382.347900
610.610352	1349.221680
609.391602	1330.460693
608.171875	1405.987183
606.951172	1379.025146
605.731445	1483.185669
604.510742	1474.651123
603.289063	1367.832886
602.068359	1357.281372
600.846680	1203.464844
599.625000	1262.527832
598.403320	1213.137939
597.180664	1169.906494
595.958008	1124.650146
594.735352	1183.676147
593.511719	1199.753540
592.289063	1123.870239
591.064453	1197.155518
589.840820	1153.986938
588.616211	1208.853394
587.391602	1208.573486
586.166992	1275.647827
584.942383	1295.757813
583.716797	1279.136841
582.491211	1407.336304
581.264648	1453.910278
580.038086	1537.158691
578.811523	1506.229004
577.584961	1540.520874
576.358398	1552.386719
575.130859	1549.989502
573.902344	1525.193848
572.674805	1575.735352
571.446289	1522.449829
570.217773	1467.153931
568.989258	1476.984863
567.759766	1338.333252
566.530273	1317.687256
565.300781	1315.347534
564.070313	1235.773071
562.840820	1174.523804
561.610352	1239.260620
560.378906	1173.976685
559.147461	1175.733643
557.916016	1175.459595
556.684570	1177.215088
555.453125	1166.794434
554.220703	1119.861328
552.988281	1133.797852
551.754883	1129.477539
550.521484	1226.524780
549.288086	1183.674561
548.054688	1195.556274
546.820313	1203.380371
545.585938	1188.921021
544.351563	1144.094116
543.117188	1182.291504
541.881836	1226.542725
540.646484	1191.855713
539.410156	1100.539307
538.174805	1108.371826
536.938477	1148.554199
535.701172	1119.982178
534.464844	1101.529175
533.227539	1101.270874
531.990234	1080.810547
530.751953	1042.182007
529.513672	1054.052856
528.275391	1017.467224
527.037109	1099.979004
525.797852	1091.649170
524.558594	1051.045410
523.319336	1072.984131
522.079102	1086.846680
520.838867	1028.128784
519.598633	1050.056885
518.358398	1043.764771
517.117188	1091.867432
515.875977	1091.610229
514.634766	1113.502319
513.392578	1022.650757
512.150391	1066.687256
510.908203	1082.532837
509.665039	1150.674194
508.421875	1100.122803
507.178711	1128.013184
505.934570	1153.880005
504.691406	1075.226440
503.447266	1141.279175
502.202148	1159.088745
500.958008	1084.505981
499.712891	1094.288940
498.466797	1192.392334
497.221680	1151.971802
495.975586	1147.686157
494.729492	1149.420410
493.482422	1141.126099
492.235352	1078.700195
490.988281	1118.535400
489.741211	1150.335205
488.493164	1166.091064
487.245117	1169.820679
485.997070	1117.474365
484.748047	1199.297852
483.499023	1229.038452
482.250000	1246.757324
481.000977	1256.464722
479.750977	1282.169556
478.500977	1239.869019
477.250000	1275.561768
475.999023	1307.239624
474.748047	1322.915283
473.497070	1310.612915
472.245117	1312.298096
470.993164	1357.914917
469.741211	1341.619629
468.488281	1447.086670
467.236328	1462.705566
465.982422	1516.222290
464.729492	1535.805908
463.475586	1555.380005
462.221680	1724.464600
460.967773	1819.722534
459.712891	1924.897827
458.458008	2016.077515
457.203125	2248.623535
455.947266	2437.251465
454.691406	2637.732910
453.435547	2605.257080
452.178711	2598.663818
450.921875	2337.441406
449.665039	2147.941650
448.408203	2014.206787
447.150391	1840.777954
445.892578	1760.840088
444.633789	1674.979614
443.375000	1569.295532
442.116211	1501.395630
440.857422	1457.353882
439.597656	1441.123535
438.337891	1403.070679
437.078125	1408.685425
435.818359	1434.133057
434.557617	1437.754028
433.295898	1508.782593
432.035156	1500.490601
430.773438	1510.037354
429.511719	1458.162231
428.249023	1525.155029
426.987305	1471.320557
425.724609	1534.317993
424.460938	1438.941895
423.198242	1412.869873
421.934570	1465.943481
420.669922	1416.142822
419.406250	1463.257446
418.141602	1456.972900
416.875977	1486.266602
415.611328	1476.027222
414.345703	1532.958252
413.080078	1380.513184
411.813477	1469.031372
410.546875	1470.649414
409.280273	1409.112793
408.013672	1375.228760
406.746094	1424.209839
405.478516	1380.477661
404.209961	1384.085571
402.942383	1362.066650
401.673828	1387.354370
400.404297	1353.523804
399.134766	1357.134033
397.865234	1431.634766
396.595703	1401.754883
395.326172	1393.540405
394.055664	1475.848511
392.784180	1430.240479
391.513672	1518.399536
390.242188	1461.004883
388.970703	1566.805908
387.698242	1590.008179
386.425781	1617.128906
385.153320	1591.196167
383.880859	1567.239746
382.607422	1690.555786
381.333984	1521.324463
380.059570	1575.902710
378.785156	1581.403198
377.510742	1600.631470
376.236328	1602.200439
374.960938	1556.714111
373.685547	1560.252686
372.410156	1599.062744
371.133789	1561.446533
369.857422	1602.195435
368.581055	1592.010986
367.303711	1640.562744
366.026367	1557.955811
364.749023	1592.794312
363.470703	1619.790283
362.192383	1617.435913
360.914063	1646.367432
359.634766	1589.272095
358.356445	1590.834839
357.076172	1647.104736
355.796875	1634.978394
354.516602	1554.506226
353.236328	1591.218506
351.955078	1610.345093
350.673828	1625.558960
349.392578	1621.255371
348.111328	1667.666260
346.829102	1636.053711
345.546875	1559.617676
344.263672	1568.976807
342.981445	1588.073853
341.697266	1583.784302
340.414063	1561.968384
339.129883	1563.528198
337.845703	1502.794922
336.561523	1519.937378
335.276367	1552.636230
333.991211	1604.770386
332.705078	1600.482178
331.419922	1596.195923
330.133789	1537.487183
328.846680	1570.139771
327.560547	1587.233765
326.272461	1546.050781
324.985352	1522.364136
323.697266	1589.930420
322.409180	1541.013428
321.121094	1505.702881
319.832031	1565.462646
318.542969	1570.889893
317.253906	1618.969604
315.963867	1577.858643
314.673828	1532.891968
313.383789	1672.003662
312.092773	1661.900513
310.801758	1667.293823
309.510742	1637.836548
308.218750	1676.135986
306.926758	1766.661133
305.634766	1787.497681
304.341797	1856.674438
303.048828	1914.214844
301.755859	2002.655029
300.461914	2060.129150
299.167969	2111.777832
297.874023	2200.100586
296.579102	2251.687256
295.284180	2370.819824
293.989258	2348.990967
292.693359	2427.515137
291.397461	2480.920166
290.101563	2505.367432
288.804688	2539.442871
287.507813	2475.187012
286.210938	2528.524170
284.913086	2554.859619
283.615234	2613.927734
282.317383	2682.594238
281.018555	2577.950195
279.719727	2613.868408
278.420898	2576.644531
277.121094	2531.743652
275.821289	2546.488525
274.521484	2603.527832
273.220703	2656.692871
271.919922	2659.862061
270.619141	2814.817871
269.317383	2775.684570
268.015625	2919.008789
266.713867	3041.140381
265.411133	3057.641113
264.108398	3223.809814
262.804688	3274.786377
261.501953	3379.439209
260.198242	3424.596436
258.893555	3711.269287
257.588867	3717.987549
256.284180	3761.105957
254.979492	3936.371582
253.673828	3925.790039
252.368164	4047.315430
251.061523	4170.692383
249.755859	4439.434570
248.448242	4375.166016
247.141602	4473.498047
245.833984	4585.163574
244.526367	4545.755371
243.217773	4613.387695
241.909180	4650.414551
240.600586	4672.141113
239.291992	4688.125977
237.982422	4702.193359
236.671875	4710.525879
235.362305	4615.813477
234.051758	4631.792969
232.741211	4567.662598
231.429688	4352.937012
230.118164	4431.873047
228.806641	4259.216797
227.494141	4225.728027
226.181641	4207.493164
224.868164	4215.926270
223.555664	4085.382324
222.242188	4034.840820
220.927734	4081.364014
219.613281	4074.599609
218.298828	3913.796143
216.984375	3931.793213
215.668945	3795.818604
214.353516	3772.029541
213.037109	3845.140381
211.720703	3771.968018
210.404297	3769.088135
209.087891	3589.667725
207.770508	3660.849121
206.452148	3631.435547
205.134766	3645.663330
203.816406	3589.719238
202.497070	3626.698486
201.178711	3587.844971
199.859375	3611.540283
198.539063	3644.694092
197.218750	3513.065918
195.898438	3544.333252
194.578125	3515.012451
193.256836	3574.646484
191.935547	3516.953857
190.613281	3544.401611
189.291992	3505.654053
187.968750	3497.172119
186.646484	3454.676025
185.323242	3470.772217
183.999023	3437.748291
182.675781	3542.592529
181.351563	3437.826172
180.026367	3459.568848
178.702148	3466.204346
177.376953	3595.450439
176.050781	3560.555420
174.724609	3625.603516
173.398438	3632.185059
172.072266	3644.415283
170.745117	3575.631104
169.416992	3700.871826
168.089844	3769.558838
166.761719	3817.501953
165.433594	3916.230225
164.104492	3902.021484
162.775391	3991.268555
161.445313	4007.131836
160.116211	4109.460938
158.785156	4260.599609
157.455078	4483.054688
156.124023	4538.212891
154.792969	4702.258789
153.460938	4881.235352
152.128906	4956.886230
150.796875	5026.866211
149.463867	5295.652344
148.130859	5348.623535
146.797852	5527.183105
145.463867	5656.911621
144.129883	5676.009766
142.794922	5786.892578
141.460938	5983.867188
140.125000	6034.688965
138.790039	6085.481934
137.454102	6115.661133
136.117188	6119.630371
134.781250	6218.984863
133.444336	6157.476074
132.106445	6238.070313
130.768555	6382.161133
129.430664	6344.942383
128.092773	6259.177734
126.753906	6334.049805
125.414063	6244.597656
124.075195	6261.573730
122.735352	6119.942871
121.394531	6207.823242
120.053711	6120.360352
118.712891	6193.275391
117.372070	6150.592773
116.030273	6234.636719
114.688477	6251.572754
113.345703	6369.062012
112.002930	6467.868164
110.660156	6345.125977
109.316406	6581.579102
107.972656	6471.891602
106.627930	6280.432129
105.283203	6051.890137
103.938477	5769.567871
102.592773	5295.998535
101.247070	4796.678223
99.901367	4360.775391
98.554688	3798.853027
