#Wave		#Intensity
3199.922852	39.007942
3199.217773	31.915588
3198.512695	42.547523
3197.807617	17.725384
3197.101563	35.445263
3196.396484	17.719877
3195.691406	35.434242
3194.985352	35.428722
3194.279297	35.423199
3193.574219	31.875906
3192.868164	49.577000
3192.162109	46.028587
3191.455078	53.101601
3190.749023	35.395523
3190.042969	28.311977
3189.335938	38.922863
3188.629883	49.530407
3187.922852	28.298639
3187.215820	42.441280
3186.508789	28.289732
3185.801758	42.427906
3185.094727	17.675505
3184.387695	38.879971
3183.679688	53.009762
3182.972656	35.334248
3182.264648	45.927250
3181.557617	17.661528
3180.849609	49.444431
3180.141602	35.311844
3179.433594	45.898098
3178.724609	17.650307
3178.016602	35.294994
3177.308594	17.644686
3176.599609	17.641870
3175.890625	31.750299
3175.182617	49.381462
3174.473633	42.320198
3173.764648	17.630594
3173.055664	45.832203
3172.345703	17.624945
3171.636719	38.768654
3170.927734	42.286285
3170.217773	45.802780
3169.507813	38.749966
3168.797852	14.088628
3168.087891	38.737484
3167.377930	52.815323
3166.667969	63.368156
3165.958008	28.159075
3165.248047	35.193153
3164.537109	70.374916
3163.826172	42.218113
3163.116211	45.728874
3162.405273	70.340706
3161.694336	28.131714
3160.983398	56.254288
3160.271484	42.183857
3159.560547	17.573746
3158.849609	17.570885
3158.137695	45.676853
3157.425781	42.156368
3156.713867	49.174400
3156.001953	42.142601
3155.290039	17.556545
3154.578125	45.639549
3153.866211	49.142235
3153.153320	42.115009
3152.441406	59.653145
3151.728516	42.101192
3151.015625	42.094273
3150.302734	42.087353
3149.589844	56.107239
3148.876953	49.085751
3148.164063	38.561020
3147.451172	70.099380
3146.737305	35.043907
3146.023438	59.564804
3145.310547	31.529095
3144.596680	42.031841
3143.882813	52.531101
3143.168945	66.528374
3142.455078	49.012779
3141.740234	45.504318
3141.026367	45.496761
3140.311523	34.991695
3139.596680	38.484467
3138.881836	45.474072
3138.167969	41.969078
3137.452148	38.465244
3136.737305	48.947601
3136.022461	52.435108
3135.306641	41.941082
3134.591797	27.956049
3133.875977	52.408825
3133.160156	52.400055
3132.444336	31.434769
3131.728516	55.874668
3131.012695	52.373714
3130.296875	38.400948
3129.580078	41.884907
3128.864258	48.857513
3128.147461	48.849297
3127.430664	45.352428
3126.713867	66.273155
3125.997070	45.337151
3125.280273	59.277042
3124.563477	52.294449
3123.845703	48.799911
3123.128906	52.276783
3122.411133	41.814354
3121.693359	73.162743
3120.975586	55.733601
3120.257813	41.793121
3119.540039	62.679050
3118.822266	52.223682
3118.104492	48.733829
3117.385742	52.205948
3116.666992	48.717270
3115.949219	52.188194
3115.230469	52.179314
3114.511719	41.736340
3113.791992	41.729229
3113.073242	69.536850
3112.354492	55.619987
3111.634766	55.610493
3110.915039	48.650867
3110.196289	41.693615
3109.476563	27.790987
3108.756836	45.152622
3108.036133	52.090256
3107.316406	38.192974
3106.596680	59.015381
3105.875977	55.534359
3105.155273	38.173313
3104.435547	52.045574
3103.714844	52.036629
3102.994141	55.496189
3102.272461	41.614975
3101.551758	62.411713
3100.831055	55.467514
3100.109375	48.525707
3099.387695	51.982857
3098.666992	45.044029
3097.945313	41.571922
3097.222656	76.202019
3096.500977	72.725708
3095.779297	69.250587
3095.056641	62.314739
3094.334961	65.765274
3093.612305	55.371677
3092.889648	58.822201
3092.166992	44.973877
3091.444336	41.507137
3090.721680	51.874905
3089.999023	51.865887
3089.275391	41.485489
3088.551758	44.934792
3087.829102	58.750645
3087.105469	72.561676
3086.381836	55.275448
3085.658203	65.628143
3084.933594	41.442116
3084.209961	62.152317
3083.485352	51.784546
3082.761719	55.227192
3082.037109	51.766434
3081.312500	41.405895
3080.587891	55.198193
3079.863281	55.188519
3079.137695	68.973549
3078.413086	62.065308
3077.687500	55.159477
3076.962891	55.149788
3076.237305	68.925125
3075.511719	65.467354
3074.786133	58.565750
3074.060547	72.333191
3073.333984	51.657467
3072.608398	61.978039
3071.881836	55.081879
3071.155273	51.630154
3070.429688	68.828056
3069.703125	55.052723
3068.975586	82.564491
3068.249023	55.033268
3067.522461	65.340446
3066.794922	79.082336
3066.067383	68.755074
3065.340820	48.120029
3064.613281	75.603790
3063.885742	48.102974
3063.157227	58.400391
3062.429688	48.085903
3061.702148	68.681953
3060.973633	75.536728
3060.245117	68.657547
3059.516602	68.645332
3058.788086	58.338154
3058.059570	68.620903
3057.331055	72.039116
3056.602539	48.017521
3055.873047	68.584229
3055.143555	72.000595
3054.415039	75.415741
3053.685547	58.265392
3052.956055	37.694405
3052.226563	61.670727
3051.496094	78.787399
3050.766602	75.348381
3050.036133	68.486267
3049.305664	58.202904
3048.576172	75.307915
3047.845703	71.871941
3047.114258	68.437195
3046.383789	88.952400
3045.653320	51.309479
3044.921875	82.080429
3044.191406	78.646278
3043.459961	71.794571
3042.728516	64.945313
3041.997070	82.021423
3041.265625	54.671108
3040.533203	75.159241
3039.801758	51.235706
3039.069336	78.547256
3038.336914	85.362061
3037.604492	58.035732
3036.872070	85.331268
3036.139648	75.077957
3035.407227	78.476418
3034.674805	81.873634
3033.941406	71.626480
3033.208008	81.844032
3032.474609	57.962364
3031.742188	85.223343
3031.007813	74.982956
3030.274414	81.784775
3029.541016	78.362869
3028.806641	98.787437
3028.073242	91.957825
3027.338867	81.725456
3026.604492	85.115227
3025.870117	85.099762
3025.135742	68.067444
3024.400391	85.068832
3023.666016	98.661896
3022.930664	88.439400
3022.196289	88.423302
3021.460938	102.008308
3020.725586	78.192123
3019.989258	57.783642
3019.253906	71.366776
3018.518555	108.729538
3017.782227	101.915344
3017.045898	84.913948
3016.310547	95.086250
3015.574219	108.650146
3014.837891	98.446198
3014.100586	112.004501
3013.364258	101.803642
3012.626953	111.963516
3011.890625	105.158592
3011.153320	118.705696
3010.416016	115.292976
3009.678711	94.929756
3008.941406	111.860977
3008.203125	111.840462
3007.465820	98.266006
3006.727539	88.084381
3005.989258	94.842682
3005.250977	101.598488
3004.512695	101.579811
3003.774414	125.258728
3003.036133	104.927200
3002.296875	101.523766
3001.558594	84.587563
3000.819336	94.720619
3000.080078	111.614456
2999.340820	111.593880
2998.601563	101.430283
2997.862305	108.172340
2997.122070	108.152382
2996.382813	121.648972
2995.642578	141.897598
2994.902344	111.470375
2994.162109	118.204308
2993.421875	128.312378
2992.681641	131.664673
2991.940430	148.517273
2991.200195	128.241180
2990.458984	148.462296
2989.717773	128.193695
2988.976563	121.424156
2988.235352	134.890717
2987.494141	134.865707
2986.751953	144.953751
2986.010742	148.297256
2985.268555	138.160431
2984.526367	141.503922
2983.784180	138.109116
2983.041992	171.762344
2982.299805	141.425049
2981.556641	164.965210
2980.814453	164.934540
2980.071289	131.250000
2979.328125	168.237900
2978.584961	154.750061
2977.841797	181.629272
2977.098633	171.506790
2976.355469	174.837082
2975.611328	171.442856
2974.867188	174.771866
2974.123047	181.460007
2973.379883	218.383301
2972.634766	194.828720
2971.890625	174.641403
2971.146484	231.692398
2970.401367	194.719528
2969.657227	214.822754
2968.912109	204.714645
2968.166992	208.031693
2967.421875	244.894699
2966.675781	207.953812
2965.930664	228.035660
2965.185547	204.523087
2964.439453	214.541382
2963.693359	268.126434
2962.947266	227.864731
2962.201172	231.172318
2961.455078	267.975586
2960.708008	298.066864
2959.961914	277.920258
2959.214844	257.781219
2958.467773	284.510193
2957.720703	294.496368
2956.973633	317.862457
2956.226563	270.968597
2955.479492	294.330231
2954.731445	321.027100
2953.983398	287.532623
2953.235352	304.192352
2952.488281	334.214325
2951.739258	274.004120
2950.991211	324.065704
2950.243164	320.664337
2949.494141	297.226501
2948.745117	317.204376
2947.997070	327.159576
2947.248047	330.435547
2946.498047	347.058655
2945.749023	363.675446
2945.000000	333.584137
2944.250000	350.197144
2943.500977	350.130920
2942.750977	350.064697
2942.000977	353.331757
2941.250977	353.264893
2940.500000	319.877441
2939.750000	313.154022
2938.999023	353.064209
2938.248047	309.705200
2937.498047	336.282745
2936.747070	356.192383
2935.995117	279.574615
2935.244141	319.453217
2934.493164	346.008636
2933.741211	269.436340
2932.989258	335.900024
2932.237305	309.235352
2931.485352	309.176575
2930.733398	289.174713
2929.981445	302.412598
2929.228516	309.000244
2928.476563	285.687805
2927.723633	282.312134
2926.970703	278.937714
2926.217773	308.765076
2925.464844	288.789734
2924.710938	275.459564
2923.958008	298.634155
2923.204102	258.766937
2922.450195	281.935852
2921.696289	288.514587
2920.942383	275.197021
2920.188477	295.034454
2919.434570	304.921234
2918.679688	308.176727
2917.924805	271.673798
2917.170898	288.184204
2916.416016	248.387192
2915.660156	268.206879
2914.905273	278.087280
2914.150391	311.133362
2913.394531	307.764557
2912.638672	284.545013
2911.883789	297.722626
2911.127930	271.206451
2910.371094	300.915375
2909.615234	330.612854
2908.859375	294.189056
2908.102539	323.876404
2907.345703	290.772034
2906.588867	303.930603
2905.832031	290.660461
2905.075195	287.302338
2904.318359	307.057343
2903.560547	290.493073
2902.802734	280.536011
2902.045898	277.182312
2901.288086	296.923981
2900.530273	333.150635
2899.771484	293.511932
2899.013672	257.185699
2898.254883	293.399017
2897.497070	303.230499
2896.738281	306.467468
2895.979492	293.229584
2895.220703	293.173126
2894.460938	270.062500
2893.702148	289.767334
2892.942383	283.127106
2892.183594	302.821777
2891.423828	289.599731
2890.664063	296.124420
2889.903320	289.488007
2889.143555	263.120117
2888.383789	289.376221
2887.623047	286.032623
2886.862305	272.828979
2886.101563	285.922089
2885.340820	272.723541
2884.580078	315.378296
2883.818359	275.902618
2883.057617	265.997498
2882.295898	275.795898
2881.534180	288.873108
2880.772461	249.433029
2880.010742	295.324005
2879.249023	285.424591
2878.486328	275.528961
2877.724609	275.475586
2876.961914	285.258667
2876.199219	291.759766
2875.436523	275.315369
2874.673828	262.154236
2873.910156	294.866302
2873.147461	268.603821
2872.383789	294.751831
2871.620117	311.066498
2870.856445	278.268616
2870.092773	310.945648
2869.329102	278.160461
2868.565430	307.552948
2867.800781	317.306763
2867.036133	317.245056
2866.271484	297.563751
2865.506836	317.121613
2864.742188	313.791229
2863.977539	294.122009
2863.211914	313.669037
2862.447266	300.540924
2861.681641	248.224579
2860.916016	333.078583
2860.150391	310.159760
2859.383789	303.570892
2858.618164	296.984558
2857.851563	332.818817
2857.085938	277.294891
2856.319336	296.810730
2855.552734	296.752777
2854.786133	299.955200
2854.018555	316.195343
2853.251953	299.838013
2852.484375	335.622589
2851.716797	276.915955
2850.949219	319.205383
2850.181641	322.399506
2849.414063	280.009430
2848.646484	305.996948
2847.877930	289.663788
2847.109375	292.861084
2846.340820	328.590881
2845.572266	295.999115
2844.803711	243.907532
2844.035156	282.877289
2843.265625	308.828430
2842.497070	276.265991
2841.727539	285.960480
2840.958008	269.659790
2840.188477	302.089661
2839.418945	295.535095
2838.648438	237.031052
2837.878906	295.419037
2837.108398	285.623840
2836.337891	288.812805
2835.567383	253.067093
2834.796875	301.674530
2834.025391	265.940308
2833.254883	291.828308
2832.483398	278.803284
2831.711914	281.989685
2830.940430	278.693573
2830.168945	268.918762
2829.397461	291.541229
2828.625977	275.290253
2827.853516	259.045685
2827.081055	249.282333
2826.308594	271.890747
2825.536133	288.017944
2824.763672	281.490112
2823.991211	265.260162
2823.217773	297.550262
2822.445313	284.557129
2821.671875	287.733917
2820.898438	255.353836
2820.125000	271.461853
2819.350586	281.101379
2818.577148	255.202530
2817.802734	219.624588
2817.028320	264.789063
2816.253906	255.051208
2815.479492	251.772903
2814.705078	267.859192
2813.930664	267.806183
2813.155273	238.719696
2812.379883	283.826660
2811.604492	222.501831
2810.829102	219.233734
2810.053711	238.530624
2809.278320	238.483337
2808.501953	264.212952
2807.726563	238.388794
2806.950195	251.224838
2806.173828	235.074036
2805.397461	251.125153
2804.620117	244.637482
2803.843750	279.989929
2803.066406	222.016891
2802.290039	238.057770
2801.512695	244.443192
2800.735352	189.727386
2799.957031	244.346024
2799.179688	231.439682
2798.401367	273.173065
2797.624023	247.413422
2796.845703	250.576721
2796.067383	199.136719
2795.289063	244.054489
2794.509766	237.584671
2793.731445	250.377213
2792.952148	259.955292
2792.172852	250.277435
2791.393555	214.939056
2790.614258	253.385071
2789.834961	240.507477
2789.054688	243.665619
2788.275391	240.411514
2787.495117	205.110214
2786.714844	243.519745
2785.934570	201.824753
2785.153320	214.596146
2784.373047	208.148697
2783.591797	204.905457
2782.811523	211.266510
2782.030273	204.823532
2781.249023	207.982300
2780.466797	236.732483
2779.685547	249.478897
2778.904297	201.461868
2778.122070	220.604538
2777.339844	236.542999
2776.557617	188.557312
2775.775391	217.276749
2774.992188	198.065582
2774.209961	201.219833
2773.426758	220.339447
2772.643555	188.368408
2771.860352	220.251068
2771.077148	204.249847
2770.293945	229.734955
2769.509766	220.118469
2768.726563	210.505814
2767.942383	216.841217
2767.158203	219.985855
2766.374023	204.003845
2765.589844	207.149750
2764.804688	219.853210
2764.020508	207.066452
2763.235352	235.689758
2762.450195	213.351837
2761.665039	216.492615
2760.879883	213.265945
2760.093750	219.587860
2759.308594	216.361832
2758.522461	257.673187
2757.736328	241.718719
2756.950195	238.490128
2756.164063	216.187439
2755.376953	171.643631
2754.590820	216.100220
2753.803711	228.765823
2753.016602	219.189651
2752.229492	209.617340
2751.442383	196.873489
2750.654297	190.484238
2749.867188	234.883087
2749.079102	209.447968
2748.291016	215.751251
2747.502930	228.396286
2746.714844	269.579956
2745.926758	244.158310
2745.137695	234.598160
2744.349609	215.533035
2743.560547	234.503159
2742.771484	215.445740
2741.982422	237.575821
2741.192383	234.360641
2740.403320	208.981979
2739.613281	231.099854
2738.823242	250.043625
2738.033203	208.854828
2737.243164	211.976257
2736.453125	243.565048
2735.662109	205.565109
2734.872070	218.170944
2734.081055	199.159088
2733.290039	218.082275
2732.499023	202.238098
2731.708008	192.718979
2730.916016	217.949265
2730.125000	211.588837
2729.333008	255.749359
2728.541016	208.345947
2727.749023	208.303528
2726.956055	217.727509
2726.164063	211.373489
2725.371094	227.101334
2724.578125	198.673157
2723.786133	198.632645
2722.992188	233.266937
2722.199219	223.764511
2721.406250	226.869812
2720.612305	211.071854
2719.818359	204.729385
2719.024414	179.495255
2718.230469	217.239334
2717.436523	185.717407
2716.642578	210.856308
2715.847656	204.520248
2715.052734	198.186768
2714.257813	201.291397
2713.462891	226.406464
2712.667969	188.633423
2711.872070	229.457001
2711.077148	232.552597
2710.281250	197.943390
2709.485352	191.620193
2708.689453	216.706268
2707.893555	207.241745
2707.096680	216.617371
2706.300781	225.989136
2705.503906	188.285614
2704.707031	210.209091
2703.910156	216.439529
2703.112305	216.395050
2702.315430	216.350586
2701.517578	194.362000
2700.720703	216.261612
2699.922852	216.217133
2699.124023	191.109146
2698.326172	234.921890
2697.528320	216.083649
2696.729492	194.122116
2695.930664	209.733917
2695.131836	212.820404
2694.333008	240.938126
2693.534180	231.503189
2692.734375	212.688766
2691.935547	259.551849
2691.135742	243.865845
2690.335938	206.305420
2689.536133	212.513199
2688.736328	215.593842
2687.935547	256.160034
2687.134766	199.888458
2686.334961	196.724503
2685.534180	224.781494
2684.732422	209.128387
2683.931641	224.688477
2683.130859	246.482147
2682.329102	215.237289
2681.527344	212.073959
2680.725586	212.030014
2679.923828	215.103500
2679.121094	202.591705
2678.319336	243.059616
2677.516602	246.124695
2676.713867	199.350769
2675.911133	255.365128
2675.108398	208.608658
2674.305664	224.129898
2673.501953	248.981461
2672.698242	233.371582
2671.895508	199.102341
2671.091797	236.384842
2670.287109	205.238846
2669.483398	205.196121
2668.678711	233.128860
2667.875000	214.433868
2667.070313	245.460083
2666.265625	211.238052
2665.459961	208.088211
2664.655273	235.991119
2663.849609	214.210388
2663.043945	207.957977
2662.238281	226.533768
2661.432617	241.999222
2660.626953	201.623886
2659.821289	244.999344
2659.014648	201.539597
2658.208008	201.497452
2657.401367	179.760101
2656.594727	213.807785
2655.788086	223.057053
2655.012695	214.187302
2654.980469	247.789276
2654.208008	223.499786
2654.172852	213.673477
2653.402344	214.152771
2653.366211	229.109024
2652.596680	223.427719
2652.558594	244.538086
2651.791016	226.494293
2651.750000	213.539108
2650.985352	235.764160
2650.942383	263.000244
2650.178711	229.522705
2650.133789	253.664627
2649.373047	241.890152
2649.326172	210.311874
2648.566406	235.649643
2648.517578	238.097244
2647.759766	229.411102
2647.708984	238.047226
2646.953125	238.672791
2646.899414	253.451553
2646.146484	207.642578
2646.090820	259.578735
2645.339844	192.115601
2645.281250	253.344986
2644.533203	198.280579
2644.472656	244.024918
2643.726563	223.029297
2643.663086	228.532196
2642.918945	235.381409
2642.853516	243.922195
2642.111328	263.212524
2642.042969	209.914124
2641.303711	210.535614
2641.233398	228.387833
2640.496094	247.648438
2640.422852	246.853729
2639.688477	256.893188
2639.612305	262.226776
2638.880859	207.337631
2638.801758	280.677704
2638.073242	244.432617
2637.991211	271.367310
2637.264648	213.456741
2637.180664	249.728561
2636.456055	253.631546
2636.369141	212.686829
2635.648438	238.127029
2635.558594	255.786636
2634.839844	244.271942
2634.747070	240.327011
2634.031250	234.957077
2633.935547	234.115280
2633.221680	241.100388
2633.124023	267.943726
2632.413086	213.245911
2632.311523	240.174591
2631.604492	241.020782
2631.500000	240.123764
2630.794922	222.443939
2630.687500	236.995087
2629.985352	262.563995
2629.875000	246.176514
2629.175781	277.962891
2629.062500	236.894699
2628.366211	271.740875
2628.250000	233.768600
2627.556641	246.996185
2627.436523	249.095291
2626.747070	234.607422
2626.624023	276.713837
2625.937500	253.086990
2625.810547	258.211456
2625.126953	277.732208
2624.997070	230.497025
2624.316406	240.661179
2624.183594	267.319794
2623.505859	240.621094
2623.369141	242.687088
2622.695313	256.002838
2622.555664	261.063538
2621.884766	268.295532
2621.741211	248.725327
2621.074219	240.500656
2620.926758	242.532379
2620.263672	243.543289
2620.112305	251.688919
2619.452148	252.749481
2619.297852	276.185150
2618.640625	246.543564
2618.482422	266.922150
2617.830078	268.071198
2617.667969	242.325958
2617.018555	237.218643
2616.852539	260.674927
2616.206055	252.580048
2616.037109	275.949890
2615.394531	267.936249
2615.221680	272.825623
2614.583008	243.257553
2614.406250	232.924988
2613.770508	243.216629
2613.589844	235.939438
2612.958984	273.957397
2612.774414	254.270035
2612.146484	252.367661
2611.958008	241.964386
2611.333984	236.939423
2611.141602	275.596741
2610.521484	273.818817
2610.325195	287.783966
2609.708984	239.935516
2609.507813	263.235413
2608.895508	242.970535
2608.691406	247.878006
2608.083008	261.379761
2607.874023	284.539795
2607.269531	230.590164
2607.056641	244.713013
2606.456055	242.847153
2606.239258	272.184937
2605.642578	298.128845
2605.421875	278.241821
2604.829102	242.764771
2604.603516	269.011353
2604.015625	251.940887
2603.786133	299.516602
2603.202148	270.329620
2602.967773	229.172729
2602.387695	242.641006
2602.149414	250.508423
2601.574219	267.166779
2601.331055	238.237350
2600.759766	242.558380
2600.512695	265.669220
2599.945313	242.517029
2599.693359	244.241043
2599.130859	230.198410
2598.874023	265.555054
2598.316406	300.741241
2598.054688	271.601349
2597.500977	233.188034
2597.235352	262.389801
2596.686523	248.486862
2596.416016	268.434113
2595.871094	269.914825
2595.596680	256.177399
2595.055664	242.268417
2594.776367	283.563904
2594.240234	245.293060
2593.956055	277.405975
2593.424805	211.528976
2593.135742	252.964111
2592.609375	211.492676
2592.315430	255.956665
2591.793945	232.908447
2591.495117	249.808563
2590.977539	251.252762
2590.673828	258.892029
2590.162109	269.590729
2589.853516	280.152039
2589.345703	211.347260
2589.032227	255.735748
2588.529297	235.810669
2588.210938	255.680481
2587.712891	263.327545
2587.389648	273.884155
2586.896484	278.589233
2586.567383	240.357437
2586.079102	247.932220
2585.746094	255.514633
2585.262695	287.674103
2584.923828	267.624054
2584.445313	253.966217
2584.101563	243.241913
2583.627930	253.922272
2583.279297	243.189224
2582.810547	259.995880
2582.456055	237.058105
2581.993164	256.892578
2581.633789	270.430725
2581.175781	220.155472
2580.810547	255.182617
2580.358398	253.746307
2579.987305	279.425079
2579.540039	259.815582
2579.164063	252.035294
2578.722656	262.826569
2578.340820	258.052368
2577.904297	259.725281
2577.517578	282.278290
2577.085938	253.569977
2576.693359	248.836441
2576.267578	247.416779
2575.869141	248.782318
2575.449219	232.103699
2575.044922	239.628387
2574.629883	299.239441
2574.220703	269.902313
2573.811523	268.657928
2573.396484	248.619904
2572.992188	222.825073
2572.571289	287.972504
2572.172852	265.512268
2571.746094	257.603424
2571.353516	271.568512
2570.921875	306.026764
2570.534180	231.860641
2570.095703	287.784149
2569.714844	277.574036
2569.270508	269.549469
2568.894531	222.630280
2568.445313	287.658508
2568.075195	256.132416
2567.619141	269.431732
2567.254883	271.330780
2566.792969	266.346191
2566.434570	268.235046
2565.966797	257.209961
2565.614258	249.902405
2565.140625	248.077667
2564.793945	258.999664
2564.314453	293.393524
2563.973633	243.721527
2563.487305	250.993088
2563.152344	252.816589
2562.660156	256.984802
2562.332031	264.953857
2561.833984	253.905807
2561.510742	258.817383
2561.005859	262.916199
2560.689453	280.082367
2560.178711	296.093536
2559.868164	261.769928
2559.351563	244.676666
2559.046875	243.463943
2558.523438	289.923492
2558.224609	264.720276
2557.695313	244.569199
2557.403320	282.926819
2556.867188	289.796112
2556.581055	270.710052
2556.039063	295.768463
2555.758789	276.744446
2555.209961	262.512207
2554.937500	264.532990
2554.381836	244.354141
2554.114258	267.526215
2553.552734	253.348495
2553.291992	267.478760
2552.723633	265.354248
2552.469727	258.314362
2551.894531	262.281036
2551.646484	243.076233
2551.065430	274.279449
2550.824219	258.222626
2550.235352	277.232361
2550.000977	294.625214
2549.405273	262.107513
2549.177734	291.535980
2548.575195	304.218536
2548.354492	282.375214
2547.745117	268.014557
2547.530273	264.110443
2546.915039	283.008972
2546.707031	248.887314
2546.083984	291.976624
2545.882813	248.842957
2545.253906	264.827393
2545.059570	282.173981
2544.422852	279.812469
2544.235352	260.888519
2543.591797	285.766632
2543.411133	291.172363
2542.760742	282.695923
2542.586914	254.730301
2541.928711	258.579376
2541.761719	260.748657
2541.097656	258.522034
2540.937500	278.890533
2540.265625	297.534912
2540.112305	251.562714
2539.433594	288.454651
2539.287109	248.487320
2538.601563	273.370239
2538.461914	266.621521
2537.768555	294.333313
2537.636719	293.836945
2536.936523	327.297943
2536.811523	248.353668
2536.103516	252.173508
2535.986328	257.393555
2535.270508	282.131348
2535.160156	287.623474
2534.437500	288.070007
2534.333984	290.598846
2533.604492	291.005890
2533.507813	287.520050
2532.770508	290.941040
2532.681641	242.078583
2531.936523	287.877441
2531.855469	299.518311
2531.103516	305.801544
2531.029297	302.489227
2530.268555	302.735901
2530.203125	281.264282
2529.434570	284.687988
2529.375977	272.142151
2528.600586	305.596710
2528.548828	314.418610
2527.765625	284.560760
2527.721680	299.248291
2526.930664	326.423004
2526.894531	311.282867
2526.095703	287.427490
2526.067383	299.140137
2525.260742	311.310059
2525.240234	283.980682
2524.425781	287.298767
2524.412109	283.929291
2523.589844	299.202484
2523.583984	314.077637
2522.755859	259.670990
2522.753906	266.230499
2521.927734	295.850525
2521.917969	308.040314
2521.099609	286.741852
2521.082031	263.121002
2520.271484	286.689819
2520.246094	313.880676
2519.443359	286.637787
2519.409180	289.900818
2518.614258	253.402100
2518.572266	262.943665
2517.785156	286.533600
2517.735352	280.808472
2516.956055	328.699829
2516.898438	277.758606
2516.126953	295.474518
2516.061523	286.654022
2515.297852	295.420715
2515.223633	286.589417
2514.468750	277.283234
2514.386719	271.601654
2513.638672	256.138885
2513.548828	289.444153
2512.808594	286.220673
2512.710938	286.395569
2511.979492	313.279175
2511.872070	307.209198
2511.148438	271.057495
2511.034180	271.356537
2510.318359	283.052795
2510.195313	304.089111
2509.488281	283.001068
2509.356445	339.787445
2508.658203	276.929108
2508.517578	300.971649
2507.827148	276.878479
2507.678711	318.778961
2506.996094	324.971771
2506.838867	288.921082
2506.165039	273.768646
2506.000000	297.789276
2505.333984	282.742188
2505.160156	300.698975
2504.502930	270.660980
2504.320313	270.865326
2503.670898	270.611359
2503.479492	321.393585
2502.839844	270.561707
2502.639648	315.370209
2502.007813	276.523407
2501.798828	321.247559
2501.175781	270.462341
2500.958984	321.174530
2500.343750	318.486023
2500.117188	318.128296
2499.511719	330.443604
2499.276367	300.220978
2498.679688	330.382813
2498.435547	326.898865
2497.846680	309.301514
2497.593750	282.257416
2497.014648	330.261200
2496.751953	300.015778
2496.181641	309.187592
2495.910156	285.098450
2495.348633	297.125549
2495.068359	276.126068
2494.515625	309.073608
2494.226563	299.810364
2493.681641	291.015625
2493.383789	314.580566
2492.848633	254.966629
2492.541016	305.607452
2492.014648	290.908173
2491.698242	332.234985
2491.181641	308.845428
2490.855469	290.639069
2490.347656	335.769836
2490.012695	287.607483
2489.513672	305.733856
2489.168945	299.398956
2488.678711	290.693085
2488.325195	320.075958
2487.844727	332.587219
2487.481445	337.780457
2487.009766	323.538452
2486.637695	346.589813
2486.175781	314.492981
2485.793945	293.200958
2485.340820	311.440063
2484.949219	290.172638
2484.505859	296.412018
2484.104492	328.589325
2483.670898	323.298553
2483.259766	364.028717
2482.834961	299.294952
2482.415039	325.479187
2482.000000	284.277405
2481.570313	304.696686
2481.164063	299.183746
2480.724609	298.711365
2480.328125	290.154297
2479.878906	313.426758
2479.492188	305.053955
2479.033203	286.748871
2478.656250	325.928375
2478.187500	310.326599
2477.820313	295.971588
2477.341797	333.893372
2476.983398	361.675690
2476.495117	319.045563
2476.147461	316.780823
2475.649414	318.971741
2475.310547	343.613220
2474.802734	318.897919
2474.473633	319.650085
2473.955078	318.824066
2473.636719	319.590424
2473.108398	315.798798
2472.799805	319.530792
2472.260742	312.774872
2471.961914	313.499695
2471.414063	286.152130
2471.125000	322.396576
2470.566406	315.579071
2470.287109	325.320923
2469.717773	324.351715
2469.449219	310.339874
2468.870117	347.860077
2468.611328	334.149658
2468.021484	282.938995
2467.773438	319.172516
2467.173828	297.606140
2466.934570	319.112762
2466.325195	315.212280
2466.096680	330.980194
2465.475586	318.084076
2465.257813	286.199493
2464.626953	341.566223
2464.418945	301.049255
2463.777344	314.991913
2463.580078	321.853668
2462.928711	311.975220
2462.741211	330.731964
2462.079102	332.499695
2461.902344	312.795837
2461.228516	303.004089
2461.062500	318.694000
2460.378906	299.992157
2460.223633	333.523560
2459.528320	276.398682
2459.383789	318.574219
2458.677734	299.851746
2458.543945	339.351685
2457.827148	349.745087
2457.704102	321.430573
2456.976563	334.971375
2456.863281	321.370087
2456.125977	320.204529
2456.023438	303.459045
2455.274414	367.120819
2455.182617	339.096191
2454.422852	320.054169
2454.341797	288.474854
2453.571289	281.816345
2453.500977	297.340698
2452.719727	319.903717
2452.660156	285.393219
2451.867188	284.617981
2451.819336	315.062225
2451.015625	337.354248
2450.978516	300.144104
2450.163086	287.416748
2450.136719	332.770233
2449.310547	272.688324
2449.294922	288.148346
2448.458008	331.252838
2448.453125	320.764313
2447.611328	353.367920
2447.604492	310.659393
2446.769531	290.953827
2446.750977	304.725891
2445.926758	296.835480
2445.897461	307.583252
2445.084961	287.875916
2445.043945	319.225189
2444.242188	290.788605
2444.190430	325.005615
2443.399414	308.533539
2443.335938	307.364929
2442.556641	314.407257
2442.482422	292.659149
2441.713867	317.313171
2441.627930	301.367432
2440.870117	284.638184
2440.773438	318.847168
2440.027344	296.441864
2439.917969	333.394012
2439.183594	314.168701
2439.063477	321.619537
2438.339844	296.329285
2438.208008	298.158142
2437.496094	314.049347
2437.352539	318.544189
2436.652344	305.103180
2436.497070	300.937988
2435.807617	290.237122
2435.640625	289.182190
2434.963867	290.181915
2434.785156	292.033600
2434.119141	272.363831
2433.928711	318.240692
2433.274414	325.590424
2433.072266	335.678406
2432.429688	281.138184
2432.215820	312.252258
2431.584961	325.466400
2431.358398	283.002167
2430.740234	298.780365
2430.501953	312.102997
2429.894531	289.850433
2429.644531	338.273682
2429.048828	345.979919
2428.787109	332.361755
2428.203125	340.000854
2427.928711	291.475555
2427.357422	319.244202
2427.071289	294.319733
2426.511719	301.450836
2426.212891	302.989166
2425.666016	313.212585
2425.354492	291.265808
2424.819336	310.198456
2424.496094	294.107758
2423.973633	271.740967
2423.637695	331.883423
2423.126953	333.704956
2422.778320	337.624695
2422.280273	351.356598
2421.918945	308.444824
2421.432617	312.913177
2421.059570	308.370514
2420.585938	277.435913
2420.200195	305.387726
2419.739258	312.793365
2419.340820	305.314056
2418.891602	303.882477
2418.480469	290.705109
2418.043945	292.025238
2417.620117	331.323761
2417.196289	312.613525
2416.759766	322.526733
2416.348633	306.656342
2415.899414	299.209167
2415.500000	327.233856
2415.039063	322.370636
2414.652344	327.171051
2414.177734	304.871338
2413.803711	288.798248
2413.316406	278.671936
2412.955078	297.581848
2412.106445	329.928314
2411.257813	338.700562
2410.409180	300.354919
2409.559570	300.297119
2408.709961	300.239349
2407.861328	297.238586
2407.011719	338.374786
2406.161133	361.844177
2405.311523	379.421997
2404.460938	279.365417
2403.611328	305.772644
2402.760742	314.532318
2401.910156	352.678467
2401.059570	349.671967
2400.208008	299.660950
2399.357422	290.791199
2398.505859	340.659180
2397.654297	322.976440
2396.802734	331.720734
2395.951172	290.566345
2395.098633	352.133484
2394.247070	349.131439
2393.394531	316.797424
2392.541992	305.005096
2391.689453	316.674683
2390.836914	281.434052
2389.983398	313.620880
2389.130859	316.490509
2388.277344	301.779602
2387.423828	339.802307
2386.570313	316.306244
2385.716797	336.742157
2384.862305	339.604340
2384.008789	321.976013
2383.154297	327.766388
2382.299805	345.258148
2381.445313	286.684021
2380.590820	315.876007
2379.735352	307.041901
2378.880859	277.745697
2378.025391	339.076050
2377.169922	347.777496
2376.314453	341.865814
2375.458008	321.349640
2374.602539	324.207764
2373.746094	315.383820
2372.889648	306.563324
2372.033203	306.503479
2371.176758	321.036163
2370.320313	335.563141
2369.462891	361.753906
2368.606445	335.431976
2367.749023	314.952789
2366.891602	355.710388
2366.034180	332.320068
2365.175781	352.656647
2364.318359	355.501556
2363.459961	302.991150
2362.601563	364.100708
2361.743164	334.907013
2360.884766	329.018036
2360.026367	320.220215
2359.166992	357.994202
2358.307617	349.194092
2357.448242	293.847351
2356.588867	328.695343
2355.729492	282.098999
2354.870117	316.935577
2354.009766	311.059113
2353.149414	313.904480
2352.289063	313.842743
2351.428711	322.497162
2350.568359	342.767365
2349.707031	342.699921
2348.846680	313.595795
2347.985352	299.018585
2347.124023	336.692444
2346.262695	322.116364
2345.400391	339.461121
2344.539063	316.187775
2343.676758	368.329590
2342.814453	313.163361
2341.952148	336.294281
2341.089844	347.821960
2340.227539	324.569733
2339.364258	362.171478
2338.500977	385.274323
2337.638672	353.339661
2336.774414	324.313293
2335.911133	356.095062
2335.047852	344.446594
2334.183594	306.757263
2333.319336	326.950104
2332.455078	358.706085
2331.590820	341.281738
2330.726563	349.889069
2329.861328	303.562592
2328.997070	338.188416
2328.131836	367.020630
2327.266602	340.943665
2326.401367	320.654572
2325.535156	369.690491
2324.669922	358.066559
2323.803711	349.334320
2322.937500	357.924408
2322.071289	349.195557
2321.205078	375.094238
2320.338867	389.443512
2319.471680	357.639984
2318.604492	363.336090
2317.737305	400.743408
2316.870117	392.016266
2316.002930	351.591675
2315.134766	351.521667
2314.267578	371.616943
2313.399414	357.142029
2312.531250	382.987305
2311.663086	382.910980
2310.793945	336.779327
2309.925781	377.002533
2309.056641	382.681946
2308.187500	379.728882
2307.318359	368.148438
2306.449219	379.577301
2305.579102	345.001373
2304.709961	344.932465
2303.839844	356.359009
2302.969727	341.921356
2302.099609	350.471130
2301.228516	353.273193
2300.358398	324.486908
2299.487305	373.228821
2298.616211	378.894989
2297.745117	378.819122
2296.874023	309.880890
2296.002930	324.162292
2295.130859	367.119110
2294.258789	392.853455
2293.387695	352.637146
2292.514648	355.432831
2291.642578	338.166656
2290.770508	332.368347
2289.897461	375.271698
2289.024414	380.924561
2288.151367	389.438660
2287.278320	375.045746
2286.405273	369.245667
2285.531250	323.382782
2284.657227	369.097290
2283.783203	371.883759
2282.909180	380.389191
2282.035156	366.015228
2281.161133	365.941589
2280.286133	388.734711
2279.411133	405.803070
2278.536133	414.292969
2277.661133	359.933807
2276.786133	368.429413
2275.910156	379.777069
2275.035156	399.684753
2274.159180	376.769684
2273.283203	370.986237
2272.406250	353.792419
2271.530273	390.804688
2270.653320	379.317780
2269.777344	396.349854
2268.900391	387.717255
2268.022461	410.441223
2267.145508	376.161804
2266.268555	376.085785
2265.390625	378.858337
2264.512695	378.781769
2263.634766	378.705170
2262.756836	407.096893
2261.877930	432.630829
2261.000000	404.086487
2260.121094	421.075317
2259.242188	372.633118
2258.363281	378.245544
2257.483398	386.699066
2256.604492	366.721100
2255.724609	378.015686
2254.844727	460.346802
2253.964844	394.908844
2253.084961	426.074188
2252.204102	443.027252
2251.324219	391.829193
2250.443359	397.427216
2249.562500	394.508331
2248.681641	405.778656
2247.800781	408.533264
2246.918945	368.739838
2246.037109	439.561981
2245.155273	396.943024
2244.273438	394.027588
2243.391602	416.620667
2242.509766	402.368042
2241.626953	388.121155
2240.744141	385.209717
2239.861328	399.290527
2238.978516	376.559052
2238.095703	376.482361
2237.211914	404.706848
2236.328125	421.601593
2235.444336	415.857727
2234.560547	418.601318
2233.676758	424.171570
2232.791992	392.985474
2231.908203	401.385254
2231.023438	409.781586
2230.138672	395.570404
2229.253906	401.139496
2228.368164	412.354950
2227.483398	457.451050
2226.597656	440.418396
2225.711914	375.408173
2224.826172	443.060394
2223.940430	409.112213
2223.053711	442.879181
2222.166992	476.632263
2221.280273	408.861145
2220.393555	445.426453
2219.506836	467.883881
2218.620117	442.426025
2217.732422	405.708893
2216.844727	385.907837
2215.957031	391.461273
2215.069336	405.459473
2214.181641	427.897247
2213.292969	410.922241
2212.404297	399.582123
2211.515625	452.954346
2210.626953	385.354065
2209.738281	430.270569
2208.848633	404.877380
2207.959961	424.471680
2207.070313	449.678894
2206.180664	410.247650
2205.291016	435.447357
2204.400391	424.122772
2203.510742	373.488251
2202.620117	373.411407
2201.729492	449.124298
2200.838867	401.322205
2199.947266	398.433716
2199.056641	359.077545
2198.165039	406.683746
2197.273438	437.445465
2196.381836	414.926819
2195.489258	384.008484
2194.597656	423.162933
2193.705078	459.499390
2192.812500	372.565918
2191.919922	372.489044
2191.027344	434.014160
2190.134766	422.726501
2189.241211	425.438141
2188.347656	405.761749
2187.454102	416.869019
2186.560547	430.768860
2185.666992	450.256165
2184.772461	427.794708
2183.877930	450.069946
2182.983398	433.207520
2182.088867	368.848755
2181.194336	382.741058
2180.298828	444.111176
2179.404297	469.152344
2178.508789	466.263184
2177.613281	449.418060
2176.716797	446.534088
2175.821289	401.797363
2174.924805	418.452118
2174.028320	440.678162
2173.131836	421.067047
2172.235352	423.767609
2171.338867	482.214355
2170.441406	426.378479
2169.543945	459.724426
2168.646484	392.773804
2167.749023	470.673615
2166.851563	467.791321
2165.953125	437.071259
2165.054688	462.030182
2164.156250	370.103821
2163.257813	439.580719
2162.359375	445.052399
2161.459961	408.806763
2160.560547	411.502075
2159.662109	433.655090
2158.761719	408.551392
2157.862305	447.367798
2156.962891	466.721283
2156.062500	438.848724
2155.162109	413.764709
2154.261719	399.796570
2153.361328	421.919434
2152.459961	396.854523
2151.559570	452.264191
2150.658203	452.169769
2149.756836	416.020233
2148.855469	443.662201
2147.953125	440.797150
2147.051758	415.759460
2146.149414	435.070557
2145.247070	423.897278
2144.344727	434.888580
2143.441406	445.875214
2142.539063	434.706543
2141.635742	426.310760
2140.732422	381.938751
2139.829102	462.104401
2138.924805	439.875458
2138.021484	470.208527
2137.117188	436.925720
2136.212891	447.893188
2135.308594	458.855988
2134.404297	502.977509
2133.499023	508.398010
2132.593750	455.804688
2131.689453	483.327667
2130.783203	444.568054
2129.877930	458.278229
2128.972656	458.181885
2128.066406	480.161987
2127.160156	463.507202
2126.253906	518.577515
2125.347656	532.257446
2124.440430	479.758057
2123.534180	474.143768
2122.626953	509.872833
2121.719727	498.743469
2120.811523	493.128571
2119.904297	504.041962
2118.996094	479.151978
2118.087891	479.050934
2117.179688	492.712830
2116.271484	437.568787
2115.363281	464.990662
2114.454102	500.653473
2113.544922	478.545654
2112.635742	472.945221
2111.726563	481.092590
2110.817383	480.990906
2109.907227	486.385101
2108.997070	502.766388
2108.086914	497.166504
2107.176758	508.046082
2106.266602	488.719269
2105.355469	472.145599
2104.444336	502.234589
2103.533203	485.664978
2102.622070	493.791962
2101.710938	460.774811
2100.798828	510.035400
2099.886719	490.736420
2098.974609	476.927490
2098.062500	506.970490
2097.150391	506.862885
2096.237305	506.755280
2095.325195	512.124939
2094.412109	503.801971
2093.498047	459.895355
2092.584961	481.692719
2091.670898	484.326630
2090.757813	492.430786
2089.843750	475.915161
2088.929688	522.301453
2088.014648	478.446564
2087.100586	519.345642
2086.185547	500.105347
2085.270508	491.802063
2084.355469	458.917450
2083.439453	480.668152
2082.524414	505.140045
2081.608398	483.193054
2080.692383	463.984680
2079.776367	510.274200
2078.860352	463.786591
2077.943359	520.966614
2077.026367	490.858398
2076.109375	496.206329
2075.192383	477.019470
2074.275391	490.543671
2073.357422	523.134644
2072.439453	520.298645
2071.521484	506.569824
2070.603516	495.569733
2069.685547	503.630554
2068.766602	489.913940
2067.848633	470.760834
2066.929688	514.189148
2066.009766	478.718994
2065.090820	511.249237
2064.170898	494.826569
2063.251953	527.339294
2062.332031	532.661377
2061.411133	551.566528
2060.491211	516.133606
2059.570313	535.034058
2058.650391	486.043182
2057.729492	540.233521
2056.807617	553.688049
2055.886719	499.297485
2054.964844	488.338043
2054.043945	501.794922
2053.122070	509.822296
2052.199219	479.888855
2051.277344	533.998474
2050.354492	493.232330
2049.432617	525.639771
2048.509766	530.944153
2047.585938	522.704651
2046.663086	546.961365
2045.739258	541.428955
2044.815430	533.192322
2043.891602	533.077087
2042.967773	551.899597
2042.043945	524.732239
2041.119141	557.069336
2040.194336	529.912476
2039.269531	524.391663
2038.344727	475.633789
2037.418945	526.866455
2036.493164	559.167847
2035.568359	521.236755
2034.641602	496.822601
2033.715820	548.006042
2032.790039	475.015472
2031.863281	485.705872
2031.011719	483.343170
2030.936523	547.649353
2030.085938	475.242432
2030.009766	544.833191
2029.160156	542.656738
2029.083008	525.838623
2028.233398	499.375732
2028.155273	517.636230
2027.307617	496.592346
2027.227539	552.564392
2026.380859	528.889160
2026.299805	587.477234
2025.454102	488.330139
2025.372070	487.661713
2024.527344	536.802246
2024.444336	527.960754
2023.600586	504.346558
2023.515625	562.855957
2022.672852	479.991577
2022.586914	570.810913
2021.746094	512.263367
2021.658203	524.923950
2020.818359	479.828125
2020.729492	559.796875
2019.890625	512.088806
2019.800781	551.602600
2018.962891	547.033081
2018.871094	564.933105
2018.035156	466.111145
2017.941406	586.326416
2017.107422	511.826447
2017.011719	548.552673
2016.179688	476.725159
2016.082031	524.237366
2015.250977	511.651245
2015.152344	505.308197
2014.322266	476.561859
2014.221680	526.695557
2013.393555	508.783844
2013.291016	515.833923
2012.464844	527.537109
2012.360352	574.814209
2011.536133	492.462738
2011.429688	590.801270
2010.606445	500.449829
2010.498047	563.823303
2009.677734	478.842682
2009.566406	550.278442
2008.748047	516.415466
2008.635742	552.841675
2007.818359	500.191223
2007.703125	590.284119
2006.888672	486.661224
2006.771484	571.377136
2005.958008	497.330261
2005.839844	592.707397
2005.028320	489.180878
2004.907227	581.852051
2004.097656	537.468384
2003.974609	562.959106
2003.167969	540.062195
2003.041992	552.114929
2002.237305	539.968628
2002.108398	568.071228
2001.306641	566.734436
2001.175781	519.724609
2000.375000	566.636047
2000.242188	522.288879
1999.444336	526.262390
1999.308594	578.408203
1998.512695	512.748169
1998.375000	597.021667
1997.581055	577.076843
1997.440430	596.890381
1996.649414	571.609131
1996.506836	580.702759
1995.717773	536.628662
1995.572266	527.065796
1994.786133	544.583069
1994.637695	526.949707
1993.854492	504.254883
1993.703125	561.599365
1992.921875	525.620667
1992.767578	569.496704
1991.989258	520.166260
1991.832031	630.852600
1991.056641	576.372009
1990.896484	569.245667
1990.124023	493.180817
1989.960938	590.495483
1989.191406	519.892944
1989.025391	598.379211
1988.258789	535.878113
1988.089844	587.564148
1987.325195	562.573242
1987.153320	608.795654
1986.391602	508.905426
1986.216797	579.295959
1985.458008	573.087402
1985.280273	597.850769
1984.524414	548.888977
1984.342773	576.371521
1983.590820	554.146423
1983.406250	560.237244
1982.656250	556.725342
1982.468750	600.121399
1981.722656	529.866211
1981.531250	586.655457
1980.788086	535.123901
1980.593750	602.521729
1979.853516	502.927612
1979.655273	562.406738
1978.918945	532.260132
1978.717773	543.628235
1977.984375	537.514343
1977.779297	567.486023
1977.048828	550.787842
1976.840820	570.023804
1976.113281	542.670471
1975.901367	639.137207
1975.178711	569.302002
1974.962891	615.033020
1974.243164	558.511780
1974.023438	598.925171
1973.307617	587.802734
1973.083984	580.163025
1972.371094	574.341492
1972.144531	609.301880
1971.435547	555.543152
1971.205078	609.166443
1970.499023	523.399414
1970.264648	555.840515
1969.562500	582.044617
1969.324219	595.600830
1968.625977	515.204529
1968.383789	603.443298
1967.689453	523.119568
1967.443359	613.939941
1966.752930	533.700195
1966.502930	627.088989
1965.815430	629.653748
1965.561523	618.979553
1964.878906	578.857788
1964.620117	624.153503
1963.941406	560.084717
1963.678711	608.082031
1963.003906	551.984680
1962.737305	618.565491
1962.065430	567.882446
1961.794922	578.614502
1961.127930	578.443176
1960.852539	618.289368
1960.190430	533.031677
1959.910156	628.763306
1959.251953	564.912170
1958.967773	583.531677
1958.313477	596.781067
1958.025391	652.348694
1957.375000	583.355164
1957.082031	638.946594
1956.436523	588.576660
1956.139648	591.092163
1955.497070	583.145142
1955.196289	551.209229
1954.558594	577.715515
1954.251953	627.919861
1953.619141	566.964111
1953.308594	609.237183
1952.679688	577.507141
1952.364258	614.397156
1951.740234	564.098633
1951.419922	582.487366
1950.800781	590.600342
1950.475586	614.121582
1949.860352	582.513916
1949.531250	590.165466
1948.920898	579.749084
1948.585938	619.137756
1947.980469	569.008484
1947.641602	632.225159
1947.040039	611.440369
1946.696289	626.793701
1946.099609	592.723816
1945.750000	616.076355
1945.158203	587.301331
1944.804688	621.224854
1944.217773	587.194702
1943.858398	623.728027
1943.276367	563.179443
1942.913086	586.595154
1942.334961	634.789734
1941.965820	620.805481
1941.393555	613.429932
1941.019531	636.512390
1940.452148	597.387878
1940.073242	657.493225
1939.510742	607.897339
1939.125977	623.025757
1938.568359	621.057007
1938.178711	630.803284
1937.625977	658.094177
1937.231445	620.105896
1936.684570	631.442871
1936.283203	633.156677
1935.741211	602.148560
1935.335938	633.013672
1934.798828	596.734192
1934.387695	651.329346
1933.856445	623.141724
1933.439453	664.363953
1932.913086	646.888306
1932.491211	619.405640
1931.969727	588.454529
1931.541992	658.793091
1931.026367	596.297363
1930.593750	663.913086
1930.083008	590.888550
1929.644531	661.128723
1929.139648	627.869507
1928.695313	666.245728
1928.195313	670.134216
1927.745117	652.930786
1927.251953	582.618347
1926.795898	623.828613
1926.307617	563.976807
1925.845703	621.055542
1925.363281	590.346008
1924.895508	594.604614
1924.418945	616.705383
1923.945313	626.034363
1923.473633	590.128662
1922.994141	670.598694
1922.529297	616.478149
1922.042969	641.525085
1921.583984	600.492432
1921.092773	659.779419
1920.638672	629.475037
1920.140625	693.793396
1919.693359	597.626404
1919.189453	662.106628
1918.748047	642.461914
1918.238281	661.955872
1917.801758	631.769592
1917.286133	661.805054
1916.856445	610.509521
1916.333984	680.033508
1915.910156	615.681396
1915.380859	632.628174
1914.963867	620.851196
1914.428711	682.347717
1914.017578	644.508972
1913.475586	598.229919
1913.070313	633.825745
1912.522461	661.050537
1912.124023	602.022705
1911.569336	671.389954
1911.176758	667.909973
1910.616211	684.346619
1910.229492	630.833313
1909.662109	621.276062
1909.282227	599.048340
1908.708984	605.409058
1908.334961	630.598755
1907.754883	636.713135
1907.386719	596.187439
1906.799805	657.524231
1906.439453	617.176453
1905.845703	654.754578
1905.491211	611.787476
1904.890625	672.933472
1904.542969	643.311707
1903.935547	633.511902
1903.594727	593.107117
1902.980469	628.132080
1902.646484	616.716248
1902.025391	669.853821
1901.697266	632.411377
1901.069336	664.467957
1900.748047	669.176941
1900.113281	648.622803
1899.798828	608.468384
1899.157227	645.858887
1898.849609	632.056702
1898.201172	671.852478
1897.900391	602.974548
1897.245117	590.675964
1896.951172	631.820068
1896.288086	681.995300
1896.000977	642.229980
1895.331055	650.489319
1895.050781	628.951599
1894.374023	668.622070
1894.100586	647.251343
1893.416016	658.023132
1893.150391	647.129822
1892.458984	663.092529
1892.200195	623.337219
1891.500977	631.619568
1891.249023	660.034790
1890.542969	654.958252
1890.298828	659.910706
1889.584961	662.633362
1889.347656	654.529236
1888.625977	623.357361
1888.396484	638.637207
1887.666992	688.402893
1887.444336	643.772217
1886.708008	654.352844
1886.493164	598.989441
1885.749023	641.169495
1885.541016	630.396301
1884.790039	700.953918
1884.588867	619.772766
1883.830078	627.846680
1883.637695	630.158386
1882.870117	695.419922
1882.684570	603.787720
1881.910156	690.050720
1881.732422	682.413696
1880.950195	630.013306
1880.779297	658.667114
1879.989258	676.716614
1879.827148	637.553101
1879.028320	647.935791
1878.874023	663.664246
1878.067383	689.409973
1877.920898	569.122009
1877.106445	676.244934
1876.966797	692.256836
1876.145508	702.091003
1876.013672	681.638855
1875.183594	707.127014
1875.059570	636.949341
1874.221680	701.764099
1874.105469	647.311218
1873.259766	732.782837
1873.151367	626.226746
1872.296875	737.807861
1872.197266	665.403259
1871.334961	667.508423
1871.243164	646.942383
1870.372070	695.916382
1870.288086	654.675476
1869.409180	667.196838
1869.333008	625.750671
1868.445313	711.164307
1868.377930	604.689880
1867.482422	664.290222
1867.422852	641.215576
1866.518555	713.426147
1866.467773	659.410339
1865.554688	700.290833
1865.511719	680.214294
1864.590820	700.126953
1864.556641	656.543152
1863.625977	687.000671
1863.600586	653.802612
1862.662109	671.288574
1862.644531	666.751343
1861.697266	686.678650
1861.688477	643.096069
1860.731445	725.377014
1860.731445	679.565063
1859.774414	624.557678
1859.766602	663.046204
1858.818359	710.657654
1858.800781	675.837524
1857.861328	655.665161
1857.835938	670.501160
1856.903320	702.550354
1856.869141	735.048462
1855.946289	652.802734
1855.903320	675.361023
1854.988281	670.952515
1854.936523	745.050537
1854.031250	689.095276
1853.970703	698.320435
1853.073242	634.159180
1853.003906	659.369446
1852.115234	636.646606
1852.036133	690.235840
1851.156250	646.959106
1851.069336	708.164856
1850.198242	691.174255
1850.101563	754.508545
1849.239258	724.941528
1849.133789	725.913818
1848.280273	709.158813
1848.166016	712.828735
1847.321289	677.741943
1847.198242	692.003418
1846.362305	695.854797
1846.229492	725.399170
1845.402344	661.846680
1845.260742	722.646606
1844.443359	729.454163
1844.291992	761.179565
1843.483398	729.313477
1843.322266	711.985718
1842.523438	708.339233
1842.353516	737.607422
1841.563477	726.428284
1841.383789	773.530579
1840.602539	695.049805
1840.414063	729.523987
1839.642578	728.750366
1839.444336	819.553223
1838.681641	676.565979
1838.473633	783.286133
1837.720703	686.841797
1837.502930	731.580200
1836.759766	668.500732
1836.532227	767.461426
1835.797852	759.394653
1835.561523	754.404968
1834.836914	699.443848
1834.589844	777.392700
1833.875000	735.703552
1833.619141	777.207458
1832.913086	735.560913
1832.647461	820.761841
1831.951172	730.221008
1831.674805	794.843018
1830.989258	722.284851
1830.703125	789.509949
1830.026367	740.328186
1829.730469	786.750305
1829.063477	768.752930
1828.757813	763.428162
1828.100586	727.057434
1827.785156	786.374329
1827.137695	726.916077
1826.812500	768.201538
1826.174805	744.944092
1825.838867	716.645264
1825.211914	716.252869
1824.865234	796.081848
1824.248047	778.384216
1823.891602	759.947632
1823.284180	762.667969
1822.917969	821.367981
1822.320313	682.117676
1821.943359	774.980103
1821.356445	702.729553
1820.968750	764.531860
1820.391602	780.370300
1819.994141	748.958679
1819.427734	738.744690
1819.019531	743.650085
1818.462891	728.234192
1818.043945	738.343872
1817.498047	699.590149
1817.069336	756.107727
1816.533203	764.217712
1816.093750	750.800781
1815.567383	756.298218
1815.117188	799.294922
1814.602539	727.665222
1814.141602	801.663513
1813.636719	779.303894
1813.165039	742.576172
1812.670898	693.729492
1812.188477	762.876892
1811.705078	742.766418
1811.211914	757.573914
1810.739258	703.807983
1810.234375	757.390869
1809.772461	768.345703
1809.257813	744.417114
1808.805664	716.464783
1808.280273	723.776917
1807.838867	757.700439
1807.301758	767.068970
1806.872070	765.308289
1806.324219	782.220825
1805.905273	708.288269
1805.345703	792.253906
1804.937500	744.331970
1804.367188	740.960999
1803.970703	739.017822
1803.388672	802.087219
1803.002930	759.540405
1802.410156	781.462097
1802.035156	756.808105
1801.430664	773.612732
1801.066406	761.824219
1800.451172	773.424683
1800.098633	777.166016
1799.471680	791.100098
1799.129883	743.454346
1798.491211	760.291748
1798.161133	789.764709
1797.511719	818.772522
1797.192383	766.385315
1796.531250	759.921387
1796.223633	802.353088
1795.550781	800.527283
1795.253906	786.718445
1794.569336	734.062439
1794.285156	830.404541
1793.588867	820.522156
1793.315430	796.721680
1792.607422	799.941040
1792.345703	786.252869
1791.625977	817.574219
1791.375000	809.293945
1790.643555	804.642578
1790.405273	765.327454
1789.662109	827.357056
1789.434570	770.328918
1788.679688	837.334778
1788.464844	844.876038
1787.697266	826.951660
1787.493164	808.654297
1786.714844	836.924255
1786.522461	808.494263
1785.731445	841.805359
1785.551758	795.462708
1784.748047	887.365356
1784.580078	841.633606
1783.764648	803.262329
1783.608398	831.173706
1782.781250	866.598450
1782.636719	854.164063
1781.796875	807.948730
1781.665039	833.416565
1780.812500	795.049377
1780.693359	807.533630
1779.828125	822.787659
1779.720703	820.229675
1778.843750	845.434448
1778.748047	832.920593
1777.858398	845.225891
1777.775391	822.474243
1776.873047	870.393188
1776.802734	809.462280
1775.887695	854.956482
1775.830078	863.254883
1774.902344	831.918152
1774.856445	806.571838
1773.916016	796.212524
1773.882813	847.502502
1772.930664	806.155823
1772.909180	847.333923
1771.943359	902.265442
1771.935547	829.195068
1770.960938	823.896729
1770.957031	815.891846
1769.987305	831.431030
1769.970703	853.687500
1769.012695	844.093567
1768.983398	850.943115
1768.038086	913.183655
1767.996094	919.094238
1767.063477	882.226196
1767.007813	873.302307
1766.087891	897.434875
1766.020508	898.392029
1765.113281	945.963928
1765.032227	893.108459
1764.137695	868.882813
1764.043945	844.827148
1763.162109	902.022644
1763.054688	867.375854
1762.186523	901.842468
1762.066406	879.800415
1761.209961	850.431458
1761.077148	892.218689
1760.234375	824.651184
1760.087891	886.942200
1759.257813	852.651917
1759.098633	891.773193
1758.281250	883.201416
1758.108398	873.870850
1757.304688	885.584167
1757.118164	871.127319
1756.327148	849.581177
1756.127930	873.433655
1755.350586	867.320251
1755.137695	845.453796
1754.373047	856.914673
1754.146484	870.473022
1753.395508	877.202515
1753.155273	852.597351
1752.417969	894.925110
1751.439453	841.060913
1750.461914	879.230713
1749.483398	884.165039
1748.504883	914.646057
1747.526367	904.244873
1746.546875	937.263306
1745.568359	916.648193
1744.588867	880.724365
1743.609375	908.622681
1742.629883	926.302429
1741.649414	885.295471
1740.669922	928.480286
1739.689453	877.288208
1738.708984	912.807800
1737.728516	920.271545
1736.747070	848.721985
1735.766602	881.677429
1734.785156	965.573242
1733.803711	957.736816
1732.822266	975.370056
1731.839844	952.257813
1730.857422	974.976074
1729.875977	982.414429
1728.893555	1005.117188
1727.910156	951.488159
1726.927734	920.772827
1725.944336	968.904541
1724.960938	1019.559265
1723.977539	1001.558594
1722.994141	981.023621
1722.009766	1026.562744
1721.026367	1051.759521
1720.041992	1000.746948
1719.057617	998.004517
1718.073242	954.640076
1717.087891	1050.906372
1716.102539	992.321167
1715.117188	971.820496
1714.131836	1022.360535
1713.146484	1017.080078
1712.160156	1092.948608
1711.174805	1006.525208
1710.188477	1029.133789
1709.202148	1069.473145
1708.214844	1028.714966
1707.228516	1071.570923
1706.241211	1008.033997
1705.253906	1053.408813
1704.266602	1073.447876
1703.278320	1083.353760
1702.291016	1078.071533
1701.302734	1123.394653
1700.314453	1047.275757
1699.326172	1090.057373
1698.336914	1036.733765
1697.348633	1059.274902
1696.359375	1069.168823
1695.370117	1028.517212
1694.380859	1126.842529
1693.390625	1091.247559
1692.401367	1096.075317
1691.411133	1128.676147
1690.420898	1171.361328
1689.429688	1087.830566
1688.439453	1125.459473
1687.448242	1117.660156
1686.457031	1155.267334
1685.465820	1097.026733
1684.474609	1043.852783
1683.482422	1076.409912
1682.491211	1073.668701
1681.499023	1081.007813
1680.506836	1048.034790
1679.513672	1060.413574
1678.521484	1130.707520
1677.528320	1082.637695
1676.535156	1150.380737
1675.541992	1092.259521
1674.547852	1074.421387
1673.554688	1109.420044
1672.560547	1099.130981
1671.566406	1119.021973
1670.572266	1133.876343
1669.577148	1060.747803
1668.582031	1143.461670
1667.587891	1105.537231
1666.592773	1032.459473
1665.596680	1117.639160
1664.601563	1059.654907
1663.605469	1056.925781
1662.609375	1069.257568
1661.613281	1058.998901
1660.617188	1164.156494
1659.620117	1166.424438
1658.623047	1143.612183
1657.625977	1120.809082
1656.628906	1110.549927
1655.631836	1183.004883
1654.633789	1127.631470
1653.635742	1210.073975
1652.637695	1132.174438
1651.639648	1179.521606
1650.641602	1156.743286
1649.642578	1131.471191
1648.643555	1191.302368
1647.644531	1093.468994
1646.645508	1240.842407
1645.645508	1218.074463
1644.645508	1235.326416
1643.645508	1260.071533
1642.645508	1174.822876
1641.645508	1247.052979
1640.644531	1216.810913
1639.644531	1229.048462
1638.643555	1248.773438
1637.641602	1278.478271
1636.640625	1328.142700
1635.638672	1247.994751
1634.636719	1232.762329
1633.634766	1272.425049
1632.632813	1274.654663
1631.630859	1344.218872
1630.627930	1314.018188
1629.625000	1311.251709
1628.622070	1313.470825
1627.618164	1258.376709
1626.615234	1360.258301
1625.611328	1307.667969
1624.607422	1334.788208
1623.603516	1354.427856
1622.598633	1326.763550
1621.594727	1366.306030
1620.589844	1363.532593
1619.584961	1400.562988
1618.580078	1450.013550
1617.574219	1367.651489
1616.568359	1427.032471
1615.562500	1459.046875
1614.556641	1468.682007
1613.550781	1448.498291
1612.543945	1348.833618
1611.538086	1400.705322
1610.531250	1445.106079
1609.523438	1479.558105
1608.516602	1476.766235
1607.508789	1476.456787
1606.500977	1525.765747
1605.493164	1520.485107
1604.485352	1453.209595
1603.476563	1561.996582
1602.468750	1499.697876
1601.459961	1405.207031
1600.450195	1397.478638
1599.441406	1466.549072
1598.431641	1434.043213
1597.422852	1448.599365
1596.413086	1450.770752
1595.402344	1403.437012
1594.392578	1460.059570
1593.381836	1432.536865
1592.371094	1471.813721
1591.360352	1429.461060
1590.349609	1451.413574
1589.337891	1480.772949
1588.326172	1458.217163
1587.314453	1440.612793
1586.302734	1472.426025
1585.291016	1519.045532
1584.278320	1456.988647
1583.265625	1560.377441
1582.252930	1490.932251
1581.240234	1488.149902
1580.226563	1517.444580
1579.213867	1544.259888
1578.200195	1516.804077
1577.185547	1477.030518
1576.171875	1530.955322
1575.157227	1469.012207
1574.142578	1493.344482
1573.127930	1574.332397
1572.113281	1453.301514
1571.098633	1467.770386
1570.083008	1489.619629
1569.067383	1425.301270
1568.051758	1488.989258
1567.035156	1434.540405
1566.019531	1473.598267
1565.002930	1426.554199
1563.986328	1433.629150
1562.969727	1389.071655
1561.952148	1413.357422
1560.934570	1420.430176
1559.916992	1402.930176
1558.899414	1444.392212
1557.881836	1421.982422
1556.863281	1357.840088
1555.845703	1377.190918
1554.827148	1386.715942
1553.807617	1398.690674
1552.789063	1440.099976
1551.769531	1461.869141
1550.750000	1365.919556
1549.730469	1380.339722
1548.710938	1411.912231
1547.690430	1342.991943
1546.669922	1430.913086
1545.649414	1374.266113
1544.628906	1334.787231
1543.607422	1383.475586
1542.586914	1437.039307
1541.565430	1373.095947
1540.543945	1436.427002
1539.521484	1350.491821
1538.500000	1391.786255
1537.477539	1418.390015
1536.455078	1405.862549
1535.432617	1393.340332
1534.409180	1434.589844
1533.385742	1363.424683
1532.362305	1416.877197
1531.338867	1370.169556
1530.315430	1404.062744
1529.291016	1442.823975
1528.266602	1486.450073
1527.242188	1383.640381
1526.217773	1361.386719
1525.193359	1407.441040
1524.167969	1468.107910
1523.142578	1465.355469
1522.117188	1445.540527
1521.090820	1379.427856
1520.065430	1432.738281
1519.039063	1425.123047
1518.012695	1488.142944
1516.985352	1424.512329
1515.958984	1438.814209
1514.931641	1440.939697
1513.904297	1391.960693
1512.876953	1396.528076
1511.848633	1520.283569
1510.821289	1473.750488
1509.792969	1432.100098
1508.764648	1482.841187
1507.735352	1487.383423
1506.707031	1382.580566
1505.677734	1455.163086
1504.648438	1428.133545
1503.619141	1456.965698
1502.588867	1442.085815
1501.559570	1463.620728
1500.529297	1499.706421
1499.499023	1458.138428
1498.467773	1404.459839
1497.437500	1452.660278
1496.406250	1396.581055
1495.375000	1553.846558
1494.342773	1437.180054
1493.311523	1388.409180
1492.279297	1497.123657
1491.247070	1508.910767
1490.214844	1462.577026
1489.182617	1464.682373
1488.149414	1432.900513
1487.116211	1459.210327
1486.083008	1507.283081
1485.049805	1490.025391
1484.015625	1482.448364
1482.981445	1491.799316
1481.947266	1455.217285
1480.913086	1464.569702
1479.877930	1524.659424
1478.843750	1531.576782
1477.808594	1507.093262
1476.773438	1516.425781
1475.737305	1561.966675
1474.702148	1571.282959
1473.666016	1484.070190
1472.629883	1519.937622
1471.592773	1541.316895
1470.556641	1548.217529
1469.519531	1494.839111
1468.482422	1607.808716
1467.445313	1617.099854
1466.407227	1570.969116
1465.369141	1606.762207
1464.331055	1640.131226
1463.292969	1615.696045
1462.254883	1588.864014
1461.215820	1744.963745
1460.176758	1633.893677
1459.137695	1688.871826
1458.098633	1621.156738
1457.058594	1654.470703
1456.019531	1675.748779
1454.979492	1682.595215
1453.938477	1718.276733
1452.898438	1580.950928
1451.857422	1640.660034
1450.816406	1693.138062
1449.775391	1613.533081
1448.734375	1685.198364
1447.692383	1663.230591
1446.650391	1679.664551
1445.608398	1698.489990
1444.566406	1662.142334
1443.523438	1630.606201
1442.480469	1661.416748
1441.437500	1668.244629
1440.394531	1653.501953
1439.350586	1669.911621
1438.307617	1662.360596
1437.263672	1642.838745
1436.218750	1750.222290
1435.174805	1709.145508
1434.129883	1756.636353
1433.084961	1744.288330
1432.040039	1739.122070
1430.995117	1824.841309
1429.949219	1728.795898
1428.903320	1845.557373
1427.857422	1909.685547
1426.811523	1894.929443
1425.764648	1822.842651
1424.718750	1865.436157
1423.671875	1924.726929
1422.624023	1888.492432
1421.577148	1785.438965
1420.529297	1878.117554
1419.481445	1837.144775
1418.433594	1798.575073
1417.385742	1764.791992
1416.336914	1793.015991
1415.288086	1766.399902
1414.239258	1827.976685
1413.189453	1794.215942
1412.140625	1874.817017
1411.090820	1922.038574
1410.041016	1833.511597
1408.990234	1835.488403
1407.940430	1820.803223
1406.889648	1777.568970
1405.838867	1891.373291
1404.788086	1850.520752
1403.736328	1790.661743
1402.685547	1790.266724
1401.633789	1873.066162
1400.581055	1813.241089
1399.529297	1815.216675
1398.476563	1888.453613
1397.423828	1790.666016
1396.371094	1780.772827
1395.318359	1785.126831
1394.264648	1791.852051
1393.210938	1765.355103
1392.157227	1800.548462
1391.102539	1821.495728
1390.048828	1785.524292
1388.994141	1830.171997
1387.939453	1827.396484
1386.884766	1850.687988
1385.829102	1859.754272
1384.773438	1883.027832
1383.717773	1911.026978
1382.662109	1894.030396
1381.605469	1907.812256
1380.549805	1848.226563
1379.493164	1869.109863
1378.435547	1946.754272
1377.378906	1891.928833
1376.321289	1995.541382
1375.263672	2021.100220
1374.206055	1935.570801
1373.147461	1902.061035
1372.089844	1887.464233
1371.031250	1927.194092
1369.972656	1943.293701
1368.913086	1864.957642
1367.854492	1869.262573
1366.794922	1852.328491
1365.734375	1788.219238
1364.674805	1764.234497
1363.614258	1768.557251
1362.554688	1850.677002
1361.493164	1819.622681
1360.432617	1765.017090
1359.372070	1804.674561
1358.310547	1771.295166
1357.249023	1744.995361
1356.186523	1812.882813
1355.125000	1767.754028
1354.062500	1779.125366
1353.000000	1865.781494
1351.937500	1787.738525
1350.874023	1824.966553
1349.810547	1815.153076
1348.747070	1904.073364
1347.683594	1938.899536
1346.619141	1961.961548
1345.555664	1916.888306
1344.491211	1921.155640
1343.425781	1993.514893
1342.361328	2049.408691
1341.295898	2025.478516
1340.230469	2064.914063
1339.165039	2080.872070
1338.098633	2045.222900
1337.033203	2119.800537
1335.966797	2074.780518
1334.899414	2168.068359
1333.833008	2165.237305
1332.765625	2235.033936
1331.698242	2264.980469
1330.630859	2196.559814
1329.563477	2256.936768
1328.495117	2333.670898
1327.426758	2347.186035
1326.358398	2318.581055
1325.289063	2374.196777
1324.220703	2350.275146
1323.151367	2265.574707
1322.082031	2297.788574
1321.011719	2276.236816
1319.942383	2315.442383
1318.872070	2247.176758
1317.800781	2288.706299
1316.730469	2267.174805
1315.659180	2290.005371
1314.587891	2289.487061
1313.516602	2223.636475
1312.445313	2202.137939
1311.373047	2161.990967
1311.369141	2135.463623
1310.300781	2121.861816
1310.296875	2144.788818
1309.228516	2168.004639
1309.224609	2041.847290
1308.156250	2134.883789
1308.151367	2060.125977
1307.083008	2036.533936
1307.079102	2057.427490
1306.009766	2008.116577
1306.005859	2089.674072
1304.936523	2033.280518
1304.932617	2003.118896
1303.863281	2016.519043
1303.858398	2060.979492
1302.789063	1976.484741
1302.785156	1946.519287
1301.714844	2010.947876
1301.710938	2020.664185
1300.640625	2017.471680
1300.636719	2048.231201
1299.566406	2044.930054
1299.562500	2017.610229
1298.491211	1970.036133
1298.488281	1891.605225
1297.416016	1932.381958
1297.414063	1891.264160
1296.340820	1873.821167
1296.338867	1907.203979
1295.264648	1882.691772
1295.263672	1816.167603
1294.189453	1884.586670
1294.188477	1932.090332
1293.113281	1909.713013
1293.113281	1915.468628
1292.037109	1940.687866
1292.037109	1902.309570
1290.961914	1977.516357
1290.959961	1815.954590
1289.885742	1905.134521
1289.883789	1906.085205
1288.809570	1960.538696
1288.806641	1924.219360
1287.732422	1939.280151
1287.729492	1956.268555
1286.656250	1894.808350
1286.651367	1904.780273
1285.579102	1859.639038
1285.574219	1939.138306
1284.501953	1817.518433
1284.496094	1917.824097
1283.424805	1845.036865
1283.416992	1810.735474
1282.347656	1833.098511
1282.338867	1852.044556
1281.270508	1971.961182
1281.259766	1816.859497
1280.192383	1860.263550
1280.180664	1784.007202
1279.114258	1841.370605
1279.101563	1758.118896
1278.036133	1905.956909
1278.022461	1808.664551
1276.958008	1694.646484
1276.942383	1785.097168
1275.878906	1787.049194
1275.862305	1703.671143
1274.800781	1654.629272
1274.782227	1835.192261
1273.721680	1707.616211
1273.702148	1649.674561
1272.642578	1772.166138
1272.621094	1704.812378
1271.562500	1783.421021
1271.540039	1715.984375
1270.483398	1764.567261
1270.458984	1731.775146
1269.403320	1646.163208
1269.376953	1717.507935
1268.323242	1701.416382
1268.295898	1777.200684
1267.243164	1687.216064
1267.213867	1635.850342
1266.163086	1675.334717
1266.130859	1656.264038
1265.082031	1742.118896
1265.048828	1718.238525
1264.000977	1727.917969
1263.965820	1690.135986
1262.920898	1706.783936
1262.882813	1622.803467
1261.838867	1637.099365
1261.799805	1654.739868
1260.757813	1657.602905
1260.715820	1622.055908
1259.676758	1608.755615
1259.632813	1674.738647
1258.594727	1749.428223
1258.548828	1697.415161
1257.512695	1709.823608
1257.463867	1768.501587
1256.430664	1801.911621
1256.379883	1698.937378
1255.347656	1783.098877
1255.294922	1723.896729
1254.265625	1801.241333
1254.209961	1649.766113
1253.182617	1720.096069
1253.125000	1776.083618
1252.099609	1731.317627
1252.039063	1773.370117
1251.016602	1781.770630
1250.953125	1805.195801
1249.932617	1839.127075
1249.867188	1777.154175
1248.849609	1815.712280
1248.781250	1804.360840
1247.765625	1801.532715
1247.694336	1824.651733
1246.681641	1745.845337
1246.607422	1755.216797
1245.597656	1731.683472
1245.520508	1775.509277
1244.512695	1770.551025
1244.433594	1706.117310
1243.428711	1747.169434
1243.345703	1832.156860
1242.343750	1776.800659
1242.257813	1712.221191
1241.258789	1732.689087
1241.169922	1757.779053
1240.173828	1681.682739
1240.082031	1823.990356
1239.087891	1828.774048
1238.993164	1713.326050
1238.001953	1701.775513
1237.904297	1793.293457
1236.916016	1710.664673
1236.815430	1781.398682
1235.830078	1705.738525
1235.726563	1659.345215
1234.744141	1629.467163
1234.636719	1695.672119
1233.658203	1714.299561
1233.546875	1683.807617
1232.571289	1677.165649
1232.457031	1600.850342
1231.484375	1605.542480
1231.366211	1598.184692
1230.397461	1674.232056
1230.276367	1684.924194
1229.309570	1683.112671
1229.185547	1613.483398
1228.222656	1648.310547
1228.094727	1610.815918
1227.134766	1618.118286
1227.002930	1576.078125
1226.046875	1594.831177
1225.911133	1612.354858
1224.958984	1700.217896
1224.819336	1618.847778
1223.870117	1564.363037
1223.727539	1556.661133
1222.782227	1559.472412
1222.634766	1579.184326
1221.693359	1657.916138
1221.542969	1649.747559
1220.604492	1607.092163
1220.449219	1640.211548
1219.515625	1625.149536
1219.356445	1566.641724
1218.425781	1661.559570
1218.263672	1586.854004
1217.335938	1652.064697
1217.169922	1643.632446
1216.246094	1683.866943
1216.076172	1704.955078
1215.156250	1715.656860
1214.981445	1626.868164
1214.066406	1729.088501
1213.887695	1644.762085
1212.975586	1689.780762
1212.792969	1724.311401
1211.885742	1769.689697
1211.697266	1787.839844
1210.794922	1799.145874
1210.602539	1673.281128
1209.704102	1764.429321
1209.506836	1780.154053
1208.612305	1853.441284
1208.411133	1825.370239
1207.521484	1864.538940
1207.315430	1818.097778
1206.429688	1795.476807
1206.219727	1728.725464
1205.337891	1808.870361
1205.123047	1748.839844
1204.245117	1755.869629
1204.026367	1759.826294
1203.153320	1796.731079
1202.929688	1700.157227
1202.060547	1794.097046
1201.832031	1633.680664
1200.967773	1674.778442
1200.734375	1674.299072
1199.875000	1775.106323
1199.636719	1671.627075
1198.782227	1671.846191
1198.539063	1643.910278
1197.688477	1701.250000
1197.440430	1698.154907
1196.595703	1691.776978
1196.341797	1618.100830
1195.501953	1730.307983
1195.243164	1695.078125
1194.407227	1764.253174
1194.144531	1721.974609
1193.313477	1713.645264
1193.044922	1810.261353
1192.218750	1713.313721
1191.945313	1716.613403
1191.124023	1749.525757
1190.845703	1686.656860
1190.029297	1762.888184
1189.745117	1770.343384
1188.934570	1744.281738
1188.645508	1815.365234
1187.839844	1741.660889
1187.544922	1669.558838
1186.744141	1679.703491
1186.443359	1669.163330
1185.648438	1686.222656
1185.342773	1550.705200
1184.552734	1653.956543
1184.241211	1675.181641
1183.456055	1566.961792
1183.139648	1568.124512
1182.360352	1521.048462
1182.038086	1592.709351
1181.263672	1548.112305
1180.935547	1494.795166
1180.166992	1586.563110
1179.833008	1532.991577
1179.070313	1460.903442
1178.730469	1446.473633
1177.972656	1522.142334
1177.627930	1482.396362
1176.875977	1474.002930
1176.524414	1472.979248
1175.778320	1432.715454
1175.420898	1413.723511
1174.679688	1464.318115
1174.317383	1433.772217
1173.582031	1438.986328
1173.212891	1419.843750
1172.484375	1411.387817
1172.109375	1414.977417
1171.385742	1370.143921
1171.004883	1364.844727
1170.287109	1410.835449
1169.899414	1409.776733
1169.188477	1371.882446
1168.794922	1423.014404
1168.088867	1339.768433
1167.689453	1343.511475
1166.989258	1373.618774
1166.583984	1329.623047
1165.890625	1380.170532
1165.477539	1342.869507
1164.790039	1370.806396
1164.372070	1385.491943
1163.690430	1386.447144
1163.265625	1294.774780
1162.590820	1302.095215
1162.159180	1298.983154
1161.490234	1392.717896
1161.051758	1357.394653
1160.389648	1324.298218
1159.944336	1386.423828
1159.289063	1339.935059
1158.836914	1340.941895
1158.187500	1330.588501
1157.729492	1415.099365
1157.085938	1387.080811
1156.622070	1283.888916
1155.985352	1314.175781
1155.513672	1387.349976
1154.882813	1413.765137
1154.405273	1350.931885
1153.781250	1374.915771
1153.295898	1319.040527
1152.679688	1363.302124
1152.187500	1289.418579
1151.577148	1397.051880
1151.078125	1358.972778
1150.474609	1410.380493
1149.967773	1390.189819
1149.372070	1389.698120
1148.858398	1387.602539
1148.268555	1298.759155
1147.748047	1427.805420
1147.165039	1373.284790
1146.637695	1364.418945
1146.062500	1429.655029
1145.527344	1368.592041
1144.958008	1359.148804
1144.416016	1341.256836
1143.854492	1376.997559
1143.305664	1322.934082
1142.750977	1360.873779
1142.193359	1331.612061
1141.646484	1322.117188
1141.082031	1315.548828
1140.541992	1324.117920
1139.969727	1303.989624
1139.436523	1344.221680
1138.857422	1310.417480
1138.332031	1357.529663
1137.745117	1328.077881
1137.226563	1293.920654
1136.632813	1347.976074
1136.121094	1347.942505
1135.519531	1343.157471
1135.015625	1329.584351
1134.406250	1277.711426
1133.910156	1358.709106
1133.292969	1349.241577
1132.803711	1310.971924
1132.178711	1328.714355
1131.697266	1383.025269
1131.064453	1373.270142
1130.590820	1425.677734
1129.950195	1258.525391
1129.484375	1355.365723
1128.835938	1318.775757
1128.377930	1364.128784
1127.720703	1403.661499
1127.270508	1359.339966
1126.605469	1255.366333
1126.163086	1397.447021
1125.490234	1342.467041
1125.055664	1437.795654
1124.374023	1355.584106
1123.947266	1351.753784
1123.257813	1379.895020
1122.839844	1344.714233
1122.141602	1388.517090
1121.731445	1348.956177
1121.025391	1354.593628
1120.623047	1382.515625
1119.908203	1372.170898
1119.513672	1368.708862
1118.791016	1436.735352
1118.405273	1393.232788
1117.673828	1378.213257
1117.295898	1363.651245
1116.556641	1351.034912
1116.186523	1444.503784
1115.438477	1343.995972
1115.077148	1329.307129
1114.320313	1307.895874
1113.966797	1356.071045
1113.202148	1303.105469
1112.857422	1360.302490
1112.083008	1329.602051
1111.747070	1305.987671
1110.963867	1293.531250
1110.636719	1269.704590
1109.844727	1246.310059
1109.525391	1341.474121
1108.724609	1181.248047
1108.415039	1174.678345
1107.605469	1214.444824
1107.303711	1174.441284
1106.485352	1258.784546
1106.192383	1214.694092
1105.364258	1236.162109
1105.081055	1198.705933
1104.244141	1213.550537
1103.968750	1196.215210
1103.123047	1204.331177
1102.856445	1146.515869
1102.001953	1212.953857
1101.744141	1148.531616
1100.879883	1192.593018
1100.631836	1182.006592
1099.758789	1165.556274
1099.519531	1168.287109
1098.636719	1209.830078
1098.406250	1183.774292
1097.513672	1218.441895
1097.292969	1217.221313
1096.391602	1227.049194
1096.179688	1165.331787
1095.268555	1191.124023
1095.066406	1187.544312
1094.145508	1148.538818
1093.952148	1095.281738
1093.021484	1217.239502
1092.837891	1187.062256
1091.898438	1156.870361
1091.723633	1186.821167
1090.774414	1229.982910
1090.609375	1130.503540
1089.650391	1131.838013
1089.494141	1166.155396
1088.525391	1176.019775
1088.378906	1190.581909
1087.400391	1157.948120
1087.263672	1176.889404
1086.275391	1188.769165
1086.148438	1160.961182
1085.150391	1212.910278
1085.033203	1124.872314
1084.024414	1170.412354
1083.916992	1274.744873
1082.898438	1185.664185
1082.800781	1182.650391
1081.772461	1140.973755
1081.684570	1117.466309
1080.645508	1213.925293
1080.568359	1155.300537
1079.518555	1144.843994
1079.451172	1190.880737
1078.391602	1144.559204
1078.333984	1190.637573
1077.264648	1144.274292
1077.216797	1235.145996
1076.136719	1210.500244
1076.099609	1216.996460
1075.008789	1141.487671
1074.981445	1174.250977
1073.880859	1181.089722
1073.863281	1205.317749
1072.751953	1114.333740
1072.745117	1153.648682
1071.626953	1184.706665
1071.623047	1116.270386
1070.508789	1139.767212
1070.494141	1129.277222
1069.389648	1128.361816
1069.365234	1199.833862
1068.270508	1168.341064
1068.235352	1135.352051
1067.151367	1217.237549
1067.105469	1119.579712
1066.031250	1145.531616
1065.975586	1141.419922
1064.912109	1151.994141
1064.844727	1169.883545
1063.791992	1160.685913
1063.713867	1185.066895
1062.670898	1193.921875
1062.583008	1149.403442
1061.550781	1137.897217
1061.452148	1124.806763
1060.429688	1148.816772
1060.320313	1137.780029
1059.309570	1184.264526
1059.188477	1146.329102
1058.188477	1161.722900
1058.056641	1163.706299
1057.066406	1232.822388
1056.923828	1101.600342
1055.945313	1165.702271
1055.791016	1191.812500
1054.823242	1161.005127
1054.658203	1195.925415
1053.701172	1216.464722
1053.524414	1162.534912
1052.579102	1202.848877
1052.391602	1131.366211
1051.456055	1146.924805
1051.257813	1177.382324
1050.333008	1057.624878
1050.123047	1196.923706
1049.209961	1179.843018
1048.989258	1132.713379
1048.086914	1215.209839
1047.854492	1125.817627
1046.963867	1177.130371
1046.718750	1215.839844
1045.839844	1181.336426
1045.583984	1175.895264
1044.715820	1158.849365
1044.448242	1149.179688
1043.591797	1145.266724
1043.312500	1175.299805
1042.466797	1247.304077
1042.175781	1219.009399
1041.342773	1160.352783
1041.040039	1196.702026
1040.217773	1169.002197
1039.903320	1143.615967
1039.092773	1237.641113
1038.765625	1226.876343
1037.966797	1184.068237
1037.628906	1230.960815
1036.841797	1232.685791
1036.491211	1215.264771
1035.715820	1239.091797
1035.352539	1256.698975
1034.589844	1274.356812
1034.214844	1247.593262
1033.463867	1314.046265
1033.076172	1227.512329
1032.336914	1284.923462
1031.937500	1339.162109
1031.209961	1269.125244
1030.798828	1240.055176
1030.083008	1335.410034
1029.659180	1224.379028
1028.956055	1264.161865
1028.519531	1270.133423
1027.828125	1286.072388
1027.379883	1241.298462
1026.701172	1301.323120
1026.239258	1315.527710
1025.573242	1270.021973
1025.098633	1207.783813
1024.444336	1278.621338
1023.958008	1271.025879
1023.316406	1298.294556
1022.817383	1264.127686
1022.187500	1282.518433
1021.675781	1219.997681
1021.058594	1284.465576
1020.534180	1199.977173
1019.929688	1262.056274
1019.391602	1195.290771
1018.799805	1142.254639
1018.250000	1170.909058
1017.670898	1190.706665
1017.107422	1168.420166
1016.541016	1168.330566
1015.963867	1128.744873
1015.411133	1207.907593
1014.821289	1229.053101
1014.280273	1163.418579
1013.677734	1233.109375
1013.150391	1172.020752
1012.534180	1206.562134
1012.019531	1264.633301
1011.389648	1201.880615
1010.888672	1213.528687
1010.245117	1192.831909
1009.756836	1272.943970
1009.100586	1190.339844
1008.625977	1252.791748
1007.956055	1310.127441
1007.494141	1301.128296
1006.810547	1298.873901
1006.362305	1367.113159
1005.665039	1276.713867
1005.229492	1311.623535
1004.519531	1289.474487
1004.097656	1320.179077
1003.373047	1297.865723
1002.964844	1326.523682
1002.226563	1251.734253
1001.832031	1332.865479
1001.080078	1231.788330
1000.698242	1339.204468
999.932617	1314.293213
999.565430	1332.305786
998.786133	1289.982666
998.431641	1316.588501
997.637695	1219.936890
997.297852	1344.975098
996.490234	1361.182739
996.164063	1346.896729
995.341797	1186.642578
995.029297	1271.679199
994.193359	1184.156860
993.894531	1222.934937
993.044922	1233.900879
992.759766	1244.707764
991.895508	1177.012939
991.625000	1306.117310
990.746094	1185.406128
990.489258	1246.385620
989.596680	1252.505981
989.354492	1195.485474
988.218750	1215.043945
987.082031	1170.773804
985.946289	1188.128662
984.809570	1262.670288
983.672852	1174.431396
982.536133	1156.592651
981.398438	1239.886841
980.261719	1226.437378
979.124023	1252.547607
977.985352	1225.918823
976.847656	1219.069946
975.708984	1273.713501
974.570313	1288.812988
973.431641	1260.003540
972.291992	1299.240601
971.153320	1353.820190
970.013672	1309.658569
968.874023	1283.061768
967.733398	1352.959351
966.592773	1425.019409
965.453125	1389.646973
964.311523	1430.988647
963.170898	1435.066650
962.029297	1423.809448
960.887695	1416.936768
959.746094	1410.066895
958.604492	1383.498169
957.461914	1354.751831
956.319336	1280.066528
955.176758	1306.046265
954.033203	1213.905029
952.890625	1257.381470
951.747070	1254.927246
950.603516	1151.926270
949.458984	1228.168091
948.314453	1188.578125
947.169922	1223.275269
946.025391	1172.783203
944.880859	1181.266846
943.735352	1181.014526
942.589844	1143.658813
941.444336	1165.235352
940.298828	1162.804565
939.152344	1251.983398
938.005859	1251.715576
936.859375	1162.058594
935.711914	1249.000122
934.565430	1231.298462
933.417969	1274.611206
932.269531	1263.446289
931.122070	1206.550415
929.973633	1262.904785
928.825195	1182.086670
927.676758	1234.068848
926.528320	1262.092285
925.378906	1294.454712
924.229492	1244.149780
923.080078	1250.406494
921.929688	1250.137817
920.780273	1217.263916
919.629883	1225.695068
918.478516	1281.923096
917.328125	1270.785889
916.176758	1142.375366
915.025391	1268.067749
913.874023	1165.763306
912.721680	1204.579712
911.570313	1258.568848
910.417969	1236.602905
909.264648	1205.970215
908.112305	1251.249634
906.958984	1211.954346
905.805664	1220.363403
904.652344	1211.431396
903.498047	1213.336670
902.344727	1230.404297
901.189453	1197.652466
900.035156	1284.004395
898.880859	1298.880615
897.725586	1248.820068
896.570313	1306.974365
895.414063	1291.547974
894.258789	1341.015869
893.102539	1284.501587
891.946289	1413.943115
890.790039	1426.606079
889.632813	1530.027710
888.475586	1577.229126
887.318359	1704.334229
886.161133	1781.712280
885.002930	1843.942139
883.844727	1869.446655
882.686523	1793.502441
881.528320	1708.959839
880.369141	1646.026855
879.209961	1585.277832
878.050781	1576.307861
876.890625	1539.315063
875.731445	1515.270630
874.571289	1374.868408
873.410156	1365.951416
872.250000	1387.194580
871.088867	1274.907593
869.927734	1287.548584
868.766602	1242.063232
867.605469	1280.531494
866.443359	1282.404175
865.281250	1200.378540
864.118164	1215.172119
862.956055	1245.011108
861.792969	1208.192749
860.629883	1285.305420
859.466797	1231.303223
858.302734	1252.518433
857.138672	1254.392944
855.974609	1219.759521
854.810547	1245.257080
853.645508	1255.717529
852.480469	1285.487915
851.315430	1214.402466
850.150391	1289.216064
848.984375	1295.367920
847.818359	1299.372925
846.652344	1290.513672
845.486328	1365.244629
844.319336	1379.945068
843.152344	1371.073486
841.985352	1428.602661
840.817383	1456.127197
839.649414	1543.584717
838.481445	1515.420654
837.313477	1786.862671
836.144531	1822.841797
834.976563	1999.980225
833.807617	2375.925293
832.637695	2700.391357
831.468750	3131.594971
830.298828	3522.003418
829.128906	3937.879639
827.958008	3973.329590
826.788086	4070.699463
825.617188	3676.916504
824.445313	3219.262695
823.274414	3013.659668
822.102539	2656.643311
820.930664	2513.122070
819.758789	2320.606689
818.586914	2132.440674
817.414063	2074.407715
816.241211	1901.298950
815.068359	1779.411011
813.894531	1753.451904
812.720703	1718.983765
811.546875	1633.419678
810.373047	1547.893066
809.198242	1549.680176
808.023438	1553.594360
806.848633	1446.864258
805.673828	1425.271851
804.498047	1427.083740
803.322266	1379.989136
802.146484	1358.425415
800.969727	1366.626587
799.793945	1402.447998
798.617188	1366.021973
797.439453	1382.711548
796.262695	1367.540894
795.084961	1354.499878
793.907227	1390.283569
792.728516	1377.242920
791.550781	1398.154053
790.372070	1452.994385
789.193359	1408.137695
788.013672	1511.716187
786.834961	1534.698120
785.655273	1468.660034
784.474609	1406.888672
783.294922	1429.878052
782.114258	1446.503540
780.933594	1437.712646
779.752930	1320.962280
778.571289	1337.600464
777.389648	1347.883057
776.208008	1368.738525
775.026367	1379.009399
773.843750	1334.296509
772.661133	1342.456055
771.478516	1380.202759
770.295898	1379.895508
769.112305	1400.715210
767.928711	1358.158813
766.745117	1474.002563
765.560547	1456.783813
764.375977	1439.572632
763.191406	1456.134399
762.006836	1512.776245
760.821289	1584.158325
759.636719	1609.112061
758.450195	1716.284180
757.264648	1749.628906
756.078125	1806.141113
754.891602	1736.205322
753.705078	1691.579346
752.518555	1642.760986
751.331055	1646.605103
750.143555	1717.812500
748.955078	1542.739014
747.767578	1645.500732
746.579102	1687.207520
745.390625	1636.351318
744.201172	1596.031616
743.012695	1665.051392
741.823242	1658.372925
740.632813	1672.711182
739.443359	1733.263184
738.252930	1844.198853
737.062500	1921.484741
735.872070	2002.934937
734.680664	1916.424927
733.489258	1941.177856
732.297852	1877.799194
731.106445	1820.741699
729.914063	1753.223877
728.721680	1704.606323
727.529297	1645.529419
726.335938	1601.149048
725.142578	1602.884521
723.949219	1573.196899
722.755859	1556.088501
721.561523	1497.110352
720.367188	1425.598389
719.172852	1475.507568
717.978516	1381.015381
716.783203	1403.716187
715.587891	1390.850952
714.392578	1373.809448
713.196289	1371.409302
712.000000	1346.019165
710.803711	1333.177979
709.607422	1341.234009
708.410156	1411.946533
707.212891	1394.922363
706.015625	1388.344360
704.818359	1400.554565
703.620117	1350.155396
702.421875	1391.576904
701.223633	1487.211670
700.024414	1440.997314
698.825195	1538.662354
697.625977	1513.301270
696.426758	1494.203369
695.226563	1475.114014
694.026367	1495.610596
692.826172	1516.097656
691.625000	1480.359131
690.423828	1571.614746
689.222656	1533.798340
688.021484	1489.756958
686.819336	1547.664917
685.617188	1528.596680
684.415039	1538.646362
683.211914	1544.533813
682.009766	1571.201538
680.806641	1599.934814
679.602539	1537.250854
678.399414	1588.824219
677.195313	1455.572510
675.991211	1563.191406
674.786133	1620.949707
673.581055	1614.356445
672.375977	1551.753418
671.170898	1588.733887
669.965820	1582.151855
668.759766	1635.693115
667.553711	1622.885132
666.346680	1620.443604
665.140625	1522.704590
663.933594	1456.078369
662.725586	1542.718872
661.518555	1536.156494
660.310547	1459.223145
659.102539	1543.733887
657.893555	1518.555420
656.685547	1516.140747
655.476563	1482.708008
654.267578	1509.246704
653.057617	1504.768311
651.847656	1454.828369
650.637695	1477.222778
649.427734	1474.819824
648.216797	1447.636597
647.005859	1459.693481
645.794922	1403.627686
644.583984	1359.969360
643.372070	1392.669678
642.160156	1373.786499
640.947266	1340.475830
639.735352	1366.972412
638.522461	1325.432983
637.309570	1428.172241
636.095703	1388.697754
634.881836	1415.158447
633.667969	1456.022949
632.454102	1398.038086
631.239258	1467.706421
630.024414	1450.905518
628.809570	1450.572754
627.594727	1476.981812
626.378906	1521.888184
625.163086	1548.268433
623.947266	1535.578979
622.730469	1469.460205
621.513672	1491.724365
620.296875	1487.273071
619.079102	1497.199951
617.862305	1554.348145
616.643555	1541.673584
615.425781	1504.376465
614.207031	1534.808472
612.989258	1464.707153
611.769531	1437.707764
610.550781	1406.619507
609.331055	1459.595337
608.111328	1449.011353
606.891602	1510.148804
605.670898	1390.983154
604.450195	1491.019409
603.229492	1416.960693
602.007813	1406.397827
600.787109	1316.019043
599.564453	1364.824219
598.342773	1344.051636
597.120117	1315.107422
595.897461	1325.027466
594.674805	1312.455200
593.452148	1324.414795
592.228516	1367.019409
591.004883	1301.330200
589.780273	1325.538330
588.556641	1353.818848
587.332031	1290.219360
586.106445	1332.781738
584.881836	1314.108154
583.656250	1285.242676
582.430664	1284.944702
581.204102	1353.976929
579.978516	1337.353760
578.751953	1312.585327
577.524414	1379.524902
576.297852	1303.827271
575.070313	1378.884521
573.842773	1358.201416
572.614258	1355.849976
571.385742	1359.605591
570.157227	1324.696899
568.928711	1326.423218
567.699219	1338.318237
566.469727	1362.408203
565.240234	1343.794312
564.009766	1428.846436
562.780273	1375.681030
561.548828	1385.518433
560.318359	1399.413086
559.086914	1364.566650
557.855469	1427.182617
556.624023	1386.256714
555.391602	1424.487793
554.160156	1411.983154
552.926758	1395.427734
551.694336	1453.907104
550.460938	1447.485596
549.227539	1410.664795
547.994141	1424.519531
546.759766	1365.436279
545.525391	1373.218628
544.291016	1360.747925
543.055664	1396.869629
541.821289	1376.302979
540.584961	1467.038330
539.349609	1399.934937
538.113281	1373.313843
536.876953	1383.102417
535.640625	1342.346191
534.403320	1420.855591
533.166016	1380.109253
531.928711	1353.523071
530.691406	1343.106934
529.453125	1459.907349
528.214844	1396.982910
526.975586	1435.002197
525.737305	1436.682861
524.498047	1385.911743
523.257813	1397.687134
522.018555	1379.210938
520.778320	1415.172974
519.538086	1394.685547
518.296875	1444.731445
517.055664	1476.623169
515.814453	1429.953003
514.573242	1385.318115
513.331055	1387.004761
512.088867	1511.458618
510.846680	1448.726440
509.603516	1470.512817
508.360352	1429.942383
507.117188	1437.647583
505.874023	1443.338867
504.629883	1438.978394
503.385742	1450.694092
502.140625	1540.747070
500.896484	1494.191406
499.651367	1527.971436
498.405273	1493.484619
497.160156	1547.317383
495.914063	1548.957520
494.667969	1460.329102
493.420898	1488.059692
492.173828	1533.822021
490.926758	1477.331909
489.679688	1577.183960
488.431641	1556.774170
487.183594	1572.429565
485.935547	1527.998657
484.686523	1615.730225
483.437500	1579.316528
482.188477	1658.989014
480.939453	1672.599731
479.689453	1658.200439
478.439453	1723.798340
477.188477	1689.400391
475.937500	1808.927246
474.686523	1774.524780
473.435547	1782.093750
472.183594	1843.588135
470.931641	1871.105591
469.679688	1956.506348
468.426758	1942.068115
467.173828	1981.514526
465.920898	2020.941772
464.667969	2176.032715
463.414063	2285.186279
462.160156	2388.306396
460.905273	2559.142578
459.651367	2743.844971
458.396484	2984.239014
457.140625	3206.592529
455.885742	3375.076904
454.629883	3388.204102
453.373047	3242.105225
452.117188	3062.249756
450.860352	2848.662109
449.603516	2641.142822
448.345703	2380.037598
447.087891	2264.170898
445.830078	1999.305908
444.572266	2040.551025
443.313477	1906.970459
442.054688	1827.074341
440.795898	1878.257690
439.536133	1820.241333
438.276367	1799.958496
437.016602	1855.078613
435.755859	1814.961060
434.495117	1808.574829
433.234375	1869.600220
431.972656	1934.560303
430.710938	1926.167480
429.449219	1989.100830
428.187500	1826.203857
426.924805	1798.040283
425.662109	1815.424072
424.399414	1809.047974
423.135742	1689.883911
421.872070	1798.282593
420.607422	1695.000854
419.343750	1684.704224
418.079102	1674.412476
416.814453	1668.078125
415.548828	1728.927856
414.283203	1673.196899
413.017578	1684.641479
411.750977	1640.794678
410.484375	1737.123047
409.217773	1699.204834
407.951172	1621.843872
406.683594	1674.709595
405.416016	1662.470581
404.147461	1614.748169
402.879883	1701.085571
401.611328	1657.317871
400.341797	1710.109497
399.072266	1741.208618
397.802734	1689.585449
396.533203	1791.548340
395.263672	1720.254883
393.993164	1770.998047
392.721680	1731.220459
391.451172	1707.196655
390.179688	1767.736694
388.908203	1784.998047
387.635742	1804.216187
386.363281	1825.389526
385.090820	1811.192627
383.817383	1869.668213
382.544922	1879.028442
381.270508	1833.420410
379.997070	1883.996704
378.722656	1810.941040
377.448242	1839.920654
376.173828	1896.340454
374.898438	1846.861450
373.623047	1889.530762
372.347656	1875.349976
371.071289	1904.276855
369.794922	1888.140259
368.517578	1934.672729
367.241211	1812.820679
365.963867	1875.005859
364.686523	1853.020874
363.408203	1944.508667
362.129883	1990.968506
360.851563	1947.462280
359.572266	1907.886597
358.292969	1964.091797
357.013672	1979.238525
355.733398	1896.709473
354.453125	1993.885376
353.172852	1981.678955
351.892578	1969.478271
350.611328	1984.603271
349.330078	2015.328003
348.047852	2042.136353
346.765625	1983.131836
345.483398	1933.903687
344.201172	1993.844604
342.917969	1950.483154
341.634766	1948.051880
340.350586	1937.831299
339.066406	1976.292603
337.782227	1971.909180
336.498047	1916.928467
335.212891	1970.930420
333.927734	1968.495728
332.642578	1968.006592
331.356445	1953.908081
330.070313	1967.028076
328.783203	2030.665039
327.497070	1964.106445
326.209961	1983.039917
324.921875	2021.381226
323.634766	2001.464600
322.346680	1967.971924
321.057617	2054.795166
319.768555	2007.726440
318.479492	2026.618652
317.190430	2022.234619
315.900391	2064.373535
314.610352	2052.230225
313.320313	2086.590088
312.029297	2159.671143
310.738281	2137.829590
309.447266	2224.412109
308.155273	2204.500000
306.863281	2285.216553
305.571289	2392.975342
304.278320	2353.694580
302.985352	2443.979492
301.692383	2499.424072
300.398438	2552.907471
299.104492	2652.733398
297.810547	2737.055908
296.515625	2707.400635
295.220703	2749.192627
293.925781	2858.517334
292.629883	2865.515625
291.333984	3049.991943
290.038086	3120.583496
288.741211	3142.934082
287.444336	3294.428467
286.147461	3310.941162
284.849609	3354.418945
283.551758	3459.513672
282.253906	3566.480469
280.955078	3609.858887
279.656250	3614.719238
278.357422	3698.471924
277.057617	3651.363525
275.757813	3744.679688
274.458008	3670.662598
273.157227	3813.906006
271.856445	3995.512695
270.554688	3988.733398
269.253906	4166.360352
267.952148	4282.443848
266.649414	4377.348633
265.346680	4429.978027
264.043945	4661.038086
262.741211	4631.074219
261.437500	4794.835938
260.133789	5004.531738
258.830078	5091.434570
257.525391	5247.285156
256.220703	5280.432129
254.915039	5376.772461
253.609375	5400.292969
252.303711	5529.097656
250.998047	5701.857910
249.691406	5778.852539
248.384766	5938.066895
247.077148	6055.123047
245.769531	6401.563965
244.461914	6361.689941
243.154297	6266.414063
241.845703	6440.578125
240.536133	6251.733887
239.227539	6330.329590
237.917969	6133.971680
236.608398	6149.570313
235.297852	6060.212891
233.987305	5795.397461
232.676758	5687.103516
231.365234	5542.637695
230.053711	5514.520996
228.742188	5438.775879
227.429688	5286.861816
226.117188	5186.451660
224.803711	5253.661621
223.491211	5061.932129
222.177734	5112.008301
220.863281	5129.710938
219.548828	4978.106445
218.234375	4942.584473
216.919922	4992.635254
215.604492	4787.960449
214.289063	4857.025879
212.972656	4838.666016
211.656250	4698.762207
210.339844	4726.020996
209.022461	4683.028809
207.705078	4731.151367
206.387695	4671.103027
205.069336	4489.690430
203.750977	4547.304199
202.432617	4502.514160
201.113281	4381.934570
199.793945	4354.262207
198.474609	4317.131836
197.154297	4530.003418
195.833984	4362.206055
194.513672	4376.206055
193.192383	4375.059570
191.871094	4400.397949
190.548828	4414.374512
189.226563	4545.574707
187.904297	4538.709961
186.581055	4552.635742
185.257813	4653.463867
183.934570	4752.348633
182.610352	4866.287598
181.286133	4840.463867
179.961914	4846.737793
178.636719	5071.883301
177.311523	4979.999512
175.985352	5120.125000
174.660156	5145.167969
173.333008	5183.390625
172.006836	5193.326172
170.679688	5359.616699
169.352539	5450.482910
168.024414	5371.841309
166.696289	5568.067383
165.368164	5623.046875
164.039063	5597.097168
162.709961	5746.081055
161.380859	5863.018555
160.050781	5934.775391
158.720703	6348.539063
157.389648	6438.914551
156.058594	6720.834961
154.727539	6839.228516
153.395508	7064.567871
152.063477	7100.220703
150.731445	7338.501465
149.398438	7627.301758
148.065430	7724.658203
146.732422	7883.831543
145.398438	7996.058594
144.064453	8171.935059
142.729492	8212.833008
141.395508	8298.656250
140.059570	8468.687500
138.724609	8550.648438
137.388672	8426.713867
136.051758	8396.386719
134.715820	8506.350586
133.378906	8494.712891
132.041016	8443.823242
130.703125	8449.023438
129.365234	8401.906250
128.026367	8593.894531
126.687500	8505.678711
125.348633	8620.991211
124.008789	8599.999023
122.668945	8500.651367
121.329102	8505.812500
119.988281	8481.131836
118.647461	8635.436523
117.306641	8631.231445
115.964844	8831.989258
114.622070	8812.827148
113.280273	9013.421875
111.937500	9128.263672
110.593750	8973.158203
109.250000	8911.171875
107.906250	8728.301758
106.562500	8638.515625
105.217773	8154.618164
103.873047	7604.067871
102.527344	6881.001465
101.181641	6251.214355
99.834961	5504.765137
98.489258	4753.152832
