#Wave		#Intensity
3199.989258	31.916132
3199.284180	67.378502
3198.579102	35.456871
3197.874023	53.177059
3197.168945	28.356693
3196.463867	46.072464
3195.757813	38.978329
3195.052734	38.972260
3194.346680	28.339043
3193.640625	56.669243
3192.934570	17.706373
3192.228516	49.570091
3191.522461	38.941837
3190.816406	38.935738
3190.109375	35.390575
3189.403320	42.462025
3188.696289	35.379463
3187.990234	74.285194
3187.283203	45.978836
3186.576172	56.580425
3185.869141	35.357193
3185.162109	53.027420
3184.455078	24.742220
3183.747070	60.078751
3183.040039	38.868336
3182.332031	56.526810
3181.624023	31.791290
3180.916016	52.977077
3180.208008	38.843689
3179.500000	38.837517
3178.791992	35.301216
3178.083984	42.354713
3177.375977	35.289970
3176.666992	52.926514
3175.958008	52.918068
3175.250000	59.964226
3174.541016	31.740690
3173.832031	45.840328
3173.123047	59.935440
3172.413086	28.200392
3171.704102	42.293800
3170.995117	52.858761
3170.285156	35.233509
3169.575195	45.796192
3168.865234	49.311039
3168.155273	52.824741
3167.445313	59.858383
3166.735352	52.807697
3166.025391	38.719387
3165.315430	70.387505
3164.604492	70.376114
3163.893555	42.218834
3163.183594	42.211990
3162.472656	49.239334
3161.761719	35.165241
3161.050781	56.255245
3160.338867	49.215336
3159.627930	38.662899
3158.916992	31.628130
3158.205078	35.136639
3157.493164	42.157089
3156.782227	52.687759
3156.070313	49.167206
3155.358398	49.159168
3154.645508	59.683506
3153.933594	49.143074
3153.221680	49.135017
3152.508789	38.599754
3151.795898	45.610401
3151.083984	45.602909
3150.371094	56.117428
3149.658203	52.601433
3148.945313	56.098957
3148.231445	63.100929
3147.518555	42.060349
3146.804688	42.053406
3146.091797	63.069691
3145.377930	59.555973
3144.664063	45.535271
3143.950195	38.523468
3143.236328	63.027958
3142.522461	59.516537
3141.808594	63.007053
3141.093750	45.497540
3140.379883	45.489979
3139.665039	76.970245
3138.950195	59.467110
3138.235352	41.969795
3137.520508	48.956600
3136.805664	55.941071
3136.089844	59.427471
3135.375000	24.466049
3134.659180	66.396751
3133.944336	41.927776
3133.228516	66.374535
3132.512695	38.420929
3131.796875	59.367847
3131.081055	45.391331
3130.364258	66.330040
3129.648438	59.337963
3128.932617	52.348228
3128.215820	41.871540
3127.499023	59.308033
3126.782227	38.369324
3126.065430	83.700783
3125.348633	41.843334
3124.631836	73.213478
3123.914063	41.829208
3123.197266	62.733212
3122.479492	52.268837
3121.761719	34.839996
3121.043945	38.317509
3120.326172	62.690750
3119.608398	55.715664
3118.890625	38.298023
3118.171875	62.658852
3117.454102	52.206841
3116.735352	45.238235
3116.016602	86.981812
3115.298828	59.137566
3114.579102	73.039848
3113.860352	69.549904
3113.141602	62.584236
3112.422852	66.049866
3111.703125	86.892883
3110.983398	52.126820
3110.264648	38.219799
3109.544922	48.635059
3108.825195	41.680058
3108.104492	48.618404
3107.384766	83.331551
3106.665039	62.487946
3105.944336	76.361046
3105.224609	69.407211
3104.503906	52.046467
3103.783203	38.160847
3103.062500	55.497139
3102.341797	65.891510
3101.620117	69.347534
3100.899414	38.134571
3100.177734	83.188347
3099.457031	62.380497
3098.735352	69.299698
3098.013672	65.823334
3097.291992	51.956810
3096.570313	58.874199
3095.847656	48.476242
3095.125977	55.391827
3094.403320	62.305008
3093.680664	62.294205
3092.958984	55.363022
3092.236328	79.570526
3091.513672	48.425823
3090.790039	76.084496
3090.067383	86.444626
3089.343750	69.143669
3088.621094	51.848724
3087.897461	62.207630
3087.173828	72.562920
3086.450195	62.185944
3085.726563	48.358406
3085.002930	82.885651
3084.278320	75.965248
3083.554688	55.237797
3082.830078	72.486931
3082.105469	79.376556
3081.381836	72.461563
3080.657227	62.099030
3079.931641	62.088146
3079.207031	62.077259
3078.482422	48.273842
3077.756836	65.502998
3077.031250	75.832260
3076.306641	72.372620
3075.581055	58.577057
3074.854492	75.792267
3074.128906	62.000942
3073.403320	72.321693
3072.676758	82.638802
3071.951172	65.410851
3071.224609	61.957245
3070.498047	68.829231
3069.771484	55.053665
3069.044922	61.924435
3068.318359	72.232399
3067.590820	72.219627
3066.864258	48.137901
3066.136719	75.631882
3065.409180	58.432468
3064.682617	89.351463
3063.954102	61.847740
3063.226563	68.707520
3062.499023	89.303925
3061.771484	103.024696
3061.042969	68.670929
3060.314453	68.658722
3059.585938	44.620235
3058.857422	75.497726
3058.128906	75.484291
3057.400391	102.914795
3056.671875	75.457397
3055.942383	48.009785
3055.212891	48.001225
3054.484375	89.129219
3053.754883	82.258438
3053.025391	85.670570
3052.295898	71.950417
3051.565430	99.342339
3050.835938	85.624626
3050.105469	68.487442
3049.375000	71.898941
3048.645508	95.848083
3047.915039	85.563309
3047.184570	68.438370
3046.453125	78.690010
3045.722656	88.937958
3044.991211	85.501915
3044.260742	75.228172
3043.529297	88.890038
3042.797852	85.455826
3042.066406	75.187599
3041.334961	105.927094
3040.602539	112.740799
3039.871094	58.068130
3039.138672	109.285019
3038.407227	64.876282
3037.674805	81.934204
3036.942383	88.746040
3036.209961	78.491943
3035.476563	71.653610
3034.744141	95.520882
3034.010742	95.503616
3033.278320	71.614754
3032.544922	78.421021
3031.811523	81.815811
3031.078125	88.617752
3030.344727	98.824966
3029.610352	95.399910
3028.876953	91.976089
3028.142578	88.553505
3027.408203	85.132149
3026.673828	74.902687
3025.939453	81.697182
3025.205078	78.278900
3024.470703	95.278732
3023.735352	102.065788
3023.000977	88.440918
3022.265625	98.627686
3021.530273	115.611404
3020.794922	95.192047
3020.059570	88.376503
3019.324219	91.758865
3018.587891	91.742126
3017.852539	101.917099
3017.116211	101.898491
3016.379883	115.463867
3015.643555	105.256638
3014.907227	91.658379
3014.170898	108.612289
3013.434570	105.198914
3012.697266	95.000984
3011.959961	101.768127
3011.223633	88.182892
3010.486328	88.166733
3009.749023	111.883423
3009.010742	81.354843
3008.273438	111.842384
3007.536133	77.936447
3006.797852	88.085899
3006.059570	111.780800
3005.321289	94.826889
3004.583008	111.739716
3003.844727	152.344330
3003.106445	132.007462
3002.367188	121.830612
3001.628906	128.575302
3000.889648	142.083374
3000.150391	125.145630
2999.411133	142.031021
2998.671875	114.956299
2997.932617	145.359085
2997.192383	135.192810
2996.453125	141.926239
2995.712891	128.385757
2994.972656	121.606140
2994.232422	124.960991
2993.492188	172.211685
2992.751953	145.171234
2992.010742	165.397079
2991.270508	131.618210
2990.529297	107.974442
2989.788086	165.305237
2989.046875	148.409866
2988.305664	141.637695
2987.564453	165.213348
2986.822266	151.698410
2986.081055	148.299805
2985.338867	155.011932
2984.596680	198.782730
2983.854492	144.848648
2983.112305	168.397354
2982.370117	164.998734
2981.627930	185.168228
2980.884766	171.669510
2980.141602	178.368454
2979.399414	191.794525
2978.656250	188.394623
2977.913086	205.177338
2977.168945	195.050308
2976.425781	205.100876
2975.681641	205.062637
2974.938477	194.941223
2974.194336	225.148697
2973.450195	228.466476
2972.706055	228.423813
2971.961914	225.022614
2971.216797	251.843918
2970.472656	255.154129
2969.727539	245.036438
2968.982422	271.838898
2968.237305	231.523132
2967.492188	278.446716
2966.747070	288.457031
2966.001953	301.817108
2965.255859	281.643188
2964.509766	261.476807
2963.764648	281.537628
2963.018555	311.643921
2962.272461	311.585449
2961.525391	345.024506
2960.779297	368.403595
2960.032227	364.985931
2959.286133	361.569519
2958.539063	358.154327
2957.791992	384.859863
2957.044922	418.247284
2956.297852	388.060486
2955.549805	414.745209
2954.802734	468.172607
2954.054688	417.932556
2953.306641	404.482513
2952.558594	417.775116
2951.810547	394.305389
2951.062500	410.935791
2950.314453	454.282349
2949.565430	457.536316
2948.816406	397.347076
2948.067383	484.071014
2947.319336	490.655212
2946.569336	457.190948
2945.820313	453.768036
2945.071289	447.010498
2944.321289	416.908569
2943.571289	493.526398
2942.822266	446.756958
2942.072266	406.671906
2941.321289	443.255127
2940.571289	416.514282
2939.821289	413.103912
2939.070313	469.650146
2938.320313	389.635834
2937.569336	412.869110
2936.818359	416.119781
2936.066406	392.742554
2935.315430	415.961914
2934.564453	392.593536
2933.812500	415.804016
2933.060547	395.770264
2932.309570	438.922272
2931.556641	388.970795
2930.804688	372.277344
2930.052734	372.206573
2929.299805	372.135773
2928.547852	405.285065
2927.794922	345.423157
2927.041992	335.395172
2926.289063	371.852539
2925.536133	315.350586
2924.783203	305.333954
2924.029297	331.821472
2923.275391	325.123047
2922.522461	325.061066
2921.768555	321.682739
2921.014648	314.989990
2920.259766	331.505127
2919.505859	308.240936
2918.750977	344.633698
2917.997070	331.315277
2917.242188	314.689362
2916.487305	308.005432
2915.732422	311.257813
2914.977539	304.577057
2914.221680	294.588837
2913.466797	307.769867
2912.710938	307.710968
2911.955078	281.187378
2911.199219	317.515503
2910.443359	307.534210
2909.687500	294.250549
2908.930664	317.333008
2908.174805	327.186920
2907.417969	330.428467
2906.661133	300.632233
2905.904297	257.635315
2905.147461	313.726379
2904.389648	280.648682
2903.632813	307.003693
2902.875000	277.240387
2902.117188	310.185608
2901.359375	313.425201
2900.601563	290.274902
2899.843750	356.177948
2899.085938	316.541718
2898.327148	313.184143
2897.568359	313.123871
2896.810547	313.063599
2896.051758	289.939911
2895.291992	270.119232
2894.533203	283.241211
2893.774414	289.772339
2893.014648	266.670868
2892.254883	322.576599
2891.496094	286.313812
2890.736328	312.581177
2889.975586	292.782715
2889.215820	269.702789
2888.455078	286.092834
2887.695313	315.627686
2886.934570	282.695160
2886.173828	285.927063
2885.413086	279.300018
2884.652344	272.675537
2883.890625	269.338196
2883.129883	298.841888
2882.368164	298.784058
2881.606445	292.160828
2880.844727	269.129761
2880.083008	252.670486
2879.321289	285.429535
2878.558594	265.693268
2877.796875	301.716583
2877.034180	311.494781
2876.271484	285.208313
2875.508789	258.932037
2874.746094	242.496887
2873.983398	288.318726
2873.219727	284.987030
2872.456055	298.032013
2871.693359	265.229736
2870.929688	274.999634
2870.165039	268.399872
2869.401367	245.439972
2868.637695	281.383118
2867.873047	310.769745
2867.109375	307.438690
2866.344727	287.758942
2865.580078	248.470734
2864.814453	294.184387
2864.049805	267.982483
2863.285156	258.127960
2862.519531	274.411713
2861.753906	284.156738
2860.988281	277.570313
2860.222656	280.781097
2859.457031	251.348007
2858.690430	290.462463
2857.924805	280.616821
2857.158203	267.512665
2856.391602	287.030731
2855.625000	267.408234
2854.858398	290.179077
2854.091797	277.083191
2853.324219	293.324890
2852.557617	273.716400
2851.790039	254.115540
2851.022461	254.065842
2850.254883	276.812469
2849.487305	283.270294
2848.718750	289.725525
2847.951172	276.649994
2847.182617	263.579559
2846.414063	266.781372
2845.645508	256.970734
2844.876953	279.685486
2844.108398	240.612442
2843.338867	240.565277
2842.570313	250.268845
2841.800781	282.715820
2841.031250	240.423767
2840.261719	250.121582
2839.491211	243.577103
2838.721680	243.529282
2837.951172	243.481461
2837.181641	236.942078
2836.411133	246.630951
2835.640625	256.316010
2834.870117	220.583069
2834.098633	259.458466
2833.328125	243.194473
2832.556641	252.872498
2831.785156	252.822754
2831.013672	259.254364
2830.242188	265.683411
2829.470703	259.152283
2828.699219	239.668640
2827.926758	229.907043
2827.154297	213.674286
2826.381836	262.184937
2825.609375	255.660828
2824.836914	229.725815
2824.064453	207.035934
2823.291016	239.338074
2822.518555	206.954239
2821.745117	252.175690
2820.971680	229.499222
2820.198242	226.222137
2819.423828	190.635284
2818.650391	229.363235
2817.875977	213.168747
2817.102539	219.584991
2816.328125	245.369995
2815.553711	225.953979
2814.778320	229.136551
2814.003906	229.091202
2813.228516	219.367859
2812.454102	216.099075
2811.678711	245.078751
2810.903320	186.996735
2810.127930	254.651993
2809.351563	228.819092
2808.576172	235.218063
2807.799805	215.842255
2807.023438	215.799454
2806.247070	222.197128
2805.470703	196.396164
2804.694336	209.233063
2803.916992	196.318207
2803.140625	228.456146
2802.363281	244.496017
2801.585938	225.148972
2800.808594	196.162247
2800.031250	205.768661
2799.252930	212.156738
2798.475586	260.322388
2797.697266	231.351654
2796.918945	179.904373
2796.140625	228.047638
2795.362305	215.157043
2794.583984	253.642120
2793.804688	224.701416
2793.026367	221.447266
2792.247070	211.776917
2791.467773	218.150909
2790.688477	192.447708
2789.908203	214.857086
2789.128906	192.370956
2788.348633	205.154739
2787.569336	189.089279
2786.789063	208.277100
2786.007813	208.235519
2785.227539	230.614807
2784.447266	236.973419
2783.666016	211.312439
2782.884766	204.868073
2782.104492	217.628799
2781.323242	204.786148
2780.541016	243.134903
2779.759766	220.696732
2778.977539	195.069656
2778.196289	211.016724
2777.414063	204.581299
2776.631836	191.756546
2775.849609	217.280548
2775.066406	217.237000
2774.284180	229.969543
2773.500977	162.862442
2772.717773	217.106369
2771.934570	178.757614
2771.151367	217.019257
2770.368164	223.357330
2769.583984	178.649994
2768.800781	169.045502
2768.016602	191.333832
2767.232422	219.989700
2766.448242	184.881714
2765.664063	223.088242
2764.878906	203.925385
2764.094727	210.255753
2763.309570	213.398514
2762.524414	219.724396
2761.739258	216.496399
2760.954102	187.804642
2760.167969	219.591705
2759.382813	187.728989
2758.596680	194.053574
2757.810547	187.653336
2757.024414	193.975357
2756.238281	193.936234
2755.452148	228.862183
2754.665039	219.281998
2753.877930	238.301895
2753.090820	216.016769
2752.303711	228.677460
2751.516602	222.280396
2750.729492	206.361526
2749.941406	209.493973
2749.154297	203.104614
2748.366211	225.273621
2747.578125	215.711380
2746.790039	193.466660
2746.000977	215.624100
2745.212891	237.772568
2744.423828	218.706467
2743.634766	186.972000
2742.845703	243.964890
2742.056641	240.747711
2741.267578	202.693832
2740.477539	237.483673
2739.688477	215.274872
2738.898438	193.075043
2738.108398	234.174667
2737.318359	240.454895
2736.528320	192.957504
2735.737305	221.381683
2734.946289	237.146484
2734.156250	214.969116
2733.365234	240.210770
2732.574219	237.001923
2731.782227	180.084824
2730.991211	236.905518
2730.199219	205.276352
2729.407227	233.651657
2728.616211	189.408722
2727.823242	233.556519
2727.031250	224.042374
2726.239258	236.616257
2725.446289	223.951065
2724.653320	217.598221
2723.860352	186.024307
2723.067383	226.966400
2722.274414	264.740112
2721.481445	201.665588
2720.687500	207.925171
2719.893555	220.481659
2719.099609	239.331192
2718.305664	192.055527
2717.511719	214.050919
2716.717773	210.860001
2715.922852	213.963394
2715.127930	210.773758
2714.333008	217.021088
2713.538086	248.422562
2712.743164	204.356461
2711.947266	204.314606
2711.152344	188.559464
2710.356445	254.503113
2709.560547	226.178619
2708.764648	216.710068
2707.968750	226.085861
2707.171875	238.597229
2706.375977	200.882751
2705.579102	241.637436
2704.782227	203.937775
2703.985352	219.580185
2703.188477	216.398849
2702.390625	225.761093
2701.593750	206.905121
2700.795898	231.936813
2699.998047	225.621826
2699.200195	260.038330
2698.402344	216.131927
2697.603516	212.955734
2696.804688	231.698212
2696.006836	244.172119
2695.208008	240.992035
2694.409180	203.392899
2693.609375	206.479431
2692.810547	250.226471
2692.010742	190.758316
2691.210938	231.363968
2690.411133	225.064407
2689.611328	246.894669
2688.811523	206.223816
2688.011719	212.429123
2687.210938	228.001770
2686.410156	221.709290
2685.609375	243.517563
2684.808594	230.981689
2684.007813	224.692429
2683.206055	262.086884
2682.404297	221.479935
2681.603516	237.028000
2680.801758	249.451447
2679.999023	268.104706
2679.197266	230.646927
2678.395508	252.412506
2677.592773	252.360123
2676.790039	246.077927
2675.987305	227.341248
2675.184570	261.543823
2674.380859	230.359772
2673.578125	236.536545
2672.774414	217.817307
2671.970703	251.993317
2671.166992	230.168228
2670.363281	233.230057
2669.559570	233.181503
2668.754883	273.542664
2667.950195	248.623352
2667.146484	242.357254
2666.340820	211.241760
2665.536133	220.515259
2664.731445	208.048462
2663.925781	214.214157
2663.120117	242.104584
2662.314453	248.260559
2661.508789	263.721741
2660.703125	232.647034
2659.897461	272.915466
2659.090820	226.348450
2658.284180	248.001221
2657.477539	220.055038
2656.670898	210.712814
2655.864258	257.139740
2655.090820	248.337585
2655.056641	272.572998
2654.285156	270.067108
2654.250000	238.451401
2653.479492	229.675232
2653.442383	256.978149
2652.673828	217.225311
2652.634766	250.733337
2651.868164	238.909256
2651.827148	232.111816
2651.062500	248.177277
2651.018555	244.439819
2650.256836	214.018280
2650.210938	259.856140
2649.450195	251.198166
2649.402344	265.987335
2648.644531	254.258148
2648.593750	256.654785
2647.837891	223.214844
2647.785156	256.600891
2647.031250	254.175613
2646.976563	265.819733
2646.224609	272.729492
2646.166992	250.312454
2645.417969	204.513840
2645.358398	234.811676
2644.610352	257.149780
2644.548828	240.940231
2643.803711	238.521744
2643.739258	253.242828
2642.997070	229.191299
2642.929688	240.838806
2642.189453	241.540573
2642.120117	231.527008
2641.381836	241.501099
2641.309570	237.650986
2640.574219	232.174606
2640.500000	243.772339
2639.766602	278.563904
2639.689453	249.891098
2638.958984	238.287842
2638.878906	252.922821
2638.150391	266.096008
2638.068359	231.283035
2637.342773	262.958710
2637.256836	221.984863
2636.534180	272.194855
2636.446289	262.010132
2635.725586	241.223953
2635.634766	277.363892
2634.916992	259.736877
2634.823242	228.006561
2634.108398	281.335266
2634.011719	252.602524
2633.299805	268.924530
2633.200195	240.229645
2632.491211	241.064957
2632.388672	270.970978
2631.681641	244.115204
2631.576172	233.970871
2630.873047	216.268845
2630.763672	252.388824
2630.063477	278.013947
2629.952148	255.412643
2629.253906	262.525238
2629.138672	301.507660
2628.444336	259.393707
2628.326172	255.304413
2627.634766	228.475601
2627.513672	289.078644
2626.825195	259.307617
2626.700195	270.569427
2626.014648	228.399704
2625.886719	255.142014
2625.205078	256.135437
2625.073242	273.527954
2624.394531	246.836441
2624.259766	285.760651
2623.583984	252.965210
2623.446289	276.483856
2622.773438	256.007446
2622.631836	267.210938
2621.962891	265.216461
2621.818359	261.012665
2621.152344	262.088776
2621.003906	267.097321
2620.341797	283.625153
2620.189453	285.457092
2619.530273	274.330597
2619.375000	245.502228
2618.718750	237.302475
2618.559570	273.063080
2617.908203	258.832062
2617.745117	269.937469
2617.096680	298.839264
2616.929688	245.345413
2616.284180	246.424011
2616.114258	279.020935
2615.472656	252.542191
2615.298828	278.961456
2614.661133	249.420471
2614.483398	315.680237
2613.848633	270.929749
2613.666992	278.842438
2613.037109	258.571228
2612.851563	278.782928
2612.224609	246.216797
2612.035156	245.031540
2611.412109	295.410339
2611.218750	266.414886
2610.599609	258.440430
2610.402344	275.542694
2609.787109	267.625214
2609.584961	299.971252
2608.973633	273.731262
2608.768555	263.183777
2608.161133	267.534729
2607.951172	281.485168
2607.347656	307.459106
2607.133789	272.248047
2606.535156	307.407013
2606.316406	281.364655
2605.721680	307.354889
2605.499023	299.650330
2604.908203	270.426422
2604.680664	299.586121
2604.093750	279.597992
2603.863281	256.733032
2603.280273	282.622467
2603.044922	247.510910
2602.466797	282.574402
2602.226563	293.283325
2601.652344	307.093781
2601.408203	293.220367
2600.837891	254.844437
2600.589844	262.620178
2600.023438	257.870880
2599.770508	277.829102
2599.208984	294.659302
2598.951172	265.559753
2598.394531	288.471283
2598.132813	289.916687
2597.580078	273.080414
2597.313477	305.109802
2596.764648	312.915039
2596.493164	265.388428
2595.950195	263.785187
2595.673828	292.779358
2595.134766	303.607697
2594.853516	286.618042
2594.319336	266.761047
2594.034180	298.750183
2593.503906	260.583893
2593.213867	243.825134
2592.688477	291.190857
2592.392578	280.338440
2591.872070	266.623718
2591.572266	277.231476
2591.056641	263.513763
2590.751953	316.767578
2590.240234	254.277695
2589.930664	243.614777
2589.423828	275.675323
2589.109375	261.829315
2588.608398	297.065582
2588.288086	243.509521
2587.791992	300.076385
2587.466797	276.932190
2586.974609	263.286896
2586.644531	289.042511
2586.158203	257.119568
2585.823242	273.770508
2585.340820	293.800171
2585.000977	273.711273
2584.524414	290.689484
2584.178711	267.570831
2583.707031	253.926880
2583.356445	282.712463
2582.889648	281.412384
2582.534180	319.122314
2582.072266	305.830048
2581.710938	279.551300
2581.254883	311.892578
2580.888672	309.870087
2580.437500	278.208832
2580.065430	270.318176
2579.619141	275.103821
2579.242188	309.735596
2578.800781	256.718964
2578.417969	294.488495
2577.983398	244.451752
2577.594727	264.071472
2577.165039	317.731995
2576.770508	294.360504
2576.346680	271.857941
2575.947266	282.160553
2575.527344	299.297028
2575.123047	276.032501
2574.708984	280.923767
2574.298828	306.299072
2573.889648	286.980713
2573.473633	266.816315
2573.071289	265.563446
2572.649414	281.914886
2572.251953	302.140106
2571.824219	260.638672
2571.432617	259.367889
2570.999023	257.551819
2570.613281	323.390442
2570.173828	272.642426
2569.793945	295.880981
2569.348633	254.410736
2568.973633	256.181946
2568.522461	281.607513
2568.154297	298.826569
2567.697266	296.682892
2567.333984	283.530579
2566.871094	290.564606
2566.513672	301.769897
2566.044922	317.735565
2565.693359	326.098083
2565.218750	278.335968
2564.873047	295.569672
2564.392578	278.275055
2564.052734	274.191681
2563.565430	254.021606
2563.231445	274.143463
2562.738281	275.129791
2562.411133	298.459198
2561.911133	287.160461
2561.589844	261.867035
2561.083984	296.163727
2560.768555	295.309601
2560.256836	329.334351
2559.947266	286.125824
2559.428711	265.826263
2559.125977	310.422150
2558.601563	286.908539
2558.304688	301.238892
2557.773438	262.690094
2557.482422	285.974243
2556.945313	262.632355
2556.660156	301.132385
2556.117188	292.755615
2555.838867	279.790680
2555.288086	280.621460
2555.016602	319.269775
2554.459961	286.593262
2554.194336	310.092834
2553.630859	271.449615
2553.371094	273.562805
2552.801758	295.513367
2552.548828	328.217133
2551.972656	298.463013
2551.726563	343.351410
2551.142578	286.340759
2550.903320	288.606995
2550.313477	286.277588
2550.080078	303.742828
2549.483398	295.252777
2549.256836	294.578156
2548.653320	253.017929
2548.433594	309.707489
2547.823242	286.088013
2547.610352	297.509094
2546.993164	273.981628
2546.786133	312.632446
2546.163086	279.941284
2545.962891	297.403076
2545.332031	279.879364
2545.138672	339.828613
2544.500977	309.905304
2544.314453	315.498810
2543.669922	282.763580
2543.490234	294.210754
2542.838867	315.782959
2542.666016	285.060516
2542.006836	294.665436
2541.841797	248.625336
2541.175781	312.636810
2541.016602	294.052979
2540.343750	291.529266
2540.192383	278.845673
2539.511719	282.450195
2539.367188	293.947662
2538.679688	294.403931
2538.541992	306.014374
2537.847656	318.366150
2537.716797	312.018097
2537.014648	330.306519
2536.891602	314.990875
2536.181641	333.235168
2536.065430	290.708588
2535.348633	333.161011
2535.240234	330.016083
2534.515625	315.082153
2534.414063	326.929626
2533.682617	276.010468
2533.587891	305.684784
2532.848633	317.941193
2532.761719	314.707886
2532.015625	275.887421
2531.935547	335.829651
2531.181641	272.827789
2531.109375	329.719269
2530.347656	308.736145
2530.282227	335.708618
2529.513672	278.699493
2529.456055	284.242523
2528.678711	302.606018
2528.628906	314.424316
2527.843750	272.584076
2527.801758	311.344788
2527.009766	344.397339
2526.974609	305.244110
2526.174805	284.438507
2526.147461	335.405640
2525.338867	317.302429
2525.319336	338.366119
2524.503906	284.311127
2524.492188	353.407776
2523.667969	323.144409
2523.664063	295.963165
2522.835938	323.084900
2522.833008	332.046173
2522.007813	292.836975
2521.997070	334.962402
2521.179688	316.930969
2521.160156	296.016388
2520.351563	334.980530
2520.324219	295.949890
2519.522461	298.712158
2519.488281	325.770599
2518.694336	316.758392
2518.651367	298.804932
2517.865234	316.700806
2517.814453	289.775574
2517.036133	319.658875
2516.977539	340.484344
2516.207031	358.797028
2516.139648	307.561310
2515.377930	319.542511
2515.302734	337.345642
2514.548828	340.582336
2514.464844	307.422729
2513.718750	319.426086
2513.626953	295.417328
2512.888672	340.458160
2512.789063	331.150757
2512.058594	328.346649
2511.951172	310.197327
2511.229492	319.251282
2511.112305	336.965179
2510.398438	298.114197
2510.274414	316.019775
2509.568359	310.102539
2509.435547	307.006378
2508.738281	328.106781
2508.596680	309.916901
2507.907227	328.046753
2507.757813	327.722504
2507.076172	321.968628
2506.917969	309.776550
2506.245117	318.901184
2506.078125	333.529907
2505.414063	336.890442
2505.239258	309.636139
2504.583008	312.769501
2504.399414	300.636108
2503.751953	330.753235
2503.558594	294.615997
2502.919922	309.648468
2502.718750	354.053955
2502.087891	342.654816
2501.877930	333.151550
2501.255859	321.555542
2501.037109	303.336884
2500.423828	339.524292
2500.196289	341.919647
2499.591797	336.457794
2499.355469	315.088989
2498.759766	348.410034
2498.514648	344.735840
2497.926758	294.292236
2497.672852	311.974243
2497.094727	360.291504
2496.831055	338.637665
2496.261719	348.217621
2495.989258	347.469910
2495.428711	330.145508
2495.147461	338.483154
2494.595703	303.077698
2494.305664	308.721130
2493.762695	339.024384
2493.462891	299.747192
2492.928711	311.964844
2492.620117	308.579987
2492.095703	341.898315
2491.777344	329.274445
2491.261719	389.812012
2490.934570	323.267578
2490.427734	341.771973
2490.091797	314.298309
2489.593750	344.706207
2489.248047	320.155060
2488.759766	344.642426
2488.404297	290.444458
2487.924805	356.563965
2487.560547	322.971252
2487.090820	350.506378
2486.716797	305.122955
2486.255859	344.450989
2485.873047	331.707977
2485.420898	347.381805
2485.028320	361.241730
2484.585938	344.323273
2484.184570	349.317383
2483.750977	362.220734
2483.339844	331.479218
2482.916016	338.209473
2482.494141	325.484985
2482.080078	359.093781
2481.649414	319.493469
2481.245117	353.043274
2480.803711	357.868500
2480.409180	344.003632
2479.958984	325.259979
2479.573242	311.041077
2479.113281	298.578888
2478.737305	313.973419
2478.267578	310.332123
2477.900391	316.904663
2477.420898	360.493042
2477.064453	373.638702
2476.575195	322.005402
2476.227539	352.649231
2475.728516	324.884430
2475.391602	373.499451
2474.881836	354.337341
2474.554688	346.542847
2474.035156	369.015930
2473.717773	373.360138
2473.187500	342.367432
2472.879883	328.495575
2472.340820	359.992584
2472.042969	349.334595
2471.493164	333.358398
2471.205078	340.313721
2470.645508	342.129181
2470.368164	328.311493
2469.797852	353.844543
2469.530273	337.202393
2468.949219	315.438049
2468.692383	381.892303
2468.101563	359.574707
2467.854492	304.263458
2467.252930	330.024567
2467.015625	351.925171
2466.404297	356.461365
2466.177734	357.822968
2465.555664	338.706665
2465.338867	310.055115
2464.707031	347.461487
2464.500000	327.881409
2463.857422	353.268219
2463.661133	363.582092
2463.007813	353.185791
2462.822266	354.574982
2462.158203	353.103302
2461.983398	363.445618
2461.308594	335.369751
2461.143555	336.570831
2460.458984	361.761688
2460.304688	330.551697
2459.608398	367.557953
2459.464844	366.218170
2458.757813	332.194611
2458.625000	369.126129
2457.907227	314.482269
2457.785156	404.771820
2457.056641	343.792511
2456.944336	363.035797
2456.205078	343.711884
2456.104492	398.669159
2455.354492	305.449982
2455.263672	336.127808
2454.502930	314.187225
2454.422852	365.804688
2453.651367	319.984650
2453.582031	306.266510
2452.799805	337.519104
2452.741211	353.775146
2451.947266	316.899902
2451.900391	344.791351
2451.095703	325.625977
2451.059570	344.726288
2450.243164	351.945160
2450.217773	332.776306
2449.390625	319.608154
2449.375977	347.566711
2448.537109	287.286316
2448.534180	323.740265
2447.692383	344.465790
2447.684570	328.249725
2446.850586	341.431641
2446.831055	339.892639
2446.008789	371.051117
2445.977539	339.812317
2445.166016	347.238098
2445.124023	325.088318
2444.323242	356.074188
2444.270508	333.795502
2443.480469	332.272949
2443.416016	362.989807
2442.637695	320.345337
2442.562500	362.903809
2441.794922	352.906158
2441.708008	330.632324
2440.952148	394.349701
2440.853516	315.927582
2440.108398	343.878845
2439.998047	342.173645
2439.264648	355.669189
2439.143555	301.158234
2438.421875	346.711609
2438.288086	353.703705
2437.577148	370.347992
2437.432617	301.015015
2436.733398	343.617615
2436.577148	350.613617
2435.889648	367.245544
2435.720703	344.687927
2435.044922	340.525818
2434.865234	335.844604
2434.201172	340.461029
2434.008789	359.122040
2433.356445	364.075958
2433.152344	329.846405
2432.511719	369.925415
2432.295898	312.257843
2431.666992	313.636993
2431.438477	329.688812
2430.821289	319.493774
2430.582031	355.862091
2429.976563	363.798523
2429.724609	344.112122
2429.130859	328.243378
2428.867188	338.198700
2428.285156	325.224152
2428.008789	323.543640
2427.439453	345.854187
2427.151367	323.466064
2426.593750	319.189056
2426.292969	343.782318
2425.747070	363.451447
2425.434570	329.136230
2424.901367	369.290619
2424.576172	326.145142
2424.054688	342.636200
2423.717773	343.534576
2423.208008	333.711090
2422.858398	337.630707
2422.361328	342.505127
2422.000000	299.720612
2421.514648	354.247833
2421.140625	349.104950
2420.667969	351.228516
2420.281250	311.210205
2419.820313	312.799072
2419.420898	305.319519
2418.973633	315.689514
2418.561523	290.710297
2418.125977	315.629028
2417.701172	354.580872
2417.278320	321.466980
2416.840820	334.155273
2416.430664	389.224792
2415.979492	331.169434
2415.582031	344.928497
2415.119141	313.663513
2414.734375	324.229492
2414.257813	336.816254
2413.885742	338.902100
2413.396484	310.608643
2413.037109	315.265747
2412.188477	380.013702
2411.339844	353.433167
2410.491211	368.088745
2409.641602	350.353058
2408.791992	362.059967
2407.942383	344.332184
2407.092773	353.093201
2406.243164	355.967072
2405.393555	367.663696
2404.542969	347.007629
2403.693359	326.359497
2402.842773	332.175751
2401.992188	367.380127
2401.141602	334.985992
2400.290039	346.672943
2399.439453	361.292664
2398.587891	358.286072
2397.736328	367.025421
2396.884766	349.340607
2396.033203	366.883453
2395.180664	346.270935
2394.329102	340.336060
2393.476563	343.203522
2392.624023	363.666595
2391.771484	346.002777
2390.918945	381.115601
2390.066406	342.937531
2389.212891	366.315186
2388.359375	377.963898
2387.505859	354.455475
2386.652344	366.101898
2385.798828	357.246063
2384.945313	377.670380
2384.090820	362.961456
2383.236328	345.331635
2382.381836	342.338501
2381.527344	356.898895
2380.672852	365.603943
2379.818359	386.002594
2378.962891	377.156342
2378.107422	362.467255
2377.251953	356.551514
2376.396484	365.247986
2375.541016	394.390900
2374.684570	309.609497
2373.829102	376.715393
2372.972656	382.481262
2372.116211	376.568329
2371.259766	385.250458
2370.403320	373.503235
2369.545898	373.430237
2368.688477	364.606659
2367.832031	364.535370
2366.974609	361.548340
2366.116211	335.241333
2365.258789	387.638000
2364.401367	390.476105
2363.542969	372.919037
2362.684570	364.107391
2361.826172	393.158936
2360.967773	361.052979
2360.108398	395.915924
2359.250000	343.447906
2358.390625	381.210571
2357.531250	386.954620
2356.671875	363.607758
2355.812500	363.536346
2354.953125	412.896149
2354.092773	302.343384
2353.232422	360.415466
2352.372070	337.096558
2351.511719	383.517181
2350.651367	363.107697
2349.790039	380.461975
2348.929688	447.172607
2348.068359	415.149933
2347.207031	397.652710
2346.345703	400.476349
2345.484375	380.087402
2344.622070	388.715027
2343.759766	377.037231
2342.897461	356.664856
2342.035156	376.888458
2341.172852	397.104065
2340.310547	379.637665
2339.447266	405.639496
2338.584961	370.797150
2337.721680	393.894104
2336.858398	382.233398
2335.994141	437.165405
2335.130859	402.344177
2334.266602	361.748718
2333.403320	390.611298
2332.539063	402.105347
2331.674805	361.533905
2330.809570	425.079681
2329.945313	407.648682
2329.080078	422.020660
2328.214844	424.826996
2327.349609	450.747406
2326.484375	387.103668
2325.619141	404.356415
2324.752930	384.062347
2323.887695	427.292816
2323.021484	349.271362
2322.155273	412.693268
2321.289063	438.579803
2320.421875	395.220337
2319.555664	441.289703
2318.688477	438.318298
2317.821289	429.581818
2316.954102	392.023499
2316.085938	397.709381
2315.218750	414.918488
2314.350586	360.100555
2313.483398	423.393921
2312.615234	408.911285
2311.746094	385.797119
2310.877930	397.234253
2310.008789	388.521240
2309.140625	425.849426
2308.271484	420.010895
2307.402344	388.288727
2306.533203	416.967590
2305.663086	419.759399
2304.793945	402.428619
2303.923828	408.096069
2303.053711	410.887848
2302.183594	416.551239
2301.312500	425.084534
2300.442383	407.769806
2299.571289	373.235718
2298.700195	424.829468
2297.829102	439.093933
2296.958008	401.704834
2296.086914	433.180603
2295.214844	415.884796
2294.343750	430.139465
2293.471680	441.521332
2292.599609	409.901886
2291.726563	412.685577
2290.854492	446.986359
2289.981445	403.925842
2289.108398	380.931610
2288.235352	398.036560
2287.362305	409.408630
2286.489258	357.802795
2285.615234	414.967865
2284.742188	417.745758
2283.868164	454.850830
2282.994141	406.137329
2282.119141	440.370209
2281.245117	403.114990
2280.370117	431.617828
2279.496094	465.824829
2278.621094	480.017273
2277.746094	391.363831
2276.870117	399.853271
2275.995117	402.628235
2275.119141	456.791046
2274.243164	425.300903
2273.367188	468.022034
2272.491211	445.101898
2271.614258	393.664551
2270.738281	444.922302
2269.861328	422.020599
2268.984375	433.339050
2268.107422	441.802551
2267.230469	436.013794
2266.352539	424.528931
2265.474609	413.048706
2264.597656	452.837708
2263.719727	449.898682
2262.840820	472.582764
2261.962891	489.565002
2261.083984	466.700073
2260.206055	409.702484
2259.327148	440.909912
2258.447266	455.040649
2257.568359	440.731354
2256.689453	400.842133
2255.809570	420.656799
2254.929688	502.980835
2254.049805	423.327393
2253.169922	465.849731
2252.289063	440.195496
2251.409180	459.981934
2250.528320	445.694458
2249.647461	422.898041
2248.766602	456.864166
2247.885742	459.608429
2247.003906	411.294342
2246.122070	467.929474
2245.240234	470.669708
2244.358398	428.052277
2243.476563	450.638855
2242.594727	439.212677
2241.711914	419.291931
2240.829102	433.368958
2239.946289	438.944550
2239.063477	472.831055
2238.180664	413.289032
2237.296875	492.449615
2236.413086	413.120636
2235.530273	458.300690
2234.645508	463.864136
2233.761719	438.318756
2232.877930	415.611053
2231.993164	435.313202
2231.108398	449.355042
2230.223633	460.565521
2229.338867	491.546234
2228.454102	449.079803
2227.568359	451.811890
2226.682617	415.017334
2225.796875	488.321930
2224.911133	468.467438
2224.025391	437.334961
2223.138672	459.813019
2222.252930	456.898560
2221.366211	465.264404
2220.479492	467.988373
2219.592773	512.990601
2218.705078	428.343994
2217.818359	456.430969
2216.930664	436.619171
2216.042969	473.141846
2215.155273	467.413361
2214.266602	478.578156
2213.378906	464.407043
2212.490234	453.055725
2211.601563	433.268707
2210.712891	430.366913
2209.824219	469.650452
2208.934570	483.612488
2208.044922	477.890900
2207.156250	424.392334
2206.266602	443.974884
2205.375977	469.168121
2204.486328	480.306885
2203.595703	454.933990
2202.706055	477.301636
2201.815430	415.447693
2200.923828	502.363708
2200.033203	477.006958
2199.141602	474.103363
2198.250977	482.420013
2197.359375	471.103851
2196.467773	473.810364
2195.575195	468.106628
2194.683594	465.207642
2193.791016	459.507935
2192.898438	437.002747
2192.005859	492.926971
2191.113281	467.623932
2190.220703	481.525238
2189.327148	453.435913
2188.433594	461.737457
2187.540039	430.865936
2186.646484	486.721924
2185.752930	481.027954
2184.858398	520.073853
2183.963867	424.918671
2183.069336	519.858704
2182.174805	463.863892
2181.280273	488.911926
2180.384766	477.637878
2179.490234	480.331573
2178.594727	471.855927
2177.699219	474.549652
2176.803711	432.587952
2175.907227	479.933563
2175.010742	504.941620
2174.115234	474.156189
2173.218750	446.172058
2172.321289	490.687439
2171.424805	462.711395
2170.527344	490.483704
2169.630859	507.099426
2168.733398	465.208832
2167.834961	470.682373
2166.937500	487.291687
2166.039063	487.190399
2165.141602	539.973022
2164.243164	470.291046
2163.344727	517.490723
2162.445313	489.566742
2161.546875	467.216431
2160.647461	469.899628
2159.748047	483.701202
2158.848633	461.365936
2157.949219	483.499664
2157.048828	513.958557
2156.149414	480.520538
2155.249023	469.312317
2154.348633	460.885193
2153.448242	458.013184
2152.546875	499.546448
2151.645508	482.794098
2150.745117	493.789673
2149.843750	482.592468
2148.941406	468.626923
2148.040039	504.569672
2147.137695	534.953796
2146.236328	468.333099
2145.333984	479.317627
2144.430664	512.457886
2143.528320	492.964386
2142.625977	492.861206
2141.722656	514.904419
2140.819336	489.887085
2139.916016	481.483032
2139.011719	536.713379
2138.108398	522.770996
2137.204102	536.488403
2136.299805	481.079407
2135.395508	541.791870
2134.491211	494.695892
2133.585938	505.644409
2132.681641	541.450806
2131.776367	546.860962
2130.871094	508.087250
2129.964844	502.458984
2129.059570	485.792267
2128.153320	496.728577
2127.247070	521.455322
2126.340820	548.930054
2125.434570	535.025269
2124.528320	576.271851
2123.621094	554.096924
2122.713867	479.565002
2121.806641	529.063721
2120.899414	545.481995
2119.991211	517.823242
2119.083984	561.774902
2118.175781	594.695007
2117.267578	520.248413
2116.359375	561.419495
2115.450195	528.283264
2114.541992	539.175354
2113.632813	572.065247
2112.723633	580.193604
2111.814453	558.077820
2110.904297	516.731323
2109.995117	505.630127
2109.084961	500.028381
2108.174805	510.909943
2107.264648	560.234253
2106.353516	554.624390
2105.443359	513.330688
2104.532227	499.499481
2103.621094	540.552490
2102.709961	570.614685
2101.797852	515.638611
2100.886719	567.630615
2099.974609	501.711975
2099.062500	592.059021
2098.150391	517.941711
2097.238281	531.531006
2096.325195	534.157471
2095.412109	569.646912
2094.499023	525.716248
2093.585938	517.391968
2092.672852	599.390198
2091.758789	585.580994
2090.845703	558.098694
2089.931641	555.244751
2089.017578	514.107361
2088.102539	538.604187
2087.188477	582.224731
2086.273438	554.772034
2085.358398	562.850708
2084.443359	540.877075
2083.527344	570.804138
2082.612305	587.065613
2081.696289	545.991028
2080.780273	584.085754
2079.864258	594.876282
2078.948242	526.544067
2078.031250	602.805115
2077.114258	548.135498
2076.197266	526.206665
2075.280273	577.885803
2074.363281	555.959900
2073.445313	588.537537
2072.528320	634.721741
2071.610352	566.497314
2070.692383	601.774475
2069.773438	609.812744
2068.855469	590.629578
2067.936523	606.830261
2067.017578	538.684448
2066.098633	579.369629
2065.178711	606.439941
2064.259766	554.651184
2063.339844	554.532104
2062.419922	570.719299
2061.500000	546.142578
2060.580078	546.025269
2059.659180	586.647339
2058.738281	619.105713
2057.817383	561.961975
2056.896484	610.696838
2055.975586	575.288330
2055.053711	599.581848
2054.131836	604.877625
2053.209961	577.628662
2052.288086	637.152527
2051.366211	574.669006
2050.443359	609.776672
2049.520508	566.292603
2048.597656	585.133118
2047.674805	601.257019
2046.751953	579.464966
2045.828125	554.975098
2044.904297	625.227112
2043.980469	649.446228
2043.056641	638.484070
2042.131836	578.839172
2041.208008	630.095154
2040.283203	605.625610
2039.358398	616.306946
2038.433594	613.471008
2037.507813	559.299500
2036.582031	588.893127
2035.657227	583.363953
2034.730469	575.136963
2033.804688	650.600708
2032.878906	591.081482
2031.952148	566.667480
2031.101563	510.355377
2031.025391	588.127075
2030.175781	572.462097
2030.098633	652.733215
2029.250000	580.464905
2029.171875	571.691650
2028.324219	510.182861
2028.244141	612.008545
2027.397461	545.182495
2027.316406	628.048401
2026.470703	539.693237
2026.388672	565.929077
2025.544922	531.507690
2025.460938	614.303650
2024.618164	558.392944
2024.533203	595.313843
2023.690430	569.086487
2023.604492	597.877380
2022.763672	555.506531
2022.676758	643.520630
2021.836914	539.234985
2021.748047	562.621399
2020.909180	558.013123
2020.818359	635.166077
2019.981445	530.965454
2019.889648	613.501221
2019.053711	568.601990
2018.959961	613.367432
2018.125977	544.255859
2018.031250	632.060974
2017.198242	579.183167
2017.101563	642.679199
2016.269531	606.018250
2016.170898	666.734924
2015.341797	578.984924
2015.241211	577.889893
2014.413086	586.963196
2014.310547	642.258240
2013.484375	581.478455
2013.379883	634.057800
2012.555664	570.612305
2012.449219	572.138916
2011.625977	608.189758
2011.518555	572.013794
2010.697266	540.819092
2010.587891	612.162476
2009.767578	521.894775
2009.656250	649.609192
2008.838867	540.632874
2008.724609	668.253235
2007.909180	594.324646
2007.792969	614.443665
2006.979492	591.533325
2006.861328	616.991638
2006.048828	602.184448
2005.928711	635.630310
2005.119141	591.328918
2004.996094	638.172302
2004.188477	577.789673
2004.064453	587.096985
2003.258789	545.446472
2003.130859	605.729736
2002.328125	558.784241
2002.198242	635.072693
2001.397461	593.605286
2001.264648	640.291321
2000.465820	580.074585
2000.332031	672.292175
1999.535156	555.808289
1999.398438	621.264954
1998.603516	542.288635
1998.464844	626.482971
1997.672852	641.507080
1997.530273	645.082031
1996.741211	585.038452
1996.595703	642.263977
1995.808594	633.234009
1995.662109	612.692017
1994.876953	630.440796
1994.727539	676.755310
1993.945313	619.601685
1993.791992	636.491272
1993.012695	584.630188
1992.857422	625.656067
1992.080078	563.077393
1991.921875	721.751709
1991.148438	611.234192
1990.986328	612.017395
1990.214844	611.127136
1990.050781	622.570313
1989.282227	592.260620
1989.115234	619.761536
1988.349609	576.080078
1988.178711	630.307922
1987.416016	613.484558
1987.243164	659.541016
1986.482422	594.627258
1986.306641	659.395325
1985.549805	554.352234
1985.370117	675.263794
1984.615234	618.516113
1984.432617	653.767029
1983.681641	615.730103
1983.496094	674.965210
1982.748047	639.711121
1982.558594	610.801697
1981.813477	607.484558
1981.621094	674.666504
1980.878906	644.836731
1980.683594	703.843933
1979.944336	601.919678
1979.745117	685.029663
1979.009766	620.536316
1978.807617	698.202332
1978.075195	564.267212
1977.869141	631.440002
1977.140625	569.514893
1976.930664	681.910461
1976.205078	620.206787
1975.991211	657.791138
1975.269531	593.368469
1975.052734	702.908142
1974.333984	590.590820
1974.113281	654.837158
1973.398438	593.157837
1973.173828	673.321167
1972.462891	651.823364
1972.234375	619.956421
1971.526367	603.630676
1971.294922	681.002380
1970.590820	598.182312
1970.354492	670.212646
1969.654297	640.795471
1969.415039	646.132751
1968.717773	597.969177
1968.474609	672.572815
1967.781250	592.524414
1967.533203	643.187317
1966.843750	611.098511
1966.592773	619.129150
1965.907227	613.657410
1965.651367	664.153687
1964.969727	624.218140
1964.709961	664.005615
1964.032227	616.105103
1963.768555	642.614075
1963.094727	650.661133
1962.827148	661.054565
1962.157227	607.885925
1961.885742	652.944336
1961.219727	621.105347
1960.943359	681.988708
1960.281250	636.985168
1960.000977	612.856812
1959.343750	636.870789
1959.058594	644.549438
1958.405273	674.055908
1958.115234	636.449707
1957.466797	628.650574
1957.172852	689.333008
1956.528320	673.813477
1956.229492	691.829468
1955.588867	697.657471
1955.286133	667.823730
1954.650391	646.947388
1954.342773	665.024719
1953.710938	646.830750
1953.398438	696.662598
1952.771484	638.729919
1952.455078	656.781738
1951.832031	657.240845
1951.510742	736.066101
1950.892578	609.234619
1950.566406	640.604431
1949.952148	664.983032
1949.622070	661.632935
1949.012695	627.630432
1948.676758	685.297852
1948.072266	667.401306
1947.731445	653.399841
1947.131836	664.621887
1946.786133	679.700500
1946.191406	621.973328
1945.840820	676.903564
1945.250000	696.271118
1944.895508	697.899841
1944.309570	640.346863
1943.949219	684.527954
1943.368164	672.109253
1943.002930	734.578918
1942.426758	669.330994
1942.056641	792.532593
1941.485352	663.898010
1941.110352	694.630371
1940.543945	661.122070
1940.164063	668.067993
1939.602539	658.346985
1939.216797	683.757263
1938.660156	684.768372
1938.269531	680.963684
1937.718750	663.414246
1937.322266	643.866821
1936.776367	663.293152
1936.374023	707.038330
1935.833984	681.740845
1935.426758	677.864929
1934.891602	636.528748
1934.478516	709.355896
1933.948242	710.660461
1933.530273	725.014038
1933.005859	628.342224
1932.582031	677.405334
1932.062500	652.083862
1931.632813	693.063416
1931.119141	707.619873
1930.684570	719.252747
1930.175781	683.642151
1929.735352	732.260010
1929.231445	744.450378
1928.786133	695.226074
1928.288086	651.605591
1927.835938	739.826660
1927.343750	677.969055
1926.886719	702.807556
1926.399414	683.140076
1925.936523	700.016479
1925.455078	720.077209
1924.986328	705.119690
1924.510742	685.535583
1924.036133	733.894470
1923.566406	661.591980
1923.084961	725.838196
1922.621094	706.450012
1922.134766	767.741272
1921.676758	701.028992
1921.183594	691.335754
1920.731445	706.189453
1920.232422	725.343201
1919.786133	692.836975
1919.280273	730.432983
1918.839844	737.655762
1918.329102	701.371216
1917.894531	629.138367
1917.376953	722.221558
1916.948242	697.738708
1916.424805	769.318848
1916.002930	652.687744
1915.472656	721.892273
1915.056641	660.492798
1914.519531	729.601013
1914.109375	692.068176
1913.567383	742.553833
1913.163086	726.272705
1912.614258	745.007507
1912.216797	683.889954
1911.661133	671.402649
1911.269531	649.442810
1910.707031	715.824341
1910.322266	654.601257
1909.753906	686.824524
1909.375000	683.508911
1908.799805	781.018677
1908.427734	617.418274
1907.845703	707.472412
1907.479492	743.929749
1906.891602	696.831726
1906.532227	706.865417
1905.936523	701.910217
1905.583984	698.822510
1904.982422	720.078613
1904.635742	656.507019
1904.027344	740.856445
1903.687500	714.378418
1903.072266	761.624573
1902.739258	661.533264
1902.116211	703.883118
1901.790039	685.125610
1901.161133	688.025085
1900.840820	695.536011
1900.205078	690.482483
1899.891602	692.771851
1899.249023	700.783203
1898.942383	708.443970
1898.292969	742.450256
1897.993164	739.908875
1897.335938	721.370117
1897.043945	721.341858
1896.379883	729.043274
1896.093750	715.942383
1895.422852	705.363220
1895.143555	726.334778
1894.465820	726.095520
1894.193359	697.255798
1893.507813	778.153198
1893.243164	733.954163
1892.550781	725.760681
1892.292969	733.816284
1891.592773	709.932922
1891.342773	694.233337
1890.634766	709.769043
1890.391602	704.619507
1889.675781	709.605103
1889.440430	751.803223
1888.717773	811.162415
1888.489258	714.867065
1887.758789	737.961060
1887.538086	725.243225
1886.799805	727.362183
1886.585938	722.479309
1885.840820	779.322449
1885.634766	698.702759
1884.881836	797.382751
1884.682617	711.702026
1883.921875	742.488342
1883.730469	701.064819
1882.961914	797.013184
1882.778320	656.303772
1882.001953	742.144043
1881.825195	690.301086
1881.041992	739.368469
1880.873047	711.164368
1880.081055	744.402405
1879.919922	758.256897
1879.120117	780.660339
1878.966797	729.257874
1878.159180	788.283691
1878.013672	750.101624
1877.198242	738.681580
1877.060547	671.292419
1876.237305	722.907410
1876.106445	692.139038
1875.275391	725.338928
1875.153320	731.326416
1874.313477	758.959290
1874.199219	707.600952
1873.351563	722.402466
1873.245117	694.365356
1872.388672	704.048340
1872.291016	688.993896
1871.426758	740.247131
1871.335938	678.385986
1870.463867	745.267883
1870.381836	748.963257
1869.500977	768.459229
1869.426758	678.127869
1868.538086	734.537659
1868.471680	717.265137
1867.574219	744.745728
1867.516602	727.597534
1866.610352	780.892151
1866.561523	730.075623
1865.646484	822.208923
1865.605469	719.471436
1864.682617	757.188660
1864.650391	732.412964
1863.718750	775.158875
1863.694336	761.041077
1862.753906	746.466309
1862.738281	771.354797
1861.789063	751.473877
1861.781250	758.136108
1860.825195	718.784729
1860.824219	748.706909
1859.868164	755.232910
1859.858398	787.382263
1858.911133	705.445923
1858.893555	797.555237
1857.955078	799.352356
1857.927734	792.190125
1856.997070	707.787537
1856.961914	799.768616
1856.040039	783.378479
1855.996094	781.467041
1855.082031	697.073181
1855.029297	789.044189
1854.125000	730.872864
1854.062500	752.648499
1853.166992	751.610657
1853.095703	765.400269
1852.208984	772.340393
1852.128906	765.219788
1851.250000	730.451965
1851.161133	783.131470
1850.291992	732.919800
1850.194336	790.698608
1849.333008	709.309082
1849.226563	813.762268
1848.374023	722.208862
1848.258789	800.656189
1847.415039	805.485901
1847.290039	753.988220
1846.456055	776.662048
1846.322266	784.788391
1845.496094	737.426208
1845.353516	818.154724
1844.537109	729.468323
1844.383789	836.023254
1843.577148	742.351379
1843.415039	784.231079
1842.617188	760.437805
1842.446289	812.415222
1841.657227	773.309692
1841.476563	817.379517
1840.696289	739.318298
1840.506836	778.517456
1839.736328	858.901062
1839.536133	814.414246
1838.775391	840.519470
1838.566406	852.870483
1837.814453	829.950012
1837.595703	862.971924
1836.853516	834.991882
1836.625000	811.258179
1835.892578	801.020935
1835.654297	834.238403
1834.930664	774.863647
1834.682617	864.930176
1833.968750	785.112366
1833.711914	815.825989
1833.006836	787.559387
1832.740234	843.934204
1832.044922	769.215759
1831.767578	897.752380
1831.083008	818.432251
1830.795898	843.531555
1830.121094	833.859558
1829.823242	915.321716
1829.158203	815.517273
1828.850586	850.840149
1828.195313	784.198608
1827.877930	899.464844
1827.232422	838.565979
1826.905273	876.126160
1826.269531	833.211548
1825.931641	906.740479
1825.305664	794.121887
1824.958008	837.185852
1824.342773	835.481995
1823.984375	836.985229
1823.378906	874.231689
1823.010742	849.618713
1822.415039	796.251770
1822.036133	823.752808
1821.450195	780.537659
1821.062500	820.989441
1820.486328	801.126648
1820.086914	874.656738
1819.521484	785.417542
1819.112305	779.565247
1818.557617	805.997314
1818.137695	840.907593
1817.592773	792.884338
1817.162109	838.142151
1816.626953	787.548218
1816.186523	825.127808
1815.662109	808.115234
1815.210938	799.310181
1814.697266	800.188416
1814.234375	865.710632
1813.731445	776.729980
1813.257813	821.970642
1812.765625	820.584106
1812.281250	811.532166
1811.799805	791.954529
1811.304688	806.217346
1810.833008	784.036682
1810.328125	834.169373
1809.867188	776.121887
1809.350586	856.991333
1808.900391	765.623474
1808.373047	843.996216
1807.933594	796.506104
1807.395508	889.816895
1806.966797	765.323242
1806.416992	830.805908
1806.000000	791.023438
1805.439453	843.383118
1805.032227	793.452698
1804.460938	799.742126
1804.065430	806.216980
1803.482422	809.765930
1803.097656	775.056335
1802.502930	865.753906
1802.129883	733.575745
1801.524414	837.458130
1801.161133	844.479248
1800.544922	832.149353
1800.193359	803.001099
1799.564453	862.570740
1799.224609	764.120728
1798.584961	885.323059
1798.255859	887.857361
1797.604492	823.889648
1797.287109	864.458191
1796.625000	831.339233
1796.318359	817.848511
1795.643555	828.587036
1795.348633	807.369446
1794.663086	815.640442
1794.379883	848.473389
1793.681641	853.665100
1793.410156	840.570679
1792.701172	884.028137
1792.440430	786.268250
1791.719727	825.230835
1791.470703	868.590393
1790.737305	893.781372
1790.500000	845.226624
1789.755859	855.376221
1789.530273	785.802368
1788.773438	916.250061
1788.559570	855.196106
1787.791016	865.135193
1787.588867	826.697754
1786.807617	824.220764
1786.617188	811.084961
1785.825195	864.710815
1785.646484	885.580933
1784.841797	867.041138
1784.674805	833.928528
1783.858398	871.912109
1783.704102	836.336670
1782.875000	892.028931
1782.732422	861.899231
1781.890625	840.994080
1781.759766	828.288147
1780.906250	861.108215
1780.788086	938.711853
1779.921875	871.054199
1779.815430	843.387451
1778.937500	931.772827
1778.843750	902.348267
1777.952148	908.698669
1777.871094	915.020508
1776.966797	872.947449
1776.897461	891.710815
1775.981445	941.231140
1775.924805	891.533630
1774.996094	913.098328
1774.951172	888.787659
1774.009766	930.622864
1773.978516	932.270996
1773.024414	894.900757
1773.004883	893.569580
1772.038086	975.783203
1772.030273	913.929504
1771.056641	941.981323
1771.050781	932.465576
1770.082031	926.396545
1770.064453	899.302185
1769.108398	944.171753
1769.077148	896.546509
1768.133789	892.680115
1768.089844	952.027649
1767.159180	900.196106
1767.102539	923.946167
1766.183594	900.016541
1766.114258	933.839417
1765.208984	948.546082
1765.125977	948.787720
1764.233398	945.793640
1764.137695	976.375732
1763.257813	958.417847
1763.149414	963.488342
1762.282227	912.108521
1762.160156	912.683960
1761.305664	952.911743
1761.170898	925.094238
1760.330078	909.182922
1760.181641	884.432190
1759.353516	893.637695
1759.192383	932.211304
1758.376953	906.259155
1758.202148	1055.736938
1757.400391	890.720581
1757.212891	941.845459
1756.422852	898.219360
1756.221680	870.925964
1755.446289	946.651245
1755.231445	908.564697
1754.468750	882.511536
1754.240234	888.151733
1753.491211	872.104675
1753.250000	870.271362
1752.513672	938.411316
1751.535156	938.223083
1750.557617	912.475342
1749.579102	889.293213
1748.600586	901.889343
1747.622070	932.361145
1746.643555	883.649719
1745.664063	898.792419
1744.684570	936.904846
1743.705078	918.849915
1742.725586	962.046448
1741.746094	921.031494
1740.765625	951.455872
1739.785156	913.009644
1738.804688	900.076721
1737.824219	910.092468
1736.843750	965.981812
1735.862305	960.690491
1734.880859	935.019287
1733.899414	960.302795
1732.917969	932.095154
1731.935547	965.007446
1730.954102	946.992737
1729.971680	962.072327
1728.989258	966.967163
1728.006836	943.874390
1727.023438	953.857910
1726.041016	968.923523
1725.057617	938.216309
1724.074219	932.942200
1723.090820	991.209106
1722.106445	937.646301
1721.122070	967.942627
1720.138672	939.806152
1719.153320	998.024109
1718.168945	1010.516541
1717.184570	967.157410
1716.199219	966.961060
1715.213867	987.064209
1714.228516	976.716003
1713.243164	991.735962
1712.256836	950.960022
1711.270508	1016.686462
1710.285156	965.782410
1709.297852	1041.616333
1708.311523	1003.396851
1707.325195	975.326050
1706.337891	985.258606
1705.350586	1045.832642
1704.363281	1030.428955
1703.375000	1080.843872
1702.387695	964.209656
1701.399414	1027.268433
1700.411133	1014.410278
1699.422852	1064.786865
1698.434570	998.824097
1697.445313	1089.633545
1696.456055	1066.662231
1695.466797	1101.823853
1694.477539	1030.853760
1693.487305	1050.851685
1692.498047	1070.841187
1691.507813	1032.746338
1690.517578	1035.059448
1689.527344	1108.044067
1688.536133	1090.152588
1687.545898	1036.946533
1686.554688	1067.003662
1685.563477	1084.438599
1684.571289	1059.001831
1683.580078	1083.993774
1682.587891	1068.649048
1681.595703	1098.668213
1680.603516	1100.962036
1679.611328	1067.990967
1678.618164	1047.624878
1677.625000	1047.409668
1676.631836	1034.607910
1675.638672	1082.213867
1674.645508	1064.377441
1673.651367	1096.863159
1672.657227	1081.546021
1671.663086	1096.411621
1670.668945	1043.387939
1669.674805	1055.741333
1668.679688	1070.602783
1667.684570	1072.894775
1666.689453	1019.919128
1665.694336	1002.127625
1664.698242	1097.341919
1663.703125	1064.478271
1662.707031	1066.768555
1661.710938	1066.548340
1660.713867	1058.801147
1659.717773	1071.124878
1658.720703	1068.395508
1657.723633	1133.368530
1656.726563	1030.349854
1655.729492	1067.733032
1654.731445	1157.724487
1653.733398	1082.323486
1652.735352	1019.478027
1651.737305	1109.423218
1650.739258	1136.735474
1649.740234	1086.433960
1648.741211	1123.750610
1647.742188	1050.952026
1646.743164	1160.811035
1645.743164	1193.086182
1644.744141	1092.810303
1643.744141	1090.083374
1642.743164	1139.850586
1641.743164	1139.613892
1640.743164	1109.393677
1639.742188	1164.121704
1638.741211	1073.966431
1637.740234	1101.211060
1636.738281	1178.375366
1635.737305	1190.610474
1634.735352	1078.064453
1633.733398	1152.690186
1632.730469	1132.494385
1631.728516	1162.186157
1630.725586	1194.358887
1629.722656	1164.195068
1628.719727	1168.937378
1627.716797	1196.104370
1626.712891	1183.398315
1625.709961	1155.752197
1624.706055	1140.569214
1623.701172	1145.310791
1622.697266	1164.986084
1621.692383	1182.164307
1620.688477	1201.823486
1619.682617	1206.547852
1618.677734	1178.936523
1617.672852	1183.663574
1616.666992	1205.791626
1615.661133	1237.853027
1614.655273	1192.861816
1613.649414	1232.365967
1612.642578	1247.012695
1611.635742	1226.883057
1610.628906	1167.033081
1609.622070	1181.683838
1608.615234	1243.486572
1607.607422	1193.596191
1606.599609	1213.193848
1605.591797	1203.017700
1604.583984	1292.042969
1603.575195	1167.801514
1602.567383	1254.317627
1601.558594	1246.619263
1600.549805	1199.278442
1599.540039	1251.050537
1598.531250	1275.555908
1597.521484	1228.238525
1596.511719	1279.971558
1595.500977	1393.563843
1594.491211	1232.413696
1593.480469	1279.164429
1592.469727	1271.474243
1591.458984	1345.401733
1590.448242	1256.103394
1589.436523	1265.727417
1588.425781	1295.120239
1587.414063	1193.533081
1586.402344	1282.221802
1585.389648	1230.080811
1584.376953	1177.961548
1583.365234	1219.686157
1582.352539	1165.122437
1581.338867	1214.235840
1580.326172	1164.630859
1579.312500	1240.859497
1578.298828	1188.803223
1577.285156	1168.825195
1576.270508	1151.320923
1575.256836	1190.515015
1574.242188	1160.691650
1573.227539	1140.735962
1572.212891	1130.641724
1571.197266	1140.253662
1570.182617	1174.483643
1569.166992	1154.541504
1568.150391	1181.370239
1567.134766	1188.502075
1566.119141	1227.612793
1565.102539	1205.216187
1564.085938	1180.369873
1563.068359	1239.125732
1562.051758	1221.656616
1561.034180	1206.652344
1560.016602	1292.392090
1558.999023	1306.856934
1557.981445	1277.108032
1556.962891	1311.213379
1555.944336	1244.651733
1554.925781	1148.665405
1553.907227	1209.768677
1552.888672	1297.833008
1551.869141	1270.575928
1550.849609	1174.665039
1549.830078	1181.770752
1548.810547	1176.616821
1547.790039	1200.874268
1546.769531	1173.666016
1545.749023	1097.474976
1544.728516	1192.760132
1543.708008	1143.532593
1542.686523	1204.492920
1541.665039	1162.626587
1540.643555	1123.224976
1539.622070	1113.199219
1538.599609	1115.407959
1537.577148	1122.506836
1536.554688	1198.063232
1535.532227	1173.362549
1534.508789	1151.116333
1533.486328	1150.870605
1532.462891	1133.524292
1531.439453	1077.106567
1530.415039	1167.226685
1529.391602	1196.273682
1528.367188	1200.899780
1527.342773	1164.038086
1526.318359	1193.066895
1525.292969	1205.008179
1524.267578	1163.291260
1523.242188	1192.301270
1522.216797	1143.291626
1521.191406	1162.544434
1520.165039	1228.085815
1519.138672	1230.258911
1518.112305	1200.767700
1517.085938	1217.556152
1516.059570	1229.468140
1515.032227	1224.336304
1514.004883	1243.542114
1512.977539	1165.418579
1511.949219	1233.278564
1510.921875	1254.901611
1509.893555	1232.749023
1508.865234	1203.313110
1507.835938	1263.814941
1506.807617	1248.964111
1505.778320	1197.678955
1504.749023	1258.142578
1503.719727	1209.305664
1502.689453	1311.013184
1501.660156	1298.594727
1500.629883	1298.315308
1499.599609	1295.609619
1498.568359	1285.627930
1497.538086	1345.980835
1496.506836	1302.046875
1495.475586	1301.766235
1494.444336	1282.096802
1493.412109	1342.397949
1492.379883	1293.656860
1491.347656	1346.663086
1490.315430	1329.421875
1489.283203	1302.503906
1488.250000	1345.791504
1487.216797	1326.141235
1486.183594	1350.049316
1485.150391	1347.338745
1484.116211	1342.210815
1483.083008	1378.188965
1482.048828	1380.308350
1481.013672	1377.593018
1479.979492	1430.453857
1478.944336	1425.312866
1477.909180	1473.309692
1476.874023	1494.723389
1475.838867	1518.541992
1474.802734	1440.974854
1473.766602	1566.147583
1472.730469	1582.696777
1471.694336	1577.529541
1470.657227	1596.480347
1469.621094	1615.422852
1468.583984	1677.746948
1467.545898	1571.341431
1466.508789	1597.505127
1465.470703	1669.427979
1464.432617	1579.952271
1463.394531	1594.056763
1462.356445	1557.599243
1461.317383	1612.619385
1460.278320	1552.109619
1459.239258	1515.684448
1458.200195	1520.165527
1457.160156	1524.644409
1456.121094	1553.164063
1455.081055	1615.323608
1454.040039	1518.842773
1453.000000	1525.720093
1451.958984	1530.192261
1450.917969	1640.335327
1449.876953	1632.774414
1448.835938	1673.229004
1447.793945	1617.661987
1446.751953	1677.298462
1445.709961	1542.586060
1444.667969	1640.588867
1443.625000	1712.170654
1442.582031	1579.935791
1441.539063	1629.926758
1440.496094	1679.895630
1439.453125	1624.422852
1438.409180	1609.695435
1437.365234	1602.159058
1436.321289	1628.146362
1435.276367	1625.396362
1434.232422	1735.131836
1433.187500	1586.400879
1432.142578	1748.725830
1431.096680	1674.199707
1430.051758	1774.263062
1429.005859	1671.075684
1427.959961	1799.777100
1426.914063	1773.096802
1425.867188	1765.540771
1424.820313	1741.267822
1423.773438	1814.915283
1422.726563	1757.216431
1421.679688	1814.118652
1420.631836	1723.034302
1419.583984	1736.971680
1418.536133	1605.391602
1417.487305	1643.197266
1416.439453	1614.223511
1415.390625	1706.838867
1414.341797	1601.597046
1413.291992	1651.283569
1412.243164	1636.626587
1411.193359	1691.046631
1410.143555	1771.636230
1409.092773	1759.342529
1408.042969	1816.079346
1406.992188	1808.540161
1405.941406	1779.591919
1404.890625	1767.306519
1403.838867	1785.941406
1402.788086	1723.730835
1401.736328	1654.416382
1400.683594	1680.192871
1399.631836	1689.325806
1398.579102	1658.071777
1397.526367	1662.455322
1396.473633	1676.334351
1395.420898	1595.251709
1394.367188	1571.165405
1393.313477	1535.225342
1392.259766	1499.301025
1391.206055	1551.148438
1390.151367	1621.942993
1389.096680	1583.652100
1388.041992	1538.267212
1386.987305	1535.556763
1385.931641	1589.707153
1384.876953	1700.680664
1383.821289	1593.738525
1382.764648	1628.898804
1381.708984	1550.424316
1380.652344	1599.777466
1379.595703	1642.010498
1378.539063	1563.584839
1377.481445	1572.697388
1376.424805	1626.729858
1375.367188	1607.457031
1374.309570	1678.001099
1373.250977	1583.113647
1372.192383	1648.906738
1371.133789	1582.409180
1370.075195	1636.366333
1369.016602	1572.261597
1367.957031	1527.067139
1366.897461	1510.208984
1365.837891	1476.843994
1364.778320	1474.156006
1363.717773	1485.617920
1362.657227	1442.849731
1361.596680	1473.169678
1360.536133	1397.431396
1359.474609	1458.375854
1358.414063	1472.183105
1357.352539	1464.789307
1356.290039	1478.588623
1355.228516	1522.982422
1354.166016	1499.108032
1353.103516	1524.654175
1352.041016	1505.494263
1350.977539	1512.212769
1349.914063	1643.545898
1348.850586	1690.192993
1347.787109	1614.606934
1346.723633	1633.042725
1345.659180	1653.819214
1344.594727	1730.953735
1343.530273	1683.603027
1342.464844	1756.000610
1341.399414	1642.947266
1340.333984	1795.103516
1339.268555	1689.129639
1338.203125	1599.621704
1337.136719	1671.955933
1336.070313	1638.757935
1335.003906	1589.167358
1333.936523	1642.707642
1332.870117	1661.080688
1331.802734	1609.175659
1330.735352	1561.977417
1329.666992	1638.887451
1328.599609	1650.221802
1327.531250	1687.293213
1326.461914	1602.684082
1325.393555	1555.539551
1324.324219	1562.204468
1323.255859	1587.570923
1322.185547	1598.900391
1321.116211	1565.820679
1320.045898	1577.149414
1318.975586	1572.121094
1317.905273	1571.765625
1316.834961	1583.084839
1315.763672	1622.411621
1314.692383	1568.365234
1313.621094	1453.676147
1312.549805	1544.326904
1311.477539	1525.318848
1311.475586	1436.105469
1310.405273	1483.001343
1310.403320	1466.412964
1309.333008	1438.371826
1309.330078	1449.834595
1308.260742	1461.352661
1308.257813	1421.609497
1307.187500	1470.341919
1307.184570	1421.355225
1306.114258	1451.371094
1306.111328	1367.518311
1305.041016	1474.332764
1305.038086	1406.870605
1303.967773	1425.097656
1303.964844	1420.591431
1302.893555	1420.117798
1302.891602	1364.454346
1301.819336	1431.432739
1301.817383	1403.785278
1300.745117	1449.723389
1300.743164	1403.532837
1299.670898	1414.496704
1299.668945	1393.971680
1298.595703	1365.330078
1298.594727	1384.413574
1297.520508	1418.503906
1297.519531	1332.984863
1296.445313	1367.033569
1296.445313	1358.329468
1295.370117	1399.942871
1295.370117	1352.776123
1294.294922	1415.965454
1294.293945	1412.887573
1293.219727	1420.358643
1293.217773	1391.655884
1292.143555	1420.101440
1292.141602	1449.407959
1291.067383	1480.263184
1291.065430	1509.455688
1289.992188	1403.323120
1289.988281	1448.746826
1288.916016	1549.415039
1288.911133	1427.525635
1287.838867	1467.844727
1287.833984	1478.254150
1286.762695	1502.409668
1286.756836	1540.559814
1285.685547	1516.066528
1285.678711	1465.981079
1284.608398	1501.862915
1284.600586	1491.155640
1283.531250	1438.926392
1283.522461	1520.955688
1282.454102	1471.149902
1282.444336	1413.979980
1281.376953	1473.201416
1281.365234	1499.402832
1280.298828	1431.179932
1280.286133	1496.742798
1279.220703	1454.109863
1279.207031	1385.212524
1278.142578	1405.150513
1278.126953	1419.633423
1277.064453	1476.760742
1277.047852	1414.677612
1275.985352	1388.410645
1275.967773	1453.705200
1274.907227	1420.600342
1274.887695	1388.571899
1273.828125	1434.241821
1273.806641	1439.156128
1272.749023	1431.661743
1272.726563	1443.452393
1271.669922	1398.972168
1271.645508	1364.489502
1270.589844	1359.346924
1270.563477	1403.483032
1269.509766	1403.087891
1269.482422	1412.407227
1268.429688	1349.586670
1268.400391	1375.105103
1267.349609	1381.740479
1267.318359	1363.236084
1266.269531	1349.088867
1266.236328	1332.892212
1265.189453	1376.603149
1265.154297	1318.728516
1264.108398	1380.975098
1264.071289	1413.093140
1263.027344	1352.966431
1262.988281	1361.982056
1261.946289	1348.091309
1261.905273	1382.439575
1260.865234	1389.455933
1260.821289	1333.666138
1259.783203	1308.296631
1259.738281	1427.939575
1258.701172	1324.231323
1258.654297	1427.610352
1257.619141	1446.448242
1257.569336	1378.859619
1256.537109	1381.494141
1256.485352	1383.151978
1255.455078	1339.661621
1255.400391	1309.081665
1254.372070	1374.052246
1254.315430	1299.562622
1253.290039	1353.016235
1253.230469	1347.639282
1252.207031	1380.465820
1252.144531	1386.480957
1251.124023	1343.279663
1251.058594	1363.134644
1250.040039	1467.639893
1249.972656	1355.913208
1248.957031	1379.692993
1248.886719	1353.297974
1247.873047	1397.889160
1247.800781	1362.188721
1246.789063	1376.870850
1246.713867	1371.075195
1245.705078	1381.224854
1245.626953	1379.957397
1244.620117	1309.497070
1244.539063	1450.918945
1243.536133	1401.452393
1243.452148	1432.191650
1242.451172	1382.752808
1242.364258	1397.384644
1241.366211	1437.792969
1241.276367	1493.567993
1240.280273	1444.434082
1240.187500	1373.763672
1239.195313	1384.276978
1239.099609	1345.883911
1238.109375	1496.856567
1238.010742	1439.715454
1237.023438	1392.965698
1236.921875	1404.945923
1235.937500	1452.555054
1235.832031	1312.814209
1234.851563	1371.726807
1234.743164	1365.284668
1233.765625	1382.973633
1233.653320	1440.671021
1232.678711	1437.928955
1232.563477	1355.475220
1231.591797	1384.751587
1231.472656	1343.694702
1230.504883	1366.091187
1230.381836	1322.749634
1229.416992	1400.323486
1229.291016	1359.112183
1228.330078	1340.285889
1228.200195	1319.841797
1227.242188	1340.031982
1227.109375	1353.896851
1226.154297	1381.143311
1226.017578	1268.838989
1225.066406	1369.393066
1224.925781	1312.048828
1223.978516	1334.675049
1223.833984	1298.006958
1222.889648	1304.563599
1222.741211	1407.562378
1221.800781	1304.315552
1221.648438	1334.011475
1220.711914	1304.067505
1220.555664	1317.686157
1219.623047	1345.137451
1219.462891	1296.793945
1218.533203	1328.816162
1218.369141	1296.490479
1217.444336	1323.973755
1217.276367	1271.040649
1216.354492	1394.839722
1216.181641	1350.735718
1215.264648	1362.461548
1215.087891	1336.709473
1214.173828	1359.908081
1213.993164	1400.360474
1213.083984	1355.062622
1212.899414	1413.735596
1211.993164	1423.575195
1211.803711	1340.336304
1210.902344	1384.339600
1210.708984	1483.840088
1209.811523	1420.738770
1209.613281	1399.046875
1208.720703	1509.818481
1208.517578	1483.143311
1207.628906	1470.588257
1207.421875	1450.857788
1206.537109	1504.659058
1206.326172	1354.727905
1205.445313	1433.387695
1205.229492	1470.697021
1204.353516	1497.213257
1204.132813	1386.005249
1203.261719	1437.414673
1203.036133	1417.586182
1202.168945	1469.176270
1201.938477	1508.394043
1201.076172	1409.405640
1200.840820	1492.092651
1199.983398	1525.799561
1199.743164	1498.573364
1198.890625	1507.208618
1198.645508	1445.850708
1197.796875	1509.204712
1197.546875	1486.484741
1196.703125	1488.337402
1196.449219	1545.306274
1195.609375	1520.051147
1195.350586	1563.143921
1194.515625	1474.050415
1194.250977	1571.873901
1193.421875	1601.720337
1193.151367	1551.034302
1192.327148	1560.290161
1192.052734	1491.551270
1191.232422	1591.964478
1190.952148	1436.642578
1190.137695	1509.447266
1189.852539	1531.753052
1189.042969	1486.323364
1188.751953	1492.765015
1187.948242	1533.971802
1187.651367	1431.079468
1186.852539	1449.230713
1186.550781	1417.114380
1185.756836	1350.831543
1185.449219	1389.532715
1184.661133	1421.291504
1184.348633	1366.503784
1183.564453	1350.306641
1183.247070	1309.444580
1182.468750	1318.117310
1182.144531	1234.261353
1181.372070	1324.700928
1181.042969	1227.163330
1180.275391	1201.344971
1179.940430	1272.227417
1179.178711	1201.110962
1178.837891	1260.588867
1178.081055	1198.598022
1177.734375	1185.487793
1176.984375	1250.764160
1176.631836	1153.479492
1175.886719	1296.076294
1175.528320	1268.751953
1174.789063	1200.173706
1174.424805	1234.473511
1173.690430	1252.308472
1173.320313	1209.269409
1172.592773	1201.981079
1172.215820	1227.093384
1171.494141	1176.709473
1171.111328	1204.166016
1170.395508	1190.132690
1170.006836	1231.033936
1169.296875	1185.349243
1168.902344	1169.655640
1168.198242	1157.820557
1167.796875	1212.351563
1167.098633	1187.158813
1166.691406	1141.961304
1165.999023	1189.199707
1165.584961	1139.427612
1164.899414	1209.426392
1164.479492	1202.441650
1163.799805	1209.188843
1163.373047	1147.921509
1162.699219	1193.043945
1162.266602	1210.902832
1161.598633	1138.280884
1161.159180	1165.440796
1160.498047	1156.229492
1160.051758	1180.968018
1159.397461	1226.406738
1158.944336	1216.805420
1158.296875	1167.127563
1157.836914	1166.859985
1157.195313	1194.140259
1156.729492	1112.425537
1156.093750	1132.620728
1155.621094	1191.114990
1154.992188	1234.517212
1154.512695	1132.189697
1153.890625	1179.820190
1153.403320	1172.504395
1152.788086	1224.955933
1152.294922	1230.833618
1151.686523	1190.693970
1151.185547	1185.463013
1150.583984	1179.120850
1150.076172	1153.633179
1149.480469	1183.421753
1148.965820	1166.871338
1148.377930	1187.720703
1147.856445	1222.892944
1147.274414	1226.010742
1146.746094	1224.849854
1146.170898	1196.313110
1145.634766	1193.040405
1145.067383	1223.259399
1144.524414	1188.251709
1143.963867	1218.487061
1143.413086	1223.963867
1142.860352	1209.187622
1142.301758	1178.680542
1141.755859	1177.252197
1141.190430	1250.359009
1140.651367	1229.078735
1140.078125	1184.856079
1139.546875	1226.571289
1138.965820	1182.321777
1138.441406	1228.589844
1137.853516	1202.260742
1137.335938	1205.723877
1136.740234	1134.569580
1136.231445	1176.081787
1135.627930	1176.971313
1135.125000	1202.982422
1134.514648	1212.615601
1134.019531	1209.525024
1133.400391	1203.341553
1132.913086	1161.816528
1132.287109	1180.604736
1131.807617	1195.483032
1131.172852	1281.296021
1130.701172	1229.135986
1130.058594	1155.354248
1129.593750	1210.818604
1128.943359	1213.388062
1128.487305	1212.835083
1127.829102	1278.120361
1127.379883	1219.366821
1126.713867	1190.380615
1126.272461	1149.136230
1125.598633	1183.367310
1125.165039	1175.992432
1124.482422	1214.448853
1124.057617	1196.067505
1123.366211	1265.676270
1122.949219	1193.571533
1122.250000	1310.159790
1121.840820	1265.518799
1121.133789	1168.780640
1120.732422	1233.689697
1120.016602	1231.173584
1119.624023	1222.167480
1118.899414	1262.204468
1118.514648	1212.904297
1117.782227	1255.184082
1117.406250	1275.773071
1116.665039	1196.719238
1116.296875	1298.052368
1115.546875	1209.844604
1115.187500	1273.007202
1114.428711	1220.727661
1114.077148	1288.519653
1113.310547	1224.899414
1112.966797	1225.198608
1112.191406	1242.477051
1111.857422	1242.965942
1111.072266	1246.640991
1110.746094	1217.951294
1109.953125	1259.737061
1109.635742	1278.478516
1108.833984	1259.428223
1108.524414	1332.230103
1107.713867	1212.237183
1107.414063	1284.712646
1106.593750	1162.837158
1106.302734	1133.738159
1105.473633	1144.700562
1105.190430	1140.256226
1104.352539	1133.265137
1104.079102	1151.268677
1103.231445	1135.216797
1102.966797	1153.284180
1102.110352	1117.099731
1101.854492	1099.106934
1100.989258	1085.616211
1100.742188	1087.648560
1099.867188	1078.662964
1099.629883	1076.194580
1098.745117	1085.081543
1098.516602	1064.745239
1097.623047	1107.089600
1097.403320	1122.921387
1096.500000	1057.822632
1096.290039	1091.258301
1095.376953	1146.619507
1095.176758	1104.506592
1094.253906	1059.526489
1094.062500	1036.948120
1093.130859	1052.588745
1092.948242	1108.546387
1092.006836	1034.530151
1091.833984	1047.744995
1090.882813	1014.256165
1090.719727	1045.288940
1089.758789	1091.834595
1089.604492	1076.473633
1088.634766	1107.126343
1088.490234	1008.988770
1087.509766	1097.961670
1087.375000	1040.167847
1086.384766	986.587402
1086.258789	1089.264404
1085.258789	999.671753
1085.143555	1077.838379
1084.133789	1081.598511
1084.027344	1059.695801
1083.007813	1052.464966
1082.911133	1037.080688
1081.880859	987.828247
1081.794922	1050.305908
1080.754883	1014.214233
1080.678711	1050.091675
1079.627930	1013.962036
1079.561523	1099.125244
1078.500977	1020.364319
1078.444336	1025.043945
1077.374023	1015.675049
1077.327148	1042.735596
1076.246094	1030.941650
1076.209961	1002.253418
1075.118164	1057.282959
1075.092773	1057.966309
1073.990234	1085.827026
1073.974609	1095.766357
1072.861328	1074.479004
1072.856445	1003.874268
1071.738281	992.492004
1071.732422	1087.499878
1070.619141	1032.516602
1070.603516	1056.227905
1069.500000	1027.836182
1069.474609	1040.467529
1068.380859	1032.093384
1068.344727	1097.750732
1067.261719	1065.384399
1067.214844	1086.412842
1066.142578	1038.369141
1066.084961	1015.353638
1065.022461	1022.527832
1064.954102	1054.907104
1063.902344	1055.799927
1063.824219	1056.853638
1062.782227	1055.583008
1062.692383	1052.167725
1061.662109	1075.447021
1061.561523	1065.162964
1060.541016	1104.225708
1060.429688	1100.244751
1059.419922	1070.544067
1059.297852	1102.177124
1058.298828	1079.243042
1058.166016	1174.771240
1057.177734	1103.544067
1057.033203	1123.699463
1056.056641	1078.798584
1055.900391	1121.209595
1054.934570	1060.748657
1054.767578	1160.645142
1053.812500	1205.350220
1053.634766	1173.588623
1052.689453	1165.005859
1052.500977	1058.609985
1051.567383	1131.359253
1051.367188	1104.645386
1050.444336	1073.233398
1050.233398	1082.323364
1049.321289	1093.047363
1049.098633	1128.329102
1048.198242	1068.338745
1047.963867	1139.059937
1047.075195	1077.018921
1046.829102	1037.449829
1045.951172	1119.067261
1045.693359	1109.856567
1044.827148	1087.695190
1044.557617	1085.358643
1043.703125	1094.141724
1043.421875	1063.073853
1042.579102	1085.021729
1042.286133	1133.217896
1041.454102	1104.803467
1041.149414	1066.934448
1040.329102	1051.234985
1040.012695	1057.866455
1039.204102	1066.571289
1038.875977	1083.982788
1038.079102	1104.116699
1037.738281	1112.283813
1036.953125	1097.224487
1036.600586	1094.419922
1035.827148	1043.701416
1035.462891	1063.382568
1034.701172	1103.429565
1034.325195	1063.111816
1033.575195	1129.837158
1033.186523	1097.976196
1032.448242	1102.971313
1032.047852	1113.064087
1031.322266	1100.523315
1030.908203	1077.662964
1030.195313	1071.456055
1029.769531	1075.193604
1029.067383	1095.629883
1028.629883	1131.955566
1027.940430	1106.489014
1027.490234	1081.223877
1026.812500	1070.787476
1026.349609	1096.295532
1025.684570	1114.894287
1025.208984	1106.975220
1024.556641	1141.254395
1024.068359	1073.819824
1023.427734	1090.058594
1022.926758	1082.308350
1022.299805	1094.261475
1021.786133	1125.837891
1021.170898	1109.535767
1020.644531	1079.563599
1020.041992	1056.163940
1019.501953	1162.477051
1018.912109	1131.209961
1018.360352	1074.632080
1017.782227	1104.414795
1017.217773	1054.663086
1016.653320	1097.545654
1016.074219	1071.892090
1015.522461	1150.412354
1014.931641	1102.234009
1014.392578	1125.841309
1013.788086	1106.322998
1013.261719	1092.434814
1012.644531	1130.082275
1012.131836	1185.065918
1011.500000	1092.641113
1011.000000	1202.501831
1010.356445	1096.728760
1009.869141	1118.269409
1009.210938	1111.734741
1008.737305	1120.244751
1008.066406	1181.322510
1007.606445	1139.891846
1006.920898	1183.200195
1006.473633	1115.358032
1005.775391	1213.448608
1005.341797	1192.410034
1004.629883	1191.315674
1004.209961	1212.029297
1003.484375	1177.919189
1003.077148	1238.261963
1002.337891	1173.252441
1001.944336	1189.453003
1001.190430	1166.407593
1000.810547	1147.283325
1000.043945	1187.901367
999.677734	1193.365234
998.896484	1198.488281
998.543945	1190.909058
997.749023	1230.854370
997.410156	1263.421265
996.601563	1139.061035
996.276367	1208.044067
995.453125	1191.021606
995.141602	1196.770020
994.304688	1142.821899
994.006836	1214.146484
993.155273	1172.991577
992.872070	1220.500122
992.006836	1092.186035
991.737305	1105.707642
990.857422	1122.352539
990.602539	1186.953979
989.708008	1128.583252
989.466797	1149.275391
988.331055	1127.020996
987.195313	1111.378174
986.058594	1119.944824
984.921875	1126.307983
983.785156	1119.472168
982.648438	1092.849121
981.511719	1046.451294
980.374023	1083.595581
979.236328	1111.934082
978.098633	1105.107788
976.959961	1107.070679
975.822266	1065.110474
974.683594	1080.254517
973.544922	1097.587158
972.405273	1114.912354
971.265625	1143.201294
970.126953	1101.277222
968.986328	1173.423096
967.846680	1219.223999
966.706055	1175.117676
965.565430	1192.403564
964.424805	1205.299194
963.284180	1172.178345
962.142578	1187.263062
961.000977	1130.069214
959.859375	1182.379150
958.717773	1138.345215
957.575195	1114.027832
956.432617	1091.908813
955.290039	1126.680054
954.146484	1093.631226
953.003906	1073.717041
951.860352	1121.587524
950.716797	1077.631226
949.572266	1048.991211
948.428711	1081.541504
947.284180	1063.835083
946.138672	1041.767944
944.994141	1048.096191
943.848633	1058.787720
942.704102	1032.370361
941.557617	1010.328369
940.412109	1066.835693
939.265625	1092.782104
938.119141	1079.463867
936.972656	1053.069702
935.826172	1057.203979
934.678711	1026.466919
933.531250	1015.352722
932.383789	1036.919189
931.236328	1088.967407
930.087891	1003.812744
928.939453	1092.854492
927.791016	1086.090576
926.641602	1120.674561
925.493164	1133.487671
924.343750	1163.696167
923.194336	1143.874268
922.043945	1167.544678
920.893555	1112.950562
919.743164	1123.577637
918.592773	1075.534424
917.442383	1123.094360
916.291016	1185.836792
915.139648	1118.268311
913.988281	1135.395020
912.835938	1165.536865
911.684570	1195.665771
910.532227	1147.678589
909.378906	1164.783569
908.226563	1162.363892
907.073242	1133.927612
905.919922	1179.203735
904.766602	1200.621094
903.612305	1258.863403
902.458984	1191.437744
901.304688	1256.153931
900.149414	1258.047852
898.995117	1251.281372
897.839844	1238.024658
896.684570	1246.412598
895.529297	1274.267700
894.373047	1295.621704
893.216797	1347.241455
892.060547	1346.949829
890.904297	1405.020508
889.747070	1447.938232
888.590820	1477.873291
887.432617	1468.912354
886.275391	1630.571167
885.117188	1634.536011
883.959961	1666.562866
882.801758	1571.236328
881.642578	1553.632690
880.483398	1510.148315
879.325195	1380.407227
878.165039	1416.766357
877.005859	1412.146606
875.845703	1381.662964
874.685547	1344.727417
873.525391	1249.635010
872.365234	1249.363159
871.204102	1238.323242
870.042969	1188.531616
868.881836	1302.364258
867.719727	1231.057983
866.558594	1166.237915
865.396484	1217.614014
864.233398	1170.031250
863.071289	1154.723877
861.908203	1197.469116
860.745117	1154.220215
859.582031	1136.776978
858.417969	1192.388550
857.253906	1187.832153
856.089844	1148.917603
854.925781	1120.755127
853.760742	1238.571655
852.596680	1124.557495
851.430664	1177.952515
850.265625	1239.904663
849.099609	1297.540161
847.933594	1190.045044
846.767578	1228.372192
845.601563	1275.255493
844.434570	1270.690674
843.267578	1386.099121
842.100586	1332.248413
840.933594	1473.289429
839.765625	1528.630859
838.597656	1675.988159
837.429688	1692.740601
836.260742	1801.485229
835.091797	2059.916504
833.922852	2313.956787
832.753906	2702.586914
831.583984	3202.204102
830.414063	3586.193604
829.244141	3882.408691
828.074219	3819.604248
826.903320	3517.620361
825.733398	3271.286865
824.561523	2813.712402
823.390625	2510.013428
822.218750	2300.339355
821.046875	2150.493164
819.875000	1983.648926
818.703125	1893.647583
817.530273	1788.761597
816.357422	1756.394165
815.184570	1651.584229
814.010742	1623.522217
812.836914	1586.951782
811.663086	1512.063354
810.489258	1501.083740
809.314453	1547.584351
808.139648	1449.342896
806.964844	1393.700317
805.790039	1414.665649
804.614258	1435.621582
803.438477	1367.260132
802.262695	1394.594727
801.086914	1370.906494
799.910156	1362.103394
798.733398	1336.308105
797.556641	1297.779907
796.378906	1295.369141
795.201172	1363.020996
794.023438	1328.757324
792.845703	1302.997192
791.666992	1326.046875
790.489258	1399.995239
789.309570	1456.944702
788.130859	1390.893311
786.951172	1500.814087
785.771484	1445.378784
784.591797	1430.225952
783.412109	1446.855591
782.231445	1380.879028
781.050781	1312.814209
779.870117	1320.990479
778.688477	1252.968872
777.506836	1252.690430
776.325195	1265.105225
775.143555	1296.550293
773.960938	1196.874756
772.778320	1298.087646
771.595703	1259.752563
770.413086	1278.490967
769.229492	1299.333618
768.045898	1299.044312
766.862305	1345.214355
765.677734	1344.914673
764.494141	1344.614868
763.309570	1439.282471
762.124023	1428.411865
760.939453	1533.565430
759.753906	1630.236084
758.568359	1667.825317
757.381836	1713.829712
756.196289	1846.223389
755.009766	1919.559204
753.822266	1965.476074
752.635742	1802.863403
751.448242	1735.078735
750.260742	1692.586670
749.073242	1582.761963
747.884766	1540.322632
746.696289	1550.496948
745.507813	1503.876831
744.319336	1450.968872
743.129883	1435.927246
741.940430	1469.236328
740.750977	1445.791382
739.561523	1403.447998
738.371094	1457.746460
737.180664	1419.619141
735.990234	1471.789673
734.798828	1444.171509
733.607422	1450.143311
732.416016	1376.382813
731.224609	1373.976196
730.032227	1308.654419
728.839844	1274.812866
727.647461	1280.815308
726.454102	1267.952759
725.260742	1242.523926
724.067383	1330.228271
722.874023	1197.983398
721.679688	1296.127563
720.486328	1295.835938
719.291016	1199.267944
718.096680	1232.477905
716.901367	1228.016357
715.706055	1211.007446
714.510742	1321.561890
713.315430	1229.277344
712.119141	1235.270752
710.922852	1291.413208
709.725586	1299.478760
708.529297	1278.298462
707.332031	1271.745361
706.134766	1321.565186
704.936523	1340.052612
703.738281	1346.010620
702.540039	1318.583862
701.341797	1378.776978
700.143555	1353.440430
698.944336	1399.003418
697.745117	1523.756104
696.544922	1429.631104
695.345703	1481.396240
694.145508	1468.562744
692.944336	1543.203857
691.744141	1559.511597
690.542969	1640.343018
689.341797	1592.104370
688.140625	1612.550903
686.938477	1739.080078
685.736328	1742.845459
684.534180	1771.560547
683.331055	1754.528320
682.128906	1731.268433
680.925781	1701.785400
679.721680	1722.173340
678.518555	1663.628174
677.314453	1756.691528
676.110352	1735.532593
674.905273	1828.536987
673.701172	1763.794922
672.496094	1699.082031
671.290039	1767.141357
670.084961	1667.204956
668.878906	1737.313354
667.672852	1755.572388
666.466797	1769.678467
665.259766	1684.333862
664.052734	1712.948364
662.845703	1685.637695
661.637695	1838.458618
660.429688	1711.777954
659.221680	1744.498169
658.013672	1694.446289
656.804688	1741.634277
655.595703	1683.333618
654.386719	1701.557129
653.177734	1676.364502
651.967773	1593.319336
650.757813	1539.237183
649.547852	1578.132446
648.336914	1586.032471
647.125977	1546.441284
645.915039	1517.188965
644.703125	1531.288208
643.492188	1423.648560
642.280273	1446.013550
641.067383	1470.430542
639.855469	1414.424194
638.642578	1482.125610
637.429688	1494.151611
636.215820	1415.513184
635.001953	1444.028320
633.788086	1480.768066
632.574219	1488.664673
631.359375	1523.318481
630.144531	1551.782104
628.929688	1504.101440
627.714844	1573.698364
626.499023	1517.807617
625.283203	1686.065674
624.067383	1652.787231
622.850586	1660.628540
621.633789	1765.039795
620.416992	1774.905518
619.200195	1682.075684
617.982422	1800.782837
616.764648	1839.373169
615.546875	1728.120483
614.328125	1748.241943
613.109375	1673.987183
611.890625	1716.672241
610.670898	1660.913086
609.452148	1547.778442
608.232422	1637.602539
607.011719	1631.077759
605.791992	1743.375732
604.571289	1738.877319
603.350586	1746.666870
602.128906	1727.838989
600.907227	1586.215820
599.685547	1587.895752
598.463867	1612.078491
597.241211	1556.482544
596.018555	1574.526489
594.795898	1584.384277
593.573242	1463.428223
592.349609	1589.781860
591.125977	1558.769897
589.901367	1560.451660
588.677734	1623.392456
587.453125	1608.725952
586.227539	1706.324097
585.002930	1773.268066
583.777344	1772.857178
582.551758	1880.546997
581.325195	1812.818481
580.099609	1906.177979
578.873047	1879.238892
577.645508	1886.953735
576.418945	1910.963013
575.191406	1896.261719
573.963867	1936.547852
572.735352	1868.914673
571.507813	1801.312744
570.279297	1863.976196
569.049805	1814.716309
567.821289	1759.377319
566.591797	1651.192993
565.362305	1656.907837
564.131836	1536.602051
562.901367	1552.500854
561.670898	1537.918091
560.440430	1582.244385
559.208984	1504.710938
557.977539	1467.817017
556.746094	1451.237061
555.513672	1505.687744
554.281250	1491.135132
553.048828	1411.684082
551.816406	1417.437988
550.583008	1366.423584
549.349609	1455.286255
548.116211	1450.893433
546.881836	1341.154907
545.647461	1397.553711
544.413086	1476.200439
543.177734	1411.071289
541.943359	1428.957275
540.707031	1442.787598
539.471680	1480.888062
538.235352	1476.495972
536.999023	1437.729736
535.762695	1364.613403
534.525391	1402.695801
533.289063	1372.056274
532.050781	1395.977173
530.813477	1423.926147
529.575195	1397.341309
528.336914	1425.276489
527.098633	1380.538330
525.859375	1432.678345
524.620117	1444.445923
523.380859	1468.309204
522.140625	1441.750244
520.900391	1483.746338
519.660156	1410.839722
518.419922	1448.792847
517.178711	1506.873291
515.937500	1518.602661
514.696289	1467.905273
513.454102	1590.359131
512.211914	1491.364990
510.969727	1478.940308
509.726563	1486.638184
508.483398	1528.522827
507.240234	1441.700317
505.997070	1509.708862
504.752930	1533.469727
503.508789	1498.949097
502.263672	1532.745117
501.019531	1522.340942
499.774414	1525.996704
498.528320	1541.694946
497.283203	1517.246826
496.037109	1522.907104
494.791016	1586.738159
493.543945	1542.240967
492.297852	1575.961182
491.050781	1601.646973
489.802734	1565.193604
488.554688	1586.862183
487.306641	1546.422852
486.058594	1610.140991
484.810547	1611.760986
483.561523	1665.424438
482.311523	1508.932251
481.062500	1592.605591
479.812500	1694.241577
478.562500	1667.841187
477.312500	1683.439087
476.061523	1679.040771
474.810547	1734.595703
473.558594	1704.214111
472.307617	1761.733643
471.055664	1857.167603
469.803711	1762.890503
468.550781	1936.122314
467.297852	1947.633667
466.044922	2114.753174
464.791016	2176.080078
463.538086	2283.241943
462.284180	2436.205322
461.029297	2658.855469
459.774414	2787.743408
458.519531	3073.952637
457.264648	3296.289551
456.009766	3548.388184
454.753906	3635.132324
453.497070	3596.446533
452.241211	3430.431152
450.984375	3172.985352
449.727539	2909.695801
448.469727	2739.985840
447.211914	2528.611084
445.954102	2384.909912
444.696289	2380.363525
443.437500	2252.657959
442.178711	2289.850586
440.919922	2205.908691
439.660156	2153.767578
438.400391	2125.465820
437.140625	2156.699951
435.879883	2128.410400
434.620117	2070.387451
433.358398	2063.940918
432.097656	2208.142578
430.835938	2221.482422
429.574219	2292.270752
428.311523	2250.122314
427.049805	2257.500732
425.787109	2197.562256
424.523438	2143.590576
423.260742	2192.543457
421.997070	2213.775635
420.732422	2207.307129
419.468750	2297.733643
418.204102	2413.816162
416.938477	2397.420654
415.673828	2410.672119
414.408203	2522.690918
413.142578	2599.104980
411.875977	2598.475098
410.609375	2686.677490
409.342773	2733.391602
408.076172	2756.405518
406.808594	2891.846680
405.541016	2875.367676
404.273438	3028.458252
403.004883	3120.367676
401.736328	3176.759521
400.466797	3237.063721
399.198242	3354.460449
397.928711	3365.459961
396.658203	3421.735107
395.388672	3607.890381
394.118164	3555.848145
392.847656	3676.956543
391.576172	3742.933350
390.304688	3740.054199
389.033203	3953.424561
387.760742	3942.632568
386.489258	3951.494629
385.215820	3958.387207
383.943359	3988.843506
382.669922	4068.371826
381.396484	3984.930176
380.123047	3981.992676
378.848633	4083.045166
377.574219	4121.276855
376.298828	4049.667725
375.024414	4229.052246
373.749023	4110.407227
372.472656	4162.310059
371.197266	4098.595215
369.920898	4076.043457
368.643555	4188.618652
367.367188	4122.984863
366.089844	4088.698242
364.812500	4097.477051
363.534180	4078.862549
362.255859	4050.477539
360.977539	4047.525146
359.698242	4003.521729
358.418945	4002.535400
357.139648	3944.886475
355.860352	3984.935059
354.580078	3872.635986
353.299805	3877.537598
352.018555	3835.589111
350.737305	3801.466797
349.456055	3757.605713
348.174805	3735.221436
346.892578	3763.548096
345.610352	3653.442627
344.327148	3609.658936
343.043945	3585.382324
341.760742	3502.674072
340.477539	3404.425537
339.193359	3411.369873
337.909180	3332.657959
336.625000	3218.953613
335.339844	3126.707520
334.054688	3104.533691
332.768555	3025.973877
331.483398	2990.225342
330.197266	2979.763184
328.910156	2924.610352
327.624023	2824.800781
326.336914	2866.827881
325.048828	2712.710449
323.760742	2640.205322
322.472656	2598.789307
321.184570	2557.393311
319.895508	2638.229736
318.606445	2499.874512
317.317383	2460.471924
316.027344	2496.687012
314.737305	2503.814453
313.447266	2441.189697
312.156250	2481.255127
310.866211	2451.586670
309.574219	2493.564697
308.283203	2498.746338
306.991211	2525.210205
305.698242	2478.147949
304.406250	2529.745605
303.113281	2590.984619
301.819336	2576.802246
300.526367	2657.323975
299.232422	2670.180664
297.937500	2700.415283
296.643555	2767.325684
295.348633	2770.490234
294.052734	2874.021484
292.757813	2991.008057
291.461914	3038.483887
290.166016	3282.663574
288.869141	3428.380127
287.572266	3647.276611
286.275391	3844.862061
284.977539	3949.862305
283.679688	4199.279297
282.381836	4498.640137
281.083008	4682.330566
279.784180	4852.453613
278.485352	5018.640625
277.185547	5330.954102
275.885742	5650.801758
274.585938	5945.489258
273.285156	6303.464355
271.984375	6453.692383
270.683594	6886.289063
269.381836	7178.437500
268.080078	7408.982910
266.777344	7833.323242
265.475586	8063.581543
264.172852	8381.993164
262.869141	8397.124023
261.565430	8696.105469
260.261719	8795.514648
258.958008	8973.467773
257.653320	9095.750000
256.348633	9116.418945
255.043945	9470.377930
253.738281	9582.858398
252.432617	9787.177734
251.125977	9968.422852
249.819336	10065.375977
248.512695	10091.493164
247.206055	10391.095703
245.898438	10451.529297
244.590820	10590.306641
243.282227	10490.121094
241.973633	10709.058594
240.665039	10528.664063
239.356445	10501.130859
238.046875	10601.523438
236.736328	10430.833008
235.426758	10407.157227
234.116211	10393.029297
232.805664	10293.083008
231.494141	10202.720703
230.182617	10169.587891
228.871094	10271.776367
227.558594	10166.241211
226.246094	10207.421875
224.933594	10109.570313
223.620117	10167.874023
222.306641	9879.754883
220.992188	9783.960938
219.678711	9733.868164
218.363281	9744.656250
217.048828	9498.765625
215.733398	9500.100586
214.417969	9307.604492
213.102539	9084.810547
211.786133	9015.972656
210.468750	8730.705078
209.152344	8578.465820
207.834961	8530.684570
206.517578	8357.702148
205.199219	8103.245605
203.880859	8004.418457
202.562500	7918.912598
201.243164	7664.764160
199.923828	7624.864258
198.604492	7452.379395
197.284180	7302.708984
195.963867	7270.503906
194.642578	7291.314453
193.322266	7052.857910
192.000000	7007.495605
190.678711	6954.590332
189.356445	6958.437500
188.034180	7005.760254
186.710938	6831.939941
185.387695	6966.179688
184.064453	7021.014160
182.740234	7308.090332
181.416016	7011.653809
180.091797	7304.240723
178.766602	7460.814453
177.441406	7460.732910
176.116211	7547.401367
174.790039	7656.646973
173.463867	7714.940430
172.136719	8097.320801
170.809570	8140.392578
169.482422	8275.726563
168.155273	8426.050781
166.827148	8612.059570
165.498047	8786.675781
164.169922	8876.534180
162.840820	9047.221680
161.510742	9099.350586
160.180664	9224.766602
158.850586	9427.169922
157.520508	9776.018555
156.189453	9822.254883
154.858398	10140.761719
153.526367	10333.309570
152.194336	10441.291016
150.862305	10781.887695
149.529297	11004.118164
148.196289	11184.967773
146.863281	11273.847656
145.529297	11589.481445
144.195313	11874.959961
142.860352	12276.434570
141.526367	12215.083984
140.190430	12412.155273
138.855469	12369.513672
137.519531	12298.822266
136.183594	12641.632813
134.846680	12763.549805
133.509766	12810.602539
132.171875	12986.615234
130.834961	12717.736328
129.496094	12832.015625
128.158203	12847.233398
126.819336	12901.655273
125.480469	12670.413086
124.140625	12717.381836
122.800781	12574.003906
121.460938	12410.181641
120.120117	12287.471680
118.779297	12265.500000
117.437500	12182.030273
116.095703	12271.892578
114.753906	12059.925781
113.411133	12263.368164
112.068359	12001.244141
110.725586	12115.243164
109.381836	11966.803711
108.038086	11747.751953
106.694336	11363.294922
105.349609	10865.628906
104.003906	10089.416016
102.659180	9205.843750
101.313477	8465.799805
99.966797	7135.552734
98.621094	6216.370605
