#Wave		#Intensity
3199.922852	31.915588
3199.217773	28.369411
3198.512695	24.819387
3197.807617	35.450768
3197.101563	14.178105
3196.396484	28.351803
3195.691406	46.064514
3194.985352	42.514469
3194.279297	14.169280
3193.574219	31.875906
3192.868164	35.412140
3192.162109	28.325285
3191.455078	24.780746
3190.749023	35.395523
3190.042969	35.389973
3189.335938	35.384418
3188.629883	14.151545
3187.922852	14.149320
3187.215820	14.147094
3186.508789	45.970814
3185.801758	35.356590
3185.094727	14.140405
3184.387695	31.810884
3183.679688	28.271872
3182.972656	35.334248
3182.264648	31.795788
3181.557617	28.258444
3180.849609	35.317451
3180.141602	45.905396
3179.433594	35.306229
3178.724609	24.710430
3178.016602	49.412991
3177.308594	28.231497
3176.599609	35.283741
3175.890625	28.222488
3175.182617	35.272472
3174.473633	35.266834
3173.764648	14.104476
3173.055664	31.729986
3172.345703	28.199911
3171.636719	24.670963
3170.927734	31.714716
3170.217773	14.093163
3169.507813	52.840862
3168.797852	31.699411
3168.087891	45.780663
3167.377930	35.210213
3166.667969	35.204533
3165.958008	42.238613
3165.248047	38.712467
3164.537109	28.149967
3163.826172	49.254463
3163.116211	45.728874
3162.405273	28.136282
3161.694336	31.648178
3160.983398	31.643036
3160.271484	28.122570
3159.560547	35.147491
3158.849609	14.056707
3158.137695	38.649643
3157.425781	28.104246
3156.713867	24.587200
3156.001953	45.654484
3155.290039	24.579165
3154.578125	38.618080
3153.866211	28.081276
3153.153320	38.605427
3152.441406	35.090088
3151.728516	38.592758
3151.015625	35.078564
3150.302734	45.594635
3149.589844	14.026810
3148.876953	35.061249
3148.164063	35.055473
3147.451172	38.554661
3146.737305	45.557079
3146.023438	45.549553
3145.310547	28.025862
3144.596680	28.021227
3143.882813	35.020737
3143.168945	35.014935
3142.455078	38.510040
3141.740234	31.502989
3141.026367	34.997509
3140.311523	13.996678
3139.596680	27.988701
3138.881836	31.482050
3138.167969	24.481962
3137.452148	31.471563
3136.737305	31.466316
3136.022461	31.461065
3135.306641	45.436172
3134.591797	38.439568
3133.875977	34.939217
3133.160156	34.933369
3132.444336	38.420273
3131.728516	24.445168
3131.012695	38.407391
3130.296875	27.927961
3129.580078	24.432861
3128.864258	38.388046
3128.147461	48.849297
3127.430664	27.909185
3126.713867	31.392548
3125.997070	38.362202
3125.280273	34.868851
3124.563477	41.835560
3123.845703	27.885662
3123.128906	27.880951
3122.411133	31.360765
3121.693359	38.323341
3120.975586	27.866800
3120.257813	38.310360
3119.540039	45.268204
3118.822266	48.742104
3118.104492	41.771854
3117.385742	31.323568
3116.666992	31.318243
3115.949219	31.312918
3115.230469	24.350346
3114.511719	45.214367
3113.791992	38.251793
3113.073242	34.768425
3112.354492	13.904997
3111.634766	55.610493
3110.915039	45.175804
3110.196289	41.693615
3109.476563	45.160355
3108.756836	38.206066
3108.036133	55.562939
3107.316406	27.776709
3106.596680	31.243439
3105.875977	48.592564
3105.155273	24.292109
3104.435547	34.697052
3103.714844	34.691086
3102.994141	41.622139
3102.272461	38.147060
3101.551758	41.607807
3100.831055	41.600636
3100.109375	48.525707
3099.387695	48.517334
3098.666992	31.184328
3097.945313	45.036247
3097.222656	27.709824
3096.500977	41.557545
3095.779297	51.937943
3095.056641	48.467018
3094.334961	41.535961
3093.612305	44.989491
3092.889648	38.061424
3092.166992	38.054817
3091.444336	34.589283
3090.721680	13.833308
3089.999023	34.577255
3089.275391	41.485489
3088.551758	62.217403
3087.829102	44.926964
3087.105469	34.553181
3086.381836	51.820732
3085.658203	37.995239
3084.933594	51.802647
3084.209961	55.246506
3083.485352	41.427635
3082.761719	44.872093
3082.037109	51.766434
3081.312500	44.856388
3080.587891	41.398643
3079.863281	55.188519
3079.137695	58.627518
3078.413086	51.721088
3077.687500	41.369606
3076.962891	31.021757
3076.237305	44.801331
3075.511719	27.565201
3074.786133	34.450439
3074.060547	34.444378
3073.333984	34.438313
3072.608398	44.761917
3071.881836	48.196644
3071.155273	58.514172
3070.429688	55.062443
3069.703125	37.848747
3068.975586	65.363556
3068.249023	37.835373
3067.522461	41.267651
3066.794922	41.260349
3066.067383	34.377537
3065.340820	48.120029
3064.613281	37.801895
3063.885742	48.102974
3063.157227	44.659122
3062.429688	41.216488
3061.702148	75.550148
3060.973633	34.334873
3060.245117	44.627403
3059.516602	65.213066
3058.788086	34.316563
3058.059570	58.327770
3057.331055	44.595646
3056.602539	51.447346
3055.873047	48.008961
3055.143555	54.857597
3054.415039	51.419823
3053.685547	54.838017
3052.956055	65.108513
3052.226563	54.818424
3051.496094	37.680927
3050.766602	34.249264
3050.036133	41.091759
3049.305664	54.779205
3048.576172	71.884827
3047.845703	47.914627
3047.114258	47.906036
3046.383789	58.161182
3045.653320	44.468216
3044.921875	54.720287
3044.191406	47.871651
3043.459961	44.444256
3042.728516	58.108963
3041.997070	64.933632
3041.265625	41.003334
3040.533203	47.828609
3039.801758	51.235706
3039.069336	58.056671
3038.336914	64.875168
3037.604492	51.208000
3036.872070	61.438511
3036.139648	40.951614
3035.407227	61.416325
3034.674805	40.936817
3033.941406	44.340202
3033.208008	37.511848
3032.474609	40.914612
3031.742188	40.907204
3031.007813	47.716431
3030.274414	44.300083
3029.541016	51.106216
3028.806641	64.722801
3028.073242	71.522751
3027.338867	47.673183
3026.604492	71.496788
3025.870117	71.483803
3025.135742	61.260696
3024.400391	71.457817
3023.666016	34.021343
3022.930664	57.825760
3022.196289	85.022408
3021.460938	57.804707
3020.725586	64.593491
3019.989258	74.778831
3019.253906	64.569939
3018.518555	54.364769
3017.782227	67.943558
3017.045898	57.741486
3016.310547	74.710625
3015.574219	57.720390
3014.837891	67.893929
3014.100586	74.669662
3013.364258	84.836372
3012.626953	74.642342
3011.890625	81.413101
3011.153320	57.657051
3010.416016	91.556190
3009.678711	61.026272
3008.941406	91.522621
3008.203125	81.338516
3007.465820	81.323586
3006.727539	67.757217
3005.989258	64.357529
3005.250977	57.572475
3004.512695	71.105865
3003.774414	71.092796
3003.036133	74.464462
3002.296875	71.066635
3001.558594	77.820557
3000.819336	101.486382
3000.080078	108.232193
2999.340820	64.251022
2998.601563	94.668259
2997.862305	111.552727
2997.122070	81.114288
2996.382813	104.753281
2995.642578	111.490967
2994.902344	94.580925
2994.162109	81.054382
2993.421875	108.052528
2992.681641	114.784584
2991.940430	81.009422
2991.200195	111.367340
2990.458984	97.850151
2989.717773	84.337959
2988.976563	111.305473
2988.235352	121.401649
2987.494141	121.379143
2986.751953	117.985611
2986.010742	87.630196
2985.268555	90.983696
2984.526367	107.812508
2983.784180	101.055450
2983.041992	131.347672
2982.299805	104.385155
2981.556641	121.198936
2980.814453	104.346336
2980.071289	111.057693
2979.328125	114.401779
2978.584961	151.385925
2977.841797	127.813187
2977.098633	141.240891
2976.355469	134.490051
2975.611328	131.103363
2974.867188	157.966888
2974.123047	154.577042
2973.379883	134.389725
2972.634766	144.441986
2971.890625	151.131973
2971.146484	157.819458
2970.401367	147.718262
2969.657227	211.466156
2968.912109	174.510849
2968.166992	184.544250
2967.421875	194.573868
2966.675781	204.599716
2965.930664	181.087143
2965.185547	204.523087
2964.439453	194.428116
2963.693359	217.852737
2962.947266	211.109970
2962.201172	244.573608
2961.455078	227.779236
2960.708008	227.736481
2959.961914	247.784332
2959.214844	227.650940
2958.467773	227.608170
2957.720703	264.377441
2956.973633	291.095093
2956.226563	227.479797
2955.479492	297.674896
2954.731445	304.306946
2953.983398	267.472229
2953.235352	250.707977
2952.488281	267.371460
2951.739258	277.345612
2950.991211	270.611572
2950.243164	277.241058
2949.494141	273.849121
2948.745117	290.492432
2947.997070	223.670334
2947.248047	303.733704
2946.498047	240.271378
2945.749023	286.936584
2945.000000	290.218201
2944.250000	293.498566
2943.500977	270.100983
2942.750977	290.053589
2942.000977	286.665405
2941.250977	286.611145
2940.500000	286.556885
2939.750000	299.828308
2938.999023	273.125153
2938.248047	273.073395
2937.498047	299.657898
2936.747070	296.272156
2935.995117	259.605011
2935.244141	269.538666
2934.493164	269.487518
2933.741211	252.804474
2932.989258	262.733704
2932.237305	299.260010
2931.485352	262.633881
2930.733398	272.555481
2929.981445	239.271515
2929.228516	282.419586
2928.476563	242.502441
2927.723633	255.741577
2926.970703	225.806717
2926.217773	258.964264
2925.464844	282.150909
2924.710938	278.778351
2923.958008	245.543640
2923.204102	262.084473
2922.450195	222.231781
2921.696289	252.035721
2920.942383	245.356384
2920.188477	255.254547
2919.434570	241.948364
2918.679688	258.470795
2917.924805	238.542862
2917.170898	245.122208
2916.416016	258.322662
2915.660156	251.650894
2914.905273	218.497147
2914.150391	238.314926
2913.394531	221.722839
2912.638672	234.915054
2911.883789	254.718262
2911.127930	257.976868
2910.371094	284.381561
2909.615234	244.653519
2908.859375	264.439606
2908.102539	280.913208
2907.345703	211.470566
2906.588867	254.376709
2905.832031	247.721985
2905.075195	270.790710
2904.318359	241.023499
2903.560547	234.375107
2902.802734	280.536011
2902.045898	224.385696
2901.288086	257.334106
2900.530273	244.090561
2899.771484	280.320374
2899.013672	250.591187
2898.254883	253.839584
2897.497070	247.198776
2896.738281	266.923279
2895.979492	247.103592
2895.220703	247.056000
2894.460938	273.355957
2893.702148	223.911118
2892.942383	233.744476
2892.183594	236.990952
2891.423828	233.654343
2890.664063	223.738449
2889.903320	263.170898
2889.143555	243.386093
2888.383789	217.032181
2887.623047	266.306244
2886.862305	223.522537
2886.101563	259.630402
2885.340820	233.293625
2884.580078	246.389282
2883.818359	256.195313
2883.057617	249.577911
2882.295898	239.679764
2881.534180	249.481323
2880.772461	242.869003
2880.010742	236.259216
2879.249023	232.932709
2878.486328	255.848328
2877.724609	242.680862
2876.961914	222.960800
2876.199219	245.864975
2875.436523	216.319214
2874.673828	268.708099
2873.910156	242.445618
2873.147461	222.744629
2872.383789	252.176559
2871.620117	232.481293
2870.856445	222.614883
2870.092773	245.483414
2869.329102	242.163239
2868.565430	291.193756
2867.800781	212.628250
2867.036133	258.374847
2866.271484	219.085388
2865.506836	232.119934
2864.742188	222.268784
2863.977539	267.977814
2863.211914	261.390869
2862.447266	267.873444
2861.681641	241.692352
2860.916016	271.034515
2860.150391	244.862976
2859.383789	251.343643
2858.618164	244.767487
2857.851563	264.297302
2857.085938	251.196564
2856.319336	234.839249
2855.552734	257.620544
2854.786133	286.913666
2854.018555	277.078369
2853.251953	263.987823
2852.484375	244.385391
2851.716797	221.532776
2850.949219	241.032639
2850.181641	263.781433
2849.414063	270.241669
2848.646484	260.422913
2847.877930	250.608002
2847.109375	250.558945
2846.340820	237.496368
2845.572266	237.449844
2844.803711	286.184845
2844.035156	240.608261
2843.265625	234.059448
2842.497070	217.762619
2841.727539	220.969452
2840.958008	263.161987
2840.188477	220.882751
2839.418945	233.829956
2838.648438	233.784042
2837.878906	240.230865
2837.108398	230.446503
2836.337891	220.665970
2835.567383	233.600403
2834.796875	220.579239
2834.025391	243.238083
2833.254883	220.492493
2832.483398	220.449112
2831.711914	233.370789
2830.940430	236.565475
2830.168945	200.879074
2829.397461	220.275604
2828.625977	239.664474
2827.853516	213.712677
2827.081055	203.958267
2826.308594	229.812424
2825.536133	242.711746
2824.763672	239.428360
2823.991211	219.971848
2823.217773	210.225723
2822.445313	210.184235
2821.671875	193.977921
2820.898438	210.101257
2820.125000	206.828079
2819.350586	213.249313
2818.577148	197.055115
2817.802734	193.786392
2817.028320	213.122894
2816.253906	184.024292
2815.479492	177.532166
2814.705078	177.497055
2813.930664	180.688507
2813.155273	183.878677
2812.379883	190.292877
2811.604492	183.805862
2810.829102	219.233734
2810.053711	164.392715
2809.278320	186.919373
2808.501953	206.214981
2807.726563	193.288208
2806.950195	180.366547
2806.173828	170.670181
2805.397461	212.490509
2804.620117	202.791595
2803.843750	164.132034
2803.066406	176.969986
2802.290039	189.802811
2801.512695	205.846893
2800.735352	212.237427
2799.957031	196.119843
2799.179688	154.293121
2798.401367	151.048630
2797.624023	167.084396
2796.845703	179.901230
2796.067383	199.136719
2795.289063	183.040863
2794.509766	186.215012
2793.731445	189.387894
2792.952148	147.628937
2792.172852	208.564529
2791.393555	182.858597
2790.614258	182.822144
2789.834961	163.545074
2789.054688	153.894073
2788.275391	169.890808
2787.495117	147.422958
2786.714844	182.639816
2785.934570	201.824753
2785.153320	172.958084
2784.373047	163.316666
2783.591797	150.477448
2782.811523	179.256439
2782.030273	172.819855
2781.249023	182.384476
2780.466797	175.949814
2779.685547	159.922379
2778.904297	172.681595
2778.122070	163.055527
2777.339844	156.629822
2776.557617	143.814896
2775.775391	169.348053
2774.992188	159.730301
2774.209961	159.698288
2773.426758	159.666260
2772.643555	140.478134
2771.860352	169.178360
2771.077148	159.570190
2770.293945	130.821304
2769.509766	188.217239
2768.726563	172.232040
2767.942383	149.875549
2767.158203	127.528030
2766.374023	168.940689
2765.589844	156.159042
2764.804688	172.059036
2764.020508	159.281876
2763.235352	136.954865
2762.450195	171.955215
2761.665039	162.369461
2760.879883	171.885986
2760.093750	165.486511
2759.308594	162.271378
2758.522461	162.238678
2757.736328	168.567001
2756.950195	165.353149
2756.164063	171.678253
2755.376953	139.857773
2754.590820	165.253113
2753.803711	162.042450
2753.016602	171.539734
2752.229492	136.568863
2751.442383	193.698105
2750.654297	196.833710
2749.867188	187.271652
2749.079102	168.193069
2748.291016	171.331863
2747.502930	161.780701
2746.714844	149.061859
2745.926758	158.544357
2745.137695	174.363495
2744.349609	171.158585
2743.560547	164.786011
2742.771484	180.594223
2741.982422	158.383881
2741.192383	145.683640
2740.403320	167.818863
2739.613281	151.956070
2738.823242	155.090347
2738.033203	180.374619
2737.243164	158.191238
2736.453125	136.016846
2735.662109	161.289551
2734.872070	151.771088
2734.081055	164.385269
2733.290039	176.994308
2732.499023	173.798370
2731.708008	151.647720
2730.916016	161.092941
2730.125000	170.534286
2729.333008	157.869980
2728.541016	148.367569
2727.749023	160.961807
2726.956055	154.618088
2726.164063	167.205887
2725.371094	189.251114
2724.578125	138.755859
2723.786133	160.797852
2722.992188	116.633469
2722.199219	163.883865
2721.406250	126.038780
2720.612305	182.718918
2719.818359	132.286682
2719.024414	122.812538
2718.230469	157.419800
2717.436523	151.092117
2716.642578	141.619904
2715.847656	173.055603
2715.052734	135.270340
2714.257813	132.097473
2713.462891	144.648575
2712.667969	138.331177
2711.872070	150.875839
2711.077148	160.272736
2710.281250	147.672058
2709.485352	131.935211
2708.689453	144.470840
2707.893555	172.701447
2707.096680	175.805405
2706.300781	169.491852
2705.503906	144.352310
2704.707031	150.597565
2703.910156	122.335388
2703.112305	125.446411
2702.315430	125.420624
2701.517578	141.069199
2700.720703	150.442871
2699.922852	162.946243
2699.124023	140.982162
2698.326172	137.820847
2697.528320	159.713989
2696.729492	147.157089
2695.930664	150.257126
2695.131836	153.355881
2694.333008	128.291733
2693.534180	159.549484
2692.734375	140.749924
2691.935547	165.737930
2691.135742	165.703720
2690.335938	146.914474
2689.536133	171.885681
2688.736328	149.978333
2687.935547	146.823425
2687.134766	162.409363
2686.334961	177.988846
2685.534180	159.220230
2684.732422	168.551239
2683.931641	165.395691
2683.130859	159.121384
2682.329102	152.849670
2681.527344	165.292938
2680.725586	162.140594
2679.923828	146.519775
2679.121094	152.722977
2678.319336	158.923599
2677.516602	140.197601
2676.713867	133.938797
2675.911133	180.624115
2675.108398	155.678101
2674.305664	177.436172
2673.501953	171.174744
2672.698242	161.804306
2671.895508	171.103577
2671.091797	174.178299
2670.287109	149.264618
2669.483398	164.778702
2668.678711	167.852768
2667.875000	186.464233
2667.070313	142.926117
2666.265625	139.789886
2665.459961	167.712891
2664.655273	139.731583
2663.849609	149.015930
2663.043945	148.984818
2662.238281	167.572922
2661.432617	192.358353
2660.626953	164.401016
2659.821289	139.556595
2659.014648	173.634109
2658.208008	139.498230
2657.401367	164.263550
2656.594727	151.834503
2655.788086	136.312653
2655.012695	136.583206
2654.980469	173.452484
2654.208008	164.520676
2654.172852	154.835846
2653.402344	142.768509
2653.366211	170.283737
2652.596680	167.570786
2652.558594	167.152618
2651.791016	130.311783
2651.750000	142.359406
2650.985352	127.188560
2650.942383	185.647217
2650.178711	151.981247
2650.133789	160.860489
2649.373047	161.260101
2649.326172	163.919540
2648.566406	148.831360
2648.517578	151.516434
2647.759766	124.006004
2647.708984	157.667648
2646.953125	161.181625
2646.899414	179.270615
2646.146484	179.750290
2646.090820	166.872040
2645.339844	123.945549
2645.281250	139.030777
2644.533203	154.906708
2644.472656	139.001526
2643.726563	130.100418
2643.663086	145.148819
2642.918945	170.341812
2642.853516	148.205887
2642.111328	173.410614
2642.042969	157.435593
2641.303711	191.958939
2641.233398	172.834030
2640.496094	145.493454
2640.422852	135.769547
2639.688477	154.754929
2639.612305	151.166031
2638.880859	160.918747
2638.801758	157.302887
2638.073242	170.174606
2637.991211	160.353424
2637.264648	139.210907
2637.180664	157.236496
2636.456055	157.746445
2636.369141	184.945068
2635.648438	142.257706
2635.558594	157.170105
2634.839844	166.970688
2634.747070	157.136887
2634.031250	145.302399
2633.935547	187.908325
2633.221680	157.642563
2633.124023	169.389709
2632.413086	182.340714
2632.311523	175.512207
2631.604492	166.860550
2631.500000	187.789108
2630.794922	142.116959
2630.687500	147.737198
2629.985352	169.894333
2629.875000	190.786804
2629.175781	197.662491
2629.062500	150.751175
2628.366211	157.486191
2628.250000	172.250549
2627.556641	175.984787
2627.436523	175.289276
2626.747070	163.607803
2626.624023	150.655319
2625.937500	157.407761
2625.810547	193.658600
2625.126953	141.952011
2624.997070	178.251038
2624.316406	185.123993
2624.183594	162.849976
2623.505859	178.923370
2623.369141	181.247330
2622.695313	163.471680
2622.555664	171.994812
2621.884766	194.282974
2621.741211	190.382339
2621.074219	160.333771
2620.926758	147.361435
2620.263672	169.555450
2620.112305	165.746353
2619.452148	178.774017
2619.297852	187.192154
2618.640625	175.662292
2618.482422	165.675812
2617.830078	169.470306
2617.667969	180.977615
2617.018555	184.845688
2616.852539	177.872299
2616.206055	187.894913
2616.037109	202.363266
2615.394531	190.943085
2615.221680	186.992844
2614.583008	144.722839
2614.406250	205.341766
2613.770508	178.564102
2613.589844	186.913055
2612.958984	178.534042
2612.774414	214.444611
2612.146484	193.892227
2611.958008	208.273132
2611.333984	196.936661
2611.141602	199.042084
2610.521484	199.980042
2610.325195	205.122620
2609.708984	172.261398
2609.507813	186.713501
2608.895508	138.400940
2608.691406	165.252014
2608.083008	172.203140
2607.874023	223.348434
2607.269531	184.472122
2607.056641	186.593674
2606.456055	165.996780
2606.239258	198.786743
2605.642578	169.042130
2605.421875	171.225739
2604.829102	153.648590
2604.603516	204.815460
2604.015625	187.419449
2603.786133	183.377518
2603.202148	168.956024
2602.967773	207.783264
2602.387695	156.641663
2602.149414	158.858994
2601.574219	184.252945
2601.331055	195.476791
2600.759766	147.377243
2600.512695	207.649490
2599.945313	174.980637
2599.693359	155.703659
2599.130859	171.881470
2598.874023	161.774918
2598.316406	181.058487
2598.054688	207.515640
2597.500977	187.164078
2597.235352	173.909515
2596.686523	159.522430
2596.416016	183.023270
2595.871094	165.629562
2595.596680	198.232513
2595.055664	162.534515
2594.776367	185.993530
2594.240234	168.638977
2593.956055	179.856628
2593.424805	183.938248
2593.135742	173.722336
2592.609375	186.971786
2592.315430	158.449371
2591.793945	202.262604
2591.495117	149.275848
2590.977539	140.946671
2590.673828	170.564148
2590.162109	180.748337
2589.853516	124.850365
2589.345703	180.717224
2589.032227	167.446014
2588.529297	131.686478
2588.210938	140.015503
2587.712891	150.035461
2587.389648	170.416809
2586.896484	171.439529
2586.567383	164.294952
2586.079102	174.470825
2585.746094	176.426773
2585.262695	146.897415
2584.923828	176.388580
2584.445313	168.290863
2584.101563	170.269348
2583.627930	177.439667
2583.279297	164.152725
2582.810547	183.526505
2582.456055	173.234772
2581.993164	180.436462
2581.633789	176.235748
2581.175781	171.232040
2580.810547	176.197525
2580.358398	149.802032
2579.987305	160.973145
2579.540039	158.945999
2579.164063	154.865051
2578.722656	198.647980
2578.340820	173.046890
2577.904297	186.391083
2577.517578	160.868286
2577.085938	158.863113
2576.693359	176.006256
2576.267578	177.162628
2575.869141	169.900116
2575.449219	186.293762
2575.044922	185.029510
2574.629883	161.833572
2574.220703	178.924011
2573.811523	183.175873
2573.396484	181.916992
2572.992188	173.986694
2572.571289	166.720917
2572.172852	155.645111
2571.746094	218.205261
2571.353516	183.079895
2570.921875	190.887970
2570.534180	207.454254
2570.095703	199.934250
2569.714844	170.814789
2569.270508	169.604156
2568.894531	167.735138
2568.445313	193.791000
2568.075195	182.951721
2567.619141	166.502762
2567.254883	207.308914
2566.792969	202.786301
2566.434570	195.080032
2565.966797	172.481964
2565.614258	195.045776
2565.140625	190.596268
2564.793945	188.917404
2564.314453	199.628571
2563.973633	179.744629
2563.487305	178.416779
2563.152344	182.758987
2562.660156	172.330994
2562.332031	191.863144
2561.833984	193.452042
2561.510742	176.604797
2561.005859	205.497726
2560.689453	173.529297
2560.178711	175.239029
2559.868164	191.761703
2559.351563	205.407562
2559.046875	173.468063
2558.523438	184.222214
2558.224609	167.351898
2557.695313	181.162369
2557.403320	222.082352
2556.867188	172.066437
2556.581055	182.501160
2556.039063	193.154922
2555.758789	200.715744
2555.209961	181.042908
2554.937500	206.761429
2554.381836	174.969635
2554.114258	185.444305
2553.552734	193.027435
2553.291992	179.332367
2552.723633	180.923355
2552.469727	176.261551
2551.894531	174.854034
2551.646484	197.499435
2551.065430	168.787354
2550.824219	182.274796
2550.235352	186.830490
2550.000977	194.391891
2549.405273	171.725616
2549.177734	185.246826
2548.575195	195.784210
2548.354492	197.359024
2547.745117	180.683960
2547.530273	173.037872
2546.915039	189.676239
2546.707031	206.394363
2546.083984	216.724899
2545.882813	188.149551
2545.253906	189.592346
2545.059570	191.150116
2544.422852	183.532898
2544.235352	175.948059
2543.591797	201.540680
2543.411133	169.850555
2542.760742	186.459015
2542.586914	191.047714
2541.928711	171.384003
2541.761719	169.789825
2541.097656	192.388489
2540.937500	172.790878
2540.265625	189.340393
2540.112305	163.667313
2539.433594	180.284149
2539.287109	206.062668
2538.601563	192.260391
2538.461914	199.966156
2537.768555	201.227875
2537.636719	181.754807
2536.936523	204.185867
2536.811523	221.095337
2536.103516	198.136322
2535.986328	196.830368
2535.270508	183.085236
2535.160156	217.988312
2534.437500	186.045212
2534.333984	199.786697
2533.604492	180.003647
2533.507813	181.591614
2532.770508	197.959885
2532.681641	166.429016
2531.936523	236.899139
2531.855469	205.729736
2531.103516	191.875473
2531.029297	205.692673
2530.268555	197.827423
2530.203125	202.631256
2529.434570	215.763535
2529.375977	220.737518
2528.600586	224.703461
2528.548828	190.465118
2527.765625	185.713333
2527.721680	193.453430
2526.930664	203.640045
2526.894531	229.684448
2526.095703	227.546768
2526.067383	199.426758
2525.260742	215.522354
2525.240234	193.348541
2524.425781	218.466766
2524.412109	190.293030
2523.589844	218.417801
2523.583984	202.338486
2522.755859	217.398972
2522.753906	218.368835
2521.927734	199.246277
2521.917969	203.366425
2521.099609	196.191803
2521.082031	194.350739
2520.271484	190.120621
2520.246094	215.232468
2519.443359	211.206787
2519.409180	203.229431
2518.614258	190.051575
2518.572266	227.087708
2517.785156	205.097748
2517.735352	215.087341
2516.956055	217.122818
2516.898438	256.852051
2516.126953	229.143509
2516.061523	203.046585
2515.297852	189.913330
2515.223633	203.000839
2514.468750	192.892685
2514.386719	226.832153
2513.638672	195.870926
2513.548828	202.909317
2512.808594	204.873749
2512.710938	220.763245
2511.979492	234.959381
2511.872070	220.713409
2511.148438	219.857742
2511.034180	223.645493
2510.318359	189.705582
2510.195313	190.801010
2509.488281	210.745468
2509.356445	217.583191
2508.658203	198.666550
2508.517578	199.654465
2507.827148	213.677948
2507.678711	211.526230
2506.996094	192.575851
2506.838867	193.606918
2506.165039	237.667297
2506.000000	235.253540
2505.333984	228.600067
2505.160156	199.473572
2504.502930	195.477386
2504.320313	235.146835
2503.670898	213.482300
2503.479492	229.141724
2502.839844	213.443130
2502.639648	184.461823
2502.007813	201.381180
2501.798828	211.190521
2501.175781	204.349335
2500.958984	223.037857
2500.343750	204.311783
2500.117188	202.174988
2499.511719	225.302444
2499.276367	196.183990
2498.679688	180.208801
2498.435547	225.857391
2497.846680	213.207840
2497.593750	222.834793
2497.014648	213.168594
2496.751953	222.783981
2496.181641	225.136597
2495.910156	246.491364
2495.348633	204.086227
2495.068359	225.651413
2494.515625	204.048599
2494.226563	237.473557
2493.681641	213.011444
2493.383789	237.419296
2492.848633	248.967407
2492.541016	198.793198
2492.014648	230.927109
2491.698242	189.848572
2491.181641	203.897949
2490.855469	234.290680
2490.347656	245.831497
2490.012695	189.761642
2489.513672	221.806915
2489.168945	201.575531
2488.678711	224.762711
2488.325195	201.529312
2487.844727	224.721100
2487.481445	192.594116
2487.009766	224.679474
2486.637695	210.323746
2486.175781	233.623367
2485.793945	222.121933
2485.340820	251.547760
2484.949219	225.031830
2484.505859	218.566437
2484.104492	198.337708
2483.670898	200.564850
2483.259766	201.251648
2482.834961	245.421860
2482.415039	230.794342
2482.000000	203.482758
2481.570313	248.490494
2481.164063	221.395981
2480.724609	236.603058
2480.328125	215.372253
2479.878906	230.634781
2479.492188	200.378586
2479.033203	201.019821
2478.656250	230.242981
2478.187500	221.661850
2477.820313	245.148178
2477.341797	242.294296
2476.983398	248.091583
2476.495117	200.880524
2476.147461	218.160370
2475.649414	200.834061
2475.310547	262.938812
2474.802734	212.598618
2474.473633	200.154724
2473.955078	215.501465
2473.636719	215.051514
2473.108398	236.111252
2472.799805	220.983902
2472.260742	262.612885
2471.961914	203.028366
2471.414063	233.051727
2471.125000	202.990433
2470.566406	221.200287
2470.287109	217.875473
2469.717773	200.508331
2469.449219	223.802811
2468.870117	238.785309
2468.611328	217.793976
2468.021484	241.677063
2467.773438	220.736130
2467.173828	223.941254
2466.934570	253.500793
2466.325195	241.564560
2466.096680	229.598877
2465.475586	220.891724
2465.257813	202.724640
2464.626953	214.951157
2464.418945	238.454865
2463.777344	262.002594
2463.580078	226.489624
2462.928711	214.850861
2462.741211	214.528854
2462.079102	238.340485
2461.902344	211.509567
2461.228516	226.517624
2461.062500	259.125031
2460.378906	217.641357
2460.223633	270.987885
2459.528320	232.292496
2459.383789	202.458374
2458.677734	246.936722
2458.543945	220.280914
2457.827148	214.549500
2457.704102	193.453583
2456.976563	243.882660
2456.863281	226.149323
2456.125977	226.199524
2456.023438	267.757965
2455.274414	232.020355
2455.182617	246.885834
2454.422852	240.774704
2454.341797	243.865341
2453.571289	217.233429
2453.500977	240.845947
2452.719727	208.377655
2452.660156	240.800522
2451.867188	225.933853
2451.819336	202.115387
2451.015625	222.947144
2450.978516	231.794464
2450.163086	199.432037
2450.136719	216.894882
2449.310547	216.977814
2449.294922	231.706909
2448.458008	216.926636
2448.453125	228.693069
2447.611328	234.588791
2447.604492	219.806168
2446.769531	240.482239
2446.750977	225.614365
2445.926758	225.594955
2445.897461	205.055496
2445.084961	237.423431
2445.043945	199.149658
2444.242188	201.771683
2444.190430	225.454330
2443.399414	216.566803
2443.335938	207.837234
2442.556641	228.390182
2442.482422	199.008224
2441.713867	201.656982
2441.627930	231.145905
2440.870117	198.653748
2440.773438	193.063416
2440.027344	219.366974
2439.917969	190.093079
2439.183594	234.144608
2439.063477	198.819351
2438.339844	189.650742
2438.208008	190.002731
2437.496094	228.130188
2437.352539	219.181778
2436.652344	222.162506
2436.497070	198.677505
2435.807617	210.273834
2435.640625	219.077408
2434.963867	216.155930
2434.785156	219.025192
2434.119141	192.430969
2433.928711	221.892593
2433.274414	183.514603
2433.072266	186.812317
2432.429688	201.235748
2432.215820	224.704895
2431.584961	195.279831
2431.358398	210.063461
2430.740234	210.033722
2430.501953	230.431183
2429.894531	209.993683
2429.644531	209.962967
2429.048828	174.468506
2428.787109	230.320877
2428.203125	245.391907
2427.928711	212.777145
2427.357422	201.005600
2427.071289	174.843399
2426.511719	200.967209
2426.212891	192.281586
2425.666016	251.161026
2425.354492	206.798706
2424.819336	218.616058
2424.496094	218.396866
2423.973633	218.574265
2423.637695	227.078125
2423.126953	183.094757
2422.778320	183.365128
2422.280273	200.775192
2421.918945	209.509705
2421.432617	221.400848
2421.059570	232.732468
2420.585938	227.261353
2420.200195	189.049545
2419.739258	233.119583
2419.340820	220.989227
2418.891602	241.925858
2418.480469	223.842926
2418.043945	200.582993
2417.620117	226.695206
2417.196289	200.544525
2416.759766	177.244415
2416.348633	221.146393
2415.899414	220.775681
2415.500000	212.259796
2415.039063	197.488327
2414.652344	209.271561
2414.177734	211.958160
2413.803711	209.231384
2413.316406	211.906784
2412.955078	200.352127
2412.106445	194.422043
2411.257813	220.891678
2410.409180	214.959885
2409.559570	197.253998
2408.709961	217.820694
2407.861328	214.835815
2407.011719	232.448776
2406.161133	229.462173
2405.311523	214.711670
2404.460938	197.026154
2403.611328	191.107910
2402.760742	185.191925
2401.910156	199.851120
2401.059570	214.504639
2400.208008	185.084702
2399.357422	211.484497
2398.505859	190.886612
2397.654297	226.083511
2396.802734	208.426300
2395.951172	223.061050
2395.098633	190.738968
2394.247070	208.305313
2393.394531	217.064911
2392.541992	214.090118
2391.689453	219.912979
2390.836914	199.349121
2389.983398	222.758743
2389.130859	199.271805
2388.277344	208.022827
2387.423828	234.346420
2386.570313	199.155777
2385.716797	234.255417
2384.862305	216.644150
2384.008789	219.529099
2383.154297	225.339386
2382.299805	198.962311
2381.445313	198.923615
2380.590820	198.884888
2379.735352	213.467224
2378.880859	225.120209
2378.025391	195.845657
2377.169922	198.729996
2376.314453	207.457047
2375.458008	216.180664
2374.602539	210.296921
2373.746094	219.016556
2372.889648	216.054153
2372.033203	221.850128
2371.176758	245.154892
2370.320313	230.517288
2369.462891	221.720123
2368.606445	230.427185
2367.749023	209.968521
2366.891602	215.758759
2366.034180	195.310928
2365.175781	238.990463
2364.318359	218.546036
2363.459961	206.849731
2362.601563	250.501297
2361.743164	250.452194
2360.884766	195.081482
2360.026367	197.954330
2359.166992	229.931229
2358.307617	218.246307
2357.448242	218.203476
2356.588867	209.434204
2355.729492	255.924866
2354.870117	241.336258
2354.009766	223.846268
2353.149414	212.176178
2352.289063	188.886841
2351.428711	217.903488
2350.568359	252.718323
2349.707031	209.105026
2348.846680	229.389511
2347.985352	214.828873
2347.124023	232.201691
2346.262695	235.057877
2345.400391	220.504669
2344.539063	237.866028
2343.676758	243.619568
2342.814453	252.270493
2341.952148	226.128922
2341.089844	246.373901
2340.227539	246.325256
2339.364258	225.994995
2338.500977	234.640747
2337.638672	214.320786
2336.774414	243.234970
2335.911133	214.236053
2335.047852	208.404663
2334.183594	237.302780
2333.319336	225.682373
2332.455078	237.208862
2331.590820	251.622971
2330.726563	213.981750
2329.861328	248.632217
2328.997070	239.911438
2328.131836	254.313507
2327.266602	260.041779
2326.401367	257.101410
2325.535156	228.168350
2324.669922	219.460159
2323.803711	248.287186
2322.937500	222.259506
2322.071289	256.846313
2321.205078	236.597900
2320.338867	242.320419
2319.471680	233.619659
2318.604492	253.758545
2317.737305	271.006348
2316.870117	207.538025
2316.002930	227.670013
2315.134766	250.675293
2314.267578	241.983124
2313.399414	253.455627
2312.531250	236.127502
2311.663086	261.991730
2310.793945	238.911835
2309.925781	261.887268
2309.056641	267.589630
2308.187500	244.522385
2307.318359	230.092773
2306.449219	250.175949
2305.579102	230.000916
2304.709961	252.950470
2303.839844	261.521515
2302.969727	238.482956
2302.099609	255.671570
2301.228516	249.876175
2300.358398	267.055573
2299.487305	264.131165
2298.616211	266.948730
2297.745117	255.415939
2296.874023	261.103333
2296.002930	266.788422
2295.130859	263.866852
2294.258789	258.078918
2293.387695	292.430817
2292.514648	269.441040
2291.642578	277.984467
2290.770508	203.432343
2289.897461	272.143585
2289.024414	254.904404
2288.151367	223.354523
2287.278320	254.802063
2286.405273	260.475616
2285.531250	246.114319
2284.657227	257.509735
2283.783203	243.154770
2282.909180	225.945465
2282.035156	237.337997
2281.161133	254.443771
2280.286133	225.809128
2279.411133	271.487976
2278.536133	251.432968
2277.661133	259.952179
2276.786133	291.316284
2275.910156	256.992004
2275.035156	236.955963
2274.159180	268.305664
2273.283203	282.520264
2272.406250	253.931656
2271.530273	273.848541
2270.653320	233.865097
2269.777344	250.926529
2268.900391	270.831909
2268.022461	236.573761
2267.145508	265.023102
2266.268555	230.779922
2265.390625	270.613098
2264.512695	224.990677
2263.634766	247.724442
2262.756836	276.142639
2261.877930	281.779297
2261.000000	233.345718
2260.121094	278.820160
2259.242188	238.940308
2258.363281	264.487488
2257.483398	230.313416
2256.604492	264.380341
2255.724609	289.906769
2254.844727	247.223282
2253.964844	255.696365
2253.084961	269.846985
2252.204102	266.952332
2251.324219	264.058807
2250.443359	286.715332
2249.562500	258.275238
2248.681641	263.898010
2247.800781	261.007385
2246.918945	238.262665
2246.037109	246.721893
2245.155273	255.177658
2244.273438	283.473083
2243.391602	240.903107
2242.509766	300.359222
2241.626953	283.300110
2240.744141	254.918198
2239.861328	283.184784
2238.978516	268.970764
2238.095703	280.238739
2237.211914	266.031067
2236.328125	265.976837
2235.444336	282.896423
2234.560547	294.152283
2233.676758	257.330750
2232.791992	279.896149
2231.908203	305.278931
2231.023438	265.651520
2230.138672	279.724792
2229.253906	279.667664
2228.368164	279.610535
2227.483398	285.200958
2226.597656	276.673096
2225.711914	256.858215
2224.826172	296.314270
2223.940430	265.217590
2223.053711	270.805084
2222.166992	279.210602
2221.280273	298.891602
2220.393555	276.277161
2219.506836	259.309143
2218.620117	233.894028
2217.732422	278.924866
2216.844727	261.966644
2215.957031	267.545471
2215.069336	281.569092
2214.181641	281.511353
2213.292969	278.639069
2212.404297	264.512115
2211.515625	289.778259
2210.626953	292.531555
2209.738281	278.410370
2208.848633	253.048355
2207.959961	317.651001
2207.070313	272.617828
2206.180664	247.272568
2205.291016	266.887085
2204.400391	303.346100
2203.510742	263.969147
2202.620117	266.722443
2201.729492	266.667542
2200.838867	252.580414
2199.947266	249.722534
2199.056641	269.308167
2198.165039	311.323425
2197.273438	294.434448
2196.381836	308.391541
2195.489258	288.707092
2194.597656	252.216324
2193.705078	288.588043
2192.812500	280.124756
2191.919922	252.060257
2191.027344	268.808777
2190.134766	257.555206
2189.241211	288.290314
2188.347656	251.852127
2187.454102	262.991211
2186.560547	302.097656
2185.666992	276.865601
2184.772461	271.216248
2183.877930	268.364685
2182.983398	268.309174
2182.088867	293.402435
2181.194336	273.785583
2180.298828	304.453583
2179.404297	287.635071
2178.508789	281.991516
2177.613281	267.975983
2176.716797	281.874634
2175.821289	290.186981
2174.924805	320.813293
2174.028320	284.488434
2173.131836	287.217926
2172.235352	303.885986
2171.338867	312.184998
2170.441406	248.024078
2169.543945	298.124329
2168.646484	256.277954
2167.749023	284.075195
2166.851563	289.585114
2165.953125	314.579956
2165.054688	289.464691
2164.156250	278.273529
2163.257813	272.651337
2162.359375	333.789307
2161.459961	319.814819
2160.560547	275.261505
2159.662109	291.883240
2158.761719	319.615021
2157.862305	286.204254
2156.962891	294.478882
2156.062500	311.082642
2155.162109	272.140533
2154.261719	272.083771
2153.361328	280.354370
2152.459961	285.846252
2151.559570	302.434357
2150.658203	296.823090
2149.756836	299.534576
2148.855469	302.244873
2147.953125	324.360168
2147.051758	293.803345
2146.149414	307.597656
2145.247070	313.074463
2144.344727	288.079041
2143.441406	326.790527
2142.539063	332.259796
2141.635742	290.666443
2140.732422	290.605560
2139.829102	315.448517
2138.924805	296.016815
2138.021484	284.891052
2137.117188	290.362030
2136.212891	279.242035
2135.308594	295.768616
2134.404297	287.415710
2133.499023	339.853027
2132.593750	323.206940
2131.689453	303.805969
2130.783203	309.264740
2129.877930	303.678345
2128.972656	325.695557
2128.066406	364.260803
2127.160156	311.763763
2126.253906	358.590820
2125.347656	289.570129
2124.440430	336.382080
2123.534180	328.041321
2122.626953	314.191895
2121.719727	333.414154
2120.811523	344.363525
2119.904297	344.290955
2118.996094	319.434662
2118.087891	330.379974
2117.179688	335.815460
2116.271484	346.752625
2115.363281	338.425171
2114.454102	393.370575
2113.544922	352.033569
2112.635742	349.209534
2111.726563	371.128571
2110.817383	313.331238
2109.907227	335.248505
2108.997070	329.682892
2108.086914	332.359924
2107.176758	310.320038
2106.266602	329.473663
2105.355469	326.658875
2104.444336	351.289764
2103.533203	342.983765
2102.622070	331.937927
2101.710938	353.809235
2100.798828	337.281464
2099.886719	334.468384
2098.974609	345.361298
2098.062500	323.364960
2097.150391	331.515717
2096.237305	317.749268
2095.325195	380.670410
2094.412109	282.019592
2093.498047	350.396454
2092.584961	344.848206
2091.670898	336.565948
2090.757813	369.323090
2089.843750	322.747070
2088.929688	322.678375
2088.014648	333.545624
2087.100586	341.674774
2086.185547	314.273834
2085.270508	344.261444
2084.355469	330.529816
2083.439453	349.576843
2082.524414	314.005981
2081.608398	335.778229
2080.692383	332.977234
2079.776367	368.379791
2078.860352	338.291412
2077.943359	294.577972
2077.026367	370.870789
2076.109375	327.169006
2075.192383	340.728180
2074.275391	357.006775
2073.357422	335.133148
2072.439453	348.681824
2071.521484	332.266235
2070.603516	324.026367
2069.685547	323.956970
2068.766602	329.331055
2067.848633	342.866272
2066.929688	378.160278
2066.009766	307.359344
2065.090820	353.523407
2064.170898	301.789825
2063.251953	323.471008
2062.332031	317.966248
2061.411133	358.654083
2060.491211	374.876007
2059.570313	358.499969
2058.650391	301.401093
2057.729492	317.624725
2056.807617	339.269653
2055.886719	371.759521
2054.964844	358.114563
2054.043945	328.200989
2053.122070	368.807617
2052.199219	352.460754
2051.277344	409.308472
2050.354492	357.728943
2049.432617	357.651794
2048.509766	344.030151
2047.585938	308.747803
2046.663086	324.927551
2045.739258	349.221680
2044.815430	357.265930
2043.891602	340.952881
2042.967773	357.111511
2042.043945	327.281433
2041.119141	381.295044
2040.194336	392.027100
2039.269531	356.802582
2038.344727	367.535187
2037.418945	337.734924
2036.493164	364.674683
2035.568359	405.106262
2034.641602	367.216705
2033.715820	396.831970
2032.790039	350.863708
2031.863281	356.184296
2031.011719	383.434235
2030.936523	369.595856
2030.085938	388.834717
2030.009766	369.515594
2029.160156	345.572479
2029.083008	374.828552
2028.233398	372.507294
2028.155273	363.962982
2027.307617	331.961182
2027.227539	412.401703
2026.380859	410.158966
2026.299805	388.058380
2025.454102	326.452759
2025.372070	355.642792
2024.527344	366.859833
2024.444336	352.871704
2023.600586	320.947815
2023.515625	368.953430
2022.672852	347.859070
2022.586914	374.258087
2021.746094	385.545593
2021.658203	368.792725
2020.818359	339.653625
2020.729492	376.786346
2019.890625	377.328583
2019.800781	392.848694
2018.962891	347.622009
2018.871094	344.340179
2018.035156	355.645477
2017.941406	411.504303
2017.107422	312.483521
2017.011719	381.835693
2016.179688	352.830505
2016.082031	392.505920
2015.250977	341.998474
2015.152344	389.732391
2014.322266	398.481079
2014.221680	400.396149
2013.393555	379.568878
2013.291016	378.815552
2012.464844	368.737671
2012.360352	389.476929
2011.536133	382.129578
2011.429688	405.504517
2010.606445	347.086182
2010.498047	389.306549
2009.677734	368.547455
2009.566406	365.062775
2008.748047	368.483948
2008.635742	399.870911
2007.818359	365.731232
2007.703125	399.783356
2006.888672	405.999146
2006.771484	370.188019
2005.958008	352.163605
2005.839844	388.880402
2005.028320	370.917358
2004.907227	378.069763
2004.097656	354.729126
2003.974609	415.517456
2003.167969	384.223358
2003.041992	410.065948
2002.237305	376.097534
2002.108398	401.937195
2001.306641	378.718262
2001.175781	383.095978
2000.375000	432.362091
2000.242188	396.403839
1999.444336	373.216705
1999.308594	393.638916
1998.512695	386.574554
1998.375000	414.970215
1997.581055	354.298340
1997.440430	385.435944
1996.649414	378.389130
1996.506836	441.548187
1995.717773	354.174896
1995.572266	361.187195
1994.786133	394.353241
1994.637695	401.230774
1993.854492	354.051300
1993.703125	393.119537
1992.921875	412.987671
1992.767578	403.727722
1991.989258	353.927551
1991.832031	360.869049
1991.056641	345.823212
1990.896484	408.894775
1990.124023	364.524933
1989.960938	403.460724
1989.191406	393.939514
1989.025391	392.686371
1988.258789	385.832245
1988.089844	435.331604
1987.325195	358.975311
1987.153320	419.214539
1986.391602	404.445892
1986.216797	411.113251
1985.458008	390.984863
1985.280273	395.008545
1984.524414	398.948608
1984.342773	362.900574
1983.590820	390.847229
1983.406250	376.159302
1982.656250	401.484589
1982.468750	421.418579
1981.722656	409.442047
1981.531250	397.325745
1980.788086	395.991699
1980.593750	418.565979
1979.853516	390.571442
1979.655273	389.153503
1978.918945	419.923798
1978.717773	429.039917
1977.984375	379.736511
1977.779297	380.988251
1977.048828	390.364166
1976.840820	380.903748
1976.113281	384.948517
1975.901367	439.406830
1975.178711	427.644714
1974.962891	428.659393
1974.243164	398.173462
1974.023438	375.326416
1973.307617	376.728119
1973.083984	428.469025
1972.371094	446.116394
1972.144531	423.052399
1971.435547	413.986481
1971.205078	383.056641
1970.499023	413.912811
1970.264648	422.864319
1969.562500	445.878235
1969.324219	430.747040
1968.625977	392.409668
1968.383789	412.042786
1967.689453	416.360474
1967.443359	433.213043
1966.752930	413.617645
1966.502930	406.544983
1965.815430	434.887939
1965.561523	472.868500
1964.878906	421.472473
1964.620117	409.019745
1963.941406	416.062927
1963.678711	403.617767
1963.003906	386.655914
1962.737305	453.968689
1962.065430	447.907288
1961.794922	414.054443
1961.127930	423.836243
1960.852539	406.001190
1960.190430	415.764709
1959.910156	443.052612
1959.251953	397.037323
1958.967773	405.819763
1958.313477	410.286987
1958.025391	440.202759
1957.375000	396.894592
1957.082031	440.104309
1956.436523	436.771820
1956.139648	437.355194
1955.497070	436.693176
1955.196289	439.907349
1954.558594	471.224182
1954.251953	453.056091
1953.619141	393.946899
1953.308594	421.168304
1952.679688	417.827728
1952.364258	418.425659
1951.740234	415.091461
1951.419922	460.694550
1950.800781	446.940796
1950.475586	389.120148
1949.860352	417.601288
1949.531250	404.911743
1948.920898	444.119720
1948.585938	431.279694
1947.980469	412.132294
1947.641602	428.537537
1947.040039	467.884796
1946.696289	444.309448
1946.099609	499.695404
1945.750000	436.277252
1945.158203	451.770233
1944.804688	441.466156
1944.217773	441.060272
1943.858398	465.153076
1943.276367	427.697601
1942.913086	449.194458
1942.334961	440.899963
1941.965820	454.376770
1941.393555	477.997345
1941.019531	454.274414
1940.452148	456.669861
1940.073242	427.766693
1939.510742	448.622955
1939.125977	480.469025
1938.568359	464.465698
1938.178711	440.770477
1937.625977	445.805756
1937.231445	430.116028
1936.684570	456.336853
1936.283203	456.400452
1935.741211	461.558777
1935.335938	448.384705
1934.798828	450.865814
1934.387695	458.831207
1933.856445	453.435028
1933.439453	427.091125
1932.913086	405.630798
1932.491211	437.537598
1931.969727	485.077393
1931.541992	453.249634
1931.026367	447.885559
1930.593750	468.954468
1930.083008	442.503998
1929.644531	447.776459
1929.139648	434.475098
1928.695313	487.175720
1928.195313	463.531586
1927.745117	460.737457
1927.251953	455.501648
1926.795898	468.529541
1926.307617	436.883453
1925.845703	436.844147
1925.363281	473.865173
1924.895508	460.423920
1924.418945	489.658783
1923.945313	478.732147
1923.473633	497.507538
1922.994141	399.729431
1922.529297	457.728424
1922.042969	444.334991
1921.583984	462.934692
1921.092773	467.891388
1920.638672	454.914734
1920.140625	465.156952
1919.693359	425.742706
1919.189453	465.051056
1918.748047	441.527313
1918.238281	470.198792
1917.801758	446.732483
1917.286133	435.950928
1916.856445	470.435913
1916.333984	467.358917
1915.910156	507.342590
1915.380859	438.377197
1914.963867	467.619812
1914.428711	475.019012
1914.017578	438.477448
1913.475586	464.415344
1913.070313	446.318939
1912.522461	432.830688
1912.124023	491.123810
1911.569336	448.467529
1911.176758	480.472778
1910.616211	437.876953
1910.229492	443.430939
1909.662109	440.398254
1909.282227	533.073853
1908.708984	435.055847
1908.334961	448.543060
1907.754883	458.538239
1907.386719	451.097565
1906.799805	437.476288
1906.439453	440.463562
1905.845703	487.137421
1905.491211	453.566559
1904.890625	513.209961
1904.542969	471.937683
1903.935547	497.385376
1903.594727	485.029785
1902.980469	481.567963
1902.646484	424.321869
1902.025391	452.674622
1901.697266	455.863190
1901.069336	465.650757
1900.748047	471.585327
1900.113281	483.851685
1899.798828	450.424652
1899.157227	486.355255
1898.849609	481.943237
1898.201172	496.700256
1897.900391	481.853027
1897.245117	486.131531
1896.951172	479.130188
1896.288086	491.245636
1896.000977	460.615784
1895.331055	451.946411
1895.050781	444.739838
1894.374023	472.736694
1894.100586	489.385132
1893.416016	498.739746
1893.150391	465.617798
1892.458984	488.182312
1892.200195	497.091736
1891.500977	482.849670
1891.249023	502.257538
1890.542969	487.956970
1890.298828	478.500977
1889.584961	456.538727
1889.347656	481.039581
1888.625977	492.947876
1888.396484	488.833435
1887.666992	474.580780
1887.444336	454.582031
1886.708008	521.396729
1886.493164	483.394958
1885.749023	495.212219
1885.541016	446.530701
1884.790039	453.405121
1884.588867	477.960327
1883.830078	500.193176
1883.637695	467.367493
1882.870117	484.449829
1882.684570	483.030182
1881.910156	455.693848
1881.732422	461.941559
1880.950195	497.241882
1880.779297	446.109192
1879.989258	510.140228
1879.827148	522.111389
1879.028320	491.806671
1878.874023	469.549011
1878.067383	476.083099
1877.920898	472.082764
1877.106445	478.573334
1876.966797	440.527100
1876.145508	465.460327
1876.013672	490.255646
1875.183594	488.749573
1875.059570	461.329559
1874.221680	483.437500
1874.105469	479.586884
1873.259766	496.317474
1873.151367	479.495819
1872.296875	558.551758
1872.197266	523.939575
1871.334961	496.086029
1871.243164	458.359985
1870.372070	529.727417
1870.288086	484.459839
1869.409180	508.834961
1869.333008	468.658447
1868.445313	508.716095
1868.377930	458.098389
1867.482422	472.268829
1867.422852	507.738068
1866.518555	516.261108
1866.467773	473.624115
1865.554688	518.733948
1865.511719	504.928314
1864.590820	484.902710
1864.556641	478.674896
1863.625977	508.121246
1863.600586	478.583527
1862.662109	469.124451
1862.644531	486.336273
1861.697266	450.875793
1861.688477	475.786499
1860.731445	481.857605
1860.731445	483.536682
1859.774414	522.642395
1859.766602	468.794373
1858.818359	509.478821
1858.800781	499.757263
1857.861328	511.993500
1857.835938	541.060791
1856.903320	462.272919
1856.869141	496.934174
1855.946289	530.075806
1855.903320	504.580048
1854.988281	488.202820
1854.936523	496.700378
1854.031250	488.109161
1853.970703	519.860779
1853.073242	456.699005
1853.003906	519.738281
1852.115234	524.450684
1852.036133	542.882141
1851.156250	511.306427
1851.069336	529.831360
1850.198242	474.693268
1850.101563	540.042053
1849.239258	503.286743
1849.133789	516.664612
1848.280273	503.189911
1848.166016	519.125305
1847.321289	487.452850
1847.198242	537.077271
1846.362305	502.996155
1846.229492	521.461304
1845.402344	502.899261
1845.260742	490.367340
1844.443359	500.197113
1844.291992	567.659302
1843.483398	539.171021
1843.322266	528.829956
1842.523438	541.671204
1842.353516	490.018921
1841.563477	505.115021
1841.383789	523.422363
1840.602539	502.414307
1840.414063	531.031616
1839.642578	478.893097
1839.444336	554.100403
1838.681641	554.263672
1838.473633	551.392212
1837.720703	509.928009
1837.502930	610.508789
1836.759766	548.846924
1836.532227	525.376282
1835.797852	559.143311
1835.561523	574.171692
1834.836914	530.433228
1834.589844	558.590088
1833.875000	558.926697
1833.619141	581.618835
1832.913086	532.826843
1832.647461	566.042664
1831.951172	592.492493
1831.674805	594.203064
1830.989258	537.816406
1830.703125	576.059387
1830.026367	553.297913
1829.730469	575.921814
1829.063477	584.356079
1828.757813	565.502319
1828.100586	553.082947
1827.785156	539.668640
1827.137695	503.649017
1826.812500	580.647339
1826.174805	578.824158
1825.838867	590.782837
1825.211914	573.521301
1824.865234	526.441223
1824.248047	544.868958
1823.891602	582.797668
1823.284180	599.239136
1822.917969	585.224670
1822.320313	575.779968
1821.943359	569.687317
1821.356445	508.247192
1820.968750	564.419495
1820.391602	521.111023
1819.994141	595.063049
1819.427734	523.601501
1819.019531	556.455383
1818.462891	541.640381
1818.043945	561.448975
1817.498047	559.672119
1817.069336	566.440063
1816.533203	544.019409
1816.093750	571.428589
1815.567383	551.683289
1815.117188	558.481689
1814.602539	543.806763
1814.141602	560.908325
1813.636719	613.604736
1813.165039	588.939758
1812.670898	543.593994
1812.188477	560.637695
1811.705078	507.255096
1811.211914	537.468018
1810.739258	538.206116
1810.234375	547.573120
1809.772461	519.991516
1809.257813	565.347717
1808.805664	545.754761
1808.280273	575.440979
1807.838867	535.303711
1807.301758	542.062073
1806.872070	568.810242
1806.324219	587.943726
1805.905273	591.963501
1805.345703	582.689941
1804.937500	560.833496
1804.367188	554.443237
1803.970703	586.563110
1803.388672	569.635193
1803.002930	563.196594
1802.410156	628.234253
1802.035156	599.247375
1801.430664	579.571228
1801.066406	555.227783
1800.451172	594.745728
1800.098633	557.700500
1799.471680	615.016541
1799.129883	616.963806
1798.491211	553.635254
1798.161133	567.804688
1797.511719	538.196289
1797.192383	552.210266
1796.531250	627.317627
1796.223633	567.580933
1795.550781	535.384460
1795.253906	642.271790
1794.569336	568.388611
1794.285156	639.566223
1793.588867	624.310364
1793.315430	541.461304
1792.607422	578.301331
1792.345703	616.112915
1791.625977	629.099182
1791.375000	603.104431
1790.643555	595.842896
1790.405273	595.254700
1789.662109	588.059937
1789.434570	602.866089
1788.679688	648.998047
1788.464844	613.050293
1787.697266	587.771790
1787.493164	625.805725
1786.714844	613.066101
1786.522461	615.382568
1785.731445	592.569946
1785.551758	646.152527
1784.748047	600.052185
1784.580078	586.827087
1783.764648	604.988708
1783.608398	630.456848
1782.781250	625.170715
1782.636719	661.205322
1781.796875	607.231873
1781.665039	668.791077
1780.812500	629.943237
1780.693359	655.799622
1779.828125	632.327576
1779.720703	632.528198
1778.843750	599.166748
1778.748047	629.831909
1777.858398	614.248230
1777.775391	663.119873
1776.873047	667.386047
1776.802734	660.418457
1775.887695	679.906006
1775.830078	683.410095
1774.902344	646.765625
1774.856445	680.705566
1773.916016	699.855591
1773.882813	667.729248
1772.930664	674.331604
1772.909180	683.002502
1771.943359	641.216736
1771.935547	657.194885
1770.960938	677.597290
1770.957031	676.531433
1769.987305	708.256104
1769.970703	678.896851
1769.012695	700.418091
1768.983398	691.391296
1768.038086	684.887695
1767.996094	686.155762
1767.063477	666.798889
1767.007813	658.140869
1766.087891	666.665894
1766.020508	657.977295
1765.113281	730.622559
1765.032227	667.933838
1764.137695	697.156738
1764.043945	670.296997
1763.162109	661.141602
1763.054688	654.957275
1762.186523	712.250610
1762.066406	649.737671
1761.209961	645.508240
1761.077148	649.575623
1760.234375	714.526917
1760.087891	629.198303
1759.257813	675.976318
1759.098633	621.462341
1758.281250	673.281067
1758.108398	656.665955
1757.304688	711.538696
1757.118164	638.826660
1756.327148	657.657715
1756.127930	605.849915
1755.350586	726.604614
1755.137695	656.173096
1754.373047	665.068115
1754.146484	613.115784
1753.395508	649.590210
1753.155273	615.484497
1752.417969	593.207520
1751.439453	664.668213
1750.461914	672.202576
1749.483398	664.401489
1748.504883	664.268066
1747.526367	674.352112
1746.546875	664.001221
1745.568359	694.507813
1744.588867	709.685120
1743.609375	676.362366
1742.629883	722.158630
1741.649414	678.641479
1740.669922	711.664856
1739.689453	650.315369
1738.708984	698.629456
1737.728516	695.939453
1736.747070	700.896545
1735.766602	688.014160
1734.785156	728.638367
1733.803711	705.566772
1732.822266	685.051025
1731.839844	740.927856
1730.857422	728.050049
1729.875977	755.899170
1728.893555	740.478760
1727.910156	714.888123
1726.927734	780.876404
1725.944336	788.347534
1724.960938	752.592346
1723.977539	754.981995
1722.994141	757.370605
1722.009766	769.922119
1721.026367	759.604126
1720.041992	764.530029
1719.057617	726.283203
1718.073242	741.369446
1717.087891	860.524780
1716.102539	794.364502
1715.117188	794.203186
1714.131836	821.947449
1713.146484	864.898499
1712.160156	821.613342
1711.174805	892.435486
1710.188477	841.557678
1709.202148	836.317810
1708.214844	876.688110
1707.228516	830.910828
1706.241211	866.200073
1705.253906	888.813660
1704.266602	913.949707
1703.278320	913.763367
1702.291016	860.432678
1701.302734	910.860474
1700.314453	930.911804
1699.326172	913.017883
1698.336914	991.218628
1697.348633	905.060669
1696.359375	932.679199
1695.370117	945.123901
1694.380859	960.090027
1693.390625	969.997803
1692.401367	972.324890
1691.411133	881.225830
1690.420898	883.569946
1689.429688	888.437012
1688.439453	903.395752
1687.448242	946.100525
1686.457031	880.323792
1685.465820	925.537537
1684.474609	897.612488
1683.482422	899.949280
1682.491211	879.601807
1681.499023	909.659241
1680.506836	881.760010
1679.513672	889.135315
1678.521484	888.952698
1677.528320	861.074646
1676.535156	828.173462
1675.541992	875.820984
1674.547852	832.865295
1673.554688	837.725342
1672.560547	865.219849
1671.566406	842.409790
1670.572266	849.778748
1669.577148	937.580444
1668.582031	904.716919
1667.587891	849.253601
1666.592773	849.078552
1665.596680	773.557007
1664.601563	886.393799
1663.605469	820.937561
1662.609375	828.298157
1661.613281	880.826111
1660.617188	850.536743
1659.620117	790.158508
1658.623047	847.677429
1657.625977	789.831970
1656.628906	897.464661
1655.631836	862.189941
1654.633789	859.505737
1653.635742	879.370544
1652.637695	866.664490
1651.639648	826.416382
1650.641602	881.328247
1649.642578	836.087097
1648.643555	835.913818
1647.644531	885.784912
1646.645508	868.089355
1645.645508	922.935303
1644.645508	840.222046
1643.645508	867.549255
1642.645508	879.867310
1641.645508	917.171204
1640.644531	854.516113
1639.644531	939.272827
1638.643555	856.658630
1637.641602	921.403320
1636.640625	841.323425
1635.638672	908.540222
1634.636719	888.387451
1633.634766	895.687439
1632.632813	878.040039
1631.630859	927.735474
1630.627930	959.956421
1629.625000	967.235046
1628.622070	964.541199
1627.618164	941.913635
1626.615234	891.890991
1625.611328	973.901245
1624.607422	951.285645
1623.603516	975.984741
1622.598633	985.738037
1621.594727	1002.953247
1620.589844	1015.184875
1619.584961	972.682312
1618.580078	1002.325012
1617.574219	987.195679
1616.568359	986.989319
1615.562500	971.869385
1614.556641	976.636292
1613.550781	1013.700378
1612.543945	988.647888
1611.538086	1030.660767
1610.531250	978.302002
1609.523438	975.614685
1608.516602	1064.760864
1607.508789	1054.612061
1606.500977	1022.139038
1605.493164	989.679565
1604.485352	1036.589722
1603.476563	969.429626
1602.468750	1051.027954
1601.459961	1016.110901
1600.450195	1075.364868
1599.441406	993.388794
1598.431641	1005.563965
1597.422852	1012.781494
1596.413086	1054.655884
1595.402344	1039.583008
1594.392578	937.902710
1593.381836	1093.577393
1592.371094	1066.137329
1591.360352	1053.547363
1590.349609	1102.777588
1589.337891	1097.601318
1588.326172	1065.239990
1587.314453	1116.907349
1586.302734	1087.025879
1585.291016	1081.856812
1584.278320	1103.854126
1583.265625	1086.338745
1582.252930	1123.136108
1581.240234	1090.816284
1580.226563	1115.260010
1579.213867	1053.352905
1578.200195	1072.861328
1577.185547	1104.690552
1576.171875	1015.706238
1575.157227	1047.533936
1574.142578	1086.740723
1573.127930	1022.453735
1572.113281	1027.163940
1571.098633	985.080811
1570.083008	1021.805176
1569.067383	1028.973999
1568.051758	1053.367554
1567.035156	1018.695923
1566.019531	1043.081177
1565.002930	1035.481567
1563.986328	1042.639404
1562.969727	1032.584229
1561.952148	1022.533325
1560.934570	1005.114136
1559.916992	987.702148
1558.899414	1034.165161
1557.881836	1041.313599
1556.863281	982.162781
1555.845703	1026.142212
1554.827148	1050.468018
1553.807617	993.806519
1552.789063	944.528931
1551.769531	976.214661
1550.750000	1052.027832
1549.730469	983.154907
1548.710938	1002.555725
1547.690430	1046.455322
1546.669922	1026.631104
1545.649414	1016.614014
1544.628906	979.660339
1543.607422	957.414063
1542.586914	1040.445801
1541.565430	1027.986206
1540.543945	1047.343750
1539.521484	1012.868896
1538.500000	941.718323
1537.477539	936.626526
1536.455078	977.991333
1535.432617	1043.783081
1534.409180	965.354370
1533.385742	955.374634
1532.362305	1004.028503
1531.338867	996.486938
1530.315430	935.227905
1529.291016	935.028076
1528.266602	937.268982
1527.242188	988.314575
1526.217773	988.103271
1525.193359	961.060242
1524.167969	987.680542
1523.142578	1009.412964
1522.117188	1016.509888
1521.090820	972.423523
1520.065430	969.778687
1519.039063	1032.909668
1518.012695	986.412292
1516.985352	988.635925
1515.958984	968.947693
1514.931641	978.475952
1513.904297	997.734070
1512.876953	999.953003
1511.848633	960.819153
1510.821289	994.659973
1509.792969	1043.074585
1508.764648	1067.159546
1507.735352	1091.233887
1506.707031	1047.262329
1505.677734	1010.597412
1504.648438	969.090576
1503.619141	1010.162903
1502.588867	1000.234619
1501.559570	1007.301147
1500.529297	1075.032227
1499.499023	1074.800903
1498.467773	1089.123413
1497.437500	1020.984924
1496.406250	1059.558960
1495.375000	1020.545044
1494.342773	1042.137329
1493.311523	1073.412354
1492.279297	1022.307739
1491.247070	1046.307373
1490.214844	1094.511353
1489.182617	1106.380005
1488.149414	1035.948364
1487.116211	1047.824341
1486.083008	1025.823486
1485.049805	1015.926392
1484.015625	1068.910645
1482.981445	1092.857910
1481.947266	1099.873535
1480.913086	1106.886108
1479.877930	1133.225464
1478.843750	1079.834106
1477.808594	1091.676514
1476.773438	1142.148804
1475.737305	1129.830566
1474.702148	1090.967651
1473.666016	1119.688721
1472.629883	1131.509155
1471.592773	1087.846558
1470.556641	1097.256958
1469.519531	1195.871216
1468.482422	1142.580688
1467.445313	1120.642944
1466.407227	1132.447144
1465.369141	1173.153198
1464.331055	1194.574219
1463.292969	1167.828003
1462.254883	1169.981689
1461.215820	1138.438477
1460.176758	1248.881836
1459.137695	1229.364014
1458.098633	1176.180542
1457.058594	1221.614990
1456.019531	1240.583008
1454.979492	1240.313110
1453.938477	1259.268555
1452.898438	1184.511841
1451.857422	1201.068848
1450.816406	1318.486206
1449.775391	1260.572754
1448.734375	1293.905884
1447.692383	1209.622192
1446.650391	1216.557007
1445.608398	1245.079590
1444.566406	1175.252197
1443.523438	1194.179199
1442.480469	1179.533936
1441.437500	1246.389648
1440.394531	1253.306519
1439.350586	1152.406738
1438.307617	1188.084839
1437.263672	1214.167969
1436.218750	1256.999634
1435.174805	1321.356201
1434.129883	1256.449707
1433.084961	1337.526978
1432.040039	1289.390381
1430.995117	1315.416382
1429.949219	1315.128296
1428.903320	1271.808960
1427.857422	1309.771851
1426.811523	1299.926392
1425.764648	1349.811401
1424.718750	1409.228394
1423.671875	1363.547241
1422.624023	1339.373291
1421.577148	1374.883545
1420.529297	1350.717407
1419.481445	1288.387207
1418.433594	1350.124023
1417.385742	1294.975708
1416.336914	1282.769409
1415.288086	1303.941650
1414.239258	1303.654785
1413.189453	1300.985229
1412.140625	1314.992432
1411.090820	1359.955444
1410.041016	1354.893555
1408.990234	1285.556030
1407.940430	1325.735107
1406.889648	1294.508057
1405.838867	1325.150879
1404.788086	1308.208740
1403.736328	1272.249634
1402.685547	1395.599609
1401.633789	1297.835205
1400.581055	1307.054565
1399.529297	1311.517822
1398.476563	1306.477295
1397.423828	1346.561768
1396.371094	1277.407715
1395.318359	1374.452759
1394.264648	1302.949463
1393.210938	1309.779541
1392.157227	1292.883911
1391.102539	1287.854370
1390.048828	1287.569336
1388.994141	1337.068604
1387.939453	1305.960327
1386.884766	1319.888794
1385.829102	1303.012573
1384.773438	1338.252441
1383.717773	1337.955688
1382.662109	1396.847412
1381.605469	1332.628174
1380.549805	1365.463135
1379.493164	1353.330200
1378.435547	1343.567871
1377.378906	1452.055420
1376.321289	1428.088867
1375.263672	1413.588257
1374.206055	1344.737305
1373.147461	1391.694336
1372.089844	1355.950439
1371.031250	1320.222412
1369.972656	1364.791870
1368.913086	1359.766602
1367.854492	1286.298096
1366.794922	1304.888794
1365.734375	1285.724854
1364.674805	1217.038818
1363.614258	1280.435425
1362.554688	1195.277954
1361.493164	1178.512085
1360.432617	1211.239990
1359.372070	1192.121826
1358.310547	1208.343628
1357.249023	1255.172119
1356.186523	1252.537231
1355.125000	1195.764404
1354.062500	1249.623779
1353.000000	1209.346436
1351.937500	1249.064697
1350.874023	1246.433350
1349.810547	1220.290649
1348.747070	1278.785034
1347.683594	1240.895752
1346.619141	1273.512817
1345.555664	1261.481567
1344.491211	1317.565186
1343.425781	1249.175415
1342.361328	1270.023071
1341.295898	1272.084961
1340.230469	1358.619629
1339.165039	1353.622559
1338.098633	1315.791382
1337.033203	1411.637085
1335.966797	1345.676880
1334.899414	1366.468994
1333.833008	1436.461426
1332.765625	1391.625000
1331.698242	1449.868530
1330.630859	1508.085815
1329.563477	1481.992676
1328.495117	1542.516724
1327.426758	1439.201782
1326.358398	1483.330322
1325.289063	1536.795288
1324.220703	1482.661133
1323.151367	1522.073486
1322.082031	1549.780151
1321.011719	1483.994141
1319.942383	1493.004761
1318.872070	1438.940674
1317.800781	1511.013184
1316.730469	1454.634277
1315.659180	1435.630249
1314.587891	1418.968628
1313.516602	1402.314209
1312.445313	1429.989990
1311.373047	1434.330566
1311.369141	1422.088135
1310.300781	1366.385742
1310.296875	1438.407227
1309.228516	1391.718994
1309.224609	1344.915405
1308.156250	1372.758179
1308.151367	1351.666382
1307.083008	1344.485229
1307.079102	1381.715210
1306.009766	1334.861694
1306.005859	1341.864258
1304.936523	1350.862183
1304.932617	1281.064453
1303.863281	1329.598633
1303.858398	1315.766479
1302.789063	1289.720337
1302.785156	1278.276367
1301.714844	1317.357056
1301.710938	1308.310181
1300.640625	1263.537598
1300.636719	1259.196777
1299.566406	1253.944580
1299.562500	1289.222656
1298.491211	1272.266602
1298.488281	1293.643921
1297.416016	1246.398071
1297.414063	1218.969849
1296.340820	1274.012451
1296.338867	1221.075684
1295.264648	1303.938354
1295.263672	1220.855225
1294.189453	1210.690063
1294.188477	1274.110107
1293.113281	1226.677002
1293.113281	1211.115479
1292.037109	1169.061035
1292.037109	1142.779297
1290.961914	1222.295654
1290.959961	1284.172485
1289.885742	1256.924072
1289.883789	1246.733032
1288.809570	1233.466919
1288.806641	1311.440186
1287.732422	1244.855347
1287.729492	1290.255493
1286.656250	1314.291138
1286.651367	1322.441895
1285.579102	1228.151123
1285.574219	1294.305176
1284.501953	1265.067017
1284.496094	1249.948242
1283.424805	1288.044556
1283.416992	1263.573364
1282.347656	1243.722534
1282.338867	1203.017700
1281.270508	1282.934692
1281.259766	1202.742432
1280.192383	1245.587891
1280.180664	1172.347656
1279.114258	1224.488281
1279.101563	1172.079224
1278.036133	1124.560913
1278.022461	1241.285767
1276.958008	1219.403564
1276.942383	1122.921021
1275.878906	1158.916504
1275.862305	1108.775146
1274.800781	1158.703979
1274.782227	1180.262329
1273.721680	1193.246094
1273.702148	1182.305298
1272.642578	1121.213623
1272.621094	1161.215454
1271.562500	1199.755981
1271.540039	1123.946655
1270.483398	1199.535278
1270.458984	1095.943237
1269.403320	1104.387939
1269.376953	1162.727417
1268.323242	1101.869629
1268.295898	1100.061768
1267.243164	1120.181885
1267.213867	1085.945801
1266.163086	1101.463135
1266.130859	1083.386108
1265.082031	1089.691895
1265.048828	1110.850464
1264.000977	1147.319092
1263.965820	1085.196655
1262.920898	1089.288940
1262.882813	1096.488770
1261.838867	1112.210205
1261.799805	1117.007080
1260.757813	1169.800659
1260.715820	1093.676392
1259.676758	1132.600952
1259.632813	1084.197144
1258.594727	1192.476807
1258.548828	1139.297729
1257.512695	1139.112183
1257.463867	1129.812012
1256.430664	1219.755615
1256.379883	1157.213745
1255.347656	1187.192749
1255.294922	1235.305664
1254.265625	1221.611084
1254.209961	1188.937622
1253.182617	1228.310181
1253.125000	1172.537720
1252.099609	1239.623413
1252.039063	1248.268311
1251.016602	1230.160278
1250.953125	1284.820435
1249.932617	1248.391113
1249.867188	1174.026733
1248.849609	1312.757690
1248.781250	1222.086182
1247.765625	1273.298462
1247.694336	1309.239380
1246.681641	1238.466187
1246.607422	1258.327148
1245.597656	1215.176025
1245.520508	1232.736938
1244.512695	1251.834839
1244.433594	1243.948120
1243.428711	1279.259888
1243.345703	1204.579834
1242.343750	1258.279053
1242.257813	1280.143921
1241.258789	1211.960693
1241.169922	1245.380737
1240.173828	1262.413818
1240.082031	1258.875000
1239.087891	1195.382568
1238.993164	1196.572266
1238.001953	1183.643677
1237.904297	1276.659546
1236.916016	1229.468262
1236.815430	1173.060181
1235.830078	1206.217285
1235.726563	1195.738403
1234.744141	1229.004883
1234.636719	1167.925781
1233.658203	1187.353760
1233.546875	1190.594238
1232.571289	1191.730835
1232.457031	1204.078003
1231.484375	1159.302856
1231.366211	1176.282349
1230.397461	1195.880005
1230.276367	1182.885620
1229.309570	1225.545166
1229.185547	1109.269775
1228.222656	1179.335205
1228.094727	1090.680420
1227.134766	1137.739380
1227.002930	1136.242310
1226.046875	1098.457275
1225.911133	1124.525879
1224.958984	1114.332031
1224.819336	1108.235229
1223.870117	1093.446045
1223.727539	1046.167847
1222.782227	1095.535034
1222.634766	1114.583740
1221.693359	1102.215698
1221.542969	1109.746948
1220.604492	1113.485229
1220.449219	1033.996704
1219.515625	1140.818237
1219.356445	1068.060791
1218.425781	1057.981934
1218.263672	1188.997192
1217.335938	1073.842041
1217.169922	1117.853027
1216.246094	1158.518799
1216.076172	1106.163940
1215.156250	1149.123047
1214.981445	1115.044434
1214.066406	1192.474854
1213.887695	1178.746094
1212.975586	1157.855225
1212.792969	1178.469727
1211.885742	1203.480713
1211.697266	1166.776733
1210.794922	1191.790894
1210.602539	1205.310303
1209.704102	1244.266357
1209.506836	1271.212524
1208.612305	1241.736938
1208.411133	1227.561401
1207.521484	1220.883545
1207.315430	1183.930664
1206.429688	1222.939575
1206.219727	1231.545776
1205.337891	1231.863647
1205.123047	1114.970947
1204.245117	1181.263062
1204.026367	1196.773071
1203.153320	1151.281128
1202.929688	1175.980103
1202.060547	1196.827515
1201.832031	1132.411743
1200.967773	1214.900757
1200.734375	1118.477295
1199.875000	1189.504150
1199.636719	1136.433105
1198.782227	1159.543091
1198.539063	1188.533447
1197.688477	1175.325928
1197.440430	1131.344482
1196.595703	1124.803101
1196.341797	1197.075928
1195.501953	1218.301392
1195.243164	1123.984619
1194.407227	1231.777832
1194.144531	1098.697144
1193.313477	1176.703003
1193.044922	1123.453613
1192.218750	1206.172852
1191.945313	1186.850586
1191.124023	1153.407959
1190.845703	1211.574219
1190.029297	1244.526001
1189.745117	1209.015015
1188.934570	1191.773682
1188.645508	1154.199707
1187.839844	1189.259888
1187.544922	1210.714111
1186.744141	1184.464844
1186.443359	1033.291504
1185.648438	1152.290161
1185.342773	1073.914429
1184.552734	1063.094849
1184.241211	1060.040405
1183.456055	1056.045532
1183.139648	1093.829224
1182.360352	1035.316284
1182.038086	1002.816956
1181.263672	987.235046
1180.935547	1000.310547
1180.166992	996.161011
1179.833008	993.269714
1179.070313	1041.548950
1178.730469	943.155273
1177.972656	988.936768
1177.627930	972.397583
1176.875977	961.405334
1176.524414	949.505066
1175.778320	945.273315
1175.420898	944.747925
1174.679688	958.752625
1174.317383	942.257935
1173.582031	901.643311
1173.212891	935.239929
1172.484375	965.207092
1172.109375	916.905334
1171.385742	946.810364
1171.004883	932.530701
1170.287109	878.358826
1169.899414	968.514404
1169.188477	976.015869
1168.794922	947.922180
1168.088867	889.387878
1167.689453	902.459717
1166.989258	1012.020508
1166.583984	902.244141
1165.890625	925.419128
1165.477539	940.460815
1164.790039	925.237488
1164.372070	897.292480
1163.690430	900.054199
1163.265625	937.751404
1162.590820	954.415344
1162.159180	914.935974
1161.490234	947.411743
1161.051758	919.234009
1160.389648	901.794861
1159.944336	937.077942
1159.289063	915.243774
1158.836914	902.991211
1158.187500	953.664124
1157.729492	945.656494
1157.085938	948.935852
1156.622070	925.122070
1155.985352	941.939514
1155.513672	895.573914
1154.882813	900.906494
1154.405273	953.997009
1153.781250	893.922119
1153.295898	865.831787
1152.679688	905.087463
1152.187500	917.470886
1151.577148	866.353577
1151.078125	914.996582
1150.474609	904.729614
1149.967773	946.320435
1149.372070	927.221069
1148.858398	973.123901
1148.268555	917.971130
1147.748047	968.385437
1147.165039	926.853882
1146.637695	950.139954
1146.062500	919.873108
1145.527344	893.636597
1144.958008	967.260925
1144.416016	960.933960
1143.854492	905.919434
1143.305664	951.702576
1142.750977	935.176147
1142.193359	940.226074
1141.646484	964.421143
1141.082031	946.745361
1140.541992	959.702576
1139.969727	1002.723022
1139.436523	927.829773
1138.857422	901.333435
1138.332031	972.896240
1137.745117	923.587158
1137.226563	931.984802
1136.632813	932.350098
1136.121094	990.602051
1135.519531	871.480103
1135.015625	954.225525
1134.406250	985.791443
1133.910156	954.035339
1133.292969	938.407654
1132.803711	965.146545
1132.178711	983.069092
1131.697266	946.875183
1131.064453	969.367126
1130.590820	926.351563
1129.950195	955.671631
1129.484375	978.122253
1128.835938	957.682373
1128.377930	975.668274
1127.720703	937.269226
1127.270508	955.150818
1126.605469	1008.776550
1126.163086	950.444519
1125.490234	939.054565
1125.055664	963.797119
1124.374023	997.082581
1123.947266	952.320679
1123.257813	949.797913
1122.839844	997.254517
1122.141602	1027.950562
1121.731445	985.775696
1121.025391	962.769043
1120.623047	949.492737
1119.908203	989.395691
1119.513672	1014.693604
1118.791016	951.109863
1118.405273	989.691223
1117.673828	924.029358
1117.295898	969.206726
1116.556641	961.829468
1116.186523	975.772461
1115.438477	975.012024
1115.077148	962.057922
1114.320313	947.945007
1113.966797	952.853943
1113.202148	867.246887
1112.857422	905.366882
1112.083008	864.799988
1111.747070	911.939697
1110.963867	866.822266
1110.636719	918.509705
1109.844727	913.514038
1109.525391	886.813416
1108.724609	908.824158
1108.415039	882.133911
1107.605469	857.255188
1107.303711	893.205383
1106.485352	830.262146
1106.192383	859.283569
1105.364258	863.528381
1105.081055	863.608032
1104.244141	872.239441
1103.968750	879.173218
1103.123047	916.629883
1102.856445	854.266724
1102.001953	880.729309
1101.744141	872.074890
1100.879883	884.970886
1100.631836	865.156921
1099.758789	900.353210
1099.519531	840.268005
1098.636719	893.447266
1098.406250	878.284119
1097.513672	928.867004
1097.292969	891.580933
1096.391602	904.141541
1096.179688	909.362915
1095.268555	861.616821
1095.066406	877.750122
1094.145508	894.791870
1093.952148	834.927856
1093.021484	841.163635
1092.837891	848.222168
1091.898438	881.001282
1091.723633	825.614746
1090.774414	840.747803
1090.609375	957.787659
1089.650391	873.894531
1089.494141	870.131348
1088.525391	913.694031
1088.378906	885.649414
1087.400391	917.912781
1087.263672	883.227539
1086.275391	862.135376
1086.148438	896.495178
1085.150391	839.707092
1085.033203	880.627136
1084.024414	881.695801
1083.916992	858.044434
1082.898438	877.036255
1082.800781	806.352600
1081.772461	870.158997
1081.684570	891.285767
1080.645508	918.766113
1080.568359	895.581848
1079.518555	905.225464
1079.451172	855.106079
1078.391602	927.181641
1078.333984	830.313049
1077.264648	851.552917
1077.216797	856.994385
1076.136719	822.519409
1076.099609	847.870728
1075.008789	828.963867
1074.981445	816.384033
1073.880859	826.541199
1073.863281	822.925659
1072.751953	844.057983
1072.745117	786.985168
1071.626953	838.235840
1071.623047	817.269409
1070.508789	793.367371
1070.494141	797.136841
1069.389648	808.845459
1069.365234	858.921631
1068.270508	822.083191
1068.235352	867.559509
1067.151367	821.914551
1067.105469	809.814575
1066.031250	815.046875
1065.975586	836.156494
1064.912109	826.042358
1064.844727	877.965515
1063.791992	859.354004
1063.713867	851.214111
1062.670898	798.923462
1062.583008	873.104553
1061.550781	818.839783
1061.452148	828.688721
1060.429688	840.978516
1060.320313	857.201294
1059.309570	840.805542
1059.188477	832.689941
1058.188477	791.577026
1058.056641	801.566223
1057.066406	844.918091
1056.923828	841.101685
1055.945313	842.515198
1055.791016	849.718201
1054.823242	804.458496
1054.658203	856.123718
1053.701172	864.447510
1053.524414	791.935486
1052.579102	886.544189
1052.391602	829.227478
1051.456055	908.631653
1051.257813	868.705383
1050.333008	830.513855
1050.123047	831.013306
1049.209961	848.151306
1048.989258	808.766174
1048.086914	825.719543
1047.854492	841.609253
1046.963867	827.774109
1046.718750	854.612122
1045.839844	863.198792
1045.583984	883.022522
1044.715820	863.020264
1044.448242	869.589966
1043.591797	849.498779
1043.312500	893.579956
1042.466797	896.013489
1042.175781	818.540588
1041.342773	882.490540
1041.040039	838.131348
1040.217773	855.638428
1039.903320	866.509033
1039.092773	879.902893
1038.765625	883.878601
1037.966797	837.511658
1037.628906	899.041016
1036.841797	912.853821
1036.491211	914.195496
1035.715820	888.237854
1035.352539	924.948059
1034.589844	908.034668
1034.214844	935.694946
1033.463867	861.233032
1033.076172	889.342529
1032.336914	934.288086
1031.937500	965.953003
1031.209961	916.343933
1030.798828	913.031738
1030.083008	909.498535
1029.659180	932.546753
1028.956055	953.665955
1028.519531	971.794617
1027.828125	920.207031
1027.379883	881.628967
1026.701172	931.099976
1026.239258	881.403503
1025.573242	964.152771
1025.098633	892.137939
1024.444336	917.416321
1023.958008	913.823792
1023.316406	921.656189
1022.817383	917.971436
1022.187500	886.023132
1021.675781	884.881653
1021.058594	879.194519
1020.534180	919.690491
1019.929688	879.011108
1019.391602	897.562683
1018.799805	883.255005
1018.250000	871.068787
1017.670898	869.791321
1017.107422	824.895874
1016.541016	874.035156
1015.963867	896.870911
1015.411133	884.913940
1014.821289	881.331665
1014.280273	886.940796
1013.677734	902.968384
1013.150391	844.739502
1012.534180	861.205566
1012.019531	886.569885
1011.389648	865.354004
1010.888672	952.697388
1010.245117	832.360718
1009.756836	919.348389
1009.100586	871.459839
1008.625977	916.946350
1007.956055	875.601807
1007.494141	857.109985
1006.810547	846.996765
1006.362305	901.102051
1005.665039	890.426025
1005.229492	898.705017
1004.519531	861.831543
1004.097656	832.286804
1003.373047	846.339355
1002.964844	885.084839
1002.226563	874.469421
1001.832031	880.485657
1001.080078	896.044250
1000.698242	875.888245
999.932617	858.758728
999.565430	902.173950
998.786133	865.072815
998.431641	853.466919
997.637695	949.807983
997.297852	835.648499
996.490234	897.291626
996.164063	980.964111
995.341797	853.511719
995.029297	892.599792
994.193359	899.001465
993.894531	854.952698
993.044922	853.067261
992.759766	901.036194
991.895508	852.844849
991.625000	845.782532
990.746094	843.922180
990.489258	880.837891
989.596680	869.795776
989.354492	827.813171
988.218750	882.667847
987.082031	772.446594
985.946289	862.493408
984.809570	849.112793
983.672852	862.129456
982.536133	899.327759
981.398438	905.732971
980.261719	914.333252
979.124023	861.401123
977.985352	911.749695
976.847656	904.967285
975.708984	882.815186
974.570313	911.171082
973.431641	924.148926
972.291992	952.483765
971.153320	969.835571
970.013672	984.986145
968.874023	1002.323425
967.733398	1048.159668
966.592773	1054.514282
965.453125	1095.936157
964.311523	1104.469116
963.170898	1123.953003
962.029297	1147.809448
960.887695	1123.475342
959.746094	1070.687500
958.604492	1074.837891
957.461914	1070.232056
956.319336	1039.370239
955.176758	956.017090
954.033203	988.621765
952.890625	975.290649
951.747070	924.798279
950.603516	883.070618
949.458984	920.033325
948.314453	954.795288
947.169922	862.845947
946.025391	858.293884
944.880859	858.110657
943.735352	881.940613
942.589844	879.569702
941.444336	885.927979
940.298828	857.377502
939.152344	872.462280
938.005859	826.481201
936.859375	821.943909
935.711914	839.206055
934.565430	910.942871
933.417969	882.423096
932.269531	843.023682
931.122070	888.578674
929.973633	890.565613
928.825195	907.790283
927.676758	920.654480
926.528320	1011.849854
925.378906	996.403809
924.229492	983.139343
923.080078	948.134277
921.929688	969.672119
920.780273	917.295288
919.629883	927.964233
918.478516	877.791382
917.328125	940.598816
916.176758	940.396423
915.025391	911.966492
913.874023	920.453735
912.721680	928.937134
911.570313	874.488403
910.417969	895.994751
909.264648	937.012817
908.112305	856.574707
906.958984	899.751465
905.805664	880.048889
904.652344	882.026123
903.498047	940.335876
902.344727	1011.617615
901.189453	955.089905
900.035156	1002.519470
898.880859	959.006836
897.725586	978.278503
896.570313	1029.999756
895.414063	984.345581
894.258789	1033.880005
893.102539	1027.168823
891.946289	1080.996216
890.790039	1139.123291
889.632813	1199.386108
888.475586	1218.571533
887.318359	1378.156250
886.161133	1438.327637
885.002930	1455.289185
883.844727	1459.290894
882.686523	1437.391846
881.528320	1335.664307
880.369141	1311.643921
879.209961	1231.555908
878.050781	1226.975708
876.890625	1159.875977
875.731445	1142.380493
874.571289	1101.187744
873.410156	1090.175781
872.250000	1100.708740
871.088867	1055.244385
869.927734	971.044189
868.766602	1016.037842
867.605469	962.012695
866.443359	918.769409
865.281250	968.047180
864.118164	911.916748
862.956055	926.769897
861.792969	952.365479
860.629883	907.021545
859.466797	947.652222
858.302734	977.523010
857.138672	960.126099
855.974609	940.589233
854.810547	938.236755
853.645508	938.031738
852.480469	961.433350
851.315430	916.165833
850.150391	943.851990
848.984375	911.475830
847.818359	967.025024
846.652344	960.382263
845.486328	979.461182
844.319336	968.532837
843.152344	1026.162842
841.985352	1066.632813
840.817383	1032.137207
839.649414	1115.405884
838.481445	1258.569702
837.313477	1268.993408
836.144531	1377.828857
834.976563	1614.957275
833.807617	1804.933350
832.637695	2210.771729
831.468750	2607.881104
830.298828	2998.404541
829.128906	3219.959229
827.958008	3323.925049
826.788086	3094.671387
825.617188	2854.841553
824.445313	2576.690918
823.274414	2384.035156
822.102539	2063.433105
820.930664	1913.642090
819.758789	1798.043579
818.586914	1614.257568
817.414063	1509.435425
816.241211	1417.448120
815.068359	1306.322144
813.894531	1276.206177
812.720703	1265.274292
811.546875	1156.384399
810.373047	1147.612671
809.198242	1126.072510
808.023438	1170.516357
806.848633	1106.425537
805.673828	1108.308472
804.498047	1048.513062
803.322266	1061.039307
802.146484	1033.168579
800.969727	1032.940186
799.793945	1013.587402
798.617188	1087.718872
797.439453	1076.858276
796.262695	1046.890747
795.084961	1048.781982
793.907227	1048.549683
792.728516	980.410278
791.550781	1060.814941
790.372070	1045.731689
789.193359	1073.068848
788.013672	1072.830811
786.834961	1125.586670
785.655273	1082.951294
784.474609	1091.186157
783.294922	1093.062378
782.114258	1061.051636
780.933594	980.354858
779.752930	1026.709473
778.571289	1005.316772
777.389648	1017.789246
776.208008	983.714722
775.026367	1046.947266
773.843750	993.850037
772.661133	1021.112305
771.478516	1025.112305
770.295898	1071.373657
769.112305	1033.106689
767.928711	1026.539917
766.745117	1085.440308
765.560547	1068.308105
764.375977	1095.510620
763.191406	1137.473145
762.006836	1118.230713
760.821289	1206.575928
759.636719	1294.881714
758.450195	1347.304199
757.264648	1399.703125
756.078125	1473.153687
754.891602	1386.435791
753.705078	1314.502563
752.518555	1282.617188
751.331055	1269.696777
750.143555	1300.990356
748.955078	1245.977417
747.767578	1212.031250
746.579102	1247.523804
745.390625	1251.451172
744.201172	1225.937378
743.012695	1219.355835
741.823242	1200.166016
740.632813	1157.869141
739.443359	1245.848633
738.252930	1266.573853
737.062500	1268.389893
735.872070	1291.200195
734.680664	1303.504761
733.489258	1309.508057
732.297852	1294.527466
731.106445	1308.920288
729.914063	1356.861084
728.721680	1320.912720
727.529297	1341.578125
726.335938	1358.042603
725.142578	1309.546143
723.949219	1290.398560
722.755859	1348.749634
721.561523	1312.850708
720.367188	1253.940430
719.172852	1165.755615
717.978516	1184.325317
716.783203	1135.943115
715.587891	1079.216675
714.392578	1089.428833
713.196289	1049.462646
712.000000	1017.874756
710.803711	1086.602783
709.607422	1019.504944
708.410156	1086.112671
707.212891	1027.397949
706.015625	1035.516968
704.818359	1041.545044
703.620117	1058.004272
702.421875	1095.319092
701.223633	1099.243408
700.024414	1134.446533
698.825195	1073.727783
697.625977	1208.973511
696.426758	1152.433105
695.226563	1229.261719
694.026367	1231.066650
692.826172	1214.127686
691.625000	1178.457520
690.423828	1207.333252
689.222656	1273.656128
688.021484	1262.964355
686.819336	1231.475342
685.617188	1239.515137
684.415039	1235.075562
683.211914	1303.395264
682.009766	1271.925049
680.806641	1300.726196
679.602539	1244.342163
678.399414	1256.521118
677.195313	1353.827759
675.991211	1287.089844
674.786133	1259.816284
673.581055	1307.255249
672.375977	1282.063599
671.170898	1343.994141
669.965820	1329.173462
668.759766	1320.578613
667.553711	1278.825195
666.346680	1266.101074
665.140625	1298.960205
663.933594	1248.954834
662.725586	1267.307251
661.518555	1167.644531
660.310547	1210.844727
659.102539	1243.678345
657.893555	1210.292847
656.685547	1199.674805
655.476563	1209.740845
654.267578	1240.476807
653.057617	1225.724731
651.847656	1179.981567
650.637695	1196.240479
649.427734	1173.245972
648.216797	1166.782715
647.005859	1096.318604
645.794922	1073.362305
644.583984	1128.836426
643.372070	1074.934692
642.160156	1093.253540
640.947266	1130.124268
639.735352	1039.146484
638.522461	1080.135132
637.309570	1071.644409
636.095703	1032.251587
634.881836	1081.453003
633.667969	1056.491943
632.454102	1095.370117
631.239258	1091.001953
630.024414	1105.157837
628.809570	1119.307129
627.594727	1096.422485
626.378906	1106.453857
625.163086	1112.368164
623.947266	1173.782593
622.730469	1144.740234
621.513672	1160.915039
620.296875	1168.865112
619.079102	1185.026611
617.862305	1188.860718
616.643555	1219.379639
615.425781	1143.161865
614.207031	1185.988403
612.989258	1081.093384
611.769531	1140.321655
610.550781	1076.494507
609.331055	1102.896484
608.111328	1057.552856
606.891602	1026.573242
605.670898	1009.947998
604.450195	1009.715027
603.229492	1015.625000
602.007813	1019.484924
600.787109	1033.576416
599.564453	1037.430176
598.342773	1047.419189
597.120117	1006.271912
595.897461	983.546570
594.674805	987.407898
593.452148	966.741089
592.228516	1015.558533
591.004883	915.221252
589.780273	957.900513
588.556641	965.846619
587.332031	973.788940
586.106445	967.440369
584.881836	1014.148682
583.656250	991.472900
582.430664	979.005493
581.204102	1003.247986
579.978516	956.126343
578.751953	943.675476
577.524414	967.908936
576.297852	1018.614990
575.070313	1042.819580
573.842773	999.815430
572.614258	1019.941223
571.385742	968.820740
570.157227	980.804749
568.928711	958.198364
567.699219	962.043335
566.469727	941.485046
565.240234	977.859436
564.009766	989.826782
562.780273	914.411377
561.548828	995.460449
560.318359	1007.414978
559.086914	980.782288
557.855469	939.951050
556.624023	1008.740234
555.391602	1032.855103
554.160156	1071.159668
552.926758	1046.570801
551.694336	1064.576294
550.460938	1021.754578
549.227539	1066.105835
547.994141	1025.329834
546.759766	1031.167847
545.525391	1079.536255
544.291016	1042.835083
543.055664	957.564270
541.821289	987.699829
540.584961	981.398071
539.349609	1017.582764
538.113281	1007.231628
536.876953	1051.481445
535.640625	998.673218
534.403320	1014.608093
533.166016	1010.328857
531.928711	997.970764
530.691406	1026.012451
529.453125	1023.752441
528.214844	1025.530762
526.975586	1091.893433
525.737305	1061.369629
524.498047	984.461365
523.257813	1058.853882
522.018555	1026.342651
520.778320	1030.133057
519.538086	1082.292114
518.296875	1039.723022
517.055664	1073.724609
515.814453	1025.135254
514.573242	1020.866699
513.331055	1038.743774
512.088867	1074.725586
510.846680	1072.459961
509.603516	1052.090576
508.360352	1065.920410
507.117188	1015.401428
505.874023	1061.396729
504.629883	1069.185059
503.385742	1091.034424
502.140625	1122.917358
500.896484	1088.510376
499.651367	1092.268677
498.405273	1069.929199
497.160156	1051.613892
495.914063	1093.499756
494.667969	1089.229004
493.420898	1141.113159
492.173828	1182.947754
490.926758	1212.735107
489.679688	1126.273682
488.431641	1202.142212
487.183594	1199.853882
485.935547	1159.516724
484.686523	1213.299316
483.437500	1223.019531
482.188477	1202.717041
480.939453	1190.426880
479.689453	1210.146240
478.439453	1217.857544
477.188477	1257.553589
475.937500	1271.246094
474.686523	1316.905273
473.435547	1330.576660
472.183594	1390.181396
470.931641	1381.862427
469.679688	1401.497437
468.426758	1496.969238
467.173828	1560.467651
465.920898	1633.910522
464.667969	1703.329102
463.414063	1810.601318
462.160156	1939.751465
460.905273	2046.915405
459.651367	2205.836182
458.396484	2430.421631
457.140625	2627.015869
455.885742	2717.982178
454.629883	2785.016113
453.373047	2607.217773
452.117188	2517.053955
450.860352	2247.896729
449.603516	2062.398438
448.345703	1831.256958
447.087891	1723.473389
445.830078	1639.589844
444.572266	1519.982056
443.313477	1473.929199
442.054688	1376.263672
440.795898	1427.555298
439.536133	1403.392212
438.276367	1331.612061
437.016602	1378.908691
435.755859	1398.412598
434.495117	1433.771484
433.234375	1457.217651
431.972656	1435.063110
430.710938	1442.643921
429.449219	1464.089111
428.187500	1447.890503
426.924805	1380.213745
425.662109	1292.771973
424.399414	1322.148804
423.135742	1343.596191
421.872070	1283.922363
420.607422	1226.255005
419.343750	1249.686768
418.079102	1288.921997
416.814453	1255.011353
415.548828	1221.117065
414.283203	1284.035400
413.017578	1246.200195
411.750977	1277.489868
410.484375	1271.258301
409.217773	1239.373535
407.951172	1215.396362
406.683594	1185.512939
405.416016	1291.717896
404.147461	1269.716553
402.879883	1267.436890
401.611328	1263.187500
400.341797	1184.073486
399.072266	1292.118652
397.802734	1250.450806
396.533203	1309.208374
395.263672	1312.826050
393.993164	1292.828491
392.721680	1316.120972
391.451172	1343.335571
390.179688	1309.580200
388.908203	1354.475464
387.635742	1405.244629
386.363281	1361.673706
385.090820	1355.447876
383.817383	1370.828125
382.544922	1370.493042
381.270508	1409.417358
379.997070	1389.447632
378.722656	1428.347778
377.448242	1426.036499
376.173828	1429.609375
374.898438	1478.273315
373.623047	1421.068237
372.347656	1442.275391
371.071289	1424.289429
369.794922	1439.609009
368.517578	1529.331299
367.241211	1497.632690
365.963867	1438.548340
364.686523	1463.632080
363.408203	1457.403320
362.129883	1502.027344
360.851563	1442.999146
359.572266	1477.830200
358.292969	1487.237671
357.013672	1482.963501
355.733398	1470.877686
354.453125	1470.514893
353.172852	1518.961792
351.892578	1504.923462
350.611328	1506.503174
349.330078	1480.768555
348.047852	1562.322021
346.765625	1538.535889
345.483398	1577.145264
344.201172	1584.551025
342.917969	1549.084961
341.634766	1511.688232
340.350586	1509.366089
339.066406	1545.986450
337.782227	1526.136963
336.498047	1506.297119
335.212891	1480.629883
333.927734	1474.426636
332.642578	1501.285645
331.356445	1471.749634
330.070313	1446.115479
328.783203	1537.087036
327.497070	1523.105347
326.209961	1534.379517
324.921875	1489.336670
323.634766	1475.376465
322.346680	1531.291748
321.057617	1484.342163
319.768555	1567.384521
318.479492	1487.479858
317.190430	1580.173828
315.900391	1577.840454
314.610352	1581.321777
313.320313	1701.045654
312.029297	1632.827637
310.738281	1634.355225
309.447266	1678.472778
308.155273	1736.116333
306.863281	1799.535522
305.571289	1752.656250
304.278320	1860.521240
302.985352	1844.585815
301.692383	1888.582520
300.398438	1957.680054
299.104492	2015.150024
297.810547	2122.812012
296.515625	2083.655762
295.220703	2237.580322
293.925781	2204.204590
292.629883	2230.664063
291.333984	2376.717285
290.038086	2455.193359
288.741211	2460.358154
287.444336	2623.591064
286.147461	2621.001221
284.849609	2737.868652
283.551758	2837.340576
282.253906	2877.063477
280.955078	2972.598389
279.656250	2921.801758
278.357422	3007.654297
277.057617	2970.340088
275.757813	3034.979248
274.458008	3068.820068
273.157227	3139.167480
271.856445	3196.025635
270.554688	3237.483643
269.253906	3355.754395
267.952148	3399.069824
266.649414	3547.956299
265.346680	3656.459229
264.043945	3814.797607
262.741211	3867.541504
261.437500	3970.124023
260.133789	4074.570801
258.830078	4203.884277
257.525391	4248.806152
256.220703	4358.847168
254.915039	4428.606445
253.609375	4528.968750
252.303711	4682.885254
250.998047	4785.043945
249.691406	4818.261719
248.384766	5008.331055
247.077148	5096.937012
245.769531	5147.255371
244.461914	5166.961426
243.154297	5352.920410
241.845703	5275.122070
240.536133	5285.227051
239.227539	5255.223633
237.917969	5162.234375
236.608398	5103.646973
235.297852	5048.905273
233.987305	4866.378906
232.676758	4750.695801
231.365234	4743.750488
230.053711	4700.590332
228.742188	4520.244141
227.429688	4410.481445
226.117188	4359.819336
224.803711	4286.332520
223.491211	4205.268066
222.177734	4240.340332
220.863281	4132.689941
219.548828	4099.281250
218.234375	4159.073730
216.919922	4061.031738
215.604492	3995.352295
214.289063	3954.409424
212.972656	4006.574951
211.656250	3878.282959
210.339844	3863.982666
209.022461	3783.249512
207.705078	3789.855469
206.387695	3783.176025
205.069336	3710.111816
203.750977	3766.032715
202.432617	3664.572510
201.113281	3674.987305
199.793945	3710.028320
198.474609	3495.001465
197.154297	3598.247070
195.833984	3663.571289
194.513672	3619.077148
193.192383	3652.190674
191.871094	3615.288330
190.548828	3661.623291
189.226563	3585.028809
187.904297	3723.972656
186.581055	3762.680908
185.257813	3784.363770
183.934570	3792.812500
182.610352	3973.096191
181.286133	3981.489014
179.961914	3993.651367
178.636719	4064.299072
177.311523	4108.499512
175.985352	4180.963867
174.660156	4142.152344
173.333008	4197.604004
172.006836	4339.706055
170.679688	4300.880371
169.352539	4412.744141
168.024414	4370.152344
166.696289	4464.995117
165.368164	4508.976074
164.039063	4515.305176
162.709961	4689.027832
161.380859	4811.887207
160.050781	4940.319824
158.720703	5057.406738
157.389648	5281.525879
156.058594	5464.200684
154.727539	5736.914551
153.395508	5757.913574
152.063477	6043.539551
150.731445	6071.948730
149.398438	6216.645020
148.065430	6477.535645
146.732422	6573.296875
145.398438	6622.145996
144.064453	6689.706055
142.729492	6738.494629
141.395508	6791.001465
140.059570	6905.266602
138.724609	6929.619141
137.388672	6959.571289
136.051758	7088.661133
134.715820	7058.699707
133.378906	6959.568848
132.041016	7129.674805
130.703125	7105.328125
129.365234	6938.999512
128.026367	7209.831543
126.687500	7116.386719
125.348633	7034.191406
124.008789	7045.354980
122.668945	7080.766113
121.329102	7058.332031
119.988281	7093.717285
118.647461	7227.889648
117.306641	7222.203125
115.964844	7238.876953
114.622070	7289.070313
113.280273	7396.965332
111.937500	7450.808105
110.593750	7325.938477
109.250000	7361.160645
107.906250	7230.798828
106.562500	7094.927246
105.217773	6624.465332
103.873047	6219.313477
102.527344	5697.313477
101.181641	5145.873047
99.834961	4657.877930
98.489258	3917.637451
