#Wave		#Intensity
3199.922852	31.915588
3199.217773	35.461765
3198.512695	24.819387
3197.807617	35.450768
3197.101563	24.811686
3196.396484	35.439754
3195.691406	24.803968
3194.985352	49.600212
3194.279297	31.880880
3193.574219	35.417675
3192.868164	21.247286
3192.162109	35.406605
3191.455078	21.240639
3190.749023	28.316418
3190.042969	14.155989
3189.335938	35.384418
3188.629883	14.151545
3187.922852	31.835970
3187.215820	28.294188
3186.508789	21.217299
3185.801758	35.356590
3185.094727	35.351009
3184.387695	35.345428
3183.679688	17.669920
3182.972656	35.334248
3182.264648	28.262922
3181.557617	24.726137
3180.849609	35.317451
3180.141602	35.311844
3179.433594	24.714361
3178.724609	35.300613
3178.016602	35.294994
3177.308594	24.702559
3176.599609	17.641870
3175.890625	17.639055
3175.182617	31.745226
3174.473633	35.266834
3173.764648	45.839546
3173.055664	28.204433
3172.345703	35.249889
3171.636719	35.244232
3170.927734	24.667000
3170.217773	31.709618
3169.507813	35.227242
3168.797852	35.221569
3168.087891	24.651125
3167.377930	35.210213
3166.667969	31.684078
3165.958008	28.159075
3165.248047	49.270416
3164.537109	35.187458
3163.826172	31.663584
3163.116211	35.176060
3162.405273	24.619247
3161.694336	35.164642
3160.983398	31.643036
3160.271484	35.153214
3159.560547	21.088495
3158.849609	28.113415
3158.137695	31.622437
3157.425781	35.130306
3156.713867	28.099659
3156.001953	45.654484
3155.290039	24.579165
3154.578125	35.107346
3153.866211	21.060957
3153.153320	49.134178
3152.441406	31.581078
3151.728516	56.134922
3151.015625	24.554993
3150.302734	28.058235
3149.589844	10.520107
3148.876953	49.085751
3148.164063	10.516642
3147.451172	31.544722
3146.737305	24.530735
3146.023438	35.038120
3145.310547	24.522629
3144.596680	35.026535
3143.882813	28.016588
3143.168945	35.014935
3142.455078	17.504564
3141.740234	35.003323
3141.026367	34.997509
3140.311523	52.487541
3139.596680	17.492939
3138.881836	34.980057
3138.167969	13.989693
3137.452148	45.458923
3136.737305	24.473801
3136.022461	45.443760
3135.306641	20.970541
3134.591797	31.450554
3133.875977	17.469608
3133.160156	31.440033
3132.444336	20.956512
3131.728516	31.429501
3131.012695	59.356876
3130.296875	34.909950
3129.580078	52.356133
3128.864258	31.408401
3128.147461	34.892353
3127.430664	31.397835
3126.713867	34.880608
3125.997070	24.412312
3125.280273	24.408194
3124.563477	31.376669
3123.845703	55.771324
3123.128906	34.851189
3122.411133	31.360765
3121.693359	27.871521
3120.975586	45.283550
3120.257813	41.793121
3119.540039	27.857357
3118.822266	45.260525
3118.104492	34.809879
3117.385742	34.803967
3116.666992	34.798050
3115.949219	24.354490
3115.230469	59.136555
3114.511719	34.780285
3113.791992	34.774357
3113.073242	34.768425
3112.354492	31.286243
3111.634766	34.756557
3110.915039	45.175804
3110.196289	20.846807
3109.476563	34.738735
3108.756836	48.625900
3108.036133	34.726837
3107.316406	45.137150
3106.596680	55.543888
3105.875977	27.767179
3105.155273	45.113918
3104.435547	20.818230
3103.714844	62.443954
3102.994141	13.874047
3102.272461	62.422462
3101.551758	34.673172
3100.831055	65.867676
3100.109375	51.991829
3099.387695	69.310478
3098.666992	24.254478
3097.945313	51.964901
3097.222656	51.955921
3096.500977	48.483803
3095.779297	13.850118
3095.056641	48.467018
3094.334961	34.613300
3093.612305	62.293137
3092.889648	34.601295
3092.166992	34.595291
3091.444336	44.966064
3090.721680	34.583271
3089.999023	17.288628
3089.275391	34.571239
3088.551758	20.739134
3087.829102	55.294724
3087.105469	34.553181
3086.381836	31.092440
3085.658203	48.357578
3084.933594	51.802647
3084.209961	34.529064
3083.485352	44.879940
3082.761719	58.678890
3082.037109	55.217529
3081.312500	31.054422
3080.587891	58.648079
3079.863281	51.739235
3079.137695	34.486774
3078.413086	48.273014
3077.687500	34.474674
3076.962891	48.256065
3076.237305	44.801331
3075.511719	58.576054
3074.786133	34.450439
3074.060547	48.222130
3073.333984	58.545128
3072.608398	55.091591
3071.881836	51.639259
3071.155273	41.304123
3070.429688	48.179638
3069.703125	34.407951
3068.975586	27.521498
3068.249023	58.472847
3067.522461	34.389709
3066.794922	41.260349
3066.067383	48.128555
3065.340820	48.120029
3064.613281	34.365360
3063.885742	48.102974
3063.157227	51.529758
3062.429688	54.955318
3061.702148	34.340977
3060.973633	65.236259
3060.245117	30.895895
3059.516602	48.051735
3058.788086	51.474842
3058.059570	68.620903
3057.331055	44.595646
3056.602539	34.298229
3055.873047	44.579750
3055.143555	44.571800
3054.415039	44.563847
3053.685547	58.265392
3052.956055	34.267639
3052.226563	58.244576
3051.496094	58.234161
3050.766602	54.798820
3050.036133	47.940388
3049.305664	44.508102
3048.576172	47.923218
3047.845703	68.449471
3047.114258	51.327896
3046.383789	75.267410
3045.653320	58.150745
3044.921875	51.300266
3044.191406	34.194035
3043.459961	54.700623
3042.728516	54.690788
3041.997070	44.428272
3041.265625	68.338890
3040.533203	68.326584
3039.801758	47.819992
3039.069336	51.226475
3038.336914	58.046204
3037.604492	71.691200
3036.872070	68.265015
3036.139648	75.077957
3035.407227	68.240356
3034.674805	64.816628
3033.941406	47.750988
3033.208008	57.972855
3032.474609	61.371914
3031.742188	57.951874
3031.007813	57.941380
3030.274414	78.377075
3029.541016	54.513298
3028.806641	85.161583
3028.073242	64.711060
3027.338867	57.888863
3026.604492	57.878353
3025.870117	61.271832
3025.135742	74.874184
3024.400391	71.457817
3023.666016	68.042686
3022.930664	54.424248
3022.196289	74.819717
3021.460938	71.405815
3020.725586	78.192123
3019.989258	57.783642
3019.253906	91.757286
3018.518555	67.955963
3017.782227	84.929451
3017.045898	64.534599
3016.310547	61.126877
3015.574219	61.115707
3014.837891	74.683319
3014.100586	88.245972
3013.364258	54.295277
3012.626953	78.035179
3011.890625	78.020889
3011.153320	74.615013
3010.416016	77.992310
3009.678711	81.368362
3008.941406	71.184258
3008.203125	81.338516
3007.465820	91.489037
3006.727539	60.981495
3005.989258	91.455437
3005.250977	71.118942
3004.512695	91.421829
3003.774414	54.165936
3003.036133	57.540722
3002.296875	94.755516
3001.558594	98.121574
3000.819336	74.423347
3000.080078	87.938660
2999.340820	74.395920
2998.601563	84.525230
2997.862305	84.509644
2997.122070	77.734528
2996.382813	70.961899
2995.642578	84.462852
2994.902344	94.580925
2994.162109	111.449776
2993.421875	108.052528
2992.681641	81.024414
2991.940430	108.012566
2991.200195	107.992569
2990.458984	87.727722
2989.717773	107.952583
2988.976563	104.559692
2988.235352	118.029381
2987.494141	118.007500
2986.751953	84.275436
2986.010742	91.000587
2985.268555	104.462761
2984.526367	134.765640
2983.784180	111.160995
2983.041992	121.244011
2982.299805	151.526840
2981.556641	144.765396
2980.814453	104.346336
2980.071289	134.615387
2979.328125	144.684601
2978.584961	137.929398
2977.841797	84.087624
2977.098633	134.515137
2976.355469	137.852310
2975.611328	154.634735
2974.867188	157.966888
2974.123047	137.775192
2973.379883	144.468948
2972.634766	134.364639
2971.890625	177.999893
2971.146484	181.324493
2970.401367	171.218903
2969.657227	208.109543
2968.912109	177.866821
2968.166992	167.767502
2967.421875	184.509705
2966.675781	201.245636
2965.930664	197.854477
2965.185547	207.875916
2964.439453	177.667084
2963.693359	194.391678
2962.947266	197.706161
2962.201172	221.121338
2961.455078	200.981674
2960.708008	217.689285
2959.961914	227.693710
2959.214844	234.346558
2958.467773	224.260986
2957.720703	274.417084
2956.973633	227.522598
2956.226563	247.551544
2955.479492	247.504974
2954.731445	260.834503
2953.983398	280.845825
2953.235352	267.421844
2952.488281	237.292175
2951.739258	243.930481
2950.991211	287.315979
2950.243164	307.303345
2949.494141	263.830261
2948.745117	283.814423
2947.997070	297.114319
2947.248047	307.071411
2946.498047	270.305298
2945.749023	270.254242
2945.000000	323.576630
2944.250000	286.828125
2943.500977	286.773895
2942.750977	296.721497
2942.000977	286.665405
2941.250977	276.613068
2940.500000	283.224823
2939.750000	309.822571
2938.999023	246.478790
2938.248047	269.743225
2937.498047	246.385376
2936.747070	239.680847
2935.995117	246.291931
2935.244141	269.538666
2934.493164	272.814514
2933.741211	266.109955
2932.989258	239.453491
2932.237305	259.358673
2931.485352	246.011475
2930.733398	242.640869
2929.981445	219.332214
2929.228516	239.226013
2928.476563	245.824402
2927.723633	308.882690
2926.970703	245.730835
2926.217773	235.723877
2925.464844	238.998398
2924.710938	242.271667
2923.958008	228.952866
2923.204102	228.909210
2922.450195	245.450027
2921.696289	232.138168
2920.942383	235.409500
2920.188477	205.529633
2919.434570	195.547302
2918.679688	245.215897
2917.924805	261.734528
2917.170898	245.122208
2916.416016	208.645233
2915.660156	208.605347
2914.905273	271.466156
2914.150391	195.285843
2913.394531	244.887924
2912.638672	228.297729
2911.883789	244.794174
2911.127930	231.517715
2910.371094	244.700409
2909.615234	254.571915
2908.859375	237.995636
2908.102539	234.645157
2907.345703	208.166336
2906.588867	244.465927
2905.832031	254.327911
2905.075195	214.651184
2904.318359	267.437042
2903.560547	234.375107
2902.802734	254.132629
2902.045898	240.884644
2901.288086	240.838348
2900.530273	227.597961
2899.771484	286.916138
2899.013672	243.996689
2898.254883	263.729431
2897.497070	240.606796
2896.738281	230.674438
2895.979492	243.808868
2895.220703	237.173752
2894.460938	233.834610
2893.702148	273.303284
2892.942383	266.666229
2892.183594	240.282501
2891.423828	256.690674
2890.664063	259.931427
2889.903320	240.143448
2889.143555	276.276123
2888.383789	256.492584
2887.623047	233.428925
2886.862305	243.245117
2886.101563	243.198105
2885.340820	233.293625
2884.580078	259.530060
2883.818359	236.487976
2883.057617	243.010071
2882.295898	269.229309
2881.534180	236.350723
2880.772461	242.869003
2880.010742	259.228851
2879.249023	259.178650
2878.486328	268.968750
2877.724609	229.562973
2876.961914	252.470322
2876.199219	213.082977
2875.436523	242.539734
2874.673828	275.261963
2873.910156	212.958984
2873.147461	242.398560
2872.383789	212.876328
2871.620117	255.401978
2870.856445	232.436127
2870.092773	242.210312
2869.329102	229.073334
2868.565430	238.844315
2867.800781	238.797882
2867.036133	212.586884
2866.271484	241.974915
2865.506836	219.042755
2864.742188	232.074768
2863.977539	261.441772
2863.211914	251.588699
2862.447266	238.472702
2861.681641	218.829559
2860.916016	238.379761
2860.150391	251.392654
2859.383789	241.551025
2858.618164	241.503922
2857.851563	251.245590
2857.085938	241.409683
2856.319336	277.240784
2855.552734	277.186646
2854.786133	254.309845
2854.018555	224.922455
2853.251953	250.951370
2852.484375	276.970093
2851.716797	273.658142
2850.949219	234.518250
2850.181641	257.268311
2849.414063	221.402817
2848.646484	257.167633
2847.877930	240.844055
2847.109375	240.796906
2846.340820	257.016632
2845.572266	282.988190
2844.803711	227.647018
2844.035156	240.608261
2843.265625	224.306976
2842.497070	224.262985
2841.727539	220.969452
2840.958008	240.419586
2840.188477	240.372406
2839.418945	224.087036
2838.648438	220.796051
2837.878906	227.245407
2837.108398	256.412292
2836.337891	279.077545
2835.567383	214.133698
2834.796875	240.042099
2834.025391	214.049515
2833.254883	256.160400
2832.483398	207.481522
2831.711914	230.129517
2830.940430	265.731079
2830.168945	197.639084
2829.397461	207.318207
2828.625977	236.425766
2827.853516	220.188828
2827.081055	229.857727
2826.308594	229.812424
2825.536133	207.114029
2824.763672	239.428360
2823.991211	239.381134
2823.217773	216.694214
2822.445313	216.651443
2821.671875	219.841644
2820.898438	200.404282
2820.125000	203.596390
2819.350586	206.787216
2818.577148	222.898407
2817.802734	216.394806
2817.028320	226.039429
2816.253906	203.395264
2815.479492	248.545044
2814.705078	232.359772
2813.930664	222.634048
2813.155273	209.686218
2812.379883	222.545914
2811.604492	193.479858
2810.829102	212.785690
2810.053711	186.956436
2809.278320	219.146851
2808.501953	199.770752
2807.726563	209.395554
2806.950195	202.912369
2806.173828	196.431732
2805.397461	218.929611
2804.620117	183.478104
2803.843750	180.223404
2803.066406	157.664169
2802.290039	212.321793
2801.512695	189.765106
2800.735352	202.590271
2799.957031	192.904755
2799.179688	196.080841
2798.401367	212.110855
2797.624023	202.429169
2796.845703	192.751328
2796.067383	189.501068
2795.289063	208.730804
2794.509766	186.215012
2793.731445	189.387894
2792.952148	176.512863
2792.172852	186.103745
2791.393555	198.898819
2790.614258	205.273987
2789.834961	173.165375
2789.054688	179.543091
2788.275391	173.096283
2787.495117	205.110214
2786.714844	179.435608
2785.934570	179.399780
2785.153320	179.363937
2784.373047	204.946411
2783.591797	160.082382
2782.811523	156.849380
2782.030273	192.022064
2781.249023	159.986389
2780.466797	182.347992
2779.685547	166.319275
2778.904297	175.879410
2778.122070	172.647034
2777.339844	163.022873
2776.557617	140.619019
2775.775391	191.714783
2774.992188	175.703339
2774.209961	178.862076
2773.426758	166.052917
2772.643555	130.900085
2771.860352	162.794266
2771.077148	194.675644
2770.293945	178.682755
2769.509766	191.407364
2768.726563	188.179443
2767.942383	156.253235
2767.158203	162.598236
2766.374023	159.378006
2765.589844	175.280563
2764.804688	184.804153
2764.020508	156.096237
2763.235352	178.359818
2762.450195	162.402145
2761.665039	175.104324
2760.879883	197.350586
2760.093750	184.581100
2759.308594	155.907791
2758.522461	171.782135
2757.736328	146.303436
2756.950195	178.072617
2756.164063	181.215942
2755.376953	158.929291
2754.590820	133.473663
2753.803711	165.219757
2753.016602	130.243134
2752.229492	149.272949
2751.442383	165.119690
2750.654297	165.086334
2749.867188	146.008408
2749.079102	149.152344
2748.291016	149.122177
2747.502930	177.641556
2746.714844	155.404922
2745.926758	164.886139
2745.137695	158.512268
2744.349609	177.497803
2743.560547	183.799774
2742.771484	174.257584
2741.982422	161.551559
2741.192383	193.189178
2740.403320	170.985260
2739.613281	180.447830
2738.823242	174.081009
2738.033203	189.868027
2737.243164	183.501831
2736.453125	183.464584
2735.662109	145.476852
2734.872070	161.256790
2734.081055	186.514053
2733.290039	170.673096
2732.499023	157.998505
2731.708008	199.037643
2730.916016	176.886368
2730.125000	151.586029
2729.333008	151.555176
2728.541016	176.778381
2727.749023	179.898499
2726.956055	167.239975
2726.164063	148.276917
2725.371094	164.017624
2724.578125	179.751907
2723.786133	163.950745
2722.992188	167.069565
2722.199219	129.216125
2721.406250	167.001389
2720.612305	135.464035
2719.818359	151.184784
2719.024414	135.408691
2718.230469	144.826218
2717.436523	185.717407
2716.642578	141.619904
2715.847656	154.176804
2715.052734	154.145264
2714.257813	135.242661
2713.462891	160.371246
2712.667969	128.899506
2711.872070	128.873108
2711.077148	172.843140
2710.281250	163.381851
2709.485352	166.489670
2708.689453	207.284256
2707.893555	191.541611
2707.096680	178.944778
2706.300781	178.908066
2705.503906	178.871338
2704.707031	134.910309
2703.910156	169.387451
2703.112305	144.263367
2702.315430	166.182327
2701.517578	144.204071
2700.720703	131.637512
2699.922852	153.545502
2699.124023	162.912720
2698.326172	166.011475
2697.528320	165.977295
2696.729492	184.729111
2695.930664	178.430344
2695.131836	143.966751
2694.333008	162.711472
2693.534180	190.833710
2692.734375	172.027679
2691.935547	137.593750
2691.135742	156.324265
2690.335938	156.291992
2689.536133	165.635284
2688.736328	190.597458
2687.935547	159.319046
2687.134766	165.532623
2686.334961	162.375778
2685.534180	165.464157
2684.732422	159.187286
2683.931641	146.671646
2683.130859	165.361435
2682.329102	140.372147
2681.527344	165.292938
2680.725586	165.258682
2679.923828	171.459305
2679.121094	202.591705
2678.319336	177.620499
2677.516602	183.814636
2676.713867	196.235901
2675.911133	152.596237
2675.108398	161.905228
2674.305664	161.871582
2673.501953	130.715271
2672.698242	158.692673
2671.895508	183.547470
2671.091797	192.840256
2670.287109	189.690445
2669.483398	198.978058
2668.678711	180.286316
2667.875000	136.740433
2667.070313	195.746643
2666.265625	177.067184
2665.459961	158.395508
2664.655273	180.098480
2663.849609	183.165405
2663.043945	192.438721
2662.238281	152.056915
2661.432617	142.717499
2660.626953	186.114349
2659.821289	176.771683
2659.014648	179.835327
2658.208008	154.998032
2657.401367	139.469040
2656.594727	189.018478
2655.788086	161.096771
2655.012695	180.041504
2654.980469	148.673569
2654.208008	167.624847
2654.172852	145.545700
2653.402344	158.286835
2653.366211	188.860138
2652.596680	145.848648
2652.558594	167.152618
2651.791016	145.825089
2651.750000	188.780945
2650.985352	161.312317
2650.942383	173.270737
2650.178711	151.981247
2650.133789	170.140900
2649.373047	161.260101
2649.326172	157.733902
2648.566406	155.032654
2648.517578	151.516434
2647.759766	192.209305
2647.708984	151.484604
2646.953125	189.078445
2646.899414	185.452362
2646.146484	173.552002
2646.090820	169.962265
2645.339844	145.636017
2645.281250	191.553528
2644.533203	161.102966
2644.472656	182.246460
2643.726563	173.467224
2643.663086	172.943283
2642.918945	167.244690
2642.853516	163.643997
2642.111328	133.154572
2642.042969	151.261642
2641.303711	167.190048
2641.233398	151.229782
2640.496094	195.023148
2640.422852	200.568649
2639.688477	182.610825
2639.612305	160.421097
2638.880859	176.391708
2638.801758	188.146591
2638.073242	142.327850
2637.991211	178.855728
2637.264648	163.959518
2637.180664	200.399460
2636.456055	148.467239
2636.369141	188.027481
2635.648438	173.183304
2635.558594	163.333633
2634.839844	228.811691
2634.747070	206.434738
2634.031250	160.760101
2633.935547	175.586456
2633.221680	194.734924
2633.124023	181.708954
2632.413086	166.888107
2632.311523	200.145493
2631.604492	194.670639
2631.500000	153.925491
2630.794922	200.817444
2630.687500	203.138641
2629.985352	228.585114
2629.875000	175.400772
2629.175781	169.866211
2629.062500	181.516724
2628.366211	191.453796
2628.250000	181.478256
2627.556641	169.809875
2627.436523	199.891281
2626.747070	200.651077
2626.624023	166.028305
2625.937500	175.926331
2625.810547	199.806488
2625.126953	175.897064
2624.997070	202.837387
2624.316406	203.636383
2624.183594	215.084885
2623.505859	209.772232
2623.369141	181.247330
2622.695313	178.893539
2622.555664	184.280151
2621.884766	194.282974
2621.741211	202.665070
2621.074219	163.417114
2620.926758	135.081314
2620.263672	178.803925
2620.112305	181.093246
2619.452148	203.432510
2619.297852	184.123428
2618.640625	203.398453
2618.482422	211.696869
2617.830078	169.470306
2617.667969	193.247284
2617.018555	181.764938
2616.852539	193.206116
2616.206055	181.734421
2616.037109	171.702164
2615.394531	181.703903
2615.221680	208.451035
2614.583008	203.227829
2614.406250	183.888153
2613.770508	218.587097
2613.589844	205.297958
2612.958984	206.237595
2612.774414	202.190628
2612.146484	187.736923
2611.958008	162.330536
2611.333984	156.933899
2611.141602	208.228653
2610.521484	178.443726
2610.325195	226.553329
2609.708984	193.794067
2609.507813	195.896133
2608.895508	190.685730
2608.691406	192.794006
2608.083008	193.728531
2607.874023	183.574051
2607.269531	184.472122
2607.056641	186.593674
2606.456055	205.958969
2606.239258	192.670227
2605.642578	175.189117
2605.421875	217.089783
2604.829102	208.962082
2604.603516	171.189041
2604.015625	184.346985
2603.786133	207.827850
2603.202148	215.034943
2602.967773	183.338181
2602.387695	184.284317
2602.149414	183.298843
2601.574219	202.678238
2601.331055	216.857071
2600.759766	178.080841
2600.512695	198.488495
2599.945313	184.190155
2599.693359	198.445847
2599.130859	178.020096
2598.874023	180.089066
2598.316406	190.264862
2598.054688	161.740128
2597.500977	159.549713
2597.235352	204.419968
2596.686523	174.861130
2596.416016	210.476761
2595.871094	208.570557
2595.596680	186.033600
2595.055664	220.801590
2594.776367	158.551865
2594.240234	162.506653
2593.956055	195.098709
2593.424805	183.938248
2593.135742	198.104416
2592.609375	183.906677
2592.315430	210.250122
2591.793945	202.262604
2591.495117	164.508072
2590.977539	159.331024
2590.673828	185.793091
2590.162109	199.129517
2589.853516	185.752975
2589.345703	192.969238
2589.032227	173.534973
2588.529297	180.686096
2588.210938	188.716553
2587.712891	177.593002
2587.389648	167.373657
2586.896484	171.439529
2586.567383	179.507446
2586.079102	177.531723
2585.746094	176.426773
2585.262695	189.742508
2584.923828	194.635681
2584.445313	171.350693
2584.101563	182.431442
2583.627930	186.617584
2583.279297	176.312180
2582.810547	195.761597
2582.456055	185.391586
2581.993164	180.436462
2581.633789	188.389938
2581.175781	165.116608
2580.810547	197.462738
2580.358398	192.602615
2579.987305	176.159286
2579.540039	165.059296
2579.164063	188.267319
2578.722656	180.311249
2578.340820	182.154617
2577.904297	186.391083
2577.517578	182.115036
2577.085938	216.909256
2576.693359	209.386765
2576.267578	177.162628
2575.869141	179.001907
2575.449219	152.699799
2575.044922	175.929703
2574.629883	192.368210
2574.220703	212.282730
2573.811523	189.281723
2573.396484	178.885040
2572.992188	198.405884
2572.571289	178.846069
2572.172852	173.956314
2571.746094	181.837723
2571.353516	198.336548
2570.921875	169.678192
2570.534180	179.997086
2570.095703	178.729095
2569.714844	195.216888
2569.270508	181.718735
2568.894531	201.282166
2568.445313	187.735031
2568.075195	173.804138
2567.619141	208.885269
2567.254883	152.433029
2566.792969	205.812958
2566.434570	207.272537
2565.966797	175.507965
2565.614258	198.093369
2565.140625	187.570923
2564.793945	201.105621
2564.314453	211.727280
2563.973633	176.698105
2563.487305	178.416779
2563.152344	204.080872
2562.660156	190.471100
2562.332031	207.090378
2561.833984	232.746994
2561.510742	182.694611
2561.005859	172.255447
2560.689453	213.106140
2560.178711	199.409927
2559.868164	210.024719
2559.351563	202.386871
2559.046875	197.814453
2558.523438	199.322388
2558.224609	176.480179
2557.695313	187.201126
2557.403320	203.829010
2556.867188	181.122559
2556.581055	176.417786
2556.039063	208.245148
2555.758789	161.180832
2555.209961	190.095047
2554.937500	188.517776
2554.381836	184.019791
2554.114258	191.524445
2553.552734	202.075592
2553.291992	185.411423
2552.723633	192.984909
2552.469727	215.768448
2551.894531	223.089630
2551.646484	194.460983
2551.065430	198.927963
2550.824219	200.502274
2550.235352	235.044815
2550.000977	191.354523
2549.405273	207.878372
2549.177734	182.209991
2548.575195	198.796280
2548.354492	200.395325
2547.745117	159.604172
2547.530273	200.359634
2546.915039	207.740631
2546.707031	224.605637
2546.083984	198.664490
2545.882813	197.253555
2545.253906	189.592346
2545.059570	197.218369
2544.422852	213.620270
2544.235352	206.283936
2543.591797	255.685944
2543.411133	185.015778
2542.760742	186.459015
2542.586914	178.917709
2541.928711	195.437897
2541.761719	184.949631
2541.097656	183.370270
2540.937500	194.010803
2540.265625	210.378220
2540.112305	200.037827
2539.433594	204.322037
2539.287109	193.941330
2538.601563	213.288864
2538.461914	199.966156
2537.768555	198.224472
2537.636719	187.813309
2536.936523	234.213196
2536.811523	245.324966
2536.103516	183.125992
2535.986328	199.858521
2535.270508	210.097824
2535.160156	193.767395
2534.437500	201.048859
2534.333984	181.624283
2533.604492	207.004196
2533.507813	214.883408
2532.770508	173.964737
2532.681641	190.636887
2531.936523	185.920853
2531.855469	199.678864
2531.103516	203.867691
2531.029297	211.742462
2530.268555	179.843109
2530.203125	223.801682
2529.434570	200.779953
2529.375977	184.451889
2528.600586	212.719284
2528.548828	238.837219
2527.765625	233.639359
2527.721680	241.816803
2526.930664	215.618866
2526.894531	238.750946
2526.095703	221.558685
2526.067383	196.405136
2525.260742	209.535614
2525.240234	244.706757
2524.425781	248.393723
2524.412109	208.416183
2523.589844	170.545410
2523.583984	175.158691
2522.755859	202.301834
2522.753906	221.360184
2521.927734	244.529510
2521.917969	221.310516
2521.099609	217.320145
2521.082031	200.330765
2520.271484	211.245132
2520.246094	212.243134
2519.443359	214.224030
2519.409180	212.195435
2518.614258	220.218491
2518.572266	221.111725
2517.785156	235.259171
2517.735352	247.947906
2516.956055	253.309967
2516.898438	209.065628
2516.126953	235.173599
2516.061523	232.906387
2515.297852	204.985809
2515.223633	220.912689
2514.468750	253.171646
2514.386719	214.893616
2513.638672	207.924515
2513.548828	211.861191
2512.808594	210.899460
2512.710938	214.796677
2511.979492	256.045471
2511.872070	253.522156
2511.148438	213.834244
2511.034180	217.681610
2510.318359	213.795181
2510.195313	220.613678
2509.488281	222.788071
2509.356445	250.369705
2508.658203	243.818039
2508.517578	220.513885
2507.827148	222.706589
2507.678711	220.463959
2506.996094	246.737823
2506.838867	181.692642
2506.165039	249.701080
2506.000000	220.364075
2505.333984	210.552704
2505.160156	253.063492
2504.502930	210.514099
2504.320313	199.428329
2503.670898	222.502670
2503.479492	205.334793
2502.839844	231.480576
2502.639648	220.164108
2502.007813	192.364120
2501.798828	220.114075
2501.175781	267.457214
2500.958984	252.776245
2500.343750	234.357635
2500.117188	240.826096
2499.511719	246.330673
2499.276367	243.743759
2498.679688	222.257523
2498.435547	205.054733
2497.846680	237.231262
2497.593750	199.065750
2497.014648	216.170959
2496.751953	219.813538
2496.181641	237.143890
2495.910156	240.551819
2495.348633	216.091309
2495.068359	219.713226
2494.515625	258.061462
2494.226563	249.347244
2493.681641	252.013535
2493.383789	234.451553
2492.848633	230.969772
2492.541016	228.463821
2492.014648	212.932800
2491.698242	201.714096
2491.181641	221.888947
2490.855469	240.222092
2490.347656	221.847931
2490.012695	249.062149
2489.513672	251.780823
2489.168945	246.040726
2488.678711	230.756378
2488.325195	228.202316
2487.844727	218.728531
2487.481445	219.261002
2487.009766	263.623932
2486.637695	207.361435
2486.175781	236.618530
2485.793945	263.584686
2485.340820	212.617737
2484.949219	227.992783
2484.505859	248.507034
2484.104492	236.821136
2483.670898	251.454437
2483.259766	254.524155
2482.834961	254.400711
2482.415039	233.753235
2482.000000	221.437134
2481.570313	230.741180
2481.164063	245.330688
2480.724609	245.475677
2480.328125	251.267639
2479.878906	263.160217
2479.492188	251.220901
2479.033203	260.143311
2478.656250	245.193817
2478.187500	277.816193
2477.820313	251.127411
2477.341797	251.158722
2476.983398	242.113464
2476.495117	257.008911
2476.147461	262.987854
2475.649414	256.949463
2475.310547	283.854401
2474.802734	280.512054
2474.473633	250.940247
2473.955078	227.309753
2473.636719	215.051514
2473.108398	239.062653
2472.799805	241.887787
2472.260742	218.352280
2471.961914	262.742584
2471.414063	244.851822
2471.125000	241.797424
2470.566406	247.744308
2470.287109	241.752243
2469.717773	238.840820
2469.449219	277.515472
2468.870117	241.733276
2468.611328	256.579193
2468.021484	262.308014
2467.773438	271.445801
2467.173828	218.048050
2466.934570	286.306763
2466.325195	244.510468
2466.096680	220.653458
2465.475586	250.343948
2465.257813	217.630859
2464.626953	229.673843
2464.418945	244.416229
2463.777344	262.002594
2463.580078	247.350510
2462.928711	235.452988
2462.741211	250.283661
2462.079102	229.513046
2461.902344	226.404602
2461.228516	214.750488
2461.062500	282.952606
2460.378906	261.757843
2460.223633	256.098450
2459.528320	258.756195
2459.383789	250.095642
2458.677734	241.057281
2458.543945	238.141525
2457.827148	252.756943
2457.704102	258.930176
2456.976563	232.129272
2456.863281	241.027557
2456.125977	267.326691
2456.023438	220.156555
2455.274414	226.146423
2455.182617	243.911301
2454.422852	258.392365
2454.341797	246.839310
2453.571289	217.233429
2453.500977	231.925735
2452.719727	217.182343
2452.660156	252.691910
2451.867188	228.868057
2451.819336	252.644226
2451.015625	252.282303
2450.978516	252.596542
2450.163086	231.693100
2450.136719	237.693024
2449.310547	234.570602
2449.294922	240.618713
2448.458008	213.995193
2448.453125	258.393463
2447.611328	231.619308
2447.604492	205.152435
2446.769531	246.420074
2446.750977	210.964081
2445.926758	252.310150
2445.897461	240.207870
2445.084961	219.616669
2445.043945	231.365051
2444.242188	234.411224
2444.190430	216.670395
2443.399414	252.166824
2443.335938	254.673798
2442.556641	246.186813
2442.482422	228.274124
2441.713867	243.174591
2441.627930	236.997696
2440.870117	228.303558
2440.773438	260.343109
2440.027344	243.082321
2439.917969	239.809723
2439.183594	237.108459
2439.063477	213.438431
2438.339844	248.916595
2438.208008	201.695206
2437.496094	239.981110
2437.352539	248.406006
2436.652344	213.276001
2436.497070	230.816513
2435.807617	236.928268
2435.640625	210.314316
2434.963867	228.000076
2434.785156	204.423508
2434.119141	201.312408
2433.928711	216.053314
2433.274414	207.193909
2433.072266	233.515411
2432.429688	242.666641
2432.215820	233.459641
2431.584961	227.826477
2431.358398	201.310822
2430.740234	218.908386
2430.501953	239.181732
2429.894531	242.527908
2429.644531	215.795273
2429.048828	236.567459
2428.787109	233.236328
2428.203125	248.348434
2427.928711	201.118134
2427.357422	254.212967
2427.071289	215.640182
2426.511719	260.075226
2426.212891	209.761734
2425.666016	227.522354
2425.354492	224.274658
2424.819336	254.067307
2424.496094	192.189240
2423.973633	227.435379
2423.637695	215.433090
2423.126953	248.063873
2422.778320	203.739029
2422.280273	209.632919
2421.918945	232.788559
2421.432617	247.968948
2421.059570	229.823318
2420.585938	197.746887
2420.200195	244.310181
2419.739258	212.463409
2419.340820	232.620239
2418.891602	233.074905
2418.480469	209.307663
2418.043945	235.979980
2417.620117	235.414246
2417.196289	209.392075
2416.759766	241.168625
2416.348633	215.249161
2415.899414	235.300400
2415.500000	227.000061
2415.039063	229.434967
2414.652344	226.956482
2414.177734	209.054626
2413.803711	203.337540
2413.316406	232.226608
2412.955078	215.083893
2412.106445	217.988358
2411.257813	250.343903
2410.409180	209.070572
2409.559570	214.918533
2408.709961	217.820694
2407.861328	258.980164
2407.011719	241.275940
2406.161133	255.938568
2405.311523	217.652924
2404.460938	214.670273
2403.611328	226.389374
2402.760742	208.708359
2401.910156	211.607071
2401.059570	208.627808
2400.208008	232.090332
2399.357422	229.108215
2398.505859	217.317062
2397.654297	217.275055
2396.802734	246.588852
2395.951172	217.191010
2395.098633	234.755661
2394.247070	231.776337
2393.394531	234.664764
2392.541992	225.821075
2391.689453	249.234711
2390.836914	234.528366
2389.983398	246.207047
2389.130859	205.132736
2388.277344	266.620819
2387.423828	240.205078
2386.570313	234.300919
2385.716797	231.327225
2384.862305	248.848022
2384.008789	216.602051
2383.154297	216.559937
2382.299805	254.554733
2381.445313	239.878464
2380.590820	216.433563
2379.735352	216.391434
2378.880859	213.425644
2378.025391	254.307037
2377.169922	216.264984
2376.314453	236.676346
2375.458008	245.394272
2374.602539	216.138504
2373.746094	227.777206
2372.889648	236.491699
2372.033203	213.092880
2371.176758	245.154892
2370.320313	227.599350
2369.462891	250.893829
2368.606445	230.427185
2367.749023	282.874268
2366.891602	215.758759
2366.034180	215.716537
2365.175781	227.332397
2364.318359	256.427368
2363.459961	227.243362
2362.601563	270.890930
2361.743164	241.715500
2360.884766	247.491440
2360.026367	192.132141
2359.166992	209.557587
2358.307617	209.516464
2357.448242	256.025421
2356.588867	267.610382
2355.729492	241.383682
2354.870117	241.336258
2354.009766	258.731415
2353.149414	226.708786
2352.289063	264.441589
2351.428711	214.998108
2350.568359	232.384659
2349.707031	212.009262
2348.846680	226.485855
2347.985352	214.828873
2347.124023	252.519333
2346.262695	261.175415
2345.400391	246.617065
2344.539063	272.675690
2343.676758	234.918869
2342.814453	231.972870
2341.952148	246.422531
2341.089844	231.881317
2340.227539	199.958145
2339.364258	249.173965
2338.500977	269.402344
2337.638672	269.349091
2336.774414	240.339310
2335.911133	240.291779
2335.047852	193.932114
2334.183594	286.499695
2333.319336	257.509369
2332.455078	271.922333
2331.590820	257.407410
2330.726563	248.681488
2329.861328	225.503632
2328.997070	268.816437
2328.131836	231.194107
2327.266602	288.935303
2326.401367	265.767761
2325.535156	251.274002
2324.669922	268.549927
2323.803711	294.480164
2322.937500	268.443298
2322.071289	259.732239
2321.205078	276.992676
2320.338867	262.513794
2319.471680	265.345795
2318.604492	282.594727
2317.737305	282.538544
2316.870117	245.010162
2316.002930	244.961411
2315.134766	259.319275
2314.267578	241.983124
2313.399414	227.534027
2312.531250	290.839966
2311.663086	256.233643
2310.793945	256.182587
2309.925781	241.742081
2309.056641	244.571167
2308.187500	279.043182
2307.318359	264.606689
2306.449219	270.305054
2305.579102	247.250977
2304.709961	275.945984
2303.839844	250.026077
2302.969727	232.736374
2302.099609	267.162415
2301.228516	287.213989
2300.358398	284.284973
2299.487305	295.712067
2298.616211	241.114990
2297.745117	272.634979
2296.874023	246.756989
2296.002930	289.737976
2295.130859	252.394394
2294.258789	249.476273
2293.387695	237.958405
2292.514648	292.372192
2291.642578	266.521179
2290.770508	275.063446
2289.897461	280.737610
2289.024414	252.040314
2288.151367	263.443787
2287.278320	274.842682
2286.405273	260.475616
2285.531250	274.732269
2284.657227	268.954620
2283.783203	274.621857
2282.909180	263.126373
2282.035156	240.197495
2281.161133	271.597290
2280.286133	260.109253
2279.411133	251.483597
2278.536133	274.290497
2277.661133	282.805115
2276.786133	259.899841
2275.910156	256.992004
2275.035156	265.504883
2274.159180	279.722931
2273.283203	268.251587
2272.406250	256.784821
2271.530273	256.733002
2270.653320	279.497314
2269.777344	287.995209
2268.900391	253.726730
2268.022461	247.974915
2267.145508	259.323669
2266.268555	287.762604
2265.390625	270.613098
2264.512695	293.342255
2263.634766	270.503693
2262.756836	247.674332
2261.877930	278.933044
2261.000000	278.876587
2260.121094	267.439728
2259.242188	273.074646
2258.363281	267.331451
2257.483398	267.277283
2256.604492	329.764709
2255.724609	270.011200
2254.844727	287.006348
2253.964844	252.855301
2253.084961	278.368469
2252.204102	252.752731
2251.324219	303.809601
2250.443359	266.843994
2249.562500	269.627991
2248.681641	272.410858
2247.800781	272.355530
2246.918945	272.300171
2246.037109	283.588379
2245.155273	275.024811
2244.273438	280.638336
2243.391602	297.586182
2242.509766	303.192810
2241.626953	283.300110
2240.744141	254.918198
2239.861328	286.016632
2238.978516	317.102356
2238.095703	311.376404
2237.211914	314.143066
2236.328125	291.442719
2235.444336	302.699158
2234.560547	263.040039
2233.676758	294.092285
2232.791992	296.859528
2231.908203	299.625610
2231.023438	330.651337
2230.138672	324.932831
2229.253906	344.640961
2228.368164	254.191406
2227.483398	259.787018
2226.597656	310.551453
2225.711914	270.971313
2224.826172	287.848145
2223.940430	284.967834
2223.053711	293.372192
2222.166992	284.851227
2221.280273	279.153473
2220.393555	307.287872
2219.506836	276.220612
2218.620117	298.708038
2217.732422	304.281677
2216.844727	340.838318
2215.957031	298.524445
2215.069336	298.463226
2214.181641	312.477600
2213.292969	318.042572
2212.404297	337.675018
2211.515625	286.964874
2210.626953	295.344360
2209.738281	281.222595
2208.848633	320.527924
2207.959961	309.217773
2207.070313	309.154236
2206.180664	283.801453
2205.291016	331.501862
2204.400391	297.728577
2203.510742	283.626434
2202.620117	308.836517
2201.729492	261.053497
2200.838867	303.096497
2199.947266	314.257568
2199.056641	316.998138
2198.165039	294.495117
2197.273438	302.846863
2196.381836	274.748840
2195.489258	305.524994
2194.597656	297.054779
2193.705078	296.993500
2192.812500	280.124756
2191.919922	336.080322
2191.027344	313.610229
2190.134766	271.552795
2189.241211	277.094574
2188.347656	321.811035
2187.454102	304.957886
2186.560547	290.908844
2185.666992	316.018311
2184.772461	279.604401
2183.877930	307.501221
2182.983398	304.642700
2182.088867	282.225189
2181.194336	326.866455
2180.298828	312.833038
2179.404297	307.183105
2178.508789	279.199493
2177.613281	281.933075
2176.716797	315.364685
2175.821289	287.396729
2174.924805	290.126801
2174.028320	287.277527
2173.131836	303.949066
2172.235352	323.401611
2171.338867	312.184998
2170.441406	284.252319
2169.543945	286.979492
2168.646484	317.561798
2167.749023	295.215424
2166.851563	303.507477
2165.953125	328.499420
2165.054688	328.431091
2164.156250	328.362793
2163.257813	300.472900
2162.359375	308.755096
2161.459961	325.376801
2160.560547	325.309052
2159.662109	291.883240
2158.761719	316.835754
2157.862305	286.204254
2156.962891	325.038025
2156.062500	308.305115
2155.162109	274.917480
2154.261719	313.729248
2153.361328	319.215363
2152.459961	299.722290
2151.559570	305.208984
2150.658203	307.919281
2149.756836	324.495789
2148.855469	318.882202
2147.953125	310.498627
2147.051758	349.237946
2146.149414	329.766876
2145.247070	310.303894
2144.344727	335.168884
2143.441406	285.249359
2142.539063	346.103943
2141.635742	293.434692
2140.732422	315.514618
2139.829102	307.147247
2138.924805	345.814056
2138.021484	362.337158
2137.117188	326.311615
2136.212891	337.302277
2135.308594	339.995697
2134.404297	326.106293
2133.499023	328.800873
2132.593750	328.731842
2131.689453	350.757813
2130.783203	339.638947
2129.877930	350.610443
2128.972656	336.736084
2128.066406	389.096771
2127.160156	336.594513
2126.253906	366.865997
2125.347656	314.390411
2124.440430	319.838715
2123.534180	358.364471
2122.626953	344.508667
2121.719727	366.480011
2120.811523	374.667511
2119.904297	347.045288
2118.996094	380.017090
2118.087891	360.664795
2117.179688	327.557678
2116.271484	355.008636
2115.363281	343.928009
2114.454102	357.609619
2113.544922	379.536194
2112.635742	343.710175
2111.726563	343.637573
2110.817383	349.061981
2109.907227	354.484070
2108.997070	357.156464
2108.086914	329.613159
2107.176758	354.259155
2106.266602	345.947357
2105.355469	337.639008
2104.444336	348.545319
2103.533203	375.910187
2102.622070	364.857391
2101.710938	375.750885
2100.798828	378.413361
2099.886719	348.176117
2098.974609	326.174561
2098.062500	367.211060
2097.150391	364.393311
2096.237305	356.098297
2095.325195	353.284058
2094.412109	347.732880
2093.498047	350.396454
2092.584961	353.058868
2091.670898	347.511200
2090.757813	355.644470
2089.843750	350.098511
2088.929688	339.085754
2088.014648	352.683472
2087.100586	311.607391
2086.185547	322.472290
2085.270508	330.600281
2084.355469	344.188080
2083.439453	363.232178
2082.524414	349.502289
2081.608398	343.967926
2080.692383	357.541138
2079.776367	330.177429
2078.860352	384.670074
2077.943359	376.405182
2077.026367	376.324768
2076.109375	370.791534
2075.192383	335.276550
2074.275391	376.083496
2073.357422	365.104401
2072.439453	386.818878
2071.521484	337.713226
2070.603516	394.822021
2069.685547	353.902557
2068.766602	375.600708
2067.848633	367.356720
2066.929688	416.248383
2066.009766	342.719269
2065.090820	334.487518
2064.170898	356.166382
2063.251953	347.935211
2062.332031	388.625397
2061.411133	369.522400
2060.491211	383.025482
2059.570313	385.659058
2058.650391	374.714874
2057.729492	344.772125
2056.807617	374.553711
2055.886719	336.483093
2054.964844	390.670441
2054.043945	368.887085
2053.122070	368.807617
2052.199219	371.439392
2051.277344	363.227386
2050.354492	371.279297
2049.432617	354.942322
2048.509766	373.828033
2047.585938	398.122192
2046.663086	384.497589
2045.739258	373.585968
2044.815430	389.744629
2043.891602	373.424561
2042.967773	392.281586
2042.043945	411.130402
2041.119141	381.295044
2040.194336	354.176208
2039.269531	367.614777
2038.344727	421.584473
2037.418945	356.648071
2036.493164	429.505737
2035.568359	369.997070
2034.641602	364.516602
2033.715820	404.930603
2032.790039	412.939606
2031.863281	404.754883
2031.011719	351.031342
2030.936523	385.782532
2030.085938	356.431824
2030.009766	361.424011
2029.160156	372.570313
2029.083008	366.738708
2028.233398	415.696564
2028.155273	372.051056
2027.307617	383.239746
2027.227539	396.229095
2026.380859	372.381165
2026.299805	366.499573
2025.454102	326.452759
2025.372070	420.305115
2024.527344	388.439819
2024.444336	358.259064
2023.600586	385.676788
2023.515625	390.498169
2022.672852	401.790710
2022.586914	395.798126
2021.746094	347.799866
2021.658203	395.711914
2020.818359	372.001587
2020.729492	395.625671
2019.890625	342.290924
2019.800781	414.374634
2018.962891	423.074829
2018.871094	398.143311
2018.035156	417.614014
2017.941406	438.400024
2017.107422	412.154999
2017.011719	432.926392
2016.179688	371.684021
2016.082031	381.752319
2015.250977	406.628113
2015.152344	405.859253
2014.322266	385.018890
2014.221680	448.766144
2013.393555	366.109009
2013.291016	370.755646
2012.464844	390.269775
2012.360352	394.849030
2011.536133	336.381653
2011.429688	394.762665
2010.606445	395.516785
2010.498047	405.415802
2009.677734	406.209229
2009.566406	405.327057
2008.748047	371.173615
2008.635742	407.922028
2007.818359	435.650421
2007.703125	399.783356
2006.888672	403.310394
2006.771484	391.648193
2005.958008	381.734589
2005.839844	418.381683
2005.028320	467.678406
2004.907227	383.432465
2004.097656	405.788635
2003.974609	359.221527
2003.167969	392.283997
2003.041992	364.503052
2002.237305	378.783966
2002.108398	423.373840
2001.306641	392.147980
2001.175781	399.169952
2000.375000	367.910614
2000.242188	388.368652
1999.444336	394.696808
1999.308594	404.350189
1998.512695	381.205475
1998.375000	431.033569
1997.581055	391.875427
1997.440430	417.555603
1996.649414	410.592468
1996.506836	454.928436
1995.717773	421.253479
1995.572266	401.319122
1994.786133	405.083954
1994.637695	377.156921
1993.854492	399.648804
1993.703125	406.490967
1992.921875	437.123322
1992.767578	401.054016
1991.989258	402.190399
1991.832031	422.350464
1991.056641	423.566406
1990.896484	387.514648
1990.124023	410.090576
1989.960938	440.867676
1989.191406	447.536743
1989.025391	398.029022
1988.258789	401.908600
1988.089844	446.014587
1987.325195	425.948303
1987.153320	440.575806
1986.391602	487.477814
1986.216797	437.808899
1985.458008	407.052734
1985.280273	376.325684
1984.524414	444.466217
1984.342773	397.589600
1983.590820	414.940552
1983.406250	466.864380
1982.656250	390.778351
1982.468750	448.090637
1981.722656	436.202972
1981.531250	429.325165
1980.788086	385.289215
1980.593750	447.892273
1979.853516	430.698639
1979.655273	450.458496
1978.918945	401.201080
1978.717773	415.715698
1977.984375	435.894714
1977.779297	436.937561
1977.048828	417.101440
1976.840820	452.822662
1976.113281	417.027557
1975.901367	455.385254
1975.178711	446.354156
1974.962891	431.321869
1974.243164	440.930359
1974.023438	439.211792
1973.307617	406.118256
1973.083984	407.178650
1972.371094	411.388794
1972.144531	428.373810
1971.435547	416.657379
1971.205078	422.958374
1970.499023	392.549561
1970.264648	385.630981
1969.562500	419.178925
1969.324219	454.677429
1968.625977	443.129303
1968.383789	465.209595
1967.689453	413.691498
1967.443359	417.266541
1966.752930	437.634155
1966.502930	446.402313
1965.815430	477.576355
1965.561523	475.525055
1964.878906	421.472473
1964.620117	446.203369
1963.941406	421.397064
1963.678711	411.583923
1963.003906	413.321838
1962.737305	422.111237
1962.065430	442.575043
1961.794922	437.942200
1961.127930	402.511139
1960.852539	453.766022
1960.190430	442.416321
1959.910156	445.705627
1959.251953	407.696045
1958.967773	445.606018
1958.313477	426.272186
1958.025391	429.595459
1957.375000	399.558319
1957.082031	432.150604
1956.436523	479.383698
1956.139648	432.053925
1955.497070	450.006989
1955.196289	447.857483
1954.558594	463.237335
1954.251953	474.251709
1953.619141	388.623291
1953.308594	434.412598
1952.679688	425.811707
1952.364258	436.963501
1951.740234	449.682404
1951.419922	473.932892
1950.800781	468.223694
1950.475586	397.061401
1949.860352	481.438416
1949.531250	452.548401
1948.920898	470.713715
1948.585938	510.656342
1947.980469	465.310669
1947.641602	436.473419
1947.040039	494.469147
1946.696289	468.111755
1946.099609	478.431763
1945.750000	507.668091
1945.158203	473.030029
1944.804688	475.831787
1944.217773	480.915100
1943.858398	496.868073
1943.276367	478.171234
1942.913086	459.763733
1942.334961	507.300568
1941.965820	486.077484
1941.393555	440.819763
1941.019531	456.915527
1940.452148	454.014801
1940.073242	451.531494
1939.510742	472.514099
1939.125977	446.149811
1938.568359	464.465698
1938.178711	472.442627
1937.625977	482.956238
1937.231445	474.974762
1936.684570	453.683746
1936.283203	408.913696
1935.741211	435.032410
1935.335938	472.122711
1934.798828	429.648621
1934.387695	469.379059
1933.856445	429.570038
1933.439453	442.909302
1932.913086	453.352051
1932.491211	455.987976
1931.969727	461.221130
1931.541992	466.425476
1931.026367	498.239563
1930.593750	492.665649
1930.083008	490.199036
1929.644531	466.214294
1929.139648	516.601501
1928.695313	471.375427
1928.195313	497.965363
1927.745117	452.839081
1927.251953	455.501648
1926.795898	418.517944
1926.307617	503.077911
1925.845703	492.107544
1925.363281	473.865173
1924.895508	494.626862
1924.418945	457.897125
1923.945313	481.362549
1923.473633	468.398071
1922.994141	457.584991
1922.529297	489.478363
1922.042969	465.368591
1921.583984	531.713562
1921.092773	486.291595
1920.638672	441.690460
1920.140625	530.857056
1919.693359	505.073669
1919.189453	486.070313
1918.748047	462.678345
1918.238281	443.930695
1917.801758	483.739899
1917.286133	456.960632
1916.856445	475.721710
1916.333984	462.107697
1915.910156	480.918488
1915.380859	448.877258
1914.963867	478.187500
1914.428711	459.272522
1914.017578	480.740326
1913.475586	485.405853
1913.070313	470.087402
1912.522461	498.411102
1912.124023	480.562012
1911.569336	477.316315
1911.176758	533.271973
1910.616211	479.829224
1910.229492	477.744049
1909.662109	484.962341
1909.282227	448.626495
1908.708984	482.230591
1908.334961	474.927948
1907.754883	469.019135
1907.386719	466.925568
1906.799805	461.052856
1906.439453	477.388641
1905.845703	463.566254
1905.491211	474.662689
1904.890625	513.209961
1904.542969	511.485535
1903.935547	486.914093
1903.594727	453.397430
1902.980469	455.395782
1902.646484	442.770630
1902.025391	499.773743
1901.697266	466.403381
1901.069336	489.194885
1900.748047	471.585327
1900.113281	483.851685
1899.798828	471.497162
1899.157227	481.125641
1898.849609	479.309662
1898.201172	517.613953
1897.900391	471.320709
1897.245117	462.609039
1896.951172	494.925690
1896.288086	491.245636
1896.000977	471.144135
1895.331055	475.458069
1895.050781	478.950592
1894.374023	514.525574
1894.100586	484.122925
1893.416016	509.184570
1893.150391	473.509613
1892.458984	459.465698
1892.200195	494.461609
1891.500977	524.609619
1891.249023	496.998322
1890.542969	472.300598
1890.298828	528.454346
1889.584961	487.844238
1889.347656	525.726318
1888.625977	545.111694
1888.396484	467.808350
1887.666992	490.226318
1887.444336	475.603149
1886.708008	505.754822
1886.493164	491.276428
1885.749023	474.361176
1885.541016	517.450317
1884.790039	484.674438
1884.588867	543.614258
1883.830078	474.141449
1883.637695	530.383301
1882.870117	502.681793
1882.684570	501.406342
1881.910156	512.981079
1881.732422	482.938904
1880.950195	473.811646
1880.779297	501.216797
1879.989258	510.140228
1879.827148	474.885254
1879.028320	525.634644
1878.874023	493.157623
1878.067383	483.887726
1877.920898	503.554962
1877.106445	501.981812
1876.966797	500.837341
1876.145508	486.263031
1876.013672	477.147217
1875.183594	486.149841
1875.059570	503.268616
1874.221680	488.635742
1874.105469	448.138550
1873.259766	517.105652
1873.151367	516.178528
1872.296875	506.593414
1872.197266	497.742584
1871.334961	514.267212
1871.243164	500.267181
1870.372070	519.340576
1870.288086	479.222443
1869.409180	493.258362
1869.333008	513.167908
1868.445313	490.547668
1868.377930	489.510864
1867.482422	495.622772
1867.422852	515.589661
1866.518555	498.101166
1866.467773	491.941071
1865.554688	492.797272
1865.511719	497.079681
1864.590820	536.763977
1864.556641	465.596344
1863.625977	515.898621
1863.600586	536.118164
1862.662109	513.185852
1862.644531	499.409821
1861.697266	554.525391
1861.688477	525.456543
1860.731445	569.939087
1860.731445	527.969788
1859.774414	499.123474
1859.766602	549.085144
1858.818359	480.738983
1858.800781	512.704346
1857.861328	540.727844
1857.835938	515.172668
1856.903320	504.060303
1856.869141	540.933533
1855.946289	488.296448
1855.903320	548.569092
1854.988281	454.263580
1854.936523	504.461304
1854.031250	527.262329
1853.970703	556.069946
1853.073242	514.112610
1853.003906	509.395233
1852.115234	527.059875
1852.036133	553.222717
1851.156250	526.958679
1851.069336	550.507690
1850.198242	532.073792
1850.101563	521.954529
1849.239258	545.010010
1849.133789	488.248077
1848.280273	531.869141
1848.166016	537.204285
1847.321289	565.653870
1847.198242	537.077271
1846.362305	500.389984
1846.229492	591.161621
1845.402344	526.350525
1845.260742	562.632019
1844.443359	536.669861
1844.291992	544.436890
1843.483398	510.519440
1843.322266	497.874084
1842.523438	562.504700
1842.353516	551.916016
1841.563477	536.359253
1841.383789	546.628296
1840.602539	572.700256
1840.414063	543.920715
1839.642578	549.165466
1839.444336	533.482727
1838.681641	551.661499
1838.473633	538.509216
1837.720703	556.758118
1837.502930	610.508789
1836.759766	548.846924
1836.532227	587.185242
1835.797852	574.747314
1835.561523	587.045532
1834.836914	564.235352
1834.589844	579.183289
1833.875000	587.522949
1833.619141	550.736450
1832.913086	556.219238
1832.647461	638.084473
1831.951172	608.084351
1831.674805	565.907654
1830.989258	558.601624
1830.703125	581.202759
1830.026367	584.469604
1829.730469	655.625305
1829.063477	550.593323
1828.757813	557.790955
1828.100586	584.242554
1827.785156	555.087769
1827.137695	576.340637
1826.812500	598.631958
1826.174805	594.397888
1825.838867	580.508362
1825.211914	591.687134
1824.865234	567.529297
1824.248047	601.950439
1823.891602	595.634583
1823.284180	544.762817
1822.917969	567.257263
1822.320313	583.560730
1821.943359	597.915100
1821.356445	599.005615
1820.968750	595.206055
1820.391602	593.703613
1819.994141	618.147400
1819.427734	557.298584
1819.019531	600.048706
1818.462891	559.781433
1818.043945	576.831116
1817.498047	577.809631
1817.069336	592.070801
1816.533203	541.428833
1816.093750	614.990417
1815.567383	574.993835
1815.117188	573.852783
1814.602539	569.702332
1814.141602	599.326721
1813.636719	603.248535
1813.165039	535.166992
1812.670898	535.828369
1812.188477	565.757690
1811.705078	605.600464
1811.211914	524.671143
1810.739258	558.906372
1810.234375	516.868103
1809.772461	592.428162
1809.257813	590.929016
1808.805664	569.033386
1808.280273	549.865845
1807.838867	584.437866
1807.301758	547.175842
1806.872070	566.224731
1806.324219	626.287903
1805.905273	560.943604
1805.345703	541.799438
1804.937500	563.417969
1804.367188	569.773438
1803.970703	589.147095
1803.388672	549.199890
1803.002930	627.783386
1802.410156	630.788025
1802.035156	632.825928
1801.430664	615.315735
1801.066406	617.206726
1800.451172	612.613586
1800.098633	588.683899
1799.471680	597.152954
1799.129883	593.730896
1798.491211	625.072083
1798.161133	611.680481
1797.511719	599.412903
1797.192383	588.336182
1796.531250	634.967834
1796.223633	619.179199
1795.550781	599.120728
1795.253906	608.739563
1794.569336	672.890564
1794.285156	616.356140
1793.588867	644.695984
1793.315430	598.185852
1792.607422	626.705444
1792.345703	580.022644
1791.625977	631.646118
1791.375000	572.175964
1790.643555	618.759949
1790.405273	657.099304
1789.662109	590.605652
1789.434570	605.442444
1788.679688	582.825745
1788.464844	576.988525
1787.697266	651.383484
1787.493164	548.545715
1786.714844	628.329163
1786.522461	615.382568
1785.731445	661.236816
1785.551758	607.537842
1784.748047	564.455872
1784.580078	646.024597
1783.764648	640.576294
1783.608398	633.030151
1782.781250	640.418823
1782.636719	612.322449
1781.796875	619.935486
1781.665039	655.929688
1780.812500	561.360718
1780.693359	594.077271
1779.828125	639.945984
1779.720703	640.241943
1778.843750	675.332031
1778.748047	611.836731
1777.858398	642.168640
1777.775391	652.838928
1776.873047	667.386047
1776.802734	693.824829
1775.887695	631.703735
1775.830078	634.595093
1774.902344	644.229309
1774.856445	621.625427
1773.916016	646.605713
1773.882813	642.047363
1772.930664	687.007019
1772.909180	631.648926
1771.943359	681.768005
1771.935547	698.269531
1770.960938	680.163940
1770.957031	635.990234
1769.987305	721.086792
1769.970703	668.764099
1769.012695	664.499207
1768.983398	630.609619
1768.038086	669.497009
1767.996094	627.921143
1767.063477	682.186584
1767.007813	642.953003
1766.087891	651.281311
1766.020508	642.793213
1765.113281	671.660034
1765.032227	759.015686
1764.137695	709.972107
1764.043945	650.061584
1763.162109	702.142639
1763.054688	710.590698
1762.186523	681.505981
1762.066406	637.096863
1761.209961	635.262024
1761.077148	672.323425
1760.234375	681.233582
1760.087891	644.359680
1759.257813	681.097351
1759.098633	694.724182
1758.281250	652.801025
1758.108398	692.024902
1757.304688	665.467834
1757.118164	679.226807
1756.327148	719.073181
1756.127930	689.154297
1755.350586	695.903015
1755.137695	668.791809
1754.373047	688.089722
1754.146484	696.378418
1753.395508	700.739014
1753.155273	718.906067
1752.417969	680.143127
1751.439453	697.901611
1750.461914	700.317505
1749.483398	702.732300
1748.504883	628.499817
1747.526367	648.808472
1746.546875	653.785828
1745.568359	679.187805
1744.588867	717.343628
1743.609375	704.437805
1742.629883	709.399658
1741.649414	699.051758
1740.669922	711.664856
1739.689453	742.124573
1738.708984	775.121704
1737.728516	734.177856
1736.747070	677.958130
1735.766602	749.171021
1734.785156	726.090698
1733.803711	751.415894
1732.822266	685.051025
1731.839844	735.835571
1730.857422	761.143188
1729.875977	753.354065
1728.893555	727.755737
1727.910156	773.402100
1726.927734	750.353516
1725.944336	752.744751
1724.960938	750.049805
1723.977539	805.822510
1722.994141	815.825378
1722.009766	782.627075
1721.026367	797.711365
1720.041992	767.070007
1719.057617	858.334656
1718.073242	837.848999
1717.087891	789.448975
1716.102539	799.440308
1715.117188	809.427490
1714.131836	748.378052
1713.146484	844.607666
1712.160156	793.719055
1711.174805	801.163635
1710.188477	922.671692
1709.202148	871.797974
1708.214844	826.012512
1707.228516	830.910828
1706.241211	863.667297
1705.253906	833.104553
1704.266602	901.291138
1703.278320	830.233765
1702.291016	908.515686
1701.302734	956.403503
1700.314453	925.852539
1699.326172	890.255615
1698.336914	890.073853
1697.348633	900.004456
1696.359375	942.789551
1695.370117	892.055481
1694.380859	871.660706
1693.390625	889.164673
1692.401367	901.610352
1691.411133	931.725891
1690.420898	863.374084
1689.429688	888.437012
1688.439453	895.825378
1687.448242	903.210632
1686.457031	923.204895
1685.465820	897.796631
1684.474609	877.441467
1683.482422	910.032715
1682.491211	912.366333
1681.499023	924.778259
1680.506836	932.146301
1679.513672	899.210510
1678.521484	831.032227
1677.528320	863.592407
1676.535156	886.070068
1675.541992	880.854431
1674.547852	850.478760
1673.554688	845.272400
1672.560547	852.643982
1671.566406	824.807251
1670.572266	847.264648
1669.577148	859.658203
1668.582031	882.098999
1667.587891	907.043091
1666.592773	846.566467
1665.596680	856.438110
1664.601563	881.371765
1663.605469	896.252991
1662.609375	865.948059
1661.613281	918.468262
1660.617188	853.045715
1659.620117	840.327271
1658.623047	912.883362
1657.625977	865.054016
1656.628906	879.916504
1655.631836	889.760010
1654.633789	854.494080
1653.635742	906.929138
1652.637695	826.587524
1651.639648	889.023682
1650.641602	878.824463
1649.642578	881.145691
1648.643555	948.536926
1647.644531	975.864746
1646.645508	943.140320
1645.645508	942.944763
1644.645508	980.259033
1643.645508	910.051697
1642.645508	952.356384
1641.645508	957.156860
1640.644531	921.977905
1639.644531	936.774780
1638.643555	984.033508
1637.641602	936.385437
1636.640625	933.694275
1635.638672	998.395813
1634.636719	960.756104
1633.634766	1022.929993
1632.632813	975.322876
1631.630859	975.119812
1630.627930	969.929993
1629.625000	1014.599670
1628.622070	1076.697144
1627.618164	979.291199
1626.615234	1018.948059
1625.611328	1003.790833
1624.607422	1050.896729
1623.603516	1018.310608
1622.598633	1072.861328
1621.594727	1080.103516
1620.589844	1084.854370
1619.584961	1069.701782
1618.580078	1091.862671
1617.574219	1131.420776
1616.568359	1156.045410
1615.562500	1073.778931
1614.556641	1125.741089
1613.550781	1075.814331
1612.543945	1110.365845
1611.538086	1075.364136
1610.531250	1149.629028
1609.523438	1112.151123
1608.516602	1099.508301
1607.508789	1126.573730
1606.500977	1136.261353
1605.493164	1131.062378
1604.485352	1202.741699
1603.476563	1135.546753
1602.468750	1090.689331
1601.459961	1162.331787
1600.450195	1117.487427
1599.441406	1132.116455
1598.431641	1129.401978
1597.422852	1089.544800
1596.413086	1096.743042
1595.402344	1071.760620
1594.392578	1128.452881
1593.381836	1133.163818
1592.371094	1103.241821
1591.360352	1187.095703
1590.349609	1206.626587
1589.337891	1198.956421
1588.326172	1203.647095
1587.314453	1230.574951
1586.302734	1222.904175
1585.291016	1205.356445
1584.278320	1182.877197
1583.265625	1190.034668
1582.252930	1130.541382
1581.240234	1140.174561
1580.226563	1162.140503
1579.213867	1171.762695
1578.200195	1215.909546
1577.185547	1190.994507
1576.171875	1136.506226
1575.157227	1148.590088
1574.142578	1118.776245
1573.127930	1128.394653
1572.113281	1123.229736
1571.098633	1150.081909
1570.083008	1110.443726
1569.067383	1110.208740
1568.051758	1122.279419
1567.035156	1070.368896
1566.019531	1079.982666
1565.002930	1089.592285
1563.986328	1126.247192
1562.969727	1057.169556
1561.952148	1081.525635
1560.934570	1061.636475
1559.916992	1100.722778
1558.899414	1110.315186
1557.881836	1110.079590
1556.863281	1036.181763
1555.845703	1067.875244
1554.827148	1082.374756
1553.807617	1143.490967
1552.789063	1042.661865
1551.769531	1066.968262
1550.750000	1039.766357
1549.730469	1076.321777
1548.710938	1110.410156
1547.690430	1105.272461
1546.669922	1036.431885
1545.649414	1068.057129
1544.628906	1058.033203
1543.607422	1079.845581
1542.586914	1040.445801
1541.565430	1086.728271
1540.543945	1057.131958
1539.521484	1052.013550
1538.500000	1017.544983
1537.477539	1019.773499
1536.455078	1039.115845
1535.432617	1053.560913
1534.409180	1072.887451
1533.385742	1023.790222
1532.362305	1040.671875
1531.338867	1050.219116
1530.315430	1030.459961
1529.291016	1064.418335
1528.266602	1044.664429
1527.242188	1032.239624
1526.217773	1095.452759
1525.193359	1012.284302
1524.167969	1009.629028
1523.142578	1021.603943
1522.117188	1060.388062
1521.090820	984.609314
1520.065430	1067.243896
1519.039063	959.826477
1518.012695	1083.835693
1516.985352	1068.993042
1515.958984	1061.460205
1514.931641	1039.326416
1513.904297	1029.369507
1512.876953	1053.478516
1511.848633	1094.604126
1510.821289	1021.411255
1509.792969	1064.957275
1508.764648	1079.313965
1507.735352	1156.853760
1506.707031	1044.832397
1505.677734	1083.477051
1504.648438	1219.256836
1503.619141	1102.437378
1502.588867	1104.628052
1501.559570	1118.953857
1500.529297	1048.338501
1499.499023	1133.029297
1498.467773	1072.143799
1497.437500	1120.415771
1496.406250	1108.051270
1495.375000	1073.875244
1494.342773	1136.656738
1493.311523	1107.335083
1492.279297	1143.434204
1491.247070	1087.481445
1490.214844	1133.255127
1489.182617	1108.800903
1488.149414	1108.561646
1487.116211	1086.542969
1486.083008	1146.793213
1485.049805	1086.073730
1484.015625	1081.002319
1482.981445	1138.796631
1481.947266	1136.133057
1480.913086	1174.555908
1479.877930	1123.560425
1478.843750	1297.250366
1477.808594	1236.589355
1476.773438	1175.954468
1475.737305	1134.658936
1474.702148	1165.790649
1473.666016	1208.974243
1472.629883	1121.858765
1471.592773	1179.505493
1470.556641	1181.661377
1469.519531	1195.871216
1468.482422	1200.432861
1467.445313	1195.352539
1466.407227	1224.006592
1465.369141	1190.015747
1464.331055	1293.319336
1463.292969	1333.972656
1462.254883	1206.092163
1461.215820	1256.373901
1460.176758	1246.475586
1459.137695	1255.827759
1458.098633	1243.528320
1457.058594	1325.019409
1456.019531	1327.135376
1454.979492	1365.305908
1453.938477	1302.525879
1452.898438	1321.463501
1451.857422	1364.414185
1450.816406	1364.116943
1449.775391	1306.193481
1448.734375	1305.908691
1447.692383	1286.423706
1446.650391	1283.743530
1445.608398	1228.286621
1444.566406	1244.807861
1443.523438	1208.566895
1442.480469	1273.033569
1441.437500	1339.868896
1440.394531	1315.612427
1439.350586	1200.323853
1438.307617	1233.596191
1437.263672	1295.591553
1436.218750	1285.731079
1435.174805	1204.061890
1434.129883	1316.280640
1433.084961	1351.883301
1432.040039	1342.018555
1430.995117	1339.333008
1429.949219	1317.519409
1428.903320	1343.527588
1427.857422	1400.595337
1426.811523	1397.898804
1425.764648	1373.701782
1424.718750	1382.954590
1423.671875	1463.843140
1422.624023	1399.060181
1421.577148	1374.883545
1420.529297	1329.239502
1419.481445	1293.159058
1418.433594	1311.958008
1417.385742	1361.751587
1416.336914	1292.306763
1415.288086	1332.547241
1414.239258	1339.404053
1413.189453	1417.740356
1412.140625	1381.694946
1411.090820	1343.283447
1410.041016	1390.611328
1408.990234	1376.021118
1407.940430	1411.420044
1406.889648	1342.100342
1405.838867	1403.660645
1404.788086	1434.272461
1403.736328	1350.724854
1402.685547	1378.957031
1401.633789	1326.359009
1400.581055	1302.301636
1399.529297	1347.156860
1398.476563	1268.470703
1397.423828	1270.565430
1396.371094	1348.638672
1395.318359	1345.966675
1394.264648	1276.842896
1393.210938	1297.915649
1392.157227	1347.446045
1391.102539	1290.226074
1390.048828	1327.879883
1388.994141	1237.499756
1387.939453	1384.175781
1386.884766	1303.301392
1385.829102	1376.455078
1384.773438	1231.666016
1383.717773	1373.476685
1382.662109	1370.804443
1381.605469	1379.968384
1380.549805	1386.761597
1379.493164	1459.798462
1378.435547	1386.145752
1377.378906	1430.771118
1376.321289	1487.198486
1375.263672	1411.224365
1374.206055	1429.817261
1373.147461	1462.578613
1372.089844	1440.992676
1371.031250	1440.671997
1369.972656	1419.100220
1368.913086	1402.259277
1367.854492	1383.065552
1366.794922	1330.844971
1365.734375	1318.752686
1364.674805	1297.231323
1363.614258	1313.448486
1362.554688	1266.004517
1361.493164	1289.292236
1360.432617	1265.439453
1359.372070	1201.545654
1358.310547	1250.741699
1357.249023	1236.332764
1356.186523	1264.309204
1355.125000	1245.195557
1354.062500	1223.737061
1353.000000	1228.168945
1351.937500	1321.985596
1350.874023	1241.729858
1349.810547	1255.559204
1348.747070	1346.955566
1347.683594	1269.097900
1346.619141	1308.757568
1345.555664	1261.481567
1344.491211	1235.364136
1343.425781	1373.623413
1342.361328	1319.321533
1341.295898	1373.006836
1340.230469	1363.312622
1339.165039	1426.347534
1338.098633	1421.336182
1337.033203	1402.257446
1335.966797	1369.120728
1334.899414	1380.532104
1333.833008	1415.371460
1332.765625	1553.278320
1331.698242	1487.344971
1330.630859	1568.971191
1329.563477	1577.982666
1328.495117	1622.100342
1327.426758	1579.611694
1326.358398	1541.821289
1325.289063	1604.629517
1324.220703	1545.802856
1323.151367	1529.087646
1322.082031	1587.180542
1321.011719	1535.408081
1319.942383	1481.322388
1318.872070	1485.659546
1317.800781	1518.019409
1316.730469	1466.308716
1315.659180	1496.323608
1314.587891	1465.645142
1313.516602	1406.980835
1312.445313	1411.327759
1311.373047	1436.662720
1311.369141	1335.830322
1310.300781	1420.015137
1310.296875	1398.775269
1309.228516	1366.075928
1309.224609	1370.555054
1308.156250	1314.491699
1308.151367	1265.439453
1307.083008	1356.135864
1307.079102	1244.242676
1306.009766	1379.124146
1306.005859	1320.897583
1304.936523	1348.533203
1304.932617	1281.064453
1303.863281	1320.284424
1303.858398	1341.383179
1302.789063	1315.328491
1302.785156	1261.977783
1301.714844	1308.047119
1301.710938	1266.406982
1300.640625	1237.941162
1300.636719	1268.506836
1299.566406	1353.980957
1299.562500	1282.241333
1298.491211	1318.784546
1298.488281	1272.703613
1297.416016	1237.096558
1297.414063	1291.084473
1296.340820	1287.961426
1296.338867	1272.244629
1295.264648	1227.236084
1295.263672	1272.014893
1294.189453	1273.432129
1294.188477	1283.410156
1293.113281	1275.465210
1293.113281	1271.555054
1292.037109	1336.401855
1292.037109	1256.592773
1290.961914	1210.676880
1290.959961	1337.583008
1289.885742	1303.390747
1289.883789	1321.026245
1288.809570	1321.737549
1288.806641	1336.972656
1287.732422	1328.464966
1287.729492	1329.705688
1286.656250	1253.917358
1286.651367	1389.723999
1285.579102	1325.660278
1285.574219	1345.335205
1284.501953	1369.522217
1284.496094	1433.150269
1283.424805	1306.610962
1283.416992	1286.758179
1282.347656	1357.421021
1282.338867	1293.417847
1281.270508	1287.574707
1281.259766	1283.852295
1280.192383	1275.741821
1280.180664	1248.805054
1279.114258	1198.978149
1279.101563	1220.722900
1278.036133	1303.099487
1278.022461	1264.444092
1276.958008	1230.994873
1276.942383	1199.326050
1275.878906	1214.544434
1275.862305	1196.736328
1274.800781	1186.512817
1274.782227	1224.232910
1273.721680	1295.193237
1273.702148	1161.481934
1272.642578	1116.580444
1272.621094	1165.841797
1271.562500	1188.175293
1271.540039	1144.760498
1270.483398	1132.379761
1270.458984	1174.555176
1269.403320	1178.476929
1269.376953	1114.184204
1268.323242	1185.204346
1268.295898	1148.593994
1267.243164	1203.501221
1267.213867	1146.019409
1266.163086	1133.859131
1266.130859	1150.375854
1265.082031	1168.353271
1265.048828	1143.182861
1264.000977	1128.813965
1263.965820	1182.171631
1262.920898	1142.481445
1262.882813	1198.058350
1261.838867	1133.020752
1261.799805	1211.629639
1260.757813	1142.058350
1260.715820	1176.740479
1259.676758	1116.420898
1259.632813	1194.923706
1258.594727	1192.476807
1258.548828	1190.035645
1257.512695	1196.876587
1257.463867	1157.480835
1256.430664	1187.413574
1256.379883	1189.486694
1255.347656	1212.599609
1255.294922	1212.258911
1254.265625	1163.879028
1254.209961	1195.849976
1253.182617	1237.545654
1253.125000	1227.824341
1252.099609	1248.857056
1252.039063	1266.692871
1251.016602	1255.548218
1250.953125	1227.256836
1249.932617	1292.234863
1249.867188	1261.503174
1248.849609	1248.157959
1248.781250	1210.578857
1247.765625	1250.231445
1247.694336	1240.210938
1246.681641	1233.853638
1246.607422	1214.619263
1245.597656	1208.258545
1245.520508	1278.734619
1244.512695	1263.361938
1244.433594	1278.438354
1243.428711	1214.720703
1243.345703	1232.165649
1242.343750	1200.665527
1242.257813	1277.845581
1241.258789	1186.615479
1241.169922	1238.487427
1240.173828	1253.199219
1240.082031	1206.038940
1239.087891	1211.505249
1238.993164	1263.176025
1238.001953	1144.495850
1237.904297	1221.552002
1236.916016	1234.072998
1236.815430	1182.242676
1235.830078	1224.632813
1235.726563	1204.918701
1234.744141	1199.085327
1234.636719	1218.405762
1233.658203	1159.740845
1233.546875	1227.298462
1232.571289	1180.227661
1232.457031	1160.501831
1231.484375	1150.102051
1231.366211	1164.817505
1230.397461	1156.783936
1230.276367	1146.206909
1229.309570	1191.055176
1229.185547	1178.026245
1228.222656	1183.932983
1228.094727	1106.719849
1227.134766	1103.262451
1227.002930	1170.604492
1226.046875	1146.715820
1225.911133	1067.268921
1224.958984	1167.176636
1224.819336	1071.599365
1223.870117	1127.903442
1223.727539	1048.457031
1222.782227	1100.128540
1222.634766	1041.346191
1221.693359	1134.363647
1221.542969	1107.458862
1220.604492	1120.372803
1220.449219	1116.350342
1219.515625	1101.796265
1219.356445	1104.653931
1218.425781	1161.255737
1218.263672	1102.109009
1217.335938	1149.561646
1217.169922	1145.284912
1216.246094	1176.871582
1216.076172	1147.302246
1215.156250	1158.297729
1214.981445	1227.005859
1214.066406	1233.752808
1213.887695	1208.443237
1212.975586	1201.418091
1212.792969	1237.849976
1211.885742	1208.065308
1211.697266	1203.309814
1210.794922	1276.591309
1210.602539	1244.117676
1209.704102	1237.391968
1209.506836	1239.261108
1208.612305	1269.229248
1208.411133	1248.096924
1207.521484	1255.242432
1207.315430	1272.896606
1206.429688	1211.488770
1206.219727	1320.490845
1205.337891	1252.470947
1205.123047	1240.376587
1204.245117	1236.205444
1204.026367	1228.687012
1203.153320	1247.411987
1202.929688	1103.051147
1202.060547	1217.422974
1201.832031	1221.273071
1200.967773	1141.686401
1200.734375	1209.595581
1199.875000	1139.179077
1199.636719	1207.033081
1198.782227	1136.672485
1198.539063	1213.579224
1197.688477	1134.166626
1197.440430	1167.765991
1196.595703	1216.250488
1196.341797	1240.316406
1195.501953	1142.871826
1195.243164	1133.085693
1194.407227	1254.630859
1194.144531	1253.379150
1193.313477	1188.127319
1193.044922	1166.663452
1192.218750	1276.989868
1191.945313	1164.114014
1191.124023	1247.051025
1190.845703	1207.027954
1190.029297	1212.556519
1189.745117	1229.468262
1188.934570	1189.490601
1188.645508	1265.530029
1187.839844	1159.585571
1187.544922	1274.316284
1186.744141	1145.667236
1186.443359	1155.923950
1185.648438	1172.826050
1185.342773	1107.970947
1184.552734	1136.097046
1184.241211	1100.898438
1183.456055	1042.360352
1183.139648	1000.785706
1182.360352	1037.596680
1182.038086	998.279358
1181.263672	1062.474731
1180.935547	1068.358887
1180.166992	1014.397339
1179.833008	1011.411621
1179.070313	957.222229
1178.730469	963.560059
1177.972656	966.150208
1177.627930	981.464233
1176.875977	993.300293
1176.524414	954.037292
1175.778320	949.828796
1175.420898	978.731628
1174.679688	924.592773
1174.317383	971.703491
1173.582031	942.627136
1173.212891	969.207520
1172.484375	974.312866
1172.109375	944.072937
1171.385742	942.258423
1171.004883	971.008911
1170.287109	955.727234
1169.899414	957.199951
1169.188477	891.837341
1168.794922	929.823425
1168.088867	916.683716
1167.689453	992.931885
1166.989258	952.891174
1166.583984	913.550476
1165.890625	925.419128
1165.477539	963.068054
1164.790039	870.677979
1164.372070	935.715576
1163.690430	943.238647
1163.265625	899.337524
1162.590820	883.970398
1162.159180	917.195068
1161.490234	872.436707
1161.051758	937.302490
1160.389648	906.337891
1159.944336	905.465698
1159.289063	937.954529
1158.836914	975.230530
1158.187500	926.416626
1157.729492	911.802429
1157.085938	892.181274
1156.622070	943.173218
1155.985352	916.972412
1155.513672	884.294678
1154.882813	909.983643
1154.405273	895.358887
1153.781250	905.266296
1153.295898	850.048340
1152.679688	902.819092
1152.187500	901.691284
1151.577148	932.123901
1151.078125	926.265015
1150.474609	931.939575
1149.967773	878.726135
1149.372070	884.147217
1148.858398	966.366089
1148.268555	913.437927
1147.748047	932.352478
1147.165039	906.458557
1146.637695	965.900574
1146.062500	904.013245
1145.527344	911.644348
1144.958008	955.934692
1144.416016	915.925354
1143.854492	871.947510
1143.305664	942.703003
1142.750977	928.383118
1142.193359	971.716919
1141.646484	916.879272
1141.082031	989.472595
1140.541992	887.272217
1139.969727	955.509644
1139.436523	932.355774
1138.857422	932.801453
1138.332031	961.583496
1137.745117	907.856934
1137.226563	916.150085
1136.632813	945.829895
1136.121094	945.369080
1135.519531	918.647827
1135.015625	936.135986
1134.406250	884.742249
1133.910156	956.296082
1133.292969	931.672668
1132.803711	922.200928
1132.178711	924.713379
1131.697266	955.914551
1131.064453	928.976807
1130.590820	998.652222
1129.950195	928.751343
1129.484375	955.532776
1128.835938	933.011353
1128.377930	860.485229
1127.720703	908.119690
1127.270508	966.440979
1126.605469	930.316162
1126.163086	966.247681
1125.490234	950.260498
1125.055664	925.425781
1124.374023	889.532104
1123.947266	956.834045
1123.257813	916.196533
1122.839844	925.055115
1122.141602	967.482849
1121.731445	965.473694
1121.025391	996.354004
1120.623047	965.280029
1119.908203	949.103516
1119.513672	951.557068
1118.791016	962.299377
1118.405273	1016.744263
1117.673828	1009.049011
1117.295898	953.428894
1116.556641	966.303101
1116.186523	948.730286
1115.438477	930.286682
1115.077148	885.453735
1114.320313	977.009338
1113.966797	930.327820
1113.202148	918.655884
1112.857422	918.879822
1112.083008	918.431030
1111.747070	884.919250
1110.963867	936.078735
1110.636719	898.248474
1109.844727	873.310486
1109.525391	922.826172
1108.724609	879.795349
1108.415039	927.140747
1107.605469	877.347107
1107.303711	875.206299
1106.485352	939.624634
1106.192383	897.523926
1105.364258	910.386536
1105.081055	872.603943
1104.244141	916.855225
1103.968750	901.658447
1103.123047	874.255249
1102.856445	876.747375
1102.001953	929.782593
1101.744141	883.312927
1100.879883	909.491516
1100.631836	883.134216
1099.758789	1018.468811
1099.519531	882.955444
1098.636719	953.604553
1098.406250	862.560364
1097.513672	919.957031
1097.292969	878.106140
1096.391602	888.552856
1096.179688	934.061646
1095.268555	923.956055
1095.066406	922.647827
1094.145508	954.889832
1093.952148	882.060852
1093.021484	925.725098
1092.837891	881.881775
1091.898438	889.900269
1091.723633	881.702698
1090.774414	976.424011
1090.609375	926.384827
1089.650391	918.367554
1089.494141	894.799988
1088.525391	927.032593
1088.378906	959.640381
1087.400391	915.690247
1087.263672	872.019043
1086.275391	939.905273
1086.148438	948.043640
1085.150391	866.364441
1085.033203	826.848328
1084.024414	883.916687
1083.916992	849.083130
1082.898438	908.121094
1082.800781	839.950623
1081.772461	852.400696
1081.684570	911.440491
1080.645508	821.119446
1080.568359	828.413208
1079.518555	871.945129
1079.451172	913.307007
1078.391602	880.600769
1078.333984	832.551086
1077.264648	873.728760
1077.216797	848.044067
1076.136719	869.077087
1076.099609	852.344971
1075.008789	859.994568
1074.981445	856.644043
1073.880859	830.973022
1073.863281	863.177429
1072.751953	872.857849
1072.745117	822.757202
1071.626953	869.529968
1071.623047	823.913879
1070.508789	844.768677
1070.494141	828.136597
1069.389648	826.720520
1069.365234	774.800415
1068.270508	768.469055
1068.235352	776.819824
1067.151367	783.945679
1067.105469	823.090210
1066.031250	803.881897
1065.975586	860.489075
1064.912109	839.437622
1064.844727	840.369995
1063.791992	825.872681
1063.713867	776.041931
1062.670898	845.787659
1062.583008	868.683777
1061.550781	852.307373
1061.452148	815.429688
1060.429688	852.132080
1060.320313	852.782715
1059.309570	838.575256
1059.188477	876.864441
1058.188477	865.160217
1058.056641	903.142090
1057.066406	867.211426
1056.923828	869.800659
1055.945313	884.863831
1055.791016	858.546448
1054.823242	831.199463
1054.658203	913.492859
1053.701172	871.131348
1053.524414	805.171204
1052.579102	850.904236
1052.391602	860.102966
1051.456055	913.085754
1051.257813	875.319885
1050.333008	850.553101
1050.123047	901.550232
1049.209961	919.387146
1048.989258	879.285339
1048.086914	805.688599
1047.854492	859.234619
1046.963867	825.548889
1046.718750	881.043396
1045.839844	832.052429
1045.583984	887.426636
1044.715820	834.104614
1044.448242	849.776550
1043.591797	851.722595
1043.312500	886.977173
1042.466797	900.460205
1042.175781	851.546265
1041.342773	855.815735
1041.040039	882.127747
1040.217773	884.530151
1039.903320	877.505371
1039.092773	802.133667
1038.765625	879.481201
1037.966797	904.157104
1037.628906	888.050293
1036.841797	890.643250
1036.491211	892.219666
1035.715820	934.870361
1035.352539	887.598633
1034.589844	912.474976
1034.214844	902.747925
1033.463867	932.262512
1033.076172	933.260681
1032.336914	872.150146
1031.937500	911.069336
1031.209961	931.875183
1030.798828	961.317078
1030.083008	925.026550
1029.659180	947.906372
1028.956055	915.962830
1028.519531	973.988281
1027.828125	935.728577
1027.379883	967.160095
1026.701172	904.497131
1026.239258	955.950073
1025.573242	919.823914
1025.098633	927.209717
1024.444336	941.792114
1023.958008	959.843689
1023.316406	961.535522
1022.817383	977.124756
1022.187500	936.969421
1021.675781	922.116760
1021.058594	943.417847
1020.534180	893.413635
1019.929688	918.865540
1019.391602	838.454895
1018.799805	850.049927
1018.250000	930.161438
1017.670898	936.187622
1017.107422	894.913574
1016.541016	935.992065
1015.963867	850.933655
1015.411133	869.427979
1014.821289	905.387878
1014.280273	873.669861
1013.677734	911.713867
1013.150391	869.064514
1012.534180	911.479004
1012.019531	868.882690
1011.389648	900.317810
1010.888672	963.749573
1010.245117	906.639587
1009.756836	883.988831
1009.100586	932.614929
1008.625977	961.136536
1007.956055	917.089172
1007.494141	914.545227
1006.810547	916.852173
1006.362305	934.230774
1005.665039	920.979858
1005.229492	945.075562
1004.519531	944.741943
1004.097656	925.008423
1003.373047	935.772156
1002.964844	889.499268
1002.226563	902.818787
1001.832031	871.658752
1001.080078	920.026001
1000.698242	915.601074
999.932617	884.913818
999.565430	866.881104
998.786133	906.474304
998.431641	963.733948
997.637695	884.454224
997.297852	926.048462
996.490234	901.647400
996.164063	939.080261
995.341797	866.575623
995.029297	927.862976
994.193359	892.471191
993.894531	936.481689
993.044922	894.414856
992.759766	874.599915
991.895508	881.127991
991.625000	892.036255
990.746094	865.672791
990.489258	863.221130
989.596680	889.366211
989.354492	860.837585
988.218750	906.880676
987.082031	849.471191
985.946289	855.892700
984.809570	912.906250
983.672852	895.119080
982.536133	905.924316
981.398438	962.890869
980.261719	887.958252
979.124023	892.165466
977.985352	960.083435
976.847656	937.915100
975.708984	915.756104
974.570313	941.909363
973.431641	996.588135
972.291992	1029.296997
971.153320	1026.884766
970.013672	1035.442017
968.874023	1033.029175
967.733398	1028.424438
966.592773	1065.476074
965.453125	1124.430420
964.311523	1102.277710
963.170898	1084.515991
962.029297	1079.904663
960.887695	1081.865234
959.746094	1072.876953
958.604492	1050.758057
957.461914	1081.175171
956.319336	949.656189
955.176758	1015.084473
954.033203	990.808960
952.890625	964.356934
951.747070	920.425720
950.603516	937.716125
949.458984	981.223206
948.314453	965.719727
947.169922	880.321289
946.025391	858.293884
944.880859	932.349243
943.735352	908.136902
942.589844	868.656921
941.444336	868.471252
940.298828	907.554810
939.152344	848.469543
938.005859	894.082520
936.859375	896.071472
935.711914	871.902344
934.565430	856.460693
933.417969	893.317200
932.269531	949.763123
931.122070	884.222900
929.973633	890.565613
928.825195	894.728577
927.676758	975.066711
926.528320	977.033508
925.378906	957.243835
924.229492	1009.240417
923.080078	1026.420654
921.929688	1045.767456
920.780273	993.374268
919.629883	943.176758
918.478516	895.173401
917.328125	884.119446
916.176758	909.991028
915.025391	983.621033
913.874023	939.991638
912.721680	913.744263
911.570313	907.037598
910.417969	978.434937
909.264648	947.857910
908.112305	904.282654
906.958984	945.281067
905.805664	929.903870
904.652344	977.380310
903.498047	938.169189
902.344727	1002.952759
901.189453	963.752869
900.035156	967.875183
898.880859	961.171631
897.725586	1012.907837
896.570313	969.411499
895.414063	1010.306335
894.258789	1070.649780
893.102539	1089.880127
891.946289	1111.264160
890.790039	1167.223145
889.632813	1264.217773
888.475586	1298.513306
887.318359	1380.316406
886.161133	1481.520752
885.002930	1552.452393
883.844727	1558.591797
882.686523	1506.455688
881.528320	1380.977661
880.369141	1352.632813
879.209961	1281.163330
878.050781	1192.473755
876.890625	1144.784668
875.731445	1090.650024
874.571289	1118.427490
873.410156	1090.175781
872.250000	1014.547546
871.088867	1016.480347
869.927734	983.962708
868.766602	1007.427307
867.605469	970.621338
866.443359	989.775024
865.281250	1021.827576
864.118164	939.876465
862.956055	943.972107
861.792969	1019.009583
860.629883	937.112305
859.466797	900.377014
858.302734	951.742188
857.138672	975.161621
855.974609	916.967163
854.810547	957.559753
853.645508	948.764404
852.480469	939.972778
851.315430	916.165833
850.150391	1023.221375
848.984375	980.104553
847.818359	954.159973
846.652344	953.951111
845.486328	1056.617798
844.319336	1043.529785
843.152344	1032.589722
841.985352	1096.618530
840.817383	1094.236816
839.649414	1115.405884
838.481445	1286.395264
837.313477	1352.451660
836.144531	1397.084229
834.976563	1702.656860
833.807617	2014.510986
832.637695	2456.650635
831.468750	2919.971924
830.298828	3402.323486
829.128906	3702.846191
827.958008	3601.630859
826.788086	3491.916992
825.617188	3224.241455
824.445313	2796.574219
823.274414	2527.034668
822.102539	2161.590088
820.930664	1926.442383
819.758789	1702.062622
818.586914	1580.138550
817.414063	1475.323853
816.241211	1366.292114
815.068359	1280.749756
813.894531	1246.378296
812.720703	1201.371460
811.546875	1216.013794
810.373047	1175.291626
809.198242	1160.131470
808.023438	1087.516113
806.848633	1106.425537
805.673828	1042.363037
804.498047	1080.415161
803.322266	1033.397095
802.146484	1048.049683
800.969727	1054.194092
799.793945	1081.584839
798.617188	1009.114197
797.439453	964.287292
796.262695	1010.791077
795.084961	1080.627563
793.907227	986.995178
792.728516	1054.683716
791.550781	1043.841919
790.372070	1092.397217
789.193359	1090.034302
788.013672	1091.912842
786.834961	1123.466919
785.655273	1182.557373
784.474609	1116.611938
783.294922	1114.245728
782.114258	1025.047852
780.933594	1045.994141
779.752930	1018.241760
778.571289	1026.481323
777.389648	1081.268799
776.208008	1009.100891
775.026367	981.380920
773.843750	1048.828979
772.661133	1048.595581
771.478516	1039.907715
770.295898	1039.676270
769.112305	1052.120972
767.928711	1062.447754
766.745117	1110.781250
765.560547	1093.643555
764.375977	1093.399780
763.191406	1152.245483
762.006836	1162.537964
760.821289	1225.560547
759.636719	1250.594238
758.450195	1347.304199
757.264648	1431.322876
756.078125	1445.755981
754.891602	1447.540039
753.705078	1470.389038
752.518555	1286.829468
751.331055	1292.858765
750.143555	1330.462646
748.955078	1281.757202
747.767578	1298.304321
746.579102	1285.391357
745.390625	1240.934814
744.201172	1234.348633
743.012695	1280.323608
741.823242	1282.138794
740.632813	1254.533447
739.443359	1321.481934
738.252930	1239.268066
737.062500	1297.789673
735.872070	1316.394287
734.680664	1322.396118
733.489258	1326.296631
732.297852	1361.666748
731.106445	1306.822754
729.914063	1434.455933
728.721680	1429.940430
727.529297	1563.776978
726.335938	1519.415039
725.142578	1493.930176
723.949219	1577.386475
722.755859	1491.164185
721.561523	1478.265625
720.367188	1402.571045
719.172852	1301.795288
717.978516	1232.451538
716.783203	1184.058594
715.587891	1223.530518
714.392578	1116.612183
713.196289	1156.081299
712.000000	1105.658569
710.803711	1088.692383
709.607422	1088.446899
708.410156	1079.846680
707.212891	1135.984619
706.015625	1131.552856
704.818359	1110.424805
703.620117	1087.219360
702.421875	1128.700317
701.223633	1130.531250
700.024414	1132.361084
698.825195	1092.491943
697.625977	1131.849365
696.426758	1189.944458
695.226563	1206.343262
694.026367	1199.821289
692.826172	1174.559204
691.625000	1213.852783
690.423828	1115.742432
689.222656	1144.625610
688.021484	1169.334351
686.819336	1169.069458
685.617188	1197.920654
684.415039	1235.075562
683.211914	1216.086548
682.009766	1215.810669
680.806641	1209.301392
679.602539	1150.860718
678.399414	1223.290771
677.195313	1169.026123
675.991211	1199.899902
674.786133	1257.740723
673.581055	1278.205078
672.375977	1300.734497
671.170898	1323.253540
669.965820	1242.082520
668.759766	1289.481812
667.553711	1220.791016
666.346680	1212.224487
665.140625	1232.665649
663.933594	1217.886353
662.725586	1188.618286
661.518555	1188.347534
660.310547	1130.121826
659.102539	1156.765747
657.893555	1146.157593
656.685547	1195.537964
655.476563	1215.944580
654.267578	1145.373535
653.057617	1167.848999
651.847656	1173.781982
650.637695	1214.834961
649.427734	1164.983643
648.216797	1168.847778
647.005859	1185.097778
645.794922	1172.441895
644.583984	1073.116943
643.372070	1116.198975
642.160156	1074.688843
640.947266	1113.626099
639.735352	1096.876831
638.522461	1088.380371
637.309570	1110.800537
636.095703	1048.734741
634.881836	1161.789429
633.667969	1091.502319
632.454102	1192.141479
631.239258	1200.102173
630.024414	1146.318359
628.809570	1172.803467
627.594727	1203.390503
626.378906	1217.510498
625.163086	1198.725830
623.947266	1196.394897
622.730469	1208.451172
621.513672	1202.009277
620.296875	1199.678833
619.079102	1258.962402
617.862305	1211.447021
616.643555	1200.904175
615.425781	1208.837280
614.207031	1222.922241
612.989258	1193.921021
611.769531	1160.831055
610.550781	1129.806641
609.331055	1092.646484
608.111328	1084.196533
606.891602	1129.025757
605.670898	1095.988159
604.450195	1054.773315
603.229492	1138.482788
602.007813	1062.475220
600.787109	1107.257080
599.564453	1033.337769
598.342773	1016.733154
597.120117	965.366516
595.897461	1044.890503
594.674805	1022.161377
593.452148	997.398804
592.228516	1011.471802
591.004883	1072.524902
589.780273	1000.791626
588.556641	996.476013
587.332031	1043.199463
586.106445	1002.137573
584.881836	1032.513550
583.656250	997.593140
582.430664	1013.678650
581.204102	1060.343384
579.978516	1060.097412
578.751953	1019.088013
577.524414	978.097473
576.297852	1020.652222
575.070313	1026.525513
573.842773	1020.178223
572.614258	1019.941223
571.385742	1007.492188
570.157227	1021.502014
568.928711	1057.883545
567.699219	998.653870
566.469727	1059.424805
565.240234	1028.683716
564.009766	1052.834229
562.780273	1009.916565
561.548828	1044.217651
560.318359	1041.943359
559.086914	1049.822876
557.855469	1039.427490
556.624023	1085.867188
555.391602	1067.351318
554.160156	1004.212158
552.926758	1087.135498
551.694336	1094.992798
550.460938	1074.464111
549.227539	1102.588623
547.994141	1098.278198
546.759766	1083.840454
545.525391	1043.079102
544.291016	1123.832031
543.055664	1097.251221
541.821289	1082.826660
540.584961	1050.197144
539.349609	1037.812988
538.113281	1078.020996
536.876953	970.598206
535.640625	1073.472656
534.403320	1032.798340
533.166016	1008.308228
531.928711	1090.899170
530.691406	1080.544678
529.453125	1045.963989
528.214844	1011.399475
526.975586	1069.692261
525.737305	1059.351807
524.498047	1051.033569
523.257813	1068.938232
522.018555	1088.850708
520.778320	1118.833374
519.538086	1041.983276
518.296875	1073.977539
517.055664	1101.927490
515.814453	1087.569824
514.573242	1111.476196
513.331055	1064.913574
512.088867	1092.838867
510.846680	1120.750854
509.603516	1116.463135
508.360352	1126.255615
507.117188	1089.797241
505.874023	1119.693237
504.629883	1121.438477
503.385742	1155.331177
502.140625	1114.882202
500.896484	1124.660156
499.651367	1138.449097
498.405273	1204.423096
497.160156	1137.910400
495.914063	1213.885132
494.667969	1135.365723
493.420898	1197.266357
492.173828	1172.922729
490.926758	1180.662842
489.679688	1192.407104
488.431641	1254.234985
487.183594	1227.897217
485.935547	1189.556030
484.686523	1235.322876
483.437500	1265.054565
482.188477	1316.785034
480.939453	1344.482056
479.689453	1348.162964
478.439453	1289.849121
477.188477	1379.510376
475.937500	1375.184448
474.686523	1384.848755
473.435547	1366.538208
472.183594	1464.084717
470.931641	1455.748169
469.679688	1523.279907
468.426758	1598.763184
467.173828	1710.128784
465.920898	1755.605957
464.667969	1836.962646
463.414063	2010.006714
462.160156	2127.147705
460.905273	2224.301514
459.651367	2460.892334
458.396484	2683.424561
457.140625	2871.991455
455.885742	2839.445313
454.629883	2918.394287
453.373047	2923.666260
452.117188	2759.805176
450.860352	2460.750732
449.603516	2205.592773
448.345703	2051.962158
447.087891	1916.295654
445.830078	1746.908447
444.572266	1670.986816
443.313477	1581.196289
442.054688	1509.322266
440.795898	1493.075806
439.536133	1468.897095
438.276367	1476.481934
437.016602	1517.791626
435.755859	1563.048340
434.495117	1588.452271
433.234375	1601.947998
431.972656	1577.776611
430.710938	1642.791016
429.449219	1582.959717
428.187500	1582.578003
426.924805	1467.343384
425.662109	1417.495728
424.399414	1403.298706
423.135742	1377.235596
421.872070	1357.119751
420.607422	1447.771973
419.343750	1360.418457
418.079102	1366.020020
416.814453	1351.854858
415.548828	1400.925537
414.283203	1388.733765
413.017578	1394.322266
411.750977	1370.290527
410.484375	1308.764282
409.217773	1316.341064
407.951172	1298.264282
406.683594	1394.605103
405.416016	1327.215454
404.147461	1334.779663
402.879883	1421.185059
401.611328	1448.428833
400.341797	1394.881958
399.072266	1374.845703
397.802734	1449.341309
396.533203	1403.707642
395.263672	1458.476929
393.993164	1436.476196
392.721680	1485.308472
391.451172	1457.410889
390.179688	1490.483154
388.908203	1452.768311
387.635742	1527.098022
386.363281	1558.163452
385.090820	1542.067505
383.817383	1622.212158
382.544922	1535.423462
381.270508	1560.566650
379.997070	1575.884766
378.722656	1579.423096
377.448242	1522.151733
376.173828	1606.104248
374.898438	1580.223267
373.623047	1589.636353
372.347656	1648.034912
371.071289	1608.447876
369.794922	1619.804932
368.517578	1637.030762
367.241211	1636.628662
365.963867	1628.397583
364.686523	1635.824097
363.408203	1611.946777
362.129883	1691.736572
360.851563	1597.466553
359.572266	1673.310425
358.292969	1649.446289
357.013672	1725.239502
355.733398	1675.980103
354.453125	1642.367798
353.172852	1661.486450
351.892578	1672.787720
350.611328	1654.811768
349.330078	1699.274658
348.047852	1683.250854
346.765625	1675.034668
345.483398	1645.377808
344.201172	1719.033203
342.917969	1650.408813
341.634766	1566.233765
340.350586	1618.429932
339.066406	1596.610718
337.782227	1617.627319
336.498047	1554.950073
335.212891	1612.933228
333.927734	1606.697144
332.642578	1551.847168
331.356445	1664.224243
330.070313	1628.823730
328.783203	1612.872681
327.497070	1608.585693
326.209961	1600.416138
324.921875	1605.842773
323.634766	1535.556274
322.346680	1612.805420
321.057617	1571.656372
319.768555	1592.602295
318.479492	1630.991699
317.190430	1580.173828
315.900391	1616.608032
314.610352	1672.402832
313.320313	1642.923340
312.029297	1739.358398
310.738281	1733.113647
309.447266	1730.743652
308.155273	1850.309082
306.863281	1830.495361
305.571289	1855.184692
304.278320	1951.419800
302.985352	1921.927002
301.692383	2010.364258
300.398438	2005.993896
299.104492	2067.315918
297.810547	2109.290771
296.515625	2224.625977
295.220703	2220.204834
293.925781	2308.431396
292.629883	2288.553223
291.333984	2496.324951
290.038086	2568.984619
288.741211	2711.021729
287.444336	2719.975830
286.147461	2786.740967
284.849609	2942.101074
283.551758	2841.193115
282.253906	2952.167725
280.955078	3145.871582
279.656250	3016.115479
278.357422	3121.187012
277.057617	3131.938721
275.757813	3171.534180
274.458008	3197.649170
273.157227	3241.051025
271.856445	3355.538818
270.554688	3418.091064
269.253906	3543.999512
267.952148	3627.594727
266.649414	3716.906738
265.346680	3884.867920
264.043945	4058.499512
262.741211	4178.326172
261.437500	4261.649902
260.133789	4300.829590
258.830078	4397.496582
257.525391	4499.863281
256.220703	4786.110352
254.915039	4714.014160
253.609375	4992.398438
252.303711	5000.693848
250.998047	5232.923828
249.691406	5313.865234
248.384766	5597.546387
247.077148	5672.613281
245.769531	5644.389648
244.461914	5902.914551
243.154297	5897.576660
241.845703	5880.777344
240.536133	5785.671387
239.227539	5616.138672
237.917969	5540.238281
236.608398	5401.391602
235.297852	5333.216309
233.987305	5217.383789
232.676758	4899.453125
231.365234	4852.429688
230.053711	4774.930664
228.742188	4661.263672
227.429688	4591.473145
226.117188	4550.287598
224.803711	4432.955566
223.491211	4416.578613
222.177734	4375.467773
220.863281	4204.993164
219.548828	4146.836914
218.234375	4238.946289
216.919922	4222.636230
215.604492	4185.426270
214.289063	4161.536133
212.972656	3962.880615
211.656250	3931.462158
210.339844	4063.352783
209.022461	3984.466064
207.705078	3915.108398
206.387695	3889.423584
205.069336	3761.324951
203.750977	3898.772949
202.432617	3810.548828
201.113281	3680.673340
199.793945	3795.294678
198.474609	3835.977295
197.154297	3812.248047
195.833984	3796.103760
194.513672	3675.861816
193.192383	3833.854004
191.871094	3806.363281
190.548828	3837.517578
189.226563	3815.710938
187.904297	3954.594238
186.581055	3934.656738
185.257813	4018.642822
183.934570	4087.473145
182.610352	4112.834473
181.286133	4211.807617
179.961914	4167.288574
178.636719	4320.912109
177.311523	4404.658691
175.985352	4331.833008
174.660156	4432.499023
173.333008	4501.067871
172.006836	4524.374512
170.679688	4651.280762
169.352539	4629.332031
168.024414	4716.601074
166.696289	4702.174316
165.368164	4774.320801
164.039063	4972.479980
162.709961	4798.118652
161.380859	5139.072754
160.050781	5180.943848
158.720703	5309.243164
157.389648	5585.904297
156.058594	5745.957031
154.727539	5905.923828
153.395508	6020.746582
152.063477	6349.470215
150.731445	6415.325195
149.398438	6640.592285
148.065430	6734.461426
146.732422	6940.771484
145.398438	6901.426758
144.064453	7175.037598
142.729492	7156.255371
141.395508	7347.241699
140.059570	7206.716797
138.724609	7564.179199
137.388672	7345.070801
136.051758	7320.646973
134.715820	7316.808105
133.378906	7327.928223
132.041016	7303.523438
130.703125	7430.506348
129.365234	7409.819824
128.026367	7424.631836
126.687500	7396.485840
125.348633	7381.420410
124.008789	7467.143066
122.668945	7384.894043
121.329102	7349.320801
119.988281	7425.652832
118.647461	7390.083984
117.306641	7600.553223
115.964844	7611.534668
114.622070	7620.645508
113.280273	7670.719727
111.937500	7815.715332
110.593750	7780.087402
109.250000	7763.084473
107.906250	7595.408203
106.562500	7438.979980
105.217773	6877.321777
103.873047	6618.940430
102.527344	6081.965332
101.181641	5485.834961
99.834961	4639.306152
98.489258	4027.182861
