#Wave		#Intensity
3199.956055	24.823456
3199.250977	31.915873
3198.545898	35.456585
3197.840820	14.180434
3197.134766	42.534695
3196.429688	10.632021
3195.724609	7.086911
3195.018555	42.514847
3194.312500	21.254110
3193.606445	63.752380
3192.901367	28.329966
3192.195313	14.162768
3191.488281	35.401382
3190.782227	10.618752
3190.076172	14.156116
3189.369141	24.769314
3188.663086	31.841259
3187.956055	21.224169
3187.249023	45.978466
3186.541992	56.579967
3185.834961	24.749834
3185.127930	17.675663
3184.420898	-7.069149
3183.712891	14.136063
3183.005859	24.734196
3182.297852	31.796072
3181.590820	10.597011
3180.882813	21.190659
3180.174805	42.374588
3179.466797	28.245237
3178.757813	38.831024
3178.049805	35.295311
3177.341797	63.521435
3176.632813	35.284058
3175.924805	31.750582
3175.215820	-7.054558
3174.506836	52.900723
3173.797852	10.578451
3173.088867	31.730270
3172.379883	45.825264
3171.669922	0.000000
3170.960938	42.286663
3170.250977	28.186579
3169.541016	63.409599
3168.832031	21.133131
3168.122070	3.521621
3167.412109	28.168423
3166.701172	14.081939
3165.991211	35.199158
3165.281250	49.270855
3164.570313	17.593887
3163.860352	45.736698
3163.149414	45.729286
3162.438477	-7.034133
3161.727539	28.131966
3161.016602	14.063698
3160.305664	59.760998
3159.593750	3.514781
3158.882813	10.542624
3158.170898	45.677261
3157.458984	24.591436
3156.748047	52.687332
3156.036133	35.119148
3155.324219	7.022681
3154.611328	21.064596
3153.899414	45.632484
3153.187500	24.567310
3152.474609	56.144642
3151.761719	10.525392
3151.049805	0.000000
3150.336914	24.551176
3149.624023	45.587540
3148.911133	45.580032
3148.197266	52.583679
3147.484375	21.030003
3146.770508	24.530954
3146.057617	0.000000
3145.343750	38.535904
3144.629883	0.000000
3143.916016	35.021049
3143.202148	28.012197
3142.488281	35.009441
3141.774414	35.003635
3141.059570	-6.999565
3140.344727	24.494406
3139.630859	38.484810
3138.916016	41.976444
3138.201172	3.497454
3137.486328	27.974974
3136.771484	52.444328
3136.055664	45.444168
3135.340820	55.921944
3134.625000	34.945374
3133.910156	27.951624
3133.194336	24.453579
3132.478516	24.449484
3131.762695	13.968792
3131.046875	41.899349
3130.330078	20.946157
3129.614258	59.337482
3128.897461	52.347805
3128.181641	41.871201
3127.464844	27.909437
3126.748047	20.928553
3126.031250	55.800068
3125.314453	31.382246
3124.596680	17.431639
3123.879883	3.485739
3123.162109	41.821800
3122.445313	66.206657
3121.727539	48.775597
3121.009766	6.966763
3120.291992	34.827911
3119.574219	66.161812
3118.856445	0.000000
3118.137695	17.405094
3117.419922	13.921711
3116.701172	66.116882
3115.982422	20.875465
3115.263672	59.137085
3114.544922	66.083130
3113.826172	10.432401
3113.107422	20.861242
3112.387695	55.620487
3111.668945	31.281183
3110.949219	-6.950186
3110.229492	27.795992
3109.509766	34.739044
3108.790039	20.839859
3108.070313	13.890860
3107.350586	34.721199
3106.629883	59.015911
3105.910156	45.122070
3105.189453	34.703323
3104.468750	38.167099
3103.748047	45.098816
3103.027344	52.028145
3102.306641	55.487133
3101.585938	3.467349
3100.864258	55.468014
3100.143555	20.796919
3099.421875	24.258884
3098.700195	62.369217
3097.978516	45.036655
3097.256836	45.028870
3096.535156	65.800041
3095.813477	38.088165
3095.090820	45.005493
3094.369141	31.152250
3093.646484	41.529133
3092.923828	65.743050
3092.201172	20.757360
3091.478516	51.884388
3090.755859	24.208508
3090.032227	31.119812
3089.309570	38.028706
3088.585938	34.565533
3087.863281	55.295223
3087.139648	41.464188
3086.416016	51.821198
3085.692383	58.720444
3084.967773	34.535408
3084.244141	41.435249
3083.519531	24.166340
3082.795898	58.679417
3082.071289	17.255632
3081.346680	37.955746
3080.622070	34.499180
3079.897461	41.391762
3079.171875	24.140961
3078.447266	62.065865
3077.721680	44.817478
3076.997070	20.681356
3076.271484	37.909157
3075.545898	24.119768
3074.820313	48.231052
3074.094727	37.889156
3073.368164	51.657932
3072.642578	51.648830
3071.916016	55.082375
3071.189453	48.188576
3070.463867	41.297203
3069.737305	55.053219
3069.009766	51.603275
3068.283203	55.033764
3067.556641	41.268024
3066.829102	44.699116
3066.102539	41.253418
3065.375000	44.683289
3064.647461	30.929102
3063.919922	41.231491
3063.192383	30.918133
3062.463867	27.477907
3061.736328	51.511929
3061.007813	20.601110
3060.279297	51.493622
3059.551758	34.322975
3058.823242	34.316872
3058.094727	41.172913
3057.365234	24.013256
3056.636719	30.868685
3055.907227	27.433939
3055.178711	34.286308
3054.449219	30.852171
3053.719727	27.419256
3052.990234	41.121536
3052.260742	17.130913
3051.530273	61.660259
3050.800781	20.549744
3050.070313	30.819098
3049.340820	82.169548
3048.610352	44.500530
3047.879883	71.872589
3047.149414	27.375126
3046.417969	54.740429
3045.687500	51.309944
3044.957031	44.460632
3044.225586	51.291515
3043.494141	27.350559
3042.762695	44.436668
3042.031250	54.681442
3041.299805	51.254627
3040.568359	30.747240
3039.835938	23.910212
3039.103516	40.981548
3038.372070	23.901594
3037.639648	54.622360
3036.907227	54.612503
3036.174805	44.364647
3035.441406	37.532536
3034.708984	44.348618
3033.975586	44.340603
3033.243164	23.871391
3032.509766	71.601212
3031.776367	17.044823
3031.042969	40.900166
3030.309570	47.708214
3029.575195	40.885342
3028.841797	44.284424
3028.107422	30.652885
3027.373047	6.810516
3026.638672	85.115997
3025.904297	17.020107
3025.169922	71.471458
3024.435547	20.416704
3023.700195	44.228146
3022.965820	68.030922
3022.230469	57.815758
3021.495117	40.803692
3020.759766	64.594078
3020.024414	50.986027
3019.289063	84.961220
3018.552734	57.763088
3017.817383	101.916260
3017.081055	50.948830
3016.344727	44.147587
3015.608398	67.906952
3014.872070	57.710361
3014.135742	54.305702
3013.398438	50.902283
3012.662109	84.821609
3011.924805	64.452621
3011.187500	37.307842
3010.451172	88.166016
3009.712891	91.540230
3008.975586	47.456604
3008.238281	84.728386
3007.500000	50.827702
3006.762695	33.878914
3006.024414	60.970844
3005.286133	98.212761
3004.547852	57.562412
3003.809570	84.635040
3003.071289	84.619476
3002.332031	50.762341
3001.592773	87.971863
3000.854492	71.041107
3000.115234	87.939453
2999.375977	60.869942
2998.636719	71.001839
2997.896484	94.651657
2997.157227	70.975647
2996.416992	67.583374
2995.677734	104.734886
2994.937500	91.203857
2994.197266	94.564301
2993.457031	91.170151
2992.715820	97.905380
2991.975586	87.761002
2991.234375	80.995163
2990.494141	107.973557
2989.752930	94.459366
2989.011719	101.187714
2988.270508	91.052063
2987.528320	87.663506
2986.787109	70.792007
2986.044922	94.371834
2985.303711	67.395943
2984.561523	104.444313
2983.819336	70.739456
2983.077148	117.877190
2982.334961	87.549637
2981.591797	90.900024
2980.849609	87.517075
2980.106445	134.616608
2979.363281	104.308449
2978.620117	114.381516
2977.876953	104.269600
2977.133789	127.790535
2976.389648	84.057045
2975.646484	94.126343
2974.902344	157.968323
2974.158203	134.416031
2973.414063	134.390945
2972.669922	83.978661
2971.925781	127.623718
2971.181641	110.810417
2970.436523	107.432442
2969.692383	134.265442
2968.947266	124.172302
2968.202148	127.504456
2967.457031	124.125839
2966.710938	107.331978
2965.965820	154.260818
2965.220703	120.703239
2964.474609	150.850769
2963.728516	170.932159
2962.982422	180.953049
2962.236328	154.116272
2961.490234	174.185699
2960.743164	164.105713
2959.997070	160.726440
2959.250000	150.652725
2958.502930	170.707672
2957.755859	147.249527
2957.008789	143.875885
2956.261719	150.539474
2955.514648	170.579300
2954.766602	177.235321
2954.018555	220.666580
2953.271484	177.168579
2952.523438	160.424332
2951.775391	183.784912
2951.026367	217.159409
2950.278320	163.673920
2949.529297	150.284424
2948.781250	210.358490
2948.032227	190.288422
2947.283203	186.914734
2946.534180	216.913635
2945.784180	190.180634
2945.035156	250.190384
2944.285156	166.762054
2943.536133	210.080460
2942.786133	236.712555
2942.036133	220.001022
2941.286133	203.295792
2940.535156	163.272263
2939.785156	209.881729
2939.034180	196.518661
2938.284180	256.424896
2937.533203	226.410233
2936.782227	173.104416
2936.031250	242.965866
2935.279297	212.970749
2934.528320	229.565521
2933.776367	206.237106
2933.025391	216.175262
2932.273438	226.109619
2931.521484	262.636261
2930.768555	202.756531
2930.016602	249.243423
2929.264648	212.647278
2928.511719	249.148621
2927.758789	219.209061
2927.005859	212.525894
2926.252930	222.445679
2925.500000	232.361679
2924.747070	219.042130
2923.993164	219.000381
2923.240234	235.546402
2922.486328	212.283035
2921.732422	261.986877
2920.978516	198.939423
2920.223633	248.626816
2919.469727	261.836914
2918.715820	225.335571
2917.960938	221.979401
2917.206055	198.749542
2916.451172	245.077591
2915.696289	251.653183
2914.941406	251.605057
2914.185547	231.697174
2913.430664	231.652847
2912.674805	241.534576
2911.918945	201.791626
2911.163086	201.752991
2910.407227	234.782257
2909.651367	171.920258
2908.894531	214.859131
2908.138672	237.952179
2907.381836	191.646942
2906.625000	208.128296
2905.868164	198.179398
2905.111328	231.164917
2904.353516	231.120529
2903.596680	237.678329
2902.838867	280.538574
2902.081055	194.689362
2901.323242	174.856827
2900.565430	174.823212
2899.807617	217.662506
2899.049805	211.026077
2898.291016	184.612289
2897.532227	201.056839
2896.773438	171.359711
2896.014648	243.811096
2895.255859	171.293716
2894.497070	174.554184
2893.738281	177.813385
2892.978516	190.947937
2892.218750	181.036407
2891.458984	181.001495
2890.699219	167.805359
2889.939453	207.248978
2889.179688	164.451569
2888.418945	177.573395
2887.659180	184.114624
2886.898438	151.207794
2886.137695	177.470505
2885.376953	174.150345
2884.616211	167.546249
2883.854492	174.083008
2883.093750	144.493790
2882.332031	180.582291
2881.570313	118.176437
2880.808594	137.845825
2880.046875	183.758835
2879.285156	170.600159
2878.522461	144.326019
2877.760742	134.459549
2876.998047	131.154617
2876.235352	147.520325
2875.472656	150.769318
2874.709961	137.632233
2873.946289	160.539780
2873.183594	167.059998
2872.419922	186.677856
2871.656250	111.330086
2870.892578	147.320023
2870.128906	147.291397
2869.365234	183.260330
2868.600586	134.146667
2867.836914	147.205521
2867.072266	124.282700
2866.307617	120.988564
2865.542969	137.311646
2864.778320	163.434418
2864.013672	127.454033
2863.248047	166.638199
2862.483398	137.204727
2861.717773	111.048851
2860.952148	182.868347
2860.186523	173.038086
2859.419922	133.833557
2858.654297	137.071045
2857.887695	140.307266
2857.122070	133.755234
2856.355469	127.205757
2855.588867	123.919868
2854.822266	153.239380
2854.054688	149.949677
2853.288086	159.697784
2852.520508	130.340073
2851.752930	153.119644
2850.985352	143.318008
2850.217773	120.493851
2849.450195	126.982185
2848.682617	162.765823
2847.914063	113.913773
2847.145508	152.939972
2846.377930	120.375977
2845.609375	182.154984
2844.839844	94.311775
2844.071289	143.065689
2843.302734	152.790207
2842.533203	133.258942
2841.763672	136.482376
2840.994141	129.957718
2840.224609	146.173752
2839.455078	123.411385
2838.684570	129.881210
2837.915039	155.826859
2837.144531	146.058975
2836.374023	152.520523
2835.603516	100.578873
2834.833008	123.265991
2834.062500	139.457779
2833.291016	119.974953
2832.520508	103.741714
2831.749023	119.927750
2830.977539	110.182190
2830.206055	119.880547
2829.433594	126.335693
2828.662109	142.504501
2827.889648	110.095421
2827.118164	135.973434
2826.345703	110.052032
2825.573242	158.573120
2824.799805	106.773087
2824.027344	145.570938
2823.254883	122.902321
2822.481445	97.009003
2821.708008	93.756859
2820.934570	138.991333
2820.161133	103.414986
2819.387695	138.936432
2818.613281	96.913239
2817.839844	116.272903
2817.065430	106.562424
2816.291016	116.226929
2815.516602	135.571259
2814.741211	167.816925
2813.966797	138.744232
2813.192383	103.231079
2812.416992	158.041306
2811.641602	154.785309
2810.866211	103.169762
2810.090820	96.702492
2809.314453	125.688324
2808.539063	112.774849
2807.762695	128.859985
2806.986328	132.055298
2806.209961	86.945992
2805.433594	90.148315
2804.657227	131.976700
2803.880859	135.168793
2803.103516	128.706619
2802.326172	122.247002
2801.548828	115.789940
2800.771484	96.472443
2799.994141	109.313698
2799.216797	102.863022
2798.438477	99.628738
2797.660156	102.822105
2796.881836	112.439301
2796.103516	93.145454
2795.325195	109.183273
2794.546875	99.529633
2793.767578	118.769768
2792.989258	112.327400
2792.209961	105.887581
2791.430664	89.826103
2790.651367	105.845367
2789.871094	125.065033
2789.091797	112.215462
2788.311523	92.959976
2787.531250	92.941422
2786.751953	80.105919
2785.970703	108.922295
2785.190430	115.306450
2784.410156	80.057930
2783.628906	118.462051
2782.847656	108.835266
2782.067383	92.811516
2781.285156	95.992714
2780.503906	108.769981
2779.722656	86.358879
2778.940430	92.737267
2778.159180	111.901878
2777.376953	79.913910
2776.594727	83.093819
2775.812500	92.662994
2775.029297	83.060524
2774.247070	105.401840
2773.463867	95.800644
2772.680664	83.010567
2771.897461	114.914658
2771.114258	108.508728
2770.331055	92.532990
2769.546875	79.753799
2768.763672	92.495834
2767.979492	95.666122
2767.195313	121.152748
2766.411133	114.753220
2765.626953	111.543205
2764.841797	82.844002
2764.056641	108.312675
2763.272461	101.920837
2762.487305	130.559784
2761.702148	120.982277
2760.916016	76.394478
2760.130859	108.203712
2759.344727	82.727348
2758.559570	139.971924
2757.773438	66.791313
2756.987305	89.037132
2756.201172	123.990997
2755.414063	85.822609
2754.627930	95.339211
2753.840820	101.674637
2753.053711	95.300728
2752.266602	79.401237
2751.479492	136.542542
2750.692383	101.592529
2749.904297	88.875496
2749.116211	104.724953
2748.328125	82.493881
2747.540039	98.338196
2746.751953	91.975189
2745.963867	114.152992
2745.174805	117.300163
2744.386719	79.240822
2743.597656	101.407707
2742.808594	110.892212
2742.019531	110.869743
2741.229492	107.680206
2740.440430	126.656914
2739.650391	82.310295
2738.861328	85.458740
2738.071289	79.112404
2737.280273	107.571037
2736.490234	60.101021
2735.700195	94.877075
2734.909180	94.857803
2734.118164	91.677246
2733.327148	82.176689
2732.536133	97.959984
2731.745117	113.736847
2730.953125	66.333000
2730.162109	75.793716
2729.370117	97.880287
2728.578125	91.546791
2727.786133	132.558014
2726.994141	100.976006
2726.201172	116.729721
2725.409180	94.626427
2724.616211	132.449997
2723.823242	97.740776
2723.030273	78.807129
2722.236328	97.700897
2721.443359	135.492935
2720.649414	97.661018
2719.856445	97.641075
2719.062500	113.366470
2718.268555	122.788582
2717.473633	113.320137
2716.679688	91.267006
2715.884766	66.076385
2715.089844	91.229675
2714.295898	106.937042
2713.500000	106.915154
2712.705078	88.029747
2711.910156	88.011719
2711.114258	103.706848
2710.318359	65.981743
2709.522461	65.968216
2708.726563	113.065186
2707.930664	87.921555
2707.134766	97.321747
2706.337891	56.497803
2705.541016	56.486206
2704.744141	97.261826
2703.947266	100.378677
2703.150391	90.949486
2702.352539	122.286240
2701.555664	131.665802
2700.757813	97.161919
2699.959961	122.210815
2699.162109	90.856010
2698.364258	84.572662
2697.565430	97.081955
2696.767578	103.324020
2695.968750	84.520416
2695.169922	112.670670
2694.371094	109.518349
2693.571289	84.468163
2692.772461	84.450737
2691.972656	96.941948
2691.173828	96.921944
2690.374023	100.027802
2689.573242	87.506248
2688.773438	106.235634
2687.973633	81.222229
2687.172852	121.808151
2686.372070	96.801842
2685.571289	128.001770
2684.770508	109.247185
2683.969727	74.896851
2683.167969	65.521179
2682.367188	90.462883
2681.565430	124.750542
2680.763672	96.661636
2679.961914	109.111481
2679.159180	121.556152
2678.357422	112.182404
2677.554688	102.812531
2676.751953	87.216766
2675.949219	96.541374
2675.146484	62.271820
2674.343750	115.178932
2673.540039	121.379585
2672.736328	65.344650
2671.932617	93.330086
2671.128906	96.421028
2670.325195	105.730087
2669.521484	96.380890
2668.716797	102.577644
2667.912109	83.909683
2667.107422	80.785080
2666.302734	102.513535
2665.498047	139.762039
2664.693359	86.944901
2663.887695	86.926758
2663.082031	121.051292
2662.276367	86.890472
2661.470703	121.000732
2660.665039	93.058044
2659.858398	105.443733
2659.052734	99.220413
2658.246094	80.599724
2657.439453	102.278252
2656.632813	136.342453
2655.826172	83.647171
2655.051758	99.334175
2655.018555	96.019234
2654.246094	130.376099
2654.210938	95.999115
2653.440430	145.873550
2653.404297	77.402420
2652.634766	105.508522
2652.596680	108.340668
2651.829102	74.464577
2651.788086	108.317947
2651.023438	111.678818
2650.980469	102.106918
2650.217773	102.355682
2650.171875	74.243996
2649.411133	102.339111
2649.364258	132.992569
2648.604492	102.322517
2648.555664	89.673820
2647.798828	114.706635
2647.747070	111.295837
2646.992188	108.488655
2646.938477	135.999664
2646.185547	89.875992
2646.128906	101.978302
2645.378906	130.144058
2645.320313	92.688049
2644.571289	111.533882
2644.510742	114.291214
2643.764648	92.929749
2643.701172	148.238480
2642.957031	114.594658
2642.891602	89.541893
2642.150391	117.672592
2642.081055	83.349030
2641.342773	117.653366
2641.271484	89.504173
2640.535156	99.060310
2640.460938	117.256607
2639.727539	77.378197
2639.651367	114.146835
2638.918945	111.406342
2638.840820	111.038361
2638.111328	117.576294
2638.029297	117.182434
2637.303711	105.182571
2637.218750	110.991501
2636.495117	98.979095
2636.408203	107.885620
2635.686523	95.870232
2635.596680	126.353607
2634.877930	139.143555
2634.785156	135.570343
2634.069336	151.486908
2633.973633	163.266129
2633.260742	105.096031
2633.162109	123.193665
2632.452148	166.889679
2632.349609	98.534081
2631.642578	98.881256
2631.538086	116.984467
2630.833984	101.954437
2630.725586	101.570267
2630.024414	105.026581
2629.913086	110.780464
2629.214844	120.451721
2629.100586	95.374077
2628.405273	117.343758
2628.288086	104.581657
2627.595703	120.411774
2627.474609	104.559486
2626.785156	123.478752
2626.662109	113.761200
2625.975586	129.631149
2625.848633	150.624756
2625.165039	145.039307
2625.035156	98.346313
2624.355469	89.477440
2624.221680	122.906792
2623.544922	101.802193
2623.407227	89.088493
2622.734375	117.207222
2622.593750	113.640480
2621.923828	95.600464
2621.779297	116.687042
2621.113281	129.501572
2620.964844	135.082581
2620.301758	104.817085
2620.150391	128.915039
2619.491211	98.634872
2619.335938	107.406334
2618.679688	114.027481
2618.521484	107.383469
2617.868164	107.845757
2617.706055	141.102509
2617.056641	110.908463
2616.890625	144.139236
2616.245117	92.408211
2616.076172	131.843964
2615.433594	138.589035
2615.259766	98.095512
2614.621094	132.407257
2614.444336	107.269089
2613.809570	98.519058
2613.628906	91.925308
2612.997070	101.580673
2612.812500	110.286827
2612.185547	104.641235
2611.996094	177.646393
2611.373047	126.163742
2611.179688	122.488579
2610.559570	110.759224
2610.363281	97.969925
2609.747070	107.664391
2609.546875	128.558029
2608.934570	113.797401
2608.729492	107.108780
2608.121094	126.078491
2607.912109	110.145462
2607.308594	95.311501
2607.095703	143.770233
2606.495117	82.999176
2606.277344	119.273163
2605.681641	104.499763
2605.459961	134.535767
2604.868164	122.920036
2604.642578	134.506927
2604.054688	125.971634
2603.824219	113.083855
2603.240234	125.950226
2603.005859	110.003937
2602.426758	116.714500
2602.187500	125.255379
2601.612305	104.410988
2601.369141	113.011078
2600.798828	82.900482
2600.550781	128.255295
2599.984375	122.794594
2599.731445	79.379082
2599.169922	107.426941
2598.913086	106.833488
2598.354492	122.752686
2598.093750	88.500145
2597.540039	131.936584
2597.274414	103.736473
2596.725586	107.371880
2596.455078	112.865395
2595.910156	144.160431
2595.634766	106.741585
2595.094727	153.335892
2594.815430	128.062317
2594.279297	122.647690
2593.995117	97.550262
2593.463867	113.429657
2593.174805	118.863762
2592.648438	107.279915
2592.354492	100.555344
2591.833008	110.326103
2591.533203	118.812492
2591.016602	122.563484
2590.712891	100.511955
2590.201172	101.097488
2589.891602	82.219299
2589.384766	137.836472
2589.070313	121.780060
2588.568359	143.937744
2588.249023	100.446838
2587.751953	97.983276
2587.427734	103.468315
2586.935547	116.335068
2586.606445	146.041321
2586.118164	101.010384
2585.784180	112.549164
2585.301758	100.992935
2584.961914	127.730858
2584.484375	128.514236
2584.139648	115.540985
2583.666992	104.017342
2583.317383	115.515961
2582.849609	134.587372
2582.495117	130.687103
2582.032227	116.214417
2581.671875	100.273003
2581.214844	146.771713
2580.849609	112.402916
2580.397461	110.059685
2580.026367	133.639328
2579.579102	110.040581
2579.203125	88.061348
2578.761719	149.751434
2578.379883	75.898460
2577.943359	140.558548
2577.555664	127.481712
2577.125000	116.093376
2576.732422	103.177048
2576.306641	119.127724
2575.908203	130.460236
2575.488281	109.944901
2575.083984	133.465149
2574.668945	109.925735
2574.259766	94.011803
2573.850586	125.171364
2573.434570	106.119240
2573.031250	94.625244
2572.610352	109.127434
2572.211914	112.920074
2571.785156	118.195625
2571.392578	134.259872
2570.959961	118.169846
2570.573242	128.134735
2570.134766	112.085396
2569.753906	103.709961
2569.309570	139.319000
2568.933594	82.343483
2568.484375	102.952431
2568.114258	109.772072
2567.658203	124.121399
2567.293945	131.093643
2566.832031	111.987511
2566.473633	118.878029
2566.005859	114.989052
2565.653320	115.809532
2565.179688	136.141464
2564.833008	146.260025
2564.353516	130.062256
2564.012695	109.675728
2563.526367	93.745285
2563.191406	140.116547
2562.699219	111.865021
2562.371094	121.819031
2561.872070	93.704208
2561.549805	124.842506
2561.044922	126.926254
2560.728516	124.820496
2560.217773	132.941193
2559.907227	152.193268
2559.389648	108.746201
2559.085938	106.516487
2558.562500	108.722321
2558.264648	152.139526
2557.734375	144.931259
2557.442383	100.394341
2556.906250	108.674553
2556.620117	63.876011
2556.078125	126.759102
2555.798828	118.605888
2555.249023	90.522301
2554.976563	127.706802
2554.420898	138.770309
2554.154297	136.804474
2553.591797	96.514618
2553.331055	112.463737
2552.762695	129.662949
2552.508789	133.716934
2551.933594	102.501595
2551.686523	127.616234
2551.103516	141.662140
2550.863281	127.593567
2550.274414	117.523506
2550.040039	118.458679
2549.444336	120.510330
2549.216797	148.806229
2548.614258	129.520004
2548.393555	145.743439
2547.784180	123.468529
2547.570313	115.359673
2546.954102	120.430481
2546.746094	160.867722
2546.123047	123.413948
2545.922852	103.179764
2545.292969	141.443222
2545.098633	136.537094
2544.461914	126.368103
2544.274414	139.546341
2543.630859	120.323921
2543.450195	127.389122
2542.799805	117.289833
2542.625977	133.431427
2541.967773	144.324722
2541.801758	112.183632
2541.136719	150.304901
2540.976563	145.509491
2540.304688	126.228111
2540.151367	127.298012
2539.472656	126.200089
2539.327148	103.032310
2538.640625	108.147484
2538.501953	121.192757
2537.807617	162.185181
2537.676758	121.171028
2536.975586	114.104935
2536.850586	106.005623
2536.142578	153.106766
2536.025391	166.550354
2535.309570	123.058449
2535.199219	118.078125
2534.476563	153.038620
2534.374023	169.517609
2533.643555	138.004089
2533.547852	148.301224
2532.809570	131.974487
2532.721680	172.482620
2531.976563	143.940063
2531.895508	145.222382
2531.142578	128.917542
2531.068359	145.196213
2530.308594	146.873245
2530.242188	114.926277
2529.473633	146.840454
2529.415039	154.215347
2528.639648	143.811569
2528.588867	169.303940
2527.804688	146.774826
2527.761719	187.409805
2526.969727	125.778847
2526.934570	135.998672
2526.134766	137.726959
2526.106445	135.974091
2525.299805	152.663101
2525.279297	114.801788
2524.464844	140.658005
2524.452148	148.007095
2523.628906	134.642380
2523.624023	135.900269
2522.795898	178.148087
2522.792969	155.551849
2521.967773	117.737556
2521.957031	134.581985
2521.139648	172.046753
2521.121094	140.531845
2520.311523	141.837372
2520.285156	122.564087
2519.482422	120.690742
2519.448242	155.412201
2518.654297	174.969788
2518.612305	134.461090
2517.825195	138.743912
2517.775391	101.569969
2516.996094	177.921783
2516.937500	143.360626
2516.166992	132.663284
2516.100586	119.440292
2515.337891	156.755341
2515.263672	116.428047
2514.507813	141.656906
2514.425781	161.171722
2513.678711	132.590805
2513.587891	155.167404
2512.848633	144.618149
2512.750000	167.065643
2512.018555	144.591766
2511.912109	143.166794
2511.188477	162.636047
2511.073242	152.080353
2510.358398	144.538971
2510.234375	143.102097
2509.528320	168.597977
2509.395508	146.050354
2508.697266	168.567154
2508.556641	128.137650
2507.867188	126.402245
2507.717773	140.025726
2507.036133	111.333977
2506.878906	145.951187
2506.205078	159.449203
2506.039063	139.962280
2505.374023	165.435837
2505.199219	175.657486
2504.542969	144.353912
2504.359375	169.664490
2503.710938	180.409286
2503.519531	163.674194
2502.879883	162.338577
2502.678711	154.711365
2502.047852	147.280182
2501.838867	139.803497
2501.215820	156.268631
2500.998047	163.562637
2500.383789	150.230682
2500.157227	160.552231
2499.551758	132.178696
2499.316406	148.625641
2498.719727	156.182449
2498.474609	166.422806
2497.886719	174.171448
2497.633789	154.500244
2497.053711	183.146591
2496.791992	157.435501
2496.221680	165.101746
2495.950195	175.218399
2495.388672	168.072617
2495.108398	148.456268
2494.554688	189.046829
2494.265625	154.359268
2493.721680	180.011383
2493.423828	163.227295
2492.888672	152.981430
2492.581055	151.321609
2492.054688	137.957779
2491.738281	189.850342
2491.220703	155.923447
2490.895508	154.218094
2490.387695	143.902740
2490.051758	151.217728
2489.552734	182.842575
2489.208984	186.755554
2488.718750	149.843231
2488.365234	171.894257
2487.884766	143.822876
2487.521484	154.076736
2487.049805	176.749542
2486.677734	204.401047
2486.215820	137.779190
2485.833008	180.660873
2485.380859	158.716171
2484.989258	168.775452
2484.545898	203.598068
2484.144531	174.657227
2483.710938	194.579697
2483.299805	168.697830
2482.875000	128.698059
2482.455078	159.782196
2482.040039	155.605957
2481.609375	177.494873
2481.204102	173.528244
2480.764648	177.453964
2480.368164	218.365631
2479.918945	138.973557
2479.532227	194.398987
2479.073242	165.547287
2478.696289	137.549072
2478.227539	147.775955
2477.860352	173.399155
2477.381836	186.154694
2477.023438	158.421432
2476.535156	171.340881
2476.187500	206.208344
2475.688477	183.115128
2475.350586	158.362396
2474.841797	174.214401
2474.513672	164.307678
2473.995117	168.269852
2473.676758	191.158722
2473.148438	171.182266
2472.839844	182.164154
2472.300781	179.994781
2472.001953	182.130127
2471.453125	197.653320
2471.165039	155.229462
2470.605469	147.468246
2470.327148	185.046692
2469.757813	194.612869
2469.489258	173.075821
2468.910156	188.671646
2468.651367	217.796051
2468.061523	159.154678
2467.813477	149.147461
2467.212891	156.171021
2466.975586	169.996277
2466.364258	197.377777
2466.136719	152.073425
2465.515625	150.207779
2465.297852	190.801483
2464.666992	185.507538
2464.458984	175.862137
2463.817383	188.408142
2463.620117	163.908524
2462.967773	176.591400
2462.781250	211.551300
2462.118164	200.090179
2461.942383	142.993744
2461.268555	135.323502
2461.102539	169.773193
2460.418945	138.232971
2460.263672	175.697128
2459.568359	211.711609
2459.423828	187.573517
2458.717773	149.927277
2458.583984	178.607849
2457.867188	164.587463
2457.744141	139.883163
2457.016602	143.980270
2456.903320	178.540634
2456.166016	149.821869
2456.063477	166.606552
2455.314453	152.723694
2455.222656	151.702393
2454.462891	170.305664
2454.382813	172.491776
2453.611328	179.072479
2453.541992	139.751465
2452.759766	167.290680
2452.701172	154.589478
2451.907227	149.645920
2451.859375	181.311127
2451.055664	178.946106
2451.018555	175.333389
2450.203125	146.642578
2450.176758	157.473129
2449.350586	170.065292
2449.334961	169.325897
2448.497070	155.367828
2448.493164	157.413620
2447.651367	169.261887
2447.644531	149.469604
2446.809570	124.695694
2446.791016	169.944885
2445.967773	151.387543
2445.937500	143.540207
2445.125000	169.165817
2445.083984	172.793243
2444.282227	195.839096
2444.230469	131.760269
2443.439453	160.201630
2443.375977	137.583694
2442.596680	163.137405
2442.522461	158.037430
2441.753906	145.313034
2441.667969	166.777725
2440.911133	163.075531
2440.813477	140.411087
2440.067383	157.115692
2439.958008	146.226822
2439.223633	142.266434
2439.103516	172.506653
2438.380859	165.945984
2438.248047	172.465652
2437.536133	133.324112
2437.392578	99.363342
2436.692383	162.920731
2436.537109	151.931290
2435.848633	139.196686
2435.680664	148.974045
2435.003906	151.014496
2434.825195	163.540344
2434.160156	195.393326
2433.968750	125.545677
2433.315430	121.357597
2433.112305	134.272629
2432.470703	150.928253
2432.255859	154.668472
2431.625000	139.064255
2431.398438	151.713928
2430.780273	150.870743
2430.541992	148.760773
2429.935547	165.630402
2429.684570	119.563377
2429.089844	121.241989
2428.827148	131.196671
2428.244141	165.567215
2427.968750	128.250458
2427.398438	156.667633
2427.111328	136.961960
2426.552734	144.815994
2426.252930	154.409393
2425.706055	130.014023
2425.394531	148.546951
2424.860352	194.983749
2424.536133	174.719131
2424.013672	147.686722
2423.677734	139.741699
2423.166992	138.798981
2422.818359	133.886917
2422.320313	159.440659
2421.959961	183.322708
2421.473633	159.410141
2421.100586	122.185699
2420.626953	121.010445
2420.240234	139.607132
2419.779297	156.398178
2419.380859	116.311218
2418.931641	123.914436
2418.520508	119.190216
2418.084961	147.488907
2417.661133	154.037933
2417.237305	147.460632
2416.799805	145.283676
2416.388672	112.048576
2415.939453	159.773392
2415.541016	132.663651
2415.079102	130.692032
2414.692383	168.008362
2414.217773	145.178192
2413.844727	162.082199
2413.356445	145.143005
2412.996094	156.158310
2412.147461	144.345032
2411.298828	170.824539
2410.449219	123.676735
2409.600586	132.485306
2408.750977	117.742050
2407.901367	141.263260
2407.051758	126.523964
2406.202148	147.092545
2405.352539	158.829330
2404.501953	138.213699
2403.651367	126.426445
2402.801758	146.979141
2401.950195	146.950775
2401.099609	143.983948
2400.249023	152.769791
2399.397461	117.492523
2398.546875	176.204727
2397.695313	184.979187
2396.843750	182.007813
2395.991211	129.141846
2395.139648	181.937378
2394.288086	155.497009
2393.435547	173.066925
2392.583008	164.235092
2391.730469	140.745651
2390.877930	178.829605
2390.024414	134.828964
2389.171875	152.385788
2388.318359	164.075928
2387.464844	123.033058
2386.611328	140.581909
2385.757813	166.908585
2384.903320	149.310242
2384.049805	122.937477
2383.195313	160.958252
2382.340820	146.297226
2381.486328	184.298645
2380.631836	128.691467
2379.776367	149.136063
2378.921875	181.267365
2378.066406	160.770370
2377.210938	178.274200
2376.355469	137.332047
2375.499023	148.990814
2374.643555	113.911926
2373.787109	163.533936
2372.930664	131.385544
2372.074219	108.007027
2371.217773	131.334244
2370.361328	137.144516
2369.503906	169.209091
2368.647461	145.841400
2367.790039	172.059189
2366.932617	169.109848
2366.075195	154.501175
2365.216797	116.581841
2364.359375	189.408386
2363.500977	136.930008
2362.642578	177.682861
2361.784180	122.315041
2360.925781	151.407990
2360.067383	145.556046
2359.208008	168.811905
2358.348633	104.759239
2357.490234	165.836243
2356.629883	159.986008
2355.770508	154.138062
2354.911133	127.938530
2354.050781	122.099144
2353.190430	159.860306
2352.330078	194.700623
2351.469727	136.554169
2350.609375	153.956314
2349.749023	171.351608
2348.887695	150.992020
2348.026367	159.671646
2347.165039	121.907059
2346.303711	168.314682
2345.442383	130.563232
2344.580078	176.950821
2343.717773	142.112793
2342.856445	188.479782
2341.994141	139.157593
2341.130859	150.724304
2340.268555	162.286438
2339.405273	162.254379
2338.542969	130.357224
2337.679688	150.605255
2336.816406	144.784119
2335.953125	138.965271
2335.088867	153.410461
2334.225586	150.486145
2333.361328	170.710114
2332.497070	138.855301
2331.632813	124.366577
2330.767578	141.691986
2329.903320	185.030411
2329.038086	112.730560
2328.172852	144.497711
2327.307617	161.805344
2326.442383	147.329208
2325.577148	190.623489
2324.710938	164.596710
2323.845703	132.806061
2322.979492	173.190903
2322.113281	150.068970
2321.246094	173.122086
2320.379883	167.318100
2319.512695	181.705933
2318.646484	167.251572
2317.779297	141.270630
2316.912109	187.362534
2316.043945	167.151749
2315.176758	184.406601
2314.308594	144.038956
2313.440430	167.051910
2312.572266	190.055679
2311.704102	143.952881
2310.835938	158.316605
2309.966797	187.064133
2309.098633	169.762802
2308.229492	163.975418
2307.360352	152.437943
2306.490234	169.661194
2305.621094	152.377075
2304.750977	140.848785
2303.881836	146.568420
2303.011719	117.805969
2302.141602	178.110001
2301.270508	166.585724
2300.400391	166.552414
2299.529297	172.261124
2298.658203	180.837982
2297.787109	169.322311
2296.916016	172.157715
2296.044922	169.254517
2295.172852	160.616165
2294.300781	149.113693
2293.428711	169.152786
2292.556641	186.317413
2291.684570	177.682510
2290.812500	171.916321
2289.939453	183.340622
2289.066406	143.206116
2288.193359	171.812836
2287.320313	154.600510
2286.447266	157.431854
2285.573242	194.603912
2284.699219	177.397324
2283.825195	148.754944
2282.951172	168.745712
2282.077148	194.447464
2281.203125	160.100998
2280.328125	151.493668
2279.453125	165.752151
2278.578125	134.289368
2277.703125	191.395218
2276.828125	174.220261
2275.952148	171.329666
2275.077148	151.310699
2274.201172	125.591110
2273.325195	145.542160
2272.448242	174.044724
2271.572266	168.304382
2270.695313	205.346954
2269.819336	188.196716
2268.942383	173.904266
2268.064453	171.018845
2267.187500	165.284821
2266.310547	173.798904
2265.432617	159.520859
2264.554688	176.576675
2263.676758	173.693527
2262.798828	187.892700
2261.919922	179.315842
2261.041992	176.433838
2260.163086	167.862732
2259.284180	230.408966
2258.405273	187.702621
2257.525391	181.977798
2256.646484	196.155060
2255.766602	190.430801
2254.886719	190.392197
2254.006836	167.624802
2253.126953	173.271851
2252.247070	170.396759
2251.366211	173.201553
2250.485352	150.456039
2249.604492	173.131241
2248.723633	212.823044
2247.842773	201.431564
2246.960938	147.497360
2246.080078	218.365173
2245.198242	189.967438
2244.316406	170.085495
2243.433594	181.387634
2242.551758	184.184341
2241.668945	181.313828
2240.786133	189.774277
2239.903320	198.231277
2239.020508	181.203110
2238.137695	181.166199
2237.253906	183.959442
2236.371094	161.285400
2235.487305	192.371429
2234.603516	197.989044
2233.718750	130.080551
2232.834961	175.290192
2231.950195	195.041214
2231.065430	172.392548
2230.180664	186.485001
2229.295898	214.696457
2228.411133	172.286957
2227.525391	172.251770
2226.639648	166.570114
2225.753906	180.649292
2224.868164	191.900635
2223.982422	163.646484
2223.095703	189.001236
2222.209961	225.626938
2221.323242	203.022690
2220.436523	169.150940
2219.549805	188.846527
2218.662109	169.081665
2217.775391	171.864471
2216.887695	219.716095
2216.000000	216.854767
2215.112305	183.021683
2214.223633	180.169022
2213.335938	191.390305
2212.447266	163.211182
2211.558594	205.378815
2210.669922	154.705704
2209.781250	185.608719
2208.891602	210.875687
2208.001953	185.532486
2207.113281	151.768112
2206.222656	202.315887
2205.333008	174.180649
2204.443359	196.615128
2203.552734	233.081406
2202.662109	162.842651
2201.771484	165.616196
2200.880859	190.840393
2199.990234	187.995209
2199.098633	196.372452
2198.208008	204.746216
2197.316406	165.445724
2196.424805	193.447495
2195.532227	179.392578
2194.640625	184.960449
2193.748047	182.120438
2192.855469	184.884140
2191.962891	179.244598
2191.070313	210.008896
2190.176758	184.769669
2189.284180	232.313873
2188.390625	156.709518
2187.497070	223.824478
2186.603516	176.225342
2185.708984	195.765457
2184.815430	176.152481
2183.920898	198.479996
2183.026367	229.182983
2182.131836	170.454498
2181.237305	198.356796
2180.341797	187.143005
2179.446289	161.970840
2178.551758	178.689423
2177.655273	192.609619
2176.759766	167.451920
2175.864258	178.578354
2174.967773	167.382492
2174.071289	189.660797
2173.174805	164.524490
2172.278320	167.278320
2171.381836	189.542755
2170.484375	186.716583
2169.586914	203.395218
2168.689453	186.639023
2167.791992	200.525635
2166.894531	155.931961
2165.996094	183.738754
2165.097656	211.533966
2164.199219	189.227859
2163.300781	197.535034
2162.402344	194.712326
2161.502930	180.766663
2160.604492	155.705002
2159.705078	208.490051
2158.805664	177.874451
2157.905273	200.067062
2157.005859	225.028534
2156.105469	177.763245
2155.205078	199.941940
2154.304688	191.571060
2153.404297	222.065033
2152.502930	213.692978
2151.602539	221.972336
2150.701172	177.540787
2149.799805	219.106125
2148.898438	196.877029
2147.996094	216.242233
2147.094727	188.479462
2146.192383	169.041809
2145.290039	232.730194
2144.387695	196.671280
2143.484375	204.938431
2142.582031	243.659561
2141.678711	213.157471
2140.775391	215.880524
2139.872070	215.835312
2138.968750	199.190842
2138.064453	251.702316
2137.160156	182.515060
2136.255859	212.889587
2135.351563	212.844925
2134.447266	212.800262
2133.542969	226.570892
2132.637695	234.810776
2131.732422	229.237656
2130.827148	215.382904
2129.921875	207.055435
2129.015625	229.093201
2128.109375	229.045029
2127.204102	259.345856
2126.296875	245.499207
2125.390625	201.322159
2124.484375	215.066071
2123.577148	228.804184
2122.669922	250.804764
2121.762695	225.952301
2120.855469	245.189240
2119.947266	231.365784
2119.040039	264.362305
2118.131836	209.242691
2117.223633	258.745575
2116.315430	269.699127
2115.406250	258.636414
2114.498047	255.830933
2113.588867	250.276337
2112.679688	206.228134
2111.770508	250.170593
2110.860352	247.369186
2109.951172	250.064850
2109.041016	233.527664
2108.130859	263.693115
2107.220703	211.459091
2106.309570	205.923065
2105.399414	219.604767
2104.488281	219.558258
2103.577148	211.280060
2102.666016	216.721924
2101.753906	246.846069
2100.842773	205.661453
2099.930664	252.224548
2099.018555	227.502136
2098.106445	189.088150
2097.194336	249.324203
2096.281250	230.096542
2095.368164	232.786346
2094.455078	210.832245
2093.541992	246.374939
2092.628906	227.164139
2091.714844	243.533859
2090.800781	259.896576
2089.887695	221.548889
2088.972656	210.563385
2088.058594	224.188599
2087.143555	248.741684
2086.229492	204.963211
2085.314453	232.242157
2084.399414	256.777771
2083.483398	223.949860
2082.568359	202.057999
2081.652344	196.555038
2080.736328	240.182663
2079.820313	221.030045
2078.903320	231.895584
2077.987305	231.846054
2077.070313	229.069504
2076.153320	223.567688
2075.236328	231.697449
2074.319336	231.647903
2073.401367	231.598358
2072.483398	217.928284
2071.565430	193.369949
2070.647461	239.618484
2069.729492	231.400101
2068.810547	209.576370
2067.892578	209.531448
2066.973633	261.178009
2066.053711	206.721603
2065.134766	214.835571
2064.215820	209.351761
2063.295898	241.926071
2062.375977	255.462570
2061.456055	247.256393
2060.535156	222.754593
2059.615234	222.706726
2058.694336	271.535187
2057.773438	225.325745
2056.852539	230.705643
2055.930664	252.364792
2055.009766	241.458405
2054.087891	241.406418
2053.166016	227.795197
2052.244141	219.612320
2051.321289	230.407700
2050.399414	230.358032
2049.476563	260.112946
2048.553711	211.296188
2047.630859	230.208969
2046.707031	227.451523
2045.783203	265.302795
2044.860352	235.473038
2043.936523	224.598160
2043.011719	227.255020
2042.087891	221.796219
2041.163086	256.903442
2040.238281	270.366180
2039.313477	213.543045
2038.388672	289.166565
2037.463867	237.767731
2036.538086	226.910919
2035.612305	229.562485
2034.686523	216.011963
2033.760742	237.561630
2032.833984	248.306000
2031.907227	272.537628
2031.056641	226.822525
2030.980469	240.104797
2030.130859	248.424667
2030.053711	272.419312
2029.204102	240.283264
2029.126953	258.876953
2028.278320	242.941986
2028.199219	250.732529
2027.351563	240.201965
2027.272461	215.637009
2026.425781	205.081528
2026.344727	258.708130
2025.499023	259.006439
2025.416992	266.734741
2024.572266	237.382263
2024.488281	255.901871
2023.645508	240.039001
2023.560547	239.687454
2022.717773	207.638885
2022.631836	247.712845
2021.791016	215.692001
2021.703125	296.113892
2020.863281	266.873383
2020.774414	247.604904
2019.935547	242.570801
2019.844727	252.932465
2019.007813	239.834641
2018.916016	285.159515
2018.080078	274.819733
2017.986328	293.166107
2017.152344	247.834244
2017.056641	255.455978
2016.223633	255.872009
2016.126953	247.334946
2015.295898	253.135269
2015.196289	239.217422
2014.367188	228.859680
2014.265625	225.728912
2013.438477	258.432465
2013.335938	268.666168
2012.509766	253.005020
2012.405273	287.409943
2011.581055	277.181274
2011.473633	247.064789
2010.651367	269.061737
2010.542969	241.640930
2009.722656	220.592651
2009.611328	268.431183
2008.792969	204.416504
2008.679688	281.791016
2007.863281	260.855042
2007.748047	268.313629
2006.933594	282.320129
2006.816406	228.016617
2006.002930	279.583069
2005.883789	262.832123
2005.073242	225.778046
2004.952148	281.544098
2004.142578	274.111633
2004.019531	260.036072
2003.212891	263.316559
2003.085938	284.100769
2002.282227	300.881042
2002.153320	259.921936
2001.351563	260.539276
2001.220703	270.580963
2000.419922	268.550568
2000.287109	262.486237
1999.489258	289.984253
1999.353516	254.395020
1998.557617	308.725830
1998.419922	281.111633
1997.625977	273.778748
1997.485352	248.929840
1996.695313	260.312866
1996.550781	278.311920
1995.762695	297.831879
1995.617188	259.522247
1994.831055	305.828033
1994.682617	310.288177
1993.899414	257.494446
1993.747070	254.059372
1992.966797	241.358856
1992.812500	243.308517
1992.034180	249.360550
1991.876953	275.332458
1991.101563	257.359375
1990.941406	256.563965
1990.168945	268.035736
1990.005859	259.179321
1989.236328	276.028412
1989.070313	251.108047
1988.303711	225.071075
1988.133789	288.443451
1987.370117	273.252594
1987.198242	272.358643
1986.436523	278.561554
1986.261719	282.976868
1985.502930	238.342484
1985.325195	248.217285
1984.569336	257.043274
1984.387695	242.825577
1983.635742	243.612701
1983.451172	288.124878
1982.702148	270.335693
1982.513672	253.387100
1981.767578	289.020844
1981.576172	271.997498
1980.833008	254.186417
1980.638672	279.935425
1979.898438	259.491852
1979.700195	290.535278
1978.963867	275.494171
1978.761719	293.135773
1978.029297	320.907318
1977.824219	303.727905
1977.093750	294.112946
1976.885742	293.005798
1976.159180	259.308197
1975.946289	282.288391
1975.223633	275.299042
1975.007813	266.250702
1974.288086	269.905548
1974.068359	300.796509
1973.352539	293.904327
1973.128906	282.100403
1972.416992	285.837921
1972.189453	279.377014
1971.480469	245.723480
1971.250000	287.295319
1970.543945	267.043213
1970.309570	332.443787
1969.608398	283.015381
1969.369141	273.872742
1968.671875	226.905838
1968.428711	311.028931
1967.734375	250.886398
1967.488281	310.959686
1966.797852	264.184265
1966.547852	286.975769
1965.861328	261.468994
1965.606445	292.225006
1964.923828	272.092560
1964.665039	278.879852
1963.986328	304.049042
1963.723633	270.851440
1963.048828	295.994751
1962.782227	276.100647
1962.111328	250.617310
1961.839844	260.113708
1961.173828	274.563354
1960.898438	310.474579
1960.235352	266.518524
1959.956055	294.487000
1959.296875	266.470673
1959.012695	310.335846
1958.358398	255.765884
1958.070313	328.829407
1957.419922	282.357391
1957.127930	281.033264
1956.481445	274.316772
1956.184570	299.525024
1955.542969	319.534821
1955.241211	254.406769
1954.603516	322.139557
1954.297852	304.689880
1953.664063	340.714264
1953.353516	275.483887
1952.725586	266.135010
1952.409180	320.443085
1951.785156	266.086945
1951.465820	299.189667
1950.845703	271.359650
1950.520508	328.240662
1949.906250	313.869110
1949.576172	262.004303
1948.965820	316.471741
1948.631836	304.280121
1948.025391	321.732330
1947.686523	272.467926
1947.084961	265.846313
1946.741211	320.011780
1946.144531	324.273682
1945.795898	282.921997
1945.204102	287.009888
1944.849609	317.224335
1944.262695	273.672699
1943.904297	301.295319
1943.322266	316.127502
1942.958008	303.869873
1942.380859	289.509521
1942.011719	295.876190
1941.439453	273.523438
1941.065430	314.297638
1940.498047	300.024506
1940.118164	327.429596
1939.555664	326.515839
1939.170898	298.316162
1938.614258	273.373993
1938.223633	300.888245
1937.671875	313.128632
1937.276367	295.542786
1936.729492	323.684052
1936.329102	319.219666
1935.787109	281.182312
1935.380859	313.872406
1934.844727	302.348358
1934.432617	329.623413
1933.901367	328.809998
1933.484375	276.821075
1932.958984	291.632904
1932.536133	279.394257
1932.015625	312.785309
1931.587891	316.223816
1931.072266	344.530823
1930.638672	318.786835
1930.128906	331.218903
1929.689453	337.152679
1929.185547	272.874298
1928.740234	331.809479
1928.241211	238.390076
1927.791016	310.671753
1927.297852	286.015533
1926.840820	321.130188
1926.353516	299.201996
1925.890625	326.320557
1925.409180	352.093323
1924.940430	294.674255
1924.464844	322.913361
1923.990234	323.541992
1923.519531	304.329498
1923.040039	302.429871
1922.575195	306.919281
1922.088867	320.765717
1921.629883	330.670990
1921.137695	307.549652
1920.684570	317.385559
1920.186523	354.784241
1919.739258	327.904541
1919.235352	333.684021
1918.793945	309.336639
1918.283203	299.459198
1917.847656	319.853119
1917.331055	354.541931
1916.902344	261.649597
1916.378906	343.958588
1915.956055	295.952820
1915.426758	315.004730
1915.009766	322.317474
1914.474609	320.181732
1914.063477	301.126099
1913.521484	338.475555
1913.116211	324.838959
1912.568359	314.789093
1912.169922	293.092957
1911.615234	343.566254
1911.222656	303.598511
1910.662109	353.975891
1910.275391	298.263123
1909.708008	309.330414
1909.328125	324.597748
1908.753906	322.363861
1908.380859	300.790741
1907.799805	319.669861
1907.432617	321.838959
1906.845703	351.032379
1906.485352	311.228882
1905.891602	382.380493
1905.537109	303.259766
1904.936523	308.976410
1904.588867	345.388031
1903.981445	306.287720
1903.640625	321.599091
1903.026367	332.389893
1902.692383	334.716888
1902.071289	329.696960
1901.743164	321.479034
1901.115234	345.317474
1900.793945	318.784363
1900.159180	295.544769
1899.845703	329.261139
1899.203125	334.699432
1898.895508	355.535492
1898.247070	332.008209
1897.946289	352.835846
1897.290039	342.386383
1896.997070	257.995789
1896.333984	342.307556
1896.046875	347.439423
1895.376953	316.104401
1895.096680	334.216156
1894.419922	321.255219
1894.146484	328.891205
1893.461914	336.848511
1893.196289	310.415009
1892.504883	318.496460
1892.246094	331.397827
1891.546875	326.253021
1891.294922	328.705902
1890.588867	347.053070
1890.344727	360.193939
1889.629883	352.190521
1889.393555	352.240204
1888.671875	310.377686
1888.442383	312.751434
1887.712891	323.343994
1887.491211	294.298859
1886.753906	349.339264
1886.539063	331.023834
1885.794922	302.343109
1885.587891	302.067963
1884.835938	343.965942
1884.635742	307.263336
1883.875977	312.623871
1883.683594	312.456696
1882.916016	325.574371
1882.731445	291.396179
1881.956055	341.122803
1881.778320	330.711517
1880.996094	325.423340
1880.826172	341.145782
1880.035156	325.347778
1879.873047	285.983521
1879.074219	369.509216
1878.919922	333.147064
1878.113281	353.813904
1877.966797	312.102325
1877.152344	358.933594
1877.013672	343.509735
1876.191406	332.846466
1876.059570	338.201172
1875.229492	317.170441
1875.106445	322.409729
1874.267578	317.096588
1874.152344	348.555725
1873.305664	371.592194
1873.198242	379.932220
1872.342773	301.361145
1872.244141	327.465546
1871.380859	309.082855
1871.289063	340.499451
1870.417969	314.204193
1870.334961	353.528320
1869.455078	384.226135
1869.379883	337.751678
1868.491211	324.439514
1868.424805	316.745544
1867.528320	384.046600
1867.469727	371.647095
1866.564453	347.636566
1866.513672	345.408936
1865.600586	373.492188
1865.558594	345.343079
1864.636719	344.880768
1864.602539	316.504089
1863.671875	373.317291
1863.646484	355.672241
1862.708008	342.127319
1862.690430	352.989563
1861.743164	362.777252
1861.734375	332.008240
1860.778320	318.876068
1860.778320	383.417389
1859.821289	324.041565
1859.812500	336.706512
1858.864258	352.719696
1858.847656	346.985199
1857.907227	352.652161
1857.881836	352.081329
1856.950195	308.185059
1856.916016	385.645477
1855.993164	349.905823
1855.949219	367.441467
1855.035156	328.952820
1854.983398	315.614838
1854.077148	334.110199
1854.016602	385.373260
1853.119141	315.777924
1853.049805	336.152496
1852.161133	339.200409
1852.083008	382.606476
1851.203125	370.440033
1851.115234	343.747681
1850.244141	344.286530
1850.147461	379.841980
1849.286133	346.828064
1849.179688	356.502167
1848.327148	349.368561
1848.211914	317.676849
1847.368164	398.829102
1847.244141	366.662201
1846.408203	380.508728
1846.275391	371.738525
1845.449219	310.080933
1845.306641	340.679657
1844.489258	356.915100
1844.337891	356.080780
1843.530273	388.102905
1843.369141	405.010406
1842.570313	317.714203
1842.399414	392.019043
1841.609375	351.501129
1841.429688	348.092255
1840.649414	380.068573
1840.459961	404.722321
1839.688477	327.941010
1839.490234	358.235962
1838.728516	356.501831
1838.519531	337.537842
1837.767578	353.831207
1837.549805	373.521790
1836.805664	353.762726
1836.579102	406.913147
1835.844727	348.492859
1835.607422	404.241516
1834.882813	377.027466
1834.636719	370.681000
1833.921875	395.152222
1833.665039	409.196106
1832.959961	397.674805
1832.693359	383.369110
1831.998047	418.387085
1831.721680	416.717987
1831.035156	381.931488
1830.749023	403.759949
1830.073242	381.857361
1829.777344	367.668060
1829.110352	399.963348
1828.804688	367.580200
1828.147461	399.885651
1827.832031	424.029602
1827.184570	386.827148
1826.858398	459.897858
1826.221680	378.964966
1825.885742	372.453796
1825.258789	397.057251
1824.912109	390.340820
1824.294922	396.979980
1823.938477	369.707947
1823.331055	396.902679
1822.963867	402.987701
1822.367188	365.701782
1821.990234	420.854340
1821.403320	360.444275
1821.015625	382.269775
1820.438477	373.337097
1820.041016	359.093384
1819.474609	368.080017
1819.066406	359.007080
1818.509766	386.149445
1818.090820	389.685394
1817.544922	378.300751
1817.115234	410.096436
1816.580078	380.817444
1816.139648	353.623016
1815.614258	341.891724
1815.164063	368.909058
1814.649414	339.235291
1814.187500	389.310150
1813.683594	372.826935
1813.211914	381.534332
1812.717773	372.753967
1812.235352	363.522156
1811.751953	370.092957
1811.257813	404.384735
1810.786133	344.144928
1810.281250	386.375580
1809.819336	354.425690
1809.303711	414.421936
1808.852539	385.394714
1808.326172	414.321686
1807.885742	369.802948
1807.348633	363.082947
1806.918945	382.658051
1806.371094	388.558044
1805.952148	382.582947
1805.392578	419.132050
1804.984375	361.831726
1804.414063	319.382935
1804.017578	413.440765
1803.435547	424.037628
1803.049805	356.522583
1802.456055	411.165558
1802.082031	395.197327
1801.477539	390.640045
1801.113281	351.217438
1800.498047	423.728668
1800.145508	353.730316
1799.518555	393.002045
1799.176758	384.638275
1798.538086	415.868469
1798.208008	397.467316
1797.558594	354.549927
1797.239258	399.969482
1796.578125	405.465485
1796.270508	384.411011
1795.597656	336.530762
1795.301758	410.129547
1794.616211	412.914246
1794.332031	368.785889
1793.635742	379.686432
1793.362305	384.183624
1792.654297	361.760406
1792.392578	363.484558
1791.672852	348.937042
1791.422852	368.567566
1790.690430	425.242584
1790.452148	394.263611
1789.708984	430.229980
1789.482422	376.151062
1788.726563	402.128326
1788.511719	373.500824
1787.744141	407.118774
1787.541016	378.577667
1786.760742	424.826019
1786.569336	383.652466
1785.778320	412.005554
1785.598633	422.191620
1784.794922	378.850311
1784.626953	411.812714
1783.811523	399.093201
1783.656250	432.317688
1782.828125	396.453705
1782.684570	409.076721
1781.843750	373.489471
1781.711914	439.863220
1780.859375	414.039459
1780.740234	447.491333
1779.875000	454.569366
1779.767578	390.834412
1778.890625	411.296570
1778.795898	424.176849
1777.905273	408.656860
1777.823242	424.092621
1776.919922	454.233093
1776.849609	472.833588
1775.934570	378.011261
1775.876953	439.339539
1774.949219	421.035980
1774.903320	472.645660
1773.962891	471.646545
1773.929688	408.346283
1772.977539	430.968140
1772.956055	382.588013
1771.991211	438.464874
1771.982422	474.930817
1771.008789	426.069305
1771.003906	456.093170
1770.034180	423.418274
1770.017578	430.647858
1769.060547	418.202606
1769.030273	448.269196
1768.085938	448.901031
1768.042969	432.966095
1767.110352	430.859070
1767.054688	450.577911
1766.135742	458.978516
1766.067383	452.996613
1765.160156	422.996338
1765.079102	445.293701
1764.185547	469.047729
1764.090820	442.653381
1763.209961	474.079254
1763.102539	429.899048
1762.233398	438.115448
1762.113281	412.094574
1761.257813	461.082001
1761.124023	472.653168
1760.281250	412.329803
1760.134766	464.954407
1759.305664	437.852753
1759.145508	421.891266
1758.329102	463.365479
1758.155273	434.414154
1757.351563	445.356110
1757.165039	446.930664
1756.375000	445.266968
1756.174805	456.916443
1755.397461	442.619293
1755.184570	444.183167
1754.420898	429.740723
1754.193359	451.641266
1753.443359	442.441925
1753.202148	433.870483
1752.464844	434.682373
1751.487305	447.377411
1750.509766	490.738434
1749.531250	467.641205
1748.552734	398.564911
1747.574219	467.453400
1746.594727	464.805603
1745.616211	446.838654
1744.636719	477.383026
1743.657227	433.897278
1742.677734	449.120911
1741.697266	438.825287
1740.717773	448.940125
1739.737305	430.997742
1738.756836	448.759277
1737.775391	415.528534
1736.794922	451.127106
1735.813477	466.325500
1734.833008	443.302002
1733.851563	481.420502
1732.869141	504.243469
1731.887695	460.856750
1730.905273	453.126678
1729.922852	473.396240
1728.940430	529.282349
1727.958008	437.587250
1726.975586	475.652710
1725.992188	434.867126
1725.008789	470.375061
1724.025391	472.821838
1723.041992	480.350677
1722.057617	551.401978
1721.074219	505.561096
1720.089844	477.518677
1719.105469	472.342865
1718.120117	525.565247
1717.135742	451.843597
1716.150391	484.744965
1715.165039	471.959442
1714.179688	525.138489
1713.194336	530.104553
1712.208008	494.494598
1711.222656	519.747559
1710.236328	534.850891
1709.250000	517.001770
1708.262695	549.836060
1707.276367	450.925751
1706.289063	531.882690
1705.301758	519.113037
1704.314453	501.285034
1703.327148	526.495117
1702.338867	508.672760
1701.350586	528.810547
1700.362305	589.414917
1699.374023	510.890594
1698.385742	551.244568
1697.396484	518.266296
1696.407227	551.019409
1695.417969	528.162903
1694.428711	558.373901
1693.439453	538.051208
1692.449219	537.941101
1691.458984	568.131409
1690.468750	560.441589
1689.478516	530.038879
1688.487305	552.641602
1687.497070	544.959534
1686.505859	585.206909
1685.514648	519.516846
1684.522461	552.188660
1683.531250	574.763428
1682.539063	534.319458
1681.546875	524.130371
1680.554688	534.100159
1679.562500	513.839844
1678.569336	531.362427
1677.576172	563.984497
1676.583008	508.488617
1675.589844	513.417603
1674.596680	515.828186
1673.602539	510.690643
1672.608398	558.374329
1671.614258	525.568542
1670.620117	492.776184
1669.625977	555.515869
1668.630859	522.730713
1667.635742	560.312134
1666.640625	482.321777
1665.645508	522.407471
1664.649414	509.744446
1663.654297	547.297363
1662.658203	527.104248
1661.662109	607.299500
1660.665039	531.904541
1659.668945	499.184631
1658.671875	559.272217
1657.674805	591.753174
1656.677734	629.234497
1655.679688	533.861511
1654.682617	596.397888
1653.684570	553.683472
1652.686523	578.617188
1651.688477	540.932678
1650.689453	565.858643
1649.691406	550.721741
1648.692383	555.613098
1647.693359	630.565247
1646.693359	567.891418
1645.694336	580.279663
1644.694336	540.148315
1643.694336	570.038269
1642.694336	594.916382
1641.694336	544.810303
1640.693359	582.176331
1639.692383	572.063049
1638.691406	591.924744
1637.690430	574.322327
1636.689453	624.133606
1635.687500	594.051636
1634.685547	586.441589
1633.683594	626.239197
1632.681641	583.703064
1631.678711	601.039124
1630.676758	640.808655
1629.673828	560.902405
1628.670898	568.262695
1627.666992	573.127991
1626.664063	587.956543
1625.660156	612.742188
1624.656250	570.279236
1623.652344	644.853699
1622.647461	619.826538
1621.643555	612.230896
1620.638672	584.732605
1619.633789	574.659668
1618.628906	611.847351
1617.623047	599.286194
1616.617188	626.508545
1615.611328	628.863159
1614.605469	556.663574
1613.599609	660.899719
1612.592773	576.303223
1611.586914	538.929382
1610.580078	630.688538
1609.572266	546.151245
1608.565430	598.158569
1607.557617	598.033203
1606.549805	662.412476
1605.541992	625.067261
1604.534180	602.617004
1603.526367	632.243225
1602.517578	585.012146
1601.508789	651.804688
1600.500000	678.923950
1599.490234	651.531067
1598.481445	648.917480
1597.471680	638.876099
1596.461914	599.129944
1595.452148	633.657166
1594.441406	655.796265
1593.430664	643.287415
1592.420898	660.467773
1591.409180	694.952759
1590.398438	655.244568
1589.387695	630.385681
1588.375977	719.229797
1587.364258	684.483521
1586.352539	711.515198
1585.339844	726.185425
1584.328125	656.886414
1583.315430	644.403015
1582.302734	708.447021
1581.289063	713.233459
1580.276367	695.811035
1579.262695	668.528381
1578.249023	683.185486
1577.235352	675.643677
1576.220703	668.104980
1575.207031	677.823059
1574.192383	675.215515
1573.177734	643.043823
1572.163086	633.054871
1571.147461	667.399170
1570.131836	647.560364
1569.117188	657.270081
1568.100586	649.747498
1567.084961	669.295105
1566.068359	666.693237
1565.052734	622.279236
1564.036133	619.688293
1563.018555	599.888489
1562.001953	616.967651
1560.984375	631.581909
1559.966797	651.103943
1558.949219	641.139954
1557.931641	586.972900
1556.913086	635.957031
1555.894531	633.367065
1554.875977	618.506287
1553.857422	603.651672
1552.837891	630.510254
1551.819336	632.829102
1550.799805	598.362366
1549.780273	627.656555
1548.759766	676.548279
1547.740234	600.431458
1546.719727	612.554810
1545.699219	656.518982
1544.678711	614.743225
1543.657227	602.369080
1542.636719	612.033325
1541.615234	655.959961
1540.593750	665.608521
1539.571289	618.981873
1538.549805	616.403870
1537.527344	638.282104
1536.504883	640.591003
1535.481445	640.454346
1534.458984	650.093506
1533.435547	654.841614
1532.412109	635.158447
1531.388672	581.290100
1530.365234	588.491516
1529.340820	576.159058
1528.316406	605.325867
1527.291992	632.039856
1526.267578	658.742371
1525.243164	590.302063
1524.217773	624.318115
1523.192383	614.431641
1522.166992	643.552551
1521.140625	619.042969
1520.115234	653.023560
1519.088867	596.852600
1518.062500	662.486267
1517.036133	655.039001
1516.008789	642.725708
1514.981445	664.494324
1513.954102	659.484741
1512.926758	603.384277
1511.899414	693.256470
1510.871094	644.468567
1509.842773	671.075989
1508.814453	687.948242
1507.786133	622.179932
1506.756836	617.186523
1505.727539	617.053894
1504.698242	660.640076
1503.668945	614.360291
1502.639648	655.500366
1501.609375	621.377747
1500.579102	618.817322
1499.548828	686.618103
1498.518555	589.442627
1497.487305	625.693237
1496.456055	649.804932
1495.424805	654.513123
1494.393555	647.101318
1493.361328	688.154114
1492.330078	746.147095
1491.297852	690.279419
1490.264648	586.005554
1489.232422	631.877869
1488.199219	680.150757
1487.166016	646.124756
1486.132813	667.759949
1485.099609	626.494507
1484.065430	669.889893
1483.032227	662.491516
1481.998047	669.600342
1480.962891	698.457214
1479.928711	647.564148
1478.893555	705.402344
1477.858398	676.266846
1476.823242	659.217468
1475.788086	700.116028
1474.751953	668.586670
1473.715820	694.986511
1472.679688	651.408630
1471.643555	668.152161
1470.606445	646.303162
1469.569336	689.562012
1468.532227	723.159912
1467.495117	657.932739
1466.458008	693.932251
1465.419922	688.963684
1464.381836	770.701111
1463.343750	703.112000
1462.305664	712.588867
1461.266602	734.095886
1460.227539	695.434753
1459.188477	724.153442
1458.149414	757.670227
1457.109375	692.576355
1456.069336	817.446960
1455.029297	795.635498
1453.989258	800.268677
1452.949219	761.651489
1451.908203	713.442322
1450.867188	773.327881
1449.826172	787.566040
1448.784180	710.575439
1447.743164	756.021790
1446.701172	779.852356
1445.659180	784.480286
1444.617188	760.324158
1443.574219	714.596619
1442.531250	755.197327
1441.488281	817.352539
1440.445313	745.281860
1439.401367	816.995422
1438.358398	804.840088
1437.314453	814.243469
1436.269531	833.219910
1435.225586	811.493530
1434.180664	849.608215
1433.135742	823.102173
1432.090820	820.529724
1431.045898	834.700195
1430.000000	906.252441
1428.954102	894.100647
1427.908203	920.196045
1426.862305	908.046326
1425.816406	955.628662
1424.769531	938.699219
1423.722656	981.477722
1422.674805	962.162354
1421.627930	988.207886
1420.580078	921.170227
1419.532227	949.599060
1418.484375	942.234253
1417.436523	901.484253
1416.387695	927.513977
1415.338867	929.693909
1414.290039	953.322449
1413.241211	914.988220
1412.191406	943.373962
1411.141602	855.042236
1410.091797	878.666016
1409.041992	937.989624
1407.991211	871.138489
1406.940430	918.539246
1405.889648	925.474121
1404.838867	870.562561
1403.788086	944.090515
1402.736328	908.219177
1401.684570	922.280823
1400.632813	891.182922
1399.580078	955.137146
1398.528320	928.796387
1397.475586	878.718018
1396.421875	876.149414
1395.369141	947.171631
1394.315430	894.748779
1393.261719	913.533386
1392.208008	863.513184
1391.154297	889.411499
1390.099609	863.130981
1389.045898	848.715576
1387.990234	919.633301
1386.935547	902.841858
1385.880859	897.903503
1384.825195	909.547546
1383.769531	871.456421
1382.712891	842.852356
1381.657227	868.702759
1380.600586	944.238342
1379.543945	958.224609
1378.487305	870.489746
1377.429688	863.201599
1376.373047	879.560669
1375.315430	914.823425
1374.257813	874.442932
1373.199219	890.788269
1372.140625	902.401611
1371.082031	859.688721
1370.023438	852.413574
1368.964844	882.913269
1367.905273	849.673767
1366.845703	804.650513
1365.786133	849.295105
1364.726563	801.933228
1363.666016	832.409668
1362.605469	829.866455
1361.544922	815.538940
1360.484375	803.574280
1359.422852	763.342957
1358.361328	869.168640
1357.299805	878.394226
1356.238281	833.463928
1355.176758	797.969238
1354.114258	800.144165
1353.051758	821.140747
1351.988281	872.707886
1350.925781	865.457153
1349.862305	808.833191
1348.798828	876.823242
1347.735352	886.027649
1346.670898	902.276855
1345.607422	897.376282
1344.542969	883.083252
1343.477539	894.625671
1342.413086	971.894775
1341.347656	920.041626
1340.282227	950.339783
1339.216797	914.936462
1338.150391	942.876465
1337.084961	898.110779
1336.018555	937.763794
1334.952148	939.896790
1333.884766	949.058777
1332.817383	967.587830
1331.750000	976.739197
1330.682617	983.544556
1329.615234	922.450623
1328.546875	990.123596
1327.478516	954.797546
1326.410156	954.582275
1325.341797	977.758301
1324.272461	937.781372
1323.203125	979.655151
1322.133789	998.134399
1321.063477	902.091003
1319.994141	946.280640
1318.923828	929.714966
1317.853516	899.144104
1316.782227	905.945496
1315.711914	917.412415
1314.640625	863.526184
1313.569336	933.330505
1312.497070	905.125549
1311.425781	886.262329
1311.421875	909.213623
1310.353516	778.801453
1310.349609	902.219666
1309.281250	848.561279
1309.277344	916.044006
1308.208008	813.408569
1308.204102	822.660950
1307.135742	829.535156
1307.130859	904.066162
1306.062500	840.995056
1306.057617	815.377625
1304.988281	896.702515
1304.984375	808.243835
1303.915039	808.013306
1303.911133	840.702271
1302.840820	793.861511
1302.837891	803.297058
1301.767578	800.663635
1301.763672	819.448608
1300.692383	821.424500
1300.689453	782.060303
1299.618164	839.849304
1299.615234	830.789551
1298.542969	781.510193
1298.541016	835.293396
1297.468750	811.562500
1297.465820	821.184998
1296.392578	781.154541
1296.391602	755.912109
1295.317383	785.625305
1295.316406	758.101135
1294.241211	764.532104
1294.241211	813.765137
1293.166016	736.905396
1293.165039	738.801880
1292.089844	815.794922
1292.088867	792.056641
1291.013672	762.200134
1291.012695	759.364990
1289.938477	773.678772
1289.935547	777.765320
1288.862305	806.059509
1288.858398	712.595398
1287.785156	805.913086
1287.781250	728.677124
1286.708984	822.021240
1286.704102	779.552917
1285.631836	759.186584
1285.625977	823.446594
1284.554688	740.478394
1284.547852	832.534607
1283.477539	747.305969
1283.469727	818.433228
1282.400391	768.053284
1282.391602	764.932617
1281.323242	777.193054
1281.312500	736.948242
1280.245117	709.783997
1280.233398	685.807434
1279.166992	774.589905
1279.154297	711.130676
1278.088867	776.766907
1278.075195	782.759399
1277.010742	744.168701
1276.995117	706.174316
1275.931641	746.350220
1275.915039	754.623169
1274.853516	760.117920
1274.834961	747.507385
1273.774414	727.540344
1273.753906	726.512329
1272.695313	718.140381
1272.673828	703.213623
1271.615234	778.228455
1271.592773	712.302917
1270.536133	743.349304
1270.510742	769.942932
1269.456055	729.320618
1269.429688	730.468689
1268.375977	736.130859
1268.347656	716.434387
1267.295898	698.963928
1267.265625	769.412292
1266.215820	728.917236
1266.183594	725.345093
1265.134766	701.019470
1265.101563	727.487732
1264.054688	710.142578
1264.018555	708.848694
1262.973633	691.509338
1262.935547	680.984436
1261.892578	640.510437
1261.852539	733.909119
1260.810547	705.124573
1260.768555	662.211914
1259.729492	665.699097
1259.684570	696.661743
1258.647461	704.863037
1258.600586	740.320740
1257.565430	658.520203
1257.516602	719.398132
1256.483398	665.328369
1256.432617	714.621643
1255.401367	702.160461
1255.347656	700.628540
1254.318359	688.173950
1254.262695	714.291748
1253.235352	724.987854
1253.177734	617.374084
1252.152344	697.151367
1252.091797	702.446228
1251.069336	678.557251
1251.005859	676.955566
1249.986328	768.426453
1249.919922	679.101074
1248.902344	703.682617
1248.833984	683.546997
1247.818359	708.164490
1247.747070	745.515076
1246.734375	714.950928
1246.660156	706.234985
1245.650391	698.676086
1245.573242	740.570007
1244.566406	716.988647
1244.486328	701.309021
1243.481445	737.599243
1243.398438	735.629089
1242.396484	744.374573
1242.311523	710.177124
1241.311523	755.755493
1241.222656	710.012390
1240.226563	709.539490
1240.134766	771.873108
1239.141602	766.987793
1239.045898	728.056458
1238.055664	693.152832
1237.958008	707.221802
1236.969727	769.001526
1236.868164	681.805420
1235.883789	725.119324
1235.779297	778.041443
1234.797852	704.268799
1234.689453	725.085327
1233.710938	745.555725
1233.599609	685.917969
1232.624023	713.205688
1232.509766	701.812927
1231.537109	738.373474
1231.419922	719.993286
1230.450195	724.435120
1230.329102	678.561707
1229.363281	712.801270
1229.238281	696.738831
1228.275391	721.862061
1228.147461	749.277954
1227.188477	664.263062
1227.055664	671.214783
1226.100586	631.964417
1225.964844	664.187317
1225.011719	730.642029
1224.872070	654.873230
1223.923828	634.021790
1223.780273	675.323425
1222.834961	647.681824
1222.688477	668.299561
1221.747070	698.077454
1221.595703	700.177673
1220.657227	670.394226
1220.502930	672.562500
1219.568359	651.903137
1219.409180	686.127747
1218.479492	690.793945
1218.316406	688.253784
1217.389648	642.476501
1217.222656	678.948608
1216.299805	692.824646
1216.128906	671.933167
1215.209961	701.867188
1215.035156	648.926208
1214.120117	655.868225
1213.940430	616.792297
1213.029297	676.378174
1212.845703	717.138428
1211.938477	690.003052
1211.750977	680.436707
1210.847656	701.330627
1210.655273	662.014587
1209.756836	705.779358
1209.560547	691.528748
1208.666016	749.174072
1208.464844	748.409729
1207.574219	749.030457
1207.369141	736.827881
1206.482422	755.757263
1206.272461	679.638062
1205.390625	691.499634
1205.175781	663.517334
1204.298828	714.259766
1204.079102	679.318420
1203.207031	711.833618
1202.982422	690.553772
1202.114258	670.505249
1201.885742	624.314148
1201.021484	663.512268
1200.788086	703.896484
1199.928711	661.096985
1199.690430	660.459106
1198.835938	672.405029
1198.591797	719.502991
1197.742188	690.568604
1197.494141	653.318542
1196.648438	695.007751
1196.395508	623.578552
1195.554688	733.731628
1195.296875	689.414917
1194.460938	717.592590
1194.197266	666.504517
1193.367188	731.163208
1193.098633	689.089233
1192.272461	701.323975
1191.999023	679.831604
1191.177734	737.732300
1190.899414	725.133789
1190.083008	689.634644
1189.798828	720.416992
1188.988281	757.994507
1188.698242	665.716736
1187.893555	703.063354
1187.597656	710.989746
1186.797852	744.007080
1186.497070	690.382385
1185.702148	657.154724
1185.396484	728.816467
1184.606445	684.403198
1184.294922	656.006287
1183.509766	629.528564
1183.193359	671.736328
1182.414063	706.941650
1182.090820	657.963867
1181.317383	638.403687
1180.989258	664.612488
1180.220703	604.085876
1179.886719	598.689514
1179.124023	622.201172
1178.784180	573.607727
1178.026367	601.571716
1177.680664	544.004456
1176.929688	624.236755
1176.578125	616.391724
1175.832031	605.892578
1175.474609	641.166687
1174.734375	612.606262
1174.371094	570.796936
1173.635742	621.594177
1173.266602	554.809265
1172.538086	582.772888
1172.162109	606.748779
1171.439453	584.934875
1171.057617	556.808228
1170.340820	559.789124
1169.953125	561.201233
1169.242188	573.330200
1168.848633	570.116760
1168.142578	527.724365
1167.743164	624.264526
1167.043945	607.218872
1166.637695	626.376709
1165.944336	588.909485
1165.531250	542.579346
1164.844727	575.153809
1164.425781	551.490417
1163.744141	590.951050
1163.319336	569.435852
1162.644531	549.930969
1162.211914	587.372559
1161.543945	611.166687
1161.105469	600.783447
1160.443359	572.430115
1159.998047	559.994751
1159.342773	579.130737
1158.890625	575.663025
1158.241211	572.204651
1157.783203	580.038940
1157.140625	587.983337
1156.675781	573.130493
1156.039063	558.360535
1155.567383	600.063477
1154.937500	599.097961
1154.458984	597.664063
1153.835938	580.828796
1153.349609	593.010864
1152.733398	605.666565
1152.241211	590.614075
1151.630859	594.207031
1151.131836	622.024048
1150.528320	562.344299
1150.022461	608.355347
1149.425781	603.040283
1148.912109	585.682678
1148.323242	582.521301
1147.801758	619.322876
1147.219727	607.333801
1146.691406	592.155151
1146.116211	570.961914
1145.581055	632.530396
1145.012695	620.684692
1144.470703	623.375977
1143.909180	645.474609
1143.359375	629.975342
1142.804688	591.001526
1142.248047	578.087769
1141.700195	647.482239
1141.135742	611.680481
1140.595703	583.976318
1140.024414	622.774109
1139.491211	656.276978
1138.912109	591.155212
1138.386719	626.732971
1137.798828	633.708862
1137.281250	592.676392
1136.686523	656.022034
1136.175781	599.343384
1135.573242	671.585938
1135.070313	644.448425
1134.459961	648.967590
1133.963867	642.059143
1133.346680	664.525452
1132.858398	598.985046
1132.232422	671.097717
1131.751953	605.645081
1131.118164	581.177673
1130.645508	632.637207
1130.003906	603.470459
1129.539063	605.403259
1128.889648	652.666382
1128.431641	693.364380
1127.774414	609.904175
1127.325195	605.161194
1126.659180	636.656921
1126.217773	618.585815
1125.543945	643.225647
1125.109375	659.090881
1124.428711	591.533936
1124.001953	638.648499
1123.312500	638.432312
1122.893555	654.314331
1122.196289	636.037170
1121.786133	624.857727
1121.079102	617.969971
1120.677734	613.455627
1119.962891	606.626892
1119.568359	595.293335
1118.845703	619.906494
1118.459961	676.333923
1117.728516	619.755127
1117.350586	617.594238
1116.610352	588.288025
1116.241211	576.906372
1115.492188	550.127380
1115.131836	619.599060
1114.374023	619.300903
1114.021484	583.432251
1113.255859	549.858276
1112.912109	565.297363
1112.136719	572.070190
1111.801758	641.742310
1111.018555	580.866516
1110.691406	587.582458
1109.898438	567.322876
1109.580078	616.724670
1108.779297	571.649780
1108.469727	636.853577
1107.659180	569.277100
1107.358398	548.978516
1106.539063	589.224609
1106.247070	548.867737
1105.418945	562.303589
1105.134766	553.254883
1104.297852	544.318909
1104.023438	571.131470
1103.177734	553.106201
1102.911133	485.588440
1102.055664	584.186218
1101.798828	534.938354
1100.934570	555.063232
1100.686523	555.054749
1099.812500	550.469360
1099.574219	527.981628
1098.690430	559.246033
1098.460938	530.120972
1097.568359	519.012817
1097.347656	538.996826
1096.446289	516.657837
1096.234375	505.207123
1095.323242	565.511658
1095.121094	563.472290
1094.200195	531.983948
1094.006836	536.424500
1093.076172	600.837585
1092.892578	534.071655
1091.953125	540.620178
1091.778320	558.642151
1090.829102	529.365417
1090.664063	524.882324
1089.704102	531.458130
1089.548828	491.136169
1088.580078	531.326538
1088.434570	455.161469
1087.455078	540.085205
1087.319336	540.254150
1086.330078	542.173401
1086.203125	517.731567
1085.204102	568.696594
1085.087891	535.552612
1084.079102	535.241699
1083.971680	537.683838
1082.953125	510.684814
1082.855469	559.973145
1081.827148	530.536316
1081.739258	515.070251
1080.700195	539.281555
1080.623047	541.832886
1079.573242	599.052673
1079.505859	566.346069
1078.446289	585.594666
1078.388672	539.373596
1077.319336	536.661499
1077.271484	543.738647
1076.191406	594.171326
1076.154297	572.710449
1075.063477	574.074707
1075.036133	581.540161
1073.935547	598.307007
1073.918945	563.531311
1072.806641	582.649963
1072.800781	626.017761
1071.681641	556.594666
1071.677734	562.570862
1070.563477	543.071472
1070.548828	573.501831
1069.444336	585.413879
1069.419922	597.709595
1068.325195	589.761719
1068.290039	601.986511
1067.206055	582.940308
1067.160156	550.945374
1066.086914	580.587646
1066.030273	566.291931
1064.966797	544.747375
1064.899414	610.380554
1063.846680	549.099731
1063.768555	519.577820
1062.726563	593.619995
1062.637695	568.076660
1061.606445	548.874084
1061.506836	578.983398
1060.485352	571.068542
1060.375000	550.117065
1059.364258	570.951111
1059.243164	561.022583
1058.243164	606.510681
1058.111328	567.506104
1057.122070	541.734375
1056.978516	562.948120
1056.000000	568.369629
1055.845703	529.700134
1054.877930	554.881836
1054.712891	511.914551
1053.755859	583.731201
1053.580078	533.845276
1052.633789	556.880554
1052.446289	527.094421
1051.511719	525.586792
1051.312500	557.829468
1050.388672	592.276428
1050.177734	566.505859
1049.265625	545.405090
1049.043945	509.065399
1048.142578	569.774963
1047.909180	535.375000
1047.018555	554.080627
1046.774414	524.226440
1045.895508	540.617493
1045.638672	563.731140
1044.771484	542.729980
1044.502930	552.580811
1043.646484	547.065369
1043.367188	550.239868
1042.522461	560.292419
1042.231445	629.314880
1041.397461	562.399353
1041.094727	576.359009
1040.273438	560.060364
1039.958008	527.828430
1039.147461	591.052307
1038.821289	591.457458
1038.022461	579.822083
1037.683594	562.731018
1036.896484	570.817505
1036.545898	630.713806
1035.771484	608.449585
1035.408203	608.582825
1034.645508	603.882935
1034.269531	604.034912
1033.518555	597.098450
1033.131836	608.272888
1032.392578	579.220520
1031.992188	601.531738
1031.265625	614.600586
1030.853516	647.469360
1030.138672	614.472778
1029.713867	607.807617
1029.011719	640.959229
1028.574219	627.395630
1027.883789	600.912842
1027.434570	607.497131
1026.755859	600.787720
1026.294922	581.030945
1025.627930	613.961426
1025.154297	622.530457
1024.500000	635.993591
1024.012695	593.882324
1023.372070	580.472473
1022.872070	641.929688
1022.243164	613.577698
1021.730469	571.674744
1021.114258	640.025208
1020.588867	630.651733
1019.985352	639.891663
1019.447266	604.219421
1018.855469	579.988342
1018.304688	575.612000
1017.726563	624.131897
1017.162109	595.156738
1016.596680	568.682251
1016.019531	605.941284
1015.466797	599.535767
1014.875977	531.429016
1014.335938	581.715698
1013.732422	625.306885
1013.206055	581.594055
1012.588867	592.358459
1012.075195	588.105164
1011.445313	616.243591
1010.944336	612.297119
1010.300781	578.944763
1009.812500	625.428955
1009.156250	591.900146
1008.681641	594.364502
1008.010742	626.684387
1007.549805	642.839539
1006.866211	571.947266
1006.417969	598.532654
1005.720703	646.002319
1005.285156	624.904907
1004.574219	632.743896
1004.153320	646.850647
1003.428711	626.036133
1003.020508	609.192261
1002.282227	593.162720
1001.887695	602.444153
1001.135742	571.207092
1000.753906	597.905090
999.988281	575.418152
999.621094	586.750366
998.840820	531.687805
998.487305	575.600220
997.693359	572.940796
997.353516	562.249878
996.545898	572.791870
996.219727	557.722778
995.397461	544.337280
995.084961	584.053162
994.249023	518.074219
993.950195	566.302185
993.100586	548.406250
992.815430	519.919006
991.951172	487.345184
991.680664	508.796631
990.801758	526.369507
990.545898	550.529724
989.652344	517.534058
989.410156	570.228577
988.274414	572.309570
987.138672	550.181641
986.001953	580.869263
984.865234	558.748718
983.728516	558.630798
982.591797	556.313965
981.455078	593.569336
980.317383	567.068665
979.179688	566.948792
978.041992	573.419922
976.903320	593.067566
975.765625	584.157776
974.626953	623.555237
973.487305	590.495911
972.348633	585.981445
971.208984	607.799561
970.069336	631.802063
968.929688	655.794312
967.790039	592.063232
966.649414	664.285522
965.508789	622.498535
964.368164	628.940674
963.226563	644.143860
962.085938	630.864014
960.944336	643.870117
959.802734	617.458435
958.660156	691.756653
957.517578	615.007202
956.375977	612.688110
955.232422	612.557678
954.089844	618.989014
952.946289	642.911682
951.802734	590.303284
950.659180	583.619934
949.515625	572.568604
948.371094	565.891785
947.226563	546.111023
946.082031	570.018250
944.937500	572.080078
943.791992	528.296997
942.646484	528.184143
941.500977	562.985046
940.354492	565.046326
939.208984	547.476074
938.062500	564.804688
936.916016	492.735718
935.768555	579.821472
934.621094	570.980042
933.474609	542.532776
932.326172	557.665222
931.178711	533.588623
930.030273	618.394653
928.881836	603.023193
927.733398	578.952209
926.584961	591.884277
925.435547	626.566467
924.286133	609.031067
923.136719	617.598877
921.986328	669.646423
920.836914	628.202026
919.686523	608.507813
918.535156	621.413635
917.384766	627.796875
916.233398	658.067566
915.082031	625.355347
913.930664	620.878906
912.779297	594.699951
911.626953	637.971252
910.474609	616.138733
909.322266	631.189209
908.168945	624.547424
907.015625	648.261780
905.862305	645.954346
904.708984	593.802979
903.555664	652.175598
902.401367	580.549255
901.247070	645.396667
900.091797	640.926636
898.937500	619.139893
897.782227	612.513000
896.626953	631.855530
895.471680	610.084656
894.315430	642.396912
893.159180	661.720276
892.002930	668.063049
890.846680	650.625977
889.689453	723.961731
888.532227	758.374695
887.375000	769.011047
886.217773	872.508667
885.059570	896.070740
883.901367	891.558899
882.743164	897.840210
881.584961	843.700317
880.425781	843.517151
879.266602	765.686829
878.107422	765.520508
876.948242	735.171143
875.788086	728.544983
874.627930	696.061768
873.467773	710.992004
872.307617	663.448181
871.146484	641.768005
869.985352	628.709595
868.824219	639.335938
867.662109	624.131470
866.500000	619.692078
865.337891	626.010742
864.175781	640.929688
863.013672	619.286926
861.850586	623.451538
860.687500	616.867432
859.523438	573.754944
858.360352	595.113953
857.196289	573.504456
856.032227	586.264160
854.868164	594.724182
853.703125	560.249390
852.538086	549.396545
851.373047	551.422058
850.208008	589.914001
849.041992	579.061646
847.875977	593.944336
846.709961	617.395447
845.542969	561.535400
844.376953	567.840820
843.209961	533.439209
842.041992	621.138428
840.875000	610.295349
839.707031	614.443420
838.539063	610.027771
837.371094	701.913086
836.202148	755.246826
835.034180	825.669373
833.865234	917.446655
832.695313	1051.945557
831.526367	1276.165771
830.356445	1442.584106
829.186523	1698.670044
828.015625	1822.197632
826.845703	1806.846680
825.674805	1735.984985
824.503906	1592.570679
823.332031	1434.278809
822.160156	1224.843506
820.988281	1128.570679
819.816406	1074.998779
818.644531	948.946594
817.471680	908.229675
816.298828	848.346802
815.125977	762.917603
813.952148	737.182373
812.778320	711.458374
811.604492	658.060303
810.430664	698.369446
809.255859	696.086548
808.081055	636.342285
806.906250	648.968384
805.731445	627.552063
804.555664	589.130554
803.379883	584.747620
802.204102	552.730103
801.028320	654.627747
799.851563	607.734192
798.674805	601.226318
797.498047	607.465271
796.320313	588.218994
795.142578	594.457947
793.964844	624.042603
792.787109	662.102600
791.608398	621.644470
790.429688	644.839661
789.250977	587.437500
788.072266	667.876404
786.892578	661.368958
785.712891	669.699463
784.533203	642.005981
783.353516	699.059265
782.172852	635.367310
780.992188	630.991333
779.810547	605.447754
778.629883	615.895630
777.448242	611.526733
776.266602	626.199524
775.084961	617.600037
773.902344	583.629089
772.719727	566.586182
771.537109	598.164978
770.353516	585.352661
769.170898	559.869751
767.987305	604.102234
766.803711	595.520569
765.619141	591.165222
764.434570	607.920166
763.250000	639.440063
762.065430	704.704163
760.879883	710.875244
759.694336	719.152405
758.508789	737.968262
757.323242	851.636047
756.136719	828.263000
754.950195	863.898193
753.763672	808.933655
752.576172	796.116089
751.389648	762.247681
750.202148	787.339478
749.013672	730.336121
747.826172	715.443054
746.637695	704.764099
745.449219	757.188965
744.259766	723.374146
743.071289	740.031067
741.881836	752.476685
740.691406	775.423767
739.501953	804.663269
738.311523	915.808228
737.121094	1043.703369
735.930664	1077.061890
734.739258	1183.872681
733.547852	1240.269043
732.356445	1072.140869
731.165039	1027.849487
729.972656	977.286438
728.780273	918.359070
727.587891	901.382874
726.394531	896.988770
725.202148	913.549561
724.008789	808.602905
722.814453	783.288818
721.621094	768.455444
720.426758	730.601135
719.232422	734.622620
718.037109	684.237976
716.841797	692.451904
715.646484	688.112915
714.451172	664.956299
713.255859	645.991150
712.059570	693.918213
710.863281	620.624268
709.666016	645.554382
708.469727	674.650635
707.272461	668.233765
706.075195	626.327759
704.876953	665.844849
703.678711	674.041809
702.480469	694.753052
701.282227	646.621033
700.083984	658.987305
698.884766	663.008240
697.685547	727.476685
696.485352	683.548401
695.285156	691.727844
694.084961	722.817078
692.884766	670.589172
691.684570	762.049927
690.483398	716.081482
689.282227	709.675842
688.080078	709.515076
686.878906	719.755432
685.676758	700.874573
684.474609	727.746277
683.271484	773.314941
682.068359	760.669556
680.865234	795.820618
679.662109	774.866150
678.458008	793.382568
677.254883	732.985474
676.049805	755.654724
674.845703	803.219666
673.640625	761.536560
672.435547	744.766968
671.230469	775.709045
670.024414	763.090942
668.819336	764.990540
667.613281	762.743835
666.406250	723.198425
665.199219	776.898804
663.992188	789.149475
662.785156	795.182068
661.578125	726.680542
660.370117	757.562622
659.162109	726.349426
657.953125	701.357056
656.745117	719.812927
655.536133	758.939941
654.327148	798.049011
653.117188	775.129761
651.907227	739.821594
650.697266	733.454468
649.487305	739.483765
648.276367	693.882080
647.065430	732.951904
645.854492	697.693298
644.643555	689.278992
643.431641	664.362488
642.219727	612.641357
641.007813	688.806091
639.794922	653.597473
638.582031	657.570557
637.369141	702.759277
636.155273	702.598328
634.942383	702.437317
633.728516	700.216919
632.513672	658.876587
631.299805	716.364014
630.084961	755.302612
628.869141	738.668701
627.654297	701.471436
626.438477	725.989929
625.222656	777.227173
624.006836	698.932678
622.790039	711.103394
621.573242	737.651611
620.356445	725.156494
619.139648	718.828369
617.921875	753.569580
616.704102	743.131958
615.486328	732.699097
614.267578	734.582336
613.048828	718.001770
611.830078	658.358582
610.610352	652.055481
609.391602	674.455444
608.171875	692.745850
606.951172	698.733398
605.731445	657.600281
604.510742	690.218628
603.289063	665.487549
602.068359	681.711426
600.846680	671.320496
599.625000	638.425720
598.403320	601.454529
597.180664	658.583740
595.958008	635.938538
594.735352	582.638550
593.511719	637.688416
592.289063	649.801331
591.064453	608.792419
589.840820	578.014709
588.616211	596.258789
587.391602	573.664124
586.166992	638.844421
584.942383	614.209656
583.716797	603.866821
582.491211	624.123047
581.264648	628.056641
580.038086	613.640259
578.811523	633.879883
577.584961	611.317810
576.358398	633.585693
575.130859	611.033997
573.902344	647.545593
572.674805	667.753479
571.446289	643.173950
570.217773	679.652405
568.989258	624.565186
567.759766	628.487793
566.530273	679.178284
565.300781	658.690308
564.070313	613.821472
562.840820	638.063110
561.610352	635.882935
560.378906	631.672546
559.147461	627.464111
557.916016	692.282776
556.684570	604.845032
555.453125	627.025208
554.220703	596.447876
552.988281	608.478271
551.754883	640.780762
550.521484	642.658447
549.288086	691.152466
548.054688	632.226318
546.820313	709.062500
545.585938	688.642517
544.351563	670.256958
543.117188	672.124573
541.881836	661.847290
540.646484	659.668823
539.410156	637.260803
538.174805	643.179260
536.938477	649.094910
535.701172	606.488525
534.464844	632.621399
533.227539	634.493713
531.990234	624.243835
530.751953	672.570923
529.513672	654.239685
528.275391	635.917053
527.037109	625.676147
525.797852	649.743164
524.558594	625.382141
523.319336	596.998657
522.079102	612.989563
520.838867	606.797546
519.598633	655.025940
518.358398	658.901733
517.117188	650.688538
515.875977	654.563354
514.634766	630.246338
513.392578	650.228699
512.150391	656.113281
510.908203	643.885681
509.665039	712.130554
508.421875	673.749817
507.178711	629.354980
505.934570	679.462463
504.691406	608.960022
503.447266	663.067139
502.202148	666.928040
500.958008	660.745361
499.712891	676.652039
498.466797	676.491943
497.221680	668.304199
495.975586	672.158875
494.729492	643.916138
493.482422	713.955872
492.235352	681.706421
490.988281	665.508484
489.741211	731.484924
488.493164	713.279114
487.245117	717.116089
485.997070	746.985535
484.748047	664.719360
483.499023	716.605469
482.250000	690.419434
481.000977	774.286438
479.750977	748.098877
478.500977	723.923523
477.250000	801.724548
475.999023	773.549988
474.748047	807.338013
473.497070	787.166931
472.245117	802.958679
470.993164	850.693726
469.741211	842.505127
468.488281	876.235962
467.236328	911.946045
465.982422	869.832825
464.729492	955.390991
463.475586	1022.961487
462.221680	1070.563599
460.967773	1116.149658
459.712891	1229.463745
458.458008	1265.028931
457.203125	1443.978882
455.947266	1493.413818
454.691406	1592.593506
453.435547	1598.182983
452.178711	1488.361816
450.921875	1416.390015
449.665039	1292.742676
448.408203	1214.886841
447.150391	1168.874146
445.892578	1029.475342
444.633789	931.868835
443.375000	937.604431
442.116211	907.589661
440.857422	865.676147
439.597656	917.078552
438.337891	839.460938
437.078125	855.131531
435.818359	888.646790
434.557617	908.263977
433.295898	856.496826
432.035156	870.165588
430.773438	858.065857
429.511719	901.445374
428.249023	911.131592
426.987305	865.366211
425.724609	888.914551
424.460938	835.259216
423.198242	769.756836
421.934570	777.484192
420.669922	793.119080
419.406250	737.560852
418.141602	834.250427
416.875977	754.991821
415.611328	744.929382
414.345703	766.479126
413.080078	795.918213
411.813477	758.209778
410.546875	763.948059
409.280273	785.471802
408.013672	820.796509
406.746094	743.666321
405.478516	731.653137
404.209961	745.276855
402.942383	768.749634
401.673828	748.856079
400.404297	811.720215
399.134766	789.855896
397.865234	827.079224
396.595703	769.783936
395.326172	755.818542
394.055664	806.797180
392.784180	853.816223
391.513672	843.773865
390.242188	806.207214
388.970703	857.123413
387.698242	927.668579
386.425781	896.003357
385.153320	836.851257
383.880859	926.988953
382.607422	903.200562
381.333984	912.794678
380.059570	914.533875
378.785156	953.550781
377.510742	916.047668
376.236328	892.290344
374.960938	939.126038
373.685547	956.536865
372.410156	954.342590
371.133789	942.353516
369.857422	881.403320
368.581055	918.392578
367.303711	910.336121
366.026367	908.155151
364.749023	937.283142
363.470703	927.271301
362.192383	938.777832
360.914063	1010.893066
359.634766	891.399841
358.356445	953.719177
357.076172	904.637634
355.796875	1002.083496
354.516602	997.930542
353.236328	991.827026
351.955078	983.774414
350.673828	1004.997437
349.392578	1030.111694
348.111328	992.797791
346.829102	1012.052307
345.546875	1054.691406
344.263672	1027.143799
342.981445	1009.352478
341.697266	1051.960083
340.414063	1022.485474
339.129883	1051.438599
337.845703	1074.537354
336.561523	1013.940247
335.276367	1042.873413
333.991211	1077.627563
332.705078	1087.083252
331.419922	1096.534180
330.133789	1080.711670
328.846680	1121.250854
327.560547	1150.113159
326.272461	1159.538086
324.985352	1231.095459
323.697266	1271.556152
322.409180	1236.304199
321.121094	1323.311035
319.832031	1406.394531
318.542969	1440.952026
317.253906	1481.308716
315.963867	1604.996216
314.673828	1757.690308
313.383789	1761.125488
312.092773	1977.622925
310.801758	2054.586182
309.510742	2261.221191
308.218750	2450.332764
306.926758	2701.269287
305.634766	2841.811768
304.341797	3098.325439
303.048828	3285.102051
301.755859	3518.177734
300.461914	3548.215088
299.167969	3676.773193
297.874023	3936.615479
296.579102	3871.897949
295.284180	3793.697754
293.989258	3813.973877
292.693359	3861.254395
291.397461	3744.530273
290.101563	3552.645752
288.804688	3409.062256
287.507813	3396.635254
286.210938	3353.378174
284.913086	3221.512451
283.615234	3143.647705
282.317383	2917.537842
281.018555	2885.994873
279.719727	2892.963379
278.420898	2757.529297
277.121094	2776.068604
275.821289	2625.344971
274.521484	2568.916504
273.220703	2537.506836
271.919922	2473.440918
270.619141	2461.284424
269.317383	2395.348633
268.015625	2348.649902
266.713867	2447.887695
265.411133	2456.861816
264.108398	2379.478760
262.804688	2405.730469
261.501953	2441.558594
260.198242	2431.348389
258.893555	2455.648682
257.588867	2410.942383
256.284180	2527.202637
254.979492	2608.923584
253.673828	2566.126221
252.368164	2613.332764
251.061523	2731.334473
249.755859	2747.856934
248.448242	2760.544434
247.141602	2763.661865
245.833984	2891.062256
244.526367	2903.701416
243.217773	2990.866455
241.909180	2913.674072
240.600586	2932.026367
239.291992	2879.712646
237.982422	2814.061279
236.671875	2836.240479
235.362305	2845.050781
234.051758	2693.612793
232.741211	2677.661133
231.429688	2518.716309
230.118164	2638.155762
228.806641	2542.190186
227.494141	2455.799561
226.181641	2455.164795
224.868164	2469.763428
223.555664	2392.975586
222.242188	2424.710938
220.927734	2393.639160
219.613281	2305.515625
218.298828	2371.479004
216.984375	2296.714844
215.668945	2284.714111
214.353516	2215.711182
213.037109	2175.239990
211.720703	2195.566406
210.404297	2196.894043
209.087891	2129.882080
207.770508	2097.064941
206.452148	2136.361816
205.134766	2158.566406
203.816406	2159.899658
202.497070	2098.669678
201.178711	2113.284424
199.859375	2122.206299
198.539063	2163.326660
197.218750	2098.370361
195.898438	2112.968018
194.578125	2108.628906
193.256836	2191.339600
191.935547	2198.332520
190.613281	2159.928955
189.291992	2212.305908
187.968750	2198.492432
186.646484	2216.813477
185.323242	2259.686279
183.999023	2328.979980
182.675781	2301.929688
181.351563	2408.932617
180.026367	2238.433594
178.702148	2345.395752
177.376953	2331.572266
176.050781	2389.419434
174.724609	2496.255371
173.398438	2393.811523
172.072266	2436.519775
170.745117	2520.650391
169.416992	2489.848633
168.089844	2449.648438
166.761719	2575.119629
165.433594	2587.610107
164.104492	2522.956055
162.775391	2610.688477
161.445313	2758.546387
160.116211	2739.014160
158.785156	2777.752930
157.455078	2919.810303
156.124023	3076.818115
154.792969	3085.387939
153.460938	3107.093994
152.128906	3265.801514
150.796875	3503.232178
149.463867	3526.683105
148.130859	3748.912598
146.797852	3738.535645
145.463867	3831.254883
144.129883	3918.302002
142.794922	3973.453857
141.460938	4052.922852
140.125000	4094.900391
138.790039	4232.320801
137.454102	4248.026367
136.117188	4269.335449
134.781250	4337.391113
133.444336	4255.819824
132.106445	4327.579590
130.768555	4419.856934
129.430664	4295.354004
128.092773	4277.384766
126.753906	4233.281250
125.414063	4314.279297
124.075195	4173.138184
122.735352	4203.729004
121.394531	4198.861328
120.053711	4083.969971
118.712891	3987.783203
117.372070	4133.943848
116.030273	4127.232910
114.688477	4021.795410
113.345703	4080.296875
112.002930	4226.269531
110.660156	4271.652832
109.316406	4058.361328
107.972656	4256.305664
106.627930	4044.992432
105.283203	3926.756348
103.938477	3672.895020
102.592773	3476.776611
101.247070	3145.149658
99.901367	2899.135742
98.554688	2439.732422
