#Wave		#Intensity
3199.922852	35.461765
3199.217773	46.100296
3198.512695	14.182508
3197.807617	35.450768
3197.101563	53.167896
3196.396484	35.439754
3195.691406	35.434242
3194.985352	31.885851
3194.279297	31.880880
3193.574219	14.167069
3192.868164	14.164857
3192.162109	31.865946
3191.455078	14.160426
3190.749023	35.395523
3190.042969	38.928970
3189.335938	45.999744
3188.629883	38.916748
3187.922852	24.761311
3187.215820	24.757414
3186.508789	31.825947
3185.801758	28.285271
3185.094727	24.745707
3184.387695	28.276342
3183.679688	38.873825
3182.972656	49.467949
3182.264648	24.730057
3181.557617	52.984581
3180.849609	24.722216
3180.141602	35.311844
3179.433594	14.122492
3178.724609	28.240492
3178.016602	24.706495
3177.308594	10.586811
3176.599609	52.925613
3175.890625	31.750299
3175.182617	35.272472
3174.473633	38.793518
3173.764648	35.261189
3173.055664	38.781094
3172.345703	24.674921
3171.636719	24.670963
3170.927734	35.238571
3170.217773	31.709618
3169.507813	35.227242
3168.797852	38.743725
3168.087891	24.651125
3167.377930	28.168171
3166.667969	28.163626
3165.958008	42.238613
3165.248047	38.712467
3164.537109	28.149967
3163.826172	31.663584
3163.116211	31.658453
3162.405273	14.068141
3161.694336	28.131714
3160.983398	31.643036
3160.271484	42.183857
3159.560547	42.176991
3158.849609	45.684299
3158.137695	35.136040
3157.425781	38.643337
3156.713867	35.124573
3156.001953	24.583183
3155.290039	52.669636
3154.578125	14.042938
3153.866211	42.121914
3153.153320	42.115009
3152.441406	31.581078
3151.728516	52.626488
3151.015625	45.602131
3150.302734	38.580074
3149.589844	24.546917
3148.876953	14.024500
3148.164063	35.055473
3147.451172	28.039753
3146.737305	31.539516
3146.023438	52.557178
3145.310547	38.535561
3144.596680	49.037148
3143.882813	42.024883
3143.168945	24.510454
3142.455078	28.007303
3141.740234	45.504318
3141.026367	31.497759
3140.311523	38.490864
3139.596680	27.988701
3138.881836	38.478062
3138.167969	41.969078
3137.452148	34.968403
3136.737305	38.458832
3136.022461	27.965391
3135.306641	38.445992
3134.591797	52.417591
3133.875977	45.420982
3133.160156	38.426708
3132.444336	38.420273
3131.728516	41.905998
3131.012695	27.932648
3130.296875	31.418957
3129.580078	38.394497
3128.864258	41.877869
3128.147461	31.403118
3127.430664	45.352428
3126.713867	38.368668
3125.997070	52.312096
3125.280273	48.816387
3124.563477	41.835560
3123.845703	48.799911
3123.128906	31.366070
3122.411133	45.298885
3121.693359	41.807281
3120.975586	48.766903
3120.257813	55.724159
3119.540039	48.750374
3118.822266	34.815788
3118.104492	55.695805
3117.385742	38.284363
3116.666992	38.277855
3115.949219	55.667408
3115.230469	45.222069
3114.511719	38.258312
3113.791992	31.296921
3113.073242	38.245270
3112.354492	34.762493
3111.634766	38.232212
3110.915039	38.225681
3110.196289	34.744678
3109.476563	34.738735
3108.756836	76.412132
3108.036133	48.617573
3107.316406	41.665062
3106.596680	48.600903
3105.875977	38.179871
3105.155273	55.524822
3104.435547	27.757641
3103.714844	38.160194
3102.994141	48.559162
3102.272461	6.935829
3101.551758	55.477077
3100.831055	45.067356
3100.109375	48.525707
3099.387695	41.586285
3098.666992	38.114182
3097.945313	45.036247
3097.222656	45.028465
3096.500977	41.557545
3095.779297	38.087826
3095.056641	45.005089
3094.334961	44.997292
3093.612305	24.225109
3092.889648	41.521553
3092.166992	55.352463
3091.444336	41.507137
3090.721680	58.791561
3089.999023	34.577255
3089.275391	51.856861
3088.551758	51.847836
3087.829102	24.191442
3087.105469	41.463818
3086.381836	55.275448
3085.658203	44.903465
3084.933594	58.709667
3084.209961	55.246506
3083.485352	31.070728
3082.761719	55.227192
3082.037109	48.315338
3081.312500	37.955406
3080.587891	48.298416
3079.863281	48.289955
3079.137695	48.281487
3078.413086	27.584581
3077.687500	55.159477
3076.962891	62.043514
3076.237305	55.140099
3075.511719	55.130402
3074.786133	37.895485
3074.060547	61.999878
3073.333984	68.876625
3072.608398	44.761917
3071.881836	55.081879
3071.155273	48.188141
3070.429688	37.855431
3069.703125	55.052723
3068.975586	55.042995
3068.249023	51.593689
3067.522461	37.828682
3066.794922	61.890526
3066.067383	44.690800
3065.340820	41.245739
3064.613281	51.548038
3063.885742	65.282608
3063.157227	65.271027
3062.429688	65.259445
3061.702148	51.511463
3060.973633	48.068825
3060.245117	72.090424
3059.516602	37.754936
3058.788086	61.769810
3058.059570	65.189857
3057.331055	68.608681
3056.602539	48.017521
3055.873047	51.438171
3055.143555	61.714798
3054.415039	68.559761
3053.685547	71.974899
3052.956055	51.401459
3052.226563	47.966122
3051.496094	51.383083
3050.766602	51.373894
3050.036133	78.759209
3049.305664	51.355503
3048.576172	65.038651
3047.845703	47.914627
3047.114258	54.749756
3046.383789	65.003677
3045.653320	34.206322
3044.921875	44.460232
3044.191406	34.194035
3043.459961	47.863045
3042.728516	54.690788
3041.997070	54.680950
3041.265625	51.254166
3040.533203	47.828609
3039.801758	37.572853
3039.069336	47.811375
3038.336914	71.704132
3037.604492	58.035732
3036.872070	61.438511
3036.139648	64.840050
3035.407227	64.828339
3034.674805	68.228027
3033.941406	54.572556
3033.208008	64.793190
3032.474609	81.829224
3031.742188	64.769737
3031.007813	57.941380
3030.274414	71.561676
3029.541016	61.327461
3028.806641	64.722801
3028.073242	71.522751
3027.338867	81.725456
3026.604492	61.282963
3025.870117	68.079811
3025.135742	51.050579
3024.400391	51.041298
3023.666016	61.238419
3022.930664	57.825760
3022.196289	47.612545
3021.460938	64.605263
3020.725586	64.593491
3019.989258	71.379791
3019.253906	71.366776
3018.518555	81.547157
3017.782227	71.340736
3017.045898	67.931160
3016.310547	61.126877
3015.574219	74.696976
3014.837891	74.683319
3014.100586	81.457817
3013.364258	71.262550
3012.626953	78.035179
3011.890625	54.275402
3011.153320	50.873871
3010.416016	77.992310
3009.678711	84.758705
3008.941406	81.353439
3008.203125	74.560303
3007.465820	71.158142
3006.727539	77.920799
3005.989258	84.680962
3005.250977	94.825256
3004.512695	98.193817
3003.774414	98.175758
3003.036133	111.696693
3002.296875	94.755516
3001.558594	104.888580
3000.819336	115.017899
3000.080078	101.467682
2999.340820	118.357147
2998.601563	94.668259
2997.862305	74.368484
2997.122070	94.633339
2996.382813	104.753281
2995.642578	135.140564
2994.902344	97.958809
2994.162109	135.090637
2993.421875	101.299248
2992.681641	114.784584
2991.940430	81.009422
2991.200195	104.617805
2990.458984	134.965729
2989.717773	114.699623
2988.976563	121.424156
2988.235352	151.752060
2987.494141	131.494064
2986.751953	121.356628
2986.010742	128.074905
2985.268555	128.051132
2984.526367	124.658211
2983.784180	117.898026
2983.041992	131.347672
2982.299805	141.425049
2981.556641	138.032120
2980.814453	127.908409
2980.071289	151.442307
2979.328125	164.873154
2978.584961	117.744606
2977.841797	158.084732
2977.098633	161.418152
2976.355469	141.214554
2975.611328	164.719604
2974.867188	171.410873
2974.123047	181.460007
2973.379883	164.627411
2972.634766	178.033142
2971.890625	130.981049
2971.146484	188.040207
2970.401367	194.719528
2969.657227	187.969910
2968.912109	187.934753
2968.166992	218.097748
2967.421875	214.702194
2966.675781	211.307907
2965.930664	228.035660
2965.185547	214.581589
2964.439453	204.484756
2963.693359	211.149582
2962.947266	254.672348
2962.201172	274.726532
2961.455078	251.227097
2960.708008	244.481812
2959.961914	291.314026
2959.214844	291.259308
2958.467773	237.649704
2957.720703	247.644684
2956.973633	250.944046
2956.226563	264.278015
2955.479492	250.849640
2954.731445	290.930817
2953.983398	257.442017
2953.235352	287.478485
2952.488281	287.424316
2951.739258	317.443787
2950.991211	290.656860
2950.243164	303.963074
2949.494141	310.584991
2948.745117	283.814423
2947.997070	320.482849
2947.248047	360.475159
2946.498047	290.327911
2945.749023	313.628357
2945.000000	296.889893
2944.250000	320.180237
2943.500977	286.773895
2942.750977	313.391235
2942.000977	286.665405
2941.250977	333.268768
2940.500000	263.232483
2939.750000	276.508331
2938.999023	336.410248
2938.248047	323.025848
2937.498047	299.657898
2936.747070	299.601074
2935.995117	272.918091
2935.244141	312.797943
2934.493164	299.430573
2933.741211	279.415466
2932.989258	289.339630
2932.237305	275.984222
2931.485352	236.038025
2930.733398	305.793976
2929.981445	282.473328
2929.228516	262.484100
2928.476563	262.434143
2927.723633	292.276093
2926.970703	295.541138
2926.217773	285.524689
2925.464844	272.192627
2924.710938	278.778351
2923.958008	255.498123
2923.204102	288.624664
2922.450195	298.520294
2921.696289	295.147095
2920.942383	255.303268
2920.188477	265.199524
2919.434570	248.577087
2918.679688	288.294373
2917.924805	258.421417
2917.170898	291.496674
2916.416016	261.634491
2915.660156	274.829254
2914.905273	258.223907
2914.150391	271.414215
2913.394531	261.434387
2912.638672	251.458374
2911.883789	248.102203
2911.127930	294.358215
2910.371094	287.688324
2909.615234	244.653519
2908.859375	294.189056
2908.102539	300.742371
2907.345703	264.338196
2906.588867	274.198273
2905.832031	290.660461
2905.075195	277.395386
2904.318359	250.928574
2903.560547	277.288849
2902.802734	237.630508
2902.045898	260.683380
2901.288086	273.829895
2900.530273	267.180206
2899.771484	283.618256
2899.013672	283.563721
2898.254883	250.542969
2897.497070	283.454590
2896.738281	260.332581
2895.979492	306.408447
2895.220703	279.996796
2894.460938	286.529724
2893.702148	286.474518
2892.942383	283.127106
2892.183594	263.323273
2891.423828	250.108871
2890.664063	269.802246
2889.903320	259.881256
2889.143555	259.831116
2888.383789	253.204208
2887.623047	282.744873
2886.862305	249.819305
2886.101563	253.057495
2885.340820	279.295197
2884.580078	249.674469
2883.818359	236.487976
2883.057617	269.281433
2882.295898	223.263336
2881.534180	242.916016
2880.772461	292.099213
2880.010742	255.947479
2879.249023	282.143829
2878.486328	239.447800
2877.724609	288.593445
2876.961914	275.422180
2876.199219	245.864975
2875.436523	285.148071
2874.673828	308.031250
2873.910156	294.866302
2873.147461	268.603821
2872.383789	311.126923
2871.620117	314.340881
2870.856445	281.542358
2870.092773	294.580109
2869.329102	268.343048
2868.565430	281.378235
2867.800781	294.408325
2867.036133	271.457092
2866.271484	281.214081
2865.506836	284.428650
2864.742188	258.224030
2863.977539	267.977814
2863.211914	248.321320
2862.447266	274.406952
2861.681641	264.555145
2860.916016	287.361908
2860.150391	222.009094
2859.383789	264.400452
2858.618164	287.193848
2857.851563	254.508514
2857.085938	283.819489
2856.319336	296.810730
2855.552734	280.447662
2854.786133	280.392914
2854.018555	257.519897
2853.251953	273.765137
2852.484375	260.677734
2851.716797	299.720795
2850.949219	254.061432
2850.181641	283.320801
2849.414063	309.312744
2848.646484	286.465210
2847.877930	270.135895
2847.109375	244.050919
2846.340820	237.496368
2845.572266	240.702591
2844.803711	282.932739
2844.035156	247.111191
2843.265625	256.815216
2842.497070	286.016571
2841.727539	220.969452
2840.958008	243.668503
2840.188477	253.365509
2839.418945	279.296875
2838.648438	272.748047
2837.878906	269.448120
2837.108398	220.709320
2836.337891	246.626663
2835.567383	266.044891
2834.796875	275.724030
2834.025391	246.481262
2833.254883	262.645477
2832.483398	220.449112
2831.711914	217.164474
2830.940430	252.768585
2830.168945	210.599030
2829.397461	220.275604
2828.625977	216.993500
2827.853516	239.617249
2827.081055	278.419220
2826.308594	271.890747
2825.536133	239.475586
2824.763672	249.134918
2823.991211	265.260162
2823.217773	200.522995
2822.445313	216.651443
2821.671875	219.841644
2820.898438	252.121506
2820.125000	216.523132
2819.350586	232.635620
2818.577148	242.280884
2817.802734	216.394806
2817.028320	203.435486
2816.253906	232.451736
2815.479492	216.266464
2814.705078	251.723083
2813.930664	241.993530
2813.155273	216.138092
2812.379883	206.419388
2811.604492	199.929184
2810.829102	219.233734
2810.053711	241.753998
2809.278320	219.146851
2808.501953	206.214981
2807.726563	219.059967
2806.950195	190.029037
2806.173828	212.532684
2805.397461	202.831848
2804.620117	228.542908
2803.843750	218.842712
2803.066406	196.275803
2802.290039	225.189789
2801.512695	183.332382
2800.735352	205.805984
2799.957031	183.259521
2799.179688	208.938599
2798.401367	163.903839
2797.624023	199.216003
2796.845703	231.301590
2796.067383	208.772369
2795.289063	202.308319
2794.509766	183.004410
2793.731445	179.757996
2792.952148	192.559479
2792.172852	198.938477
2791.393555	179.650558
2790.614258	198.859161
2789.834961	218.060104
2789.054688	205.192093
2788.275391	195.534698
2787.495117	189.085983
2786.714844	166.618774
2785.934570	179.399780
2785.153320	195.378586
2784.373047	179.328110
2783.591797	176.090622
2782.811523	182.457443
2782.030273	182.420959
2781.249023	188.783936
2780.466797	185.547089
2779.685547	166.319275
2778.904297	188.670639
2778.122070	175.844193
2777.339844	143.843719
2776.557617	162.990219
2775.775391	169.348053
2774.992188	188.481750
2774.209961	140.534485
2773.426758	153.279617
2772.643555	178.790359
2771.860352	181.946533
2771.077148	175.527206
2770.293945	178.682755
2769.509766	194.597488
2768.726563	175.421524
2767.942383	149.875549
2767.158203	191.292053
2766.374023	188.066040
2765.589844	188.028244
2764.804688	200.735550
2764.020508	184.766983
2763.235352	178.359818
2762.450195	143.296005
2761.665039	136.899734
2760.879883	159.153687
2760.093750	197.310837
2759.308594	159.089584
2758.522461	168.600983
2757.736328	197.191589
2756.950195	168.533020
2756.164063	149.423676
2755.376953	187.536560
2754.590820	152.541336
2753.803711	187.460876
2753.016602	171.539734
2752.229492	187.385193
2751.442383	161.944321
2750.654297	158.736862
2749.867188	199.968033
2749.079102	161.846161
2748.291016	180.850311
2747.502930	152.264191
2746.714844	180.777145
2745.926758	215.620331
2745.137695	174.363495
2744.349609	206.024231
2743.560547	190.137695
2742.771484	209.109100
2741.982422	180.557632
2741.192383	167.852890
2740.403320	151.986893
2739.613281	180.447830
2738.823242	158.255463
2738.033203	167.716751
2737.243164	161.355057
2736.453125	164.485489
2735.662109	186.589874
2734.872070	189.713867
2734.081055	164.385269
2733.290039	164.351868
2732.499023	154.838547
2731.708008	176.922348
2730.916016	176.886368
2730.125000	176.850372
2729.333008	176.814377
2728.541016	198.875671
2727.749023	154.649582
2726.956055	154.618088
2726.164063	160.896240
2725.371094	182.942734
2724.578125	170.291275
2723.786133	192.326843
2722.992188	163.917313
2722.199219	167.035477
2721.406250	170.152359
2720.612305	154.365982
2719.818359	173.232559
2719.024414	176.346207
2718.230469	173.161789
2717.436523	179.421890
2716.642578	138.472794
2715.847656	154.176804
2715.052734	135.270340
2714.257813	166.694443
2713.462891	179.238449
2712.667969	157.194519
2711.872070	172.878571
2711.077148	194.841370
2710.281250	160.239899
2709.485352	147.641785
2708.689453	141.330170
2707.893555	144.441208
2707.096680	131.854050
2706.300781	194.601746
2705.503906	166.318954
2704.707031	169.422256
2703.910156	153.703430
2703.112305	144.263367
2702.315430	156.775787
2701.517578	150.473816
2700.720703	188.053574
2699.922852	188.014893
2699.124023	181.710327
2698.326172	181.672928
2697.528320	178.503876
2696.729492	169.074112
2695.930664	178.430344
2695.131836	178.393570
2694.333008	181.485870
2693.534180	197.090546
2692.734375	143.877701
2691.935547	178.246445
2691.135742	184.462631
2690.335938	162.543671
2689.536133	159.384903
2688.736328	140.604691
2687.935547	178.062454
2687.134766	193.641937
2686.334961	181.111450
2685.534180	171.708084
2684.732422	184.157837
2683.931641	168.516357
2683.130859	171.601501
2682.329102	155.969055
2681.527344	168.411682
2680.725586	174.612946
2679.923828	158.989548
2679.121094	149.606186
2678.319336	168.272049
2677.516602	158.890625
2676.713867	149.513077
2675.911133	208.651993
2675.108398	165.018784
2674.305664	171.210342
2673.501953	171.174744
2672.698242	158.692673
2671.895508	146.215775
2671.091797	177.288620
2670.287109	167.922699
2669.483398	183.432892
2668.678711	158.527618
2667.875000	186.464233
2667.070313	149.140305
2666.265625	142.896332
2665.459961	139.760742
2664.655273	164.572754
2663.849609	127.284431
2663.043945	176.919479
2662.238281	161.366516
2661.432617	139.614944
2660.626953	170.604828
2659.821289	164.366653
2659.014648	173.634109
2658.208008	173.597794
2657.401367	185.958725
2656.594727	164.229156
2655.788086	185.880890
2655.012695	170.729004
2654.980469	198.231415
2654.208008	164.520676
2654.172852	170.319427
2653.402344	173.805145
2653.366211	191.956207
2652.596680	164.467621
2652.558594	176.438873
2651.791016	152.030411
2651.750000	176.401871
2650.985352	152.005844
2650.942383	188.741348
2650.178711	158.184570
2650.133789	173.234375
2649.373047	170.563568
2649.326172	167.012360
2648.566406	176.737228
2648.517578	194.806839
2647.759766	167.408112
2647.708984	194.765915
2646.953125	145.683395
2646.899414	185.452362
2646.146484	173.552002
2646.090820	188.503601
2645.339844	167.326492
2645.281250	179.195236
2644.533203	182.789917
2644.472656	154.446152
2643.726563	176.564865
2643.663086	191.472916
2642.918945	157.953308
2642.853516	169.819244
2642.111328	179.603851
2642.042969	188.305313
2641.303711	145.517258
2641.233398	185.179321
2640.496094	164.067093
2640.422852	185.140289
2639.688477	170.230423
2639.612305	178.931213
2638.880859	185.675491
2638.801758	169.640366
2638.073242	136.139694
2637.991211	163.437134
2637.264648	151.585220
2637.180664	184.984116
2636.456055	176.304855
2636.369141	215.769241
2635.648438	179.368408
2635.558594	169.497162
2634.839844	157.694534
2634.747070	218.759201
2634.031250	151.485474
2633.935547	221.793427
2633.221680	188.552872
2633.124023	209.427277
2632.413086	182.340714
2632.311523	193.987167
2631.604492	151.410492
2631.500000	184.710587
2630.794922	176.101456
2630.687500	181.593628
2629.985352	142.093445
2629.875000	206.172836
2629.175781	179.131638
2629.062500	193.822937
2628.366211	194.541763
2628.250000	147.643326
2627.556641	197.596939
2627.436523	187.590286
2626.747070	172.868622
2626.624023	205.998093
2625.937500	194.444885
2625.810547	178.288864
2625.126953	166.639328
2624.997070	202.837387
2624.316406	206.721786
2624.183594	168.995270
2623.505859	191.262924
2623.369141	187.391296
2622.695313	175.809174
2622.555664	168.923462
2621.884766	200.450684
2621.741211	184.240982
2621.074219	188.083847
2620.926758	217.972137
2620.263672	188.052414
2620.112305	196.440125
2619.452148	184.938644
2619.297852	202.535767
2618.640625	181.825882
2618.482422	184.084229
2617.830078	166.389023
2617.667969	202.449539
2617.018555	191.007217
2616.852539	187.072586
2616.206055	178.654190
2616.037109	202.363266
2615.394531	197.102539
2615.221680	196.189209
2614.583008	200.148621
2614.406250	193.082550
2613.770508	197.036255
2613.589844	177.720612
2612.958984	209.315765
2612.774414	226.698593
2612.146484	203.125183
2611.958008	196.021774
2611.333984	196.936661
2611.141602	180.668976
2610.521484	166.137268
2610.325195	205.122620
2609.708984	196.870163
2609.507813	195.896133
2608.895508	178.383438
2608.691406	217.275787
2608.083008	166.053024
2607.874023	195.812332
2607.269531	184.472122
2607.056641	183.534760
2606.456055	193.662918
2606.239258	198.786743
2605.642578	202.850555
2605.421875	177.340942
2604.829102	175.159393
2604.603516	192.587677
2604.015625	202.781693
2603.786133	152.814590
2603.202148	190.459518
2602.967773	161.948730
2602.387695	181.212906
2602.149414	195.518768
2601.574219	193.465591
2601.331055	164.933548
2600.759766	187.291916
2600.512695	152.683456
2599.945313	165.771133
2599.693359	180.127777
2599.130859	199.505280
2598.874023	173.984344
2598.316406	224.021530
2598.054688	167.843536
2597.500977	181.027557
2597.235352	207.471008
2596.686523	174.861130
2596.416016	207.426361
2595.871094	199.368912
2595.596680	192.133057
2595.055664	171.734573
2594.776367	192.091675
2594.240234	193.168289
2593.956055	195.098709
2593.424805	153.281876
2593.135742	155.435776
2592.609375	177.776459
2592.315430	188.920395
2591.793945	208.391769
2591.495117	191.926086
2590.977539	189.971603
2590.673828	201.022034
2590.162109	189.938934
2589.853516	191.843246
2589.345703	192.969238
2589.032227	222.246536
2588.529297	180.686096
2588.210938	197.847992
2587.712891	177.593002
2587.389648	197.805222
2586.896484	189.808044
2586.567383	225.144943
2586.079102	205.079742
2585.746094	203.803345
2585.262695	165.259598
2584.923828	206.800415
2584.445313	192.769531
2584.101563	188.512482
2583.627930	223.329239
2583.279297	203.670975
2582.810547	174.350174
2582.456055	164.117142
2581.993164	189.611191
2581.633789	200.544128
2581.175781	195.693756
2580.810547	206.576416
2580.358398	165.087967
2579.987305	170.084839
2579.540039	168.115952
2579.164063	206.486740
2578.722656	174.199005
2578.340820	185.190521
2577.904297	204.724625
2577.517578	197.291290
2577.085938	180.248535
2576.693359	194.213806
2576.267578	192.435272
2575.869141	185.069778
2575.449219	207.671738
2575.044922	185.029510
2574.629883	189.314743
2574.220703	206.217499
2573.811523	174.017075
2573.396484	206.172592
2572.992188	207.563080
2572.571289	203.096390
2572.172852	170.904449
2571.746094	187.898972
2571.353516	207.490555
2570.921875	166.648224
2570.534180	216.606659
2570.095703	187.817017
2569.714844	204.367691
2569.270508	181.718735
2568.894531	189.083252
2568.445313	199.846970
2568.075195	182.951721
2567.619141	184.666687
2567.254883	207.308914
2566.792969	205.812958
2566.434570	182.887527
2565.966797	205.767960
2565.614258	207.236145
2565.140625	193.621597
2564.793945	182.823288
2564.314453	214.751953
2563.973633	216.302856
2563.487305	181.440796
2563.152344	231.494720
2562.660156	223.727951
2562.332031	219.272171
2561.833984	205.542801
2561.510742	200.964081
2561.005859	226.651901
2560.689453	173.529297
2560.178711	196.388565
2559.868164	200.893204
2559.351563	205.407562
2559.046875	206.944351
2558.523438	202.342438
2558.224609	188.651230
2557.695313	184.181747
2557.403320	206.871231
2556.867188	214.328369
2556.581055	182.501160
2556.039063	199.191010
2555.758789	185.510010
2555.209961	190.095047
2554.937500	206.761429
2554.381836	214.186966
2554.114258	194.564514
2553.552734	202.075592
2553.291992	206.688141
2552.723633	235.200363
2552.469727	218.807449
2551.894531	214.045456
2551.646484	185.345627
2551.065430	192.899841
2550.824219	194.426437
2550.235352	192.857285
2550.000977	206.541382
2549.405273	204.865646
2549.177734	215.615143
2548.575195	204.820404
2548.354492	245.939713
2547.745117	204.775162
2547.530273	200.359634
2546.915039	222.794312
2546.707031	197.288727
2546.083984	180.604095
2545.882813	239.738937
2545.253906	246.770981
2545.059570	166.877090
2544.422852	204.594055
2544.235352	182.015244
2543.591797	222.597168
2543.411133	188.048828
2542.760742	177.436798
2542.586914	221.372757
2541.928711	171.384003
2541.761719	206.173370
2541.097656	204.412766
2540.937500	230.387833
2540.265625	231.416031
2540.112305	193.976074
2539.433594	177.279419
2539.287109	160.607666
2538.601563	177.240051
2538.461914	206.025726
2537.768555	213.241470
2537.636719	178.725555
2536.936523	216.196808
2536.811523	221.095337
2536.103516	216.148712
2535.986328	184.717728
2535.270508	183.085236
2535.160156	205.877853
2534.437500	225.054688
2534.333984	224.003281
2533.604492	219.004440
2533.507813	205.803833
2532.770508	203.958664
2532.681641	187.610901
2531.936523	167.928513
2531.855469	232.958679
2531.103516	203.867691
2531.029297	190.568222
2530.268555	203.822189
2530.203125	238.923416
2529.434570	215.763535
2529.375977	190.499496
2528.600586	200.735092
2528.548828	205.581406
2527.765625	200.690216
2527.721680	205.544281
2526.930664	242.571228
2526.894531	235.728775
2526.095703	224.552719
2526.067383	241.729401
2525.260742	203.548889
2525.240234	217.517120
2524.425781	227.444855
2524.412109	220.498276
2523.589844	203.457687
2523.583984	238.578217
2522.755859	193.243530
2522.753906	215.377472
2521.927734	235.472870
2521.917969	233.273254
2521.099609	202.228470
2521.082031	215.280823
2520.271484	205.209564
2520.246094	236.157852
2519.443359	241.379181
2519.409180	227.138779
2518.614258	171.951416
2518.572266	227.087708
2517.785156	235.259171
2517.735352	224.049316
2516.956055	244.263184
2516.898438	221.012238
2516.126953	195.977997
2516.061523	203.046585
2515.297852	195.942322
2515.223633	214.942078
2514.468750	241.115845
2514.386719	199.970459
2513.638672	222.991516
2513.548828	217.829117
2512.808594	247.053650
2512.710938	202.863525
2511.979492	247.008575
2511.872070	232.643860
2511.148438	249.975235
2511.034180	217.681610
2510.318359	204.761581
2510.195313	196.763550
2509.488281	234.830673
2509.356445	223.544373
2508.658203	234.787735
2508.517578	217.533966
2507.827148	213.677948
2507.678711	196.630020
2506.996094	228.683838
2506.838867	202.542618
2506.165039	240.675751
2506.000000	220.364075
2505.333984	246.647446
2505.160156	196.496368
2504.502930	204.499420
2504.320313	217.287582
2503.670898	219.495880
2503.479492	217.238251
2502.839844	195.405670
2502.639648	220.164108
2502.007813	204.386871
2501.798828	240.935669
2501.175781	225.385300
2500.958984	223.037857
2500.343750	237.362213
2500.117188	217.040802
2499.511719	222.298416
2499.276367	267.523621
2498.679688	222.257523
2498.435547	255.575470
2497.846680	216.210770
2497.593750	231.748184
2497.014648	258.204193
2496.751953	222.783981
2496.181641	213.129318
2495.910156	231.642487
2495.348633	228.096375
2495.068359	267.218781
2494.515625	216.051453
2494.226563	249.347244
2493.681641	216.011597
2493.383789	231.483810
2492.848633	221.970947
2492.541016	237.365005
2492.014648	230.927109
2491.698242	219.512405
2491.181641	245.876953
2490.855469	231.324982
2490.347656	200.862320
2490.012695	222.376923
2489.513672	221.806915
2489.168945	213.432922
2488.678711	233.753220
2488.325195	237.093307
2487.844727	218.728531
2487.481445	237.038910
2487.009766	224.679474
2486.637695	242.909103
2486.175781	236.618530
2485.793945	222.121933
2485.340820	242.563904
2484.949219	254.641281
2484.505859	281.441711
2484.104492	239.781403
2483.670898	218.525879
2483.259766	284.119995
2482.834961	251.407761
2482.415039	278.136780
2482.000000	242.383881
2481.570313	251.448715
2481.164063	239.347000
2480.724609	254.348297
2480.328125	272.206604
2479.878906	254.289642
2479.492188	266.174530
2479.033203	227.625397
2478.656250	224.262650
2478.187500	230.528320
2477.820313	254.117020
2477.341797	242.294296
2476.983398	274.993073
2476.495117	209.742905
2476.147461	215.171875
2475.649414	259.902924
2475.310547	268.914703
2474.802734	256.889984
2474.473633	230.028564
2473.955078	250.926361
2473.636719	247.906601
2473.108398	259.722382
2472.799805	241.887787
2472.260742	233.105804
2471.961914	229.899765
2471.414063	262.551941
2471.125000	220.901352
2470.566406	256.592316
2470.287109	256.675201
2469.717773	232.943512
2469.449219	253.643173
2468.870117	244.681244
2468.611328	229.727890
2468.021484	218.098801
2467.773438	241.616577
2467.173828	238.674225
2466.934570	277.359680
2466.325195	265.131836
2466.096680	238.544281
2465.475586	229.727386
2465.257813	226.574600
2464.626953	270.897339
2464.418945	268.261719
2463.777344	220.788712
2463.580078	244.370377
2462.928711	256.055115
2462.741211	265.181488
2462.079102	282.477600
2461.902344	235.341629
2461.228516	238.284775
2461.062500	271.038818
2460.378906	214.700272
2460.223633	232.275330
2459.528320	199.947968
2459.383789	253.072968
2458.677734	220.479218
2458.543945	244.095062
2457.827148	238.061783
2457.704102	270.835022
2456.976563	249.759354
2456.863281	255.905807
2456.125977	249.700775
2456.023438	261.807800
2455.274414	246.705200
2455.182617	237.962250
2454.422852	223.157043
2454.341797	243.865341
2453.571289	258.331635
2453.500977	243.819366
2452.719727	258.270905
2452.660156	199.180679
2451.867188	240.604889
2451.819336	228.865952
2451.015625	237.614731
2450.978516	210.992401
2450.163086	237.558746
2450.136719	219.866043
2449.310547	237.502747
2449.294922	255.471725
2448.458008	216.926636
2448.453125	249.483353
2447.611328	216.771912
2447.604492	219.806168
2446.769531	237.513336
2446.750977	234.404541
2445.926758	237.468384
2445.897461	269.501526
2445.084961	213.681076
2445.043945	210.864349
2444.242188	255.181839
2444.190430	216.670395
2443.399414	225.466812
2443.335938	231.255524
2442.556641	243.220703
2442.482422	225.347534
2441.713867	231.312408
2441.627930	228.220001
2440.870117	254.988388
2440.773438	210.614639
2440.027344	210.473709
2439.917969	236.885208
2439.183594	228.216888
2439.063477	207.590805
2438.339844	248.916595
2438.208008	222.157043
2437.496094	225.167465
2437.352539	242.561157
2436.652344	219.200333
2436.497070	230.816513
2435.807617	233.966675
2435.640625	257.050812
2434.963867	230.961121
2434.785156	213.184525
2434.119141	236.838120
2433.928711	224.812225
2433.274414	236.793030
2433.072266	213.082809
2432.429688	210.113800
2432.215820	236.377884
2431.584961	269.249481
2431.358398	236.321396
2430.740234	227.783051
2430.501953	233.348022
2429.894531	227.739624
2429.644531	189.549911
2429.048828	195.168152
2428.787109	227.405426
2428.203125	233.565796
2427.928711	198.203369
2427.357422	230.565247
2427.071289	209.812073
2426.511719	221.655014
2426.212891	238.895309
2425.666016	200.928833
2425.354492	198.060745
2424.819336	242.250229
2424.496094	230.044693
2423.973633	191.990906
2423.637695	229.989380
2423.126953	230.345016
2422.778320	250.307953
2422.280273	227.348373
2421.918945	229.878693
2421.432617	239.112915
2421.059570	209.459229
2420.585938	250.872910
2420.200195	221.042542
2419.739258	239.021347
2419.340820	197.727203
2418.891602	250.776810
2418.480469	232.564072
2418.043945	215.331741
2417.620117	206.350754
2417.196289	215.290451
2416.759766	206.300873
2416.348633	200.506058
2415.899414	212.060852
2415.500000	218.155899
2415.039063	217.818008
2414.652344	259.378845
2414.177734	217.765244
2413.803711	238.700592
2413.316406	235.129456
2412.955078	244.547455
2412.106445	217.988358
2411.257813	247.398682
2410.409180	214.959885
2409.559570	238.471252
2408.709961	217.820694
2407.861328	226.607635
2407.011719	235.391159
2406.161133	223.578522
2405.311523	214.711670
2404.460938	220.551651
2403.611328	217.569000
2402.760742	217.527023
2401.910156	220.424042
2401.059570	235.073578
2400.208008	235.028183
2399.357422	199.735367
2398.505859	229.063934
2397.654297	240.764252
2396.802734	234.846527
2395.951172	217.191010
2395.098633	243.558990
2394.247070	228.842453
2393.394531	240.531387
2392.541992	231.686569
2391.689453	249.234711
2390.836914	208.143936
2389.983398	228.620819
2389.130859	219.785080
2388.277344	246.111511
2387.423828	240.205078
2386.570313	243.087204
2385.716797	272.321930
2384.862305	210.788910
2384.008789	216.602051
2383.154297	242.898300
2382.299805	219.443726
2381.445313	198.923615
2380.590820	254.455673
2379.735352	198.846176
2378.880859	233.891113
2378.025391	198.768723
2377.169922	248.412491
2376.314453	254.207932
2375.458008	260.001068
2374.602539	213.217712
2373.746094	268.660309
2372.889648	207.295197
2372.033203	256.879089
2371.176758	248.073395
2370.320313	245.106995
2369.462891	253.811203
2368.606445	265.428772
2367.749023	215.800980
2366.891602	215.758759
2366.034180	233.207077
2365.175781	241.904984
2364.318359	256.427368
2363.459961	262.203888
2362.601563	265.065308
2361.743164	250.452194
2360.884766	241.668106
2360.026367	259.087280
2359.166992	256.125946
2358.307617	253.165726
2357.448242	253.116028
2356.588867	209.434204
2355.729492	247.200165
2354.870117	241.336258
2354.009766	252.917221
2353.149414	249.960983
2352.289063	244.099915
2351.428711	229.525009
2350.568359	238.194275
2349.707031	229.434692
2348.846680	264.233490
2347.985352	229.344345
2347.124023	246.714294
2346.262695	284.391022
2345.400391	232.110168
2344.539063	237.866028
2343.676758	269.721680
2342.814453	249.370834
2341.952148	243.523453
2341.089844	255.069443
2340.227539	281.100586
2339.364258	272.352936
2338.500977	278.092743
2337.638672	260.660431
2336.774414	234.548004
2335.911133	260.557343
2335.047852	266.294830
2334.183594	274.923950
2333.319336	263.296082
2332.455078	248.780014
2331.590820	257.407410
2330.726563	260.248077
2329.861328	268.869720
2328.997070	234.130447
2328.131836	262.983276
2327.266602	213.812134
2326.401367	274.434113
2325.535156	254.162201
2324.669922	251.224121
2323.803711	268.496613
2322.937500	236.691940
2322.071289	291.477295
2321.205078	302.960724
2320.338867	250.974716
2319.471680	248.040634
2318.604492	259.525787
2317.737305	279.655487
2316.870117	259.422546
2316.002930	250.725204
2315.134766	265.081909
2314.267578	256.386871
2313.399414	262.096161
2312.531250	308.117615
2311.663086	259.112701
2310.793945	264.817932
2309.925781	247.497849
2309.056641	270.466949
2308.187500	290.550110
2307.318359	284.739807
2306.449219	253.051529
2305.579102	273.126099
2304.709961	287.443726
2303.839844	287.386292
2302.969727	252.849396
2302.099609	264.289703
2301.228516	281.469696
2300.358398	261.312469
2299.487305	232.550278
2298.616211	249.726242
2297.745117	292.723877
2296.874023	278.318939
2296.002930	269.657104
2295.130859	226.581329
2294.258789	275.284180
2293.387695	278.095947
2292.514648	275.173828
2291.642578	263.655365
2290.770508	255.006744
2289.897461	306.519623
2289.024414	272.088989
2288.151367	286.351959
2287.278320	286.294464
2286.405273	246.163773
2285.531250	280.455872
2284.657227	291.844391
2283.783203	248.876053
2282.909180	283.146851
2282.035156	243.056976
2281.161133	254.443771
2280.286133	268.684296
2279.411133	282.919037
2278.536133	248.575775
2277.661133	279.948517
2276.786133	277.036072
2275.910156	274.124786
2275.035156	268.359772
2274.159180	262.597046
2273.283203	313.911407
2272.406250	259.637970
2271.530273	282.406311
2270.653320	276.645294
2269.777344	245.223648
2268.900391	270.831909
2268.022461	256.525787
2267.145508	267.872803
2266.268555	239.327332
2265.390625	299.098694
2264.512695	262.014465
2263.634766	276.198517
2262.756836	270.448975
2261.877930	261.855499
2261.000000	287.413635
2260.121094	304.426086
2259.242188	307.208984
2258.363281	295.770966
2257.483398	270.120667
2256.604492	284.279938
2255.724609	301.275665
2254.844727	301.214569
2253.964844	323.882080
2253.084961	318.135406
2252.204102	269.792236
2251.324219	281.094849
2250.443359	264.005219
2249.562500	315.039032
2248.681641	295.111755
2247.800781	312.074036
2246.918945	303.501251
2246.037109	280.752502
2245.155273	306.213196
2244.273438	269.299408
2243.391602	308.922821
2242.509766	289.024933
2241.626953	283.300110
2240.744141	314.399109
2239.861328	308.671417
2238.978516	311.439819
2238.095703	311.376404
2237.211914	297.162354
2236.328125	285.783630
2235.444336	325.330872
2234.560547	291.323914
2233.676758	325.198212
2232.791992	296.859528
2231.908203	308.105591
2231.023438	291.086212
2230.138672	291.026794
2229.253906	310.741852
2228.368164	290.907928
2227.483398	288.024750
2226.597656	271.026703
2225.711914	310.487946
2224.826172	299.136322
2223.940430	299.075134
2223.053711	273.625977
2222.166992	287.671539
2221.280273	290.432404
2220.393555	267.819702
2219.506836	298.769226
2218.620117	312.798035
2217.732422	335.273315
2216.844727	287.318237
2215.957031	284.443085
2215.069336	278.753387
2214.181641	301.217133
2213.292969	284.268127
2212.404297	303.907532
2211.515625	309.471924
2210.626953	272.841949
2209.738281	295.283722
2208.848633	298.034729
2207.959961	297.973511
2207.070313	311.964752
2206.180664	295.041138
2205.291016	244.412384
2204.400391	300.537323
2203.510742	297.667328
2202.620117	289.183289
2201.729492	342.457275
2200.838867	294.677155
2199.947266	308.645844
2199.056641	302.971680
2198.165039	294.495117
2197.273438	328.084076
2196.381836	308.391541
2195.489258	308.327972
2194.597656	302.659576
2193.705078	282.984375
2192.812500	313.739716
2191.919922	319.276306
2191.027344	322.010498
2190.134766	321.944031
2189.241211	330.274353
2188.347656	263.045563
2187.454102	290.968994
2186.560547	299.300446
2185.666992	299.238586
2184.772461	324.341095
2183.877930	341.046814
2182.983398	324.206909
2182.088867	335.317047
2181.194336	301.722900
2180.298828	340.764557
2179.404297	321.145966
2178.508789	335.039398
2177.613281	312.638641
2176.716797	309.783020
2175.821289	329.250610
2174.924805	306.864899
2174.028320	281.699310
2173.131836	340.199860
2172.235352	309.461884
2171.338867	367.932343
2170.441406	281.465515
2169.543945	334.345032
2168.646484	311.990540
2167.749023	286.860260
2166.851563	309.076416
2165.953125	292.308807
2165.054688	331.214417
2164.156250	306.100891
2163.257813	308.819366
2162.359375	325.444550
2161.459961	275.318848
2160.560547	308.626556
2159.662109	355.819550
2158.761719	294.601685
2157.862305	280.646881
2156.962891	341.706635
2156.062500	322.192749
2155.162109	299.909973
2154.261719	327.611084
2153.361328	344.197418
2152.459961	319.148743
2151.559570	357.926880
2150.658203	332.885712
2149.756836	318.948853
2148.855469	366.021301
2147.953125	299.409393
2147.051758	340.922760
2146.149414	326.995728
2145.247070	313.074463
2144.344727	326.858917
2143.441406	346.176392
2142.539063	359.948090
2141.635742	323.885468
2140.732422	334.888306
2139.829102	304.380157
2138.924805	351.347076
2138.021484	337.443756
2137.117188	389.914734
2136.212891	351.126129
2135.308594	339.995697
2134.404297	328.869904
2133.499023	328.800873
2132.593750	339.781677
2131.689453	339.710327
2130.783203	372.774475
2129.877930	356.131866
2128.972656	364.337402
2128.066406	342.184418
2127.160156	394.532898
2126.253906	397.208313
2125.347656	394.366913
2124.440430	363.954407
2123.534180	394.200928
2122.626953	394.117920
2121.719727	388.523926
2120.811523	391.196960
2119.904297	341.536621
2118.996094	357.987122
2118.087891	363.417969
2117.179688	399.124908
2116.271484	357.760620
2115.363281	429.222168
2114.454102	371.363831
2113.544922	346.533051
2112.635742	362.957947
2111.726563	360.132172
2110.817383	340.816406
2109.907227	357.231995
2108.997070	337.924957
2108.086914	384.548676
2107.176758	378.974915
2106.266602	326.728058
2105.355469	362.344299
2104.444336	359.523132
2103.533203	370.422455
2102.622070	334.681213
2101.710938	342.838409
2100.798828	320.828705
2099.886719	359.142303
2098.974609	402.921509
2098.062500	345.288025
2097.150391	378.092316
2096.237305	350.619873
2095.325195	377.931763
2094.412109	355.947052
2093.498047	347.658997
2092.584961	353.058868
2091.670898	320.148102
2090.757813	377.530273
2089.843750	374.714813
2088.929688	374.635071
2088.014648	396.427155
2087.100586	388.142548
2086.185547	393.525513
2085.270508	355.190399
2084.355469	352.383026
2083.439453	385.080750
2082.524414	379.537659
2081.608398	368.537079
2080.692383	401.210297
2079.776367	360.193573
2078.860352	395.582703
2077.943359	327.308868
2077.026367	340.873901
2076.109375	354.433075
2075.192383	384.341400
2074.275391	392.434937
2073.357422	354.205750
2072.439453	367.750366
2071.521484	422.141510
2070.603516	400.267853
2069.685547	345.735565
2068.766602	359.270233
2067.848633	351.029755
2066.929688	350.954498
2066.009766	405.279144
2065.090820	353.523407
2064.170898	348.009888
2063.251953	405.018311
2062.332031	377.754761
2061.411133	377.673615
2060.491211	358.577057
2059.570313	399.238617
2058.650391	350.276947
2057.729492	374.634277
2056.807617	385.410339
2055.886719	358.191650
2054.964844	417.800323
2054.043945	442.122009
2053.122070	371.519440
2052.199219	395.840515
2051.277344	398.465881
2050.354492	425.480652
2049.432617	403.713013
2048.509766	400.917023
2047.585938	398.122192
2046.663086	408.867157
2045.739258	387.121704
2044.815430	389.744629
2043.891602	405.896271
2042.967773	424.746277
2042.043945	403.015991
2041.119141	394.816162
2040.194336	373.101654
2039.269531	413.566620
2038.344727	421.584473
2037.418945	426.896942
2036.493164	402.492798
2035.568359	407.806976
2034.641602	391.517822
2033.715820	377.935211
2032.790039	372.455322
2031.863281	388.564697
2031.011719	337.530151
2030.936523	428.947021
2030.085938	378.033752
2030.009766	439.642639
2029.160156	353.671814
2029.083008	412.581055
2028.233398	391.402618
2028.155273	404.403320
2027.307617	383.239746
2027.227539	423.183441
2026.380859	426.349426
2026.299805	393.448090
2025.454102	385.807800
2025.372070	417.610840
2024.527344	356.069824
2024.444336	398.664215
2023.600586	382.979736
2023.515625	387.805084
2022.672852	393.700958
2022.586914	446.955719
2021.746094	374.761078
2021.658203	379.560394
2020.818359	385.479919
2020.729492	430.612976
2019.890625	404.280609
2019.800781	422.446869
2018.962891	317.979828
2018.871094	425.044891
2018.035156	406.836884
2017.941406	411.504303
2017.107422	379.829102
2017.011719	438.304352
2016.179688	404.004395
2016.082031	403.259491
2015.250977	387.777802
2015.152344	373.605530
2014.322266	382.326447
2014.221680	405.770569
2013.393555	339.189209
2013.291016	456.727966
2012.464844	403.727356
2012.360352	421.709503
2011.536133	400.966949
2011.429688	384.020813
2010.606445	417.041534
2010.498047	383.936798
2009.677734	416.969727
2009.566406	437.538483
2008.748047	416.897919
2008.635742	415.973114
2007.818359	389.934021
2007.703125	442.713104
2006.888672	354.913147
2006.771484	447.981140
2005.958008	352.163605
2005.839844	434.473297
2005.028320	403.171051
2004.907227	471.916870
2004.097656	448.786102
2003.974609	423.559723
2003.167969	384.223358
2003.041992	455.628815
2002.237305	392.216003
2002.108398	439.451324
2001.306641	394.833923
2001.175781	409.885895
2000.375000	418.934692
2000.242188	420.509491
1999.444336	386.641785
1999.308594	420.417084
1998.512695	399.997284
1998.375000	452.451385
1997.581055	373.086884
1997.440430	441.645355
1996.649414	410.592468
1996.506836	428.167938
1995.717773	426.619751
1995.572266	417.371887
1994.786133	437.276031
1994.637695	425.304596
1993.854492	431.835297
1993.703125	438.582367
1992.921875	410.305939
1992.767578	403.727722
1991.989258	375.377686
1991.832031	475.812531
1991.056641	377.992798
1990.896484	443.637451
1990.124023	402.049561
1989.960938	414.148438
1989.191406	407.338837
1989.025391	443.441742
1988.258789	412.626160
1988.089844	456.697601
1987.325195	466.132111
1987.153320	411.204071
1986.391602	383.018280
1986.216797	427.130646
1985.458008	417.764648
1985.280273	472.408844
1984.524414	385.561066
1984.342773	445.620544
1983.590820	412.263519
1983.406250	482.871155
1982.656250	428.250244
1982.468750	456.092255
1981.722656	422.822510
1981.531250	469.324402
1980.788086	377.262360
1980.593750	426.564056
1979.853516	414.647766
1979.655273	421.138702
1978.918945	393.177063
1978.717773	450.358673
1977.984375	422.523712
1977.779297	418.287811
1977.048828	409.080261
1976.840820	463.477295
1976.113281	387.621765
1975.901367	474.026764
1975.178711	376.861908
1974.962891	463.271637
1974.243164	456.964172
1974.023438	447.197449
1973.307617	456.883026
1973.083984	471.049805
1972.371094	443.445038
1972.144531	454.980896
1971.435547	427.340881
1971.205078	468.180328
1970.499023	459.309692
1970.264648	417.545258
1969.562500	403.159363
1969.324219	441.382751
1968.625977	477.832184
1968.383789	425.334473
1967.689453	408.353546
1967.443359	441.186279
1966.752930	434.965668
1966.502930	427.802216
1965.815430	405.539673
1965.561523	475.525055
1964.878906	458.818146
1964.620117	475.419067
1963.941406	416.062927
1963.678711	480.623779
1963.003906	421.321625
1962.737305	459.278259
1962.065430	383.920532
1961.794922	437.942200
1961.127930	418.504974
1960.852539	490.916443
1960.190430	442.416321
1959.910156	437.746613
1959.251953	397.037323
1958.967773	496.001953
1958.313477	418.279572
1958.025391	490.587402
1957.375000	428.859253
1957.082031	495.780151
1956.436523	444.761566
1956.139648	493.018585
1955.497070	452.669769
1955.196289	437.257294
1954.558594	433.952209
1954.251953	482.200043
1953.619141	449.844788
1953.308594	447.656891
1952.679688	449.763611
1952.364258	466.094391
1951.740234	428.395660
1951.419922	434.217834
1950.800781	428.318268
1950.475586	500.297333
1949.860352	430.900696
1949.531250	516.063965
1948.920898	425.503937
1948.585938	494.781006
1947.980469	422.767975
1947.641602	468.216949
1947.040039	409.399200
1946.696289	483.979950
1946.099609	449.194275
1945.750000	481.227051
1945.158203	441.140350
1944.804688	467.901276
1944.217773	446.374237
1943.858398	483.653503
1943.276367	451.606171
1942.913086	446.552155
1942.334961	432.931885
1941.965820	472.868835
1941.393555	443.475311
1941.019531	480.685699
1940.452148	485.875488
1940.073242	493.780060
1939.510742	475.168671
1939.125977	485.748901
1938.568359	517.547485
1938.178711	498.836060
1937.625977	445.805756
1937.231445	501.362244
1936.684570	453.683746
1936.283203	488.058289
1935.741211	511.958893
1935.335938	466.847595
1934.798828	464.126587
1934.387695	516.844360
1933.856445	477.300049
1933.439453	485.091125
1932.913086	474.561493
1932.491211	524.517944
1931.969727	453.269043
1931.541992	498.047546
1931.026367	469.087250
1930.593750	482.127350
1930.083008	461.052063
1929.644531	503.089996
1929.139648	490.109100
1928.695313	500.342651
1928.195313	455.585327
1927.745117	497.596436
1927.251953	484.632568
1926.795898	463.265167
1926.307617	476.600128
1925.845703	486.844360
1925.363281	500.338104
1924.895508	497.257843
1924.418945	476.424774
1923.945313	444.536987
1923.473633	441.934906
1922.994141	491.772400
1922.529297	468.311737
1922.042969	533.727844
1921.583984	494.678802
1921.092773	528.349243
1920.638672	478.718414
1920.140625	509.833038
1919.693359	507.718018
1919.189453	507.089569
1918.748047	491.760956
1918.238281	512.227722
1917.801758	470.522949
1917.286133	522.615906
1916.856445	475.721710
1916.333984	511.994324
1915.910156	491.488129
1915.380859	504.002533
1914.963867	494.039032
1914.428711	503.887573
1914.017578	480.740326
1913.475586	514.267822
1913.070313	491.214935
1912.522461	540.382568
1912.124023	443.595703
1911.569336	479.938934
1911.176758	488.392670
1910.616211	477.207214
1910.229492	464.546722
1909.662109	511.176544
1909.282227	480.294250
1908.708984	482.230591
1908.334961	525.059204
1907.754883	552.866089
1907.386719	501.219543
1906.799805	526.543335
1906.439453	482.663666
1905.845703	568.327026
1905.491211	503.669861
1904.890625	521.065186
1904.542969	498.302917
1903.935547	513.092285
1903.594727	471.849640
1902.980469	507.740112
1902.646484	487.574799
1902.025391	544.256226
1901.697266	461.133270
1901.069336	541.515198
1900.748047	495.296326
1900.113281	510.005829
1899.798828	537.348755
1899.157227	543.881165
1898.849609	487.210388
1898.201172	507.157104
1897.900391	523.982239
1897.245117	512.267639
1896.951172	502.823456
1896.288086	501.697693
1896.000977	507.993408
1895.331055	561.667480
1895.050781	476.319000
1894.374023	511.913788
1894.100586	486.754028
1893.416016	524.851746
1893.150391	476.140228
1892.458984	561.279114
1892.200195	539.173584
1891.500977	524.609619
1891.249023	515.405640
1890.542969	485.347565
1890.298828	507.421356
1889.584961	526.976135
1889.347656	528.354919
1888.625977	508.597015
1888.396484	541.396179
1887.666992	555.416016
1887.444336	483.486084
1886.708008	537.038635
1886.493164	493.903564
1885.749023	510.850494
1885.541016	501.690399
1884.790039	495.097534
1884.588867	496.343414
1883.830078	450.694916
1883.637695	514.629333
1882.870117	531.332092
1882.684570	504.031494
1881.910156	520.792969
1881.732422	482.938904
1880.950195	551.912476
1880.779297	485.471771
1879.989258	538.770569
1879.827148	511.616699
1879.028320	549.054016
1878.874023	542.997986
1878.067383	504.700104
1877.920898	542.895203
1877.106445	538.395020
1876.966797	474.615509
1876.145508	556.472107
1876.013672	526.959290
1875.183594	543.343933
1875.059570	461.329559
1874.221680	527.622681
1874.105469	529.380066
1873.259766	522.302673
1873.151367	534.519897
1872.296875	501.397614
1872.197266	468.925934
1871.334961	568.810669
1871.243164	487.171204
1870.372070	550.501038
1870.288086	476.603729
1869.409180	529.603760
1869.333008	526.258911
1868.445313	542.457458
1868.377930	505.217102
1867.482422	508.597198
1867.422852	489.417633
1866.518555	575.929443
1866.467773	510.258026
1865.554688	539.483337
1865.511719	538.939026
1864.590820	562.694580
1864.556641	510.063416
1863.625977	541.823181
1863.600586	483.813934
1862.662109	562.430969
1862.644531	502.024536
1861.697266	562.299133
1861.688477	504.542816
1860.731445	556.985901
1860.731445	520.128662
1859.774414	496.510284
1859.766602	603.475647
1858.818359	525.155090
1858.800781	556.724426
1857.861328	506.769073
1857.835938	574.715271
1856.903320	509.283722
1856.869141	556.462769
1855.946289	511.797333
1855.903320	558.919434
1854.988281	548.249146
1854.936523	499.287354
1854.031250	519.431702
1853.970703	556.069946
1853.073242	519.331970
1853.003906	550.767395
1852.115234	534.887512
1852.036133	573.903992
1851.156250	506.088989
1851.069336	540.169556
1850.198242	539.898376
1850.101563	552.961731
1849.239258	542.402283
1849.133789	521.831299
1848.280273	560.548340
1848.166016	583.693115
1847.321289	500.486359
1847.198242	570.644653
1846.362305	542.089111
1846.229492	562.765198
1845.402344	521.139099
1845.260742	640.058411
1844.443359	591.378906
1844.291992	601.202820
1843.483398	583.450745
1843.322266	575.263855
1842.523438	531.254456
1842.353516	603.497009
1841.563477	562.396118
1841.383789	531.157654
1840.602539	544.065247
1840.414063	662.500610
1839.642578	533.549377
1839.444336	615.953491
1838.681641	590.694153
1838.473633	641.573181
1837.720703	554.156494
1837.502930	607.932800
1836.759766	496.823486
1836.532227	602.637512
1835.797852	572.146667
1835.561523	592.195007
1834.836914	587.636841
1834.589844	635.814514
1833.875000	600.521240
1833.619141	651.104248
1832.913086	603.004028
1832.647461	607.209412
1831.951172	576.900574
1831.674805	650.793823
1830.989258	563.797913
1830.703125	594.061218
1830.026367	566.286072
1829.730469	593.919373
1829.063477	651.881714
1828.757813	668.320984
1828.100586	545.293030
1827.785156	637.322998
1827.137695	589.321228
1826.812500	632.032043
1826.174805	586.611023
1825.838867	637.018005
1825.211914	591.687134
1824.865234	554.689270
1824.248047	573.409668
1823.891602	577.662903
1823.284180	536.980530
1822.917969	595.491821
1822.320313	583.560730
1821.943359	574.819641
1821.356445	578.260803
1820.968750	620.861450
1820.391602	562.592529
1819.994141	615.582458
1819.427734	598.771973
1819.019531	600.048706
1818.462891	557.189819
1818.043945	597.340698
1817.498047	606.311462
1817.069336	553.624634
1816.533203	520.704285
1816.093750	597.053162
1815.567383	580.173950
1815.117188	632.775146
1814.602539	554.164978
1814.141602	594.204285
1813.636719	621.371887
1813.165039	599.182129
1812.670898	579.833618
1812.188477	622.077454
1811.705078	569.367981
1811.211914	568.180420
1810.739258	587.369202
1810.234375	632.011963
1809.772461	589.841125
1809.257813	639.533569
1808.805664	584.552490
1808.280273	629.148804
1807.838867	607.711914
1807.301758	600.870667
1806.872070	620.520264
1806.324219	618.619080
1805.905273	581.623535
1805.345703	631.247437
1804.937500	591.847290
1804.367188	633.649414
1803.970703	607.234924
1803.388672	656.485413
1803.002930	539.945374
1802.410156	641.003235
1802.035156	594.081482
1801.430664	663.826111
1801.066406	588.799744
1800.451172	620.271301
1800.098633	606.757507
1799.471680	650.743652
1799.129883	619.545288
1798.491211	599.558960
1798.161133	616.842346
1797.511719	642.774719
1797.192383	619.301270
1796.531250	629.867737
1796.223633	590.800171
1795.550781	632.263550
1795.253906	652.589417
1794.569336	652.499939
1794.285156	621.513977
1793.588867	637.051392
1793.315430	593.029053
1792.607422	649.633667
1792.345703	592.911987
1791.625977	646.927917
1791.375000	628.878113
1790.643555	674.779358
1790.405273	621.023315
1789.662109	623.699951
1789.434570	708.496521
1788.679688	628.637329
1788.464844	602.746948
1787.697266	676.828125
1787.493164	630.956360
1786.714844	661.399109
1786.522461	669.453857
1785.731445	658.693604
1785.551758	669.321350
1784.748047	676.330017
1784.580078	664.041199
1783.764648	627.866455
1783.608398	692.215881
1782.781250	709.035095
1782.636719	694.651489
1781.796875	685.994202
1781.665039	666.218750
1780.812500	701.065857
1780.693359	653.227844
1779.828125	667.880127
1779.720703	655.669495
1778.843750	688.026245
1778.748047	701.812683
1777.858398	705.624023
1777.775391	717.094727
1776.873047	702.912292
1776.802734	698.964294
1775.887695	723.034424
1775.830078	691.117737
1774.902344	710.174011
1774.856445	685.842957
1773.916016	712.534119
1773.882813	742.206726
1772.930664	679.401733
1772.909180	685.570129
1771.943359	722.319275
1771.935547	721.374084
1770.960938	680.163940
1770.957031	704.403503
1769.987305	718.520630
1769.970703	689.029663
1769.012695	718.377502
1768.983398	721.782104
1768.038086	666.931885
1767.996094	706.411255
1767.063477	720.655701
1767.007813	718.892334
1766.087891	733.332458
1766.020508	721.244324
1765.113281	753.694824
1765.032227	743.835388
1764.137695	697.156738
1764.043945	693.061768
1763.162109	666.266724
1763.054688	703.004333
1762.186523	732.747009
1762.066406	682.603760
1761.209961	686.492859
1761.077148	700.126282
1760.234375	694.038696
1760.087891	720.166748
1759.257813	683.657837
1759.098633	719.986877
1758.281250	673.281067
1758.108398	714.755615
1757.304688	721.776672
1757.118164	747.401978
1756.327148	696.042358
1756.127930	719.446777
1755.350586	711.253784
1755.137695	668.791809
1754.373047	685.531738
1754.146484	663.577942
1753.395508	670.049744
1753.155273	673.501465
1752.417969	690.370789
1751.439453	697.901611
1750.461914	656.867126
1749.483398	715.509277
1748.504883	733.249756
1747.526367	689.678284
1746.546875	661.447388
1745.568359	702.167847
1744.588867	737.766235
1743.609375	729.960876
1742.629883	740.021240
1741.649414	750.077393
1740.669922	737.172546
1739.689453	731.923584
1738.708984	754.723816
1737.728516	685.742493
1736.747070	744.224670
1735.766602	761.911987
1734.785156	749.019836
1733.803711	700.472412
1732.822266	738.530884
1731.839844	730.743286
1730.857422	735.686951
1729.875977	786.440552
1728.893555	832.084351
1727.910156	806.475220
1726.927734	755.440674
1725.944336	780.718384
1724.960938	760.219971
1723.977539	734.645752
1722.994141	798.034790
1722.009766	815.660034
1721.026367	792.630371
1720.041992	835.649109
1719.057617	820.242920
1718.073242	820.076477
1717.087891	835.140564
1716.102539	829.895203
1715.117188	888.086609
1714.131836	877.758667
1713.146484	831.925842
1712.160156	897.688660
1711.174805	930.465393
1710.188477	907.462769
1709.202148	919.949646
1708.214844	902.025879
1707.228516	929.708130
1706.241211	964.977295
1705.253906	919.200500
1704.266602	924.076538
1703.278320	928.950562
1702.291016	974.313477
1701.302734	1037.368896
1700.314453	923.322876
1699.326172	953.484009
1698.336914	1019.033447
1697.348633	965.735107
1696.359375	975.648193
1695.370117	977.975830
1694.380859	962.616577
1693.390625	1035.674805
1692.401367	952.120789
1691.411133	956.975952
1690.420898	929.010681
1689.429688	913.676697
1688.439453	971.528931
1687.448242	1001.605103
1686.457031	940.861816
1685.465820	930.581299
1684.474609	910.219421
1683.482422	922.637024
1682.491211	904.805298
1681.499023	884.460938
1680.506836	939.704285
1679.513672	952.105286
1678.521484	939.318298
1677.528320	941.643005
1676.535156	938.932190
1675.541992	913.571899
1674.547852	845.446350
1673.554688	893.070557
1672.560547	895.401917
1671.566406	872.585693
1670.572266	897.547424
1669.577148	857.144592
1668.582031	907.230042
1667.587891	929.656311
1666.592773	871.687134
1665.596680	846.391907
1664.601563	911.504089
1663.605469	830.979614
1662.609375	936.227905
1661.613281	838.165039
1660.617188	898.206909
1659.620117	928.122681
1658.623047	875.264526
1657.625977	887.620667
1656.628906	892.450928
1655.631836	909.810913
1654.633789	949.716248
1653.635742	881.875854
1652.637695	881.693359
1651.639648	881.510803
1650.641602	928.899902
1649.642578	878.642395
1648.643555	903.487732
1647.644531	960.851440
1646.645508	873.092773
1645.645508	990.467163
1644.645508	942.749146
1643.645508	940.053406
1642.645508	897.364685
1641.645508	959.655945
1640.644531	934.470825
1639.644531	939.272827
1638.643555	896.619385
1637.641602	978.834961
1636.640625	951.169861
1635.638672	978.427917
1634.636719	885.891968
1633.634766	968.041077
1632.632813	940.400818
1631.630859	950.180664
1630.627930	935.022461
1629.625000	1004.628174
1628.622070	962.048828
1627.618164	989.258545
1626.615234	1051.335205
1625.611328	981.373657
1624.607422	1023.503662
1623.603516	1003.372070
1622.598633	1038.011963
1621.594727	1022.863037
1620.589844	1045.043213
1619.584961	1005.022095
1618.580078	997.350647
1617.574219	1044.388428
1616.568359	1118.753662
1615.562500	1051.408569
1614.556641	1038.763306
1613.550781	1075.814331
1612.543945	1048.264893
1611.538086	1062.946533
1610.531250	1045.343018
1609.523438	1012.851868
1608.516602	1034.977295
1607.508789	1099.277954
1606.500977	1014.696289
1605.493164	1049.209106
1604.485352	1039.069580
1603.476563	1133.067383
1602.468750	1117.956665
1601.459961	1068.155640
1600.450195	1013.419861
1599.441406	1174.230225
1598.431641	1032.808350
1597.422852	1092.021118
1596.413086	1116.548828
1595.402344	1116.314087
1594.392578	1143.300903
1593.381836	1118.318848
1592.371094	1085.926392
1591.360352	1159.891357
1590.349609	1167.065063
1589.337891	1159.403198
1588.326172	1171.516846
1587.314453	1116.907349
1586.302734	1126.554077
1585.291016	1170.776611
1584.278320	1158.182495
1583.265625	1236.944702
1582.252930	1147.820313
1581.240234	1083.412598
1580.226563	1115.260010
1579.213867	1100.223511
1578.200195	1065.462402
1577.185547	1114.553955
1576.171875	1124.179688
1575.157227	1131.336548
1574.142578	1059.633789
1573.127930	1027.381226
1572.113281	1150.325195
1571.098633	1130.380249
1570.083008	1122.754639
1569.067383	1105.285400
1568.051758	1077.979004
1567.035156	1107.278198
1566.019531	1111.963867
1565.002930	1079.753906
1563.986328	1042.639404
1562.969727	1035.042847
1561.952148	1054.487549
1560.934570	1105.871338
1559.916992	1095.808838
1558.899414	1075.924805
1557.881836	1063.416870
1556.863281	1082.834473
1555.845703	1080.149780
1554.827148	1057.831055
1553.807617	1047.791016
1552.789063	1064.741699
1551.769531	1079.232300
1550.750000	1108.430176
1549.730469	1064.062988
1548.710938	1071.190308
1547.690430	1066.061035
1546.669922	1051.133057
1545.649414	1085.204834
1544.628906	1099.668701
1543.607422	1040.667480
1542.586914	1018.412842
1541.565430	1074.490356
1540.543945	998.402405
1539.521484	1100.944458
1538.500000	1010.206909
1537.477539	1083.356445
1536.455078	1022.000977
1535.432617	1014.449524
1534.409180	1082.663208
1533.385742	999.356079
1532.362305	991.814026
1531.338867	1069.758057
1530.315430	1064.645874
1529.291016	983.854553
1528.266602	1039.782837
1527.242188	1034.679932
1526.217773	1034.458740
1525.193359	1053.751343
1524.167969	1075.474365
1523.142578	970.401794
1522.117188	1036.011353
1521.090820	1050.412354
1520.065430	1096.483398
1519.039063	1101.120728
1518.012695	1064.351074
1516.985352	1122.564453
1515.958984	1090.674805
1514.931641	1095.308960
1513.904297	1039.103516
1512.876953	1077.808228
1511.848633	1087.306763
1510.821289	1043.298584
1509.792969	1094.134277
1508.764648	1091.468384
1507.735352	1035.335571
1506.707031	1122.587402
1505.677734	1098.052979
1504.648438	1051.669678
1503.619141	1063.584961
1502.588867	1097.344727
1501.559570	1024.291748
1500.529297	1133.273315
1499.499023	1179.126953
1498.467773	1096.400391
1497.437500	1113.140381
1496.406250	1129.872925
1495.375000	1107.812622
1494.342773	1153.621704
1493.311523	1037.066528
1492.279297	1162.814453
1491.247070	1123.811646
1490.214844	1111.461670
1489.182617	1084.591309
1488.149414	1123.084229
1487.116211	1127.681641
1486.083008	1127.438110
1485.049805	1119.937866
1484.015625	1155.971191
1482.981445	1136.378784
1481.947266	1121.629272
1480.913086	1116.553223
1479.877930	1072.818970
1478.843750	1137.811768
1477.808594	1152.056885
1476.773438	1178.369141
1475.737305	1199.841553
1474.702148	1216.477173
1473.666016	1177.603760
1472.629883	1155.635132
1471.592773	1198.802124
1470.556641	1176.838257
1469.519531	1152.472656
1468.482422	1210.074951
1467.445313	1226.682251
1466.407227	1178.226807
1465.369141	1269.510742
1464.331055	1194.574219
1463.292969	1288.222656
1462.254883	1198.870117
1461.215820	1241.932861
1460.176758	1301.821045
1459.137695	1226.958130
1458.098633	1260.365234
1457.058594	1300.971924
1456.019531	1315.114258
1454.979492	1312.424316
1453.938477	1290.509888
1452.898438	1266.202271
1451.857422	1330.784302
1450.816406	1344.904053
1449.775391	1318.198975
1448.734375	1248.295166
1447.692383	1267.223267
1446.650391	1298.140747
1445.608398	1345.837402
1444.566406	1309.566650
1443.523438	1258.923828
1442.480469	1304.200195
1441.437500	1320.693604
1440.394531	1318.008789
1439.350586	1276.991211
1438.307617	1312.642090
1437.263672	1314.750000
1436.218750	1285.731079
1435.174805	1297.418579
1434.129883	1414.403442
1433.084961	1356.668701
1432.040039	1375.509277
1430.995117	1377.599731
1429.949219	1386.862549
1428.903320	1408.074219
1427.857422	1469.908081
1426.811523	1428.963257
1425.764648	1462.096558
1424.718750	1418.782471
1423.671875	1408.919189
1422.624023	1449.197144
1421.577148	1343.853149
1420.529297	1362.649536
1419.481445	1390.981079
1418.433594	1366.821655
1417.385742	1368.906128
1416.336914	1366.220947
1415.288086	1301.557861
1414.239258	1296.505005
1413.189453	1381.999023
1412.140625	1398.370483
1411.090820	1402.826172
1410.041016	1371.561890
1408.990234	1440.298950
1407.940430	1468.543213
1406.889648	1472.978882
1405.838867	1467.895996
1404.788086	1351.022827
1403.736328	1414.931885
1402.685547	1386.089600
1401.633789	1435.700439
1400.581055	1447.265869
1399.529297	1408.931274
1398.476563	1446.626709
1397.423828	1337.062256
1396.371094	1327.269287
1395.318359	1362.583496
1394.264648	1386.015381
1393.210938	1361.980957
1392.157227	1292.883911
1391.102539	1323.430420
1390.048828	1344.478394
1388.994141	1403.447998
1387.939453	1305.960327
1386.884766	1390.978027
1385.829102	1404.884399
1384.773438	1421.153076
1383.717773	1430.310181
1382.662109	1441.830566
1381.605469	1420.207642
1380.549805	1464.855591
1379.493164	1440.870850
1378.435547	1473.666870
1377.378906	1506.448364
1376.321289	1503.749146
1375.263672	1470.320923
1374.206055	1491.264038
1373.147461	1486.206665
1372.089844	1424.456665
1371.031250	1464.289551
1369.972656	1468.686035
1368.913086	1362.127319
1367.854492	1409.027466
1366.794922	1326.125610
1365.734375	1314.034424
1364.674805	1252.417847
1363.614258	1311.090454
1362.554688	1270.719604
1361.493164	1305.791382
1360.432617	1333.777954
1359.372070	1331.124146
1358.310547	1279.007080
1357.249023	1363.498413
1356.186523	1294.916260
1355.125000	1320.519287
1354.062500	1291.983887
1353.000000	1364.632202
1351.937500	1338.451660
1350.874023	1300.523926
1349.810547	1319.042603
1348.747070	1391.619019
1347.683594	1330.202637
1346.619141	1362.799683
1345.555664	1388.334473
1344.491211	1324.610962
1343.425781	1408.844482
1342.361328	1387.400391
1341.295898	1373.006836
1340.230469	1393.817017
1339.165039	1384.120117
1338.098633	1418.990723
1337.033203	1421.016724
1335.966797	1460.551758
1334.899414	1490.693481
1333.833008	1438.804810
1332.765625	1461.909058
1331.698242	1468.606812
1330.630859	1533.844971
1329.563477	1519.452148
1328.495117	1572.945801
1327.426758	1610.033813
1326.358398	1581.595215
1325.289063	1562.525513
1324.220703	1569.188721
1323.151367	1519.735474
1322.082031	1556.792725
1321.011719	1549.430176
1319.942383	1530.388306
1318.872070	1548.729980
1317.800781	1597.423584
1316.730469	1555.034302
1315.659180	1543.010742
1314.587891	1535.660034
1313.516602	1446.646973
1312.445313	1530.299194
1311.373047	1499.633423
1311.369141	1464.051392
1310.300781	1499.293579
1310.296875	1501.352051
1309.228516	1454.661133
1309.224609	1466.120850
1308.156250	1428.693970
1308.151367	1510.137695
1307.083008	1460.991699
1307.079102	1446.956421
1306.009766	1351.168945
1306.005859	1367.490112
1304.936523	1392.785522
1304.932617	1427.804565
1303.863281	1350.555542
1303.858398	1425.219727
1302.789063	1333.952637
1302.785156	1296.903442
1301.714844	1382.526733
1301.710938	1336.245605
1300.640625	1379.885498
1300.636719	1338.332886
1299.566406	1302.799561
1299.562500	1347.400635
1298.491211	1332.739990
1298.488281	1265.723511
1297.416016	1285.929321
1297.414063	1300.389526
1296.340820	1243.789429
1296.338867	1281.548096
1295.264648	1296.965454
1295.263672	1265.038574
1294.189453	1319.907837
1294.188477	1269.460083
1293.113281	1296.374512
1293.113281	1229.712280
1292.037109	1308.511719
1292.037109	1263.560913
1290.961914	1294.332153
1290.959961	1339.905151
1289.885742	1308.037476
1289.883789	1362.816162
1288.809570	1263.664795
1288.806641	1378.753052
1287.732422	1282.015137
1287.729492	1362.194092
1286.656250	1314.291138
1286.651367	1394.364136
1285.579102	1297.800537
1285.574219	1322.139771
1284.501953	1311.491577
1284.496094	1289.371460
1283.424805	1313.573364
1283.416992	1309.943115
1282.347656	1329.576538
1282.338867	1316.597412
1281.270508	1320.054077
1281.259766	1274.582520
1280.192383	1326.771484
1280.180664	1278.924683
1279.114258	1275.508667
1279.101563	1285.580933
1278.036133	1194.121338
1278.022461	1266.759888
1276.958008	1249.540894
1276.942383	1229.424927
1275.878906	1226.133667
1275.862305	1219.884033
1274.800781	1207.369507
1274.782227	1256.632202
1273.721680	1207.147949
1273.702148	1228.579590
1272.642578	1193.026855
1272.621094	1151.962769
1271.562500	1211.336670
1271.540039	1174.824829
1270.483398	1141.642578
1270.458984	1176.867310
1269.403320	1159.954712
1269.376953	1178.908569
1268.323242	1092.610229
1268.295898	1201.748169
1267.243164	1157.212646
1267.213867	1171.435181
1266.163086	1113.033081
1266.130859	1212.745728
1265.082031	1124.395386
1265.048828	1133.945068
1264.000977	1119.561401
1263.965820	1129.066284
1262.920898	1142.481445
1262.882813	1117.264404
1261.838867	1193.140259
1261.799805	1112.391357
1260.757813	1169.800659
1260.715820	1183.662476
1259.676758	1174.206665
1259.632813	1211.071289
1258.594727	1192.476807
1258.548828	1199.260742
1257.512695	1231.535156
1257.463867	1222.041504
1256.430664	1215.135254
1256.379883	1180.265869
1255.347656	1224.148193
1255.294922	1249.133667
1254.265625	1277.033936
1254.209961	1308.752930
1253.182617	1219.074829
1253.125000	1232.431519
1252.099609	1288.100342
1252.039063	1211.419067
1251.016602	1246.316162
1250.953125	1333.173950
1249.932617	1301.465088
1249.867188	1254.597168
1248.849609	1354.286011
1248.781250	1357.873535
1247.765625	1379.406616
1247.694336	1272.424194
1246.681641	1349.167114
1246.607422	1297.434204
1245.597656	1348.914551
1245.520508	1301.733521
1244.512695	1364.799683
1244.433594	1257.744263
1243.428711	1230.855469
1243.345703	1273.544434
1242.343750	1315.892578
1242.257813	1358.285522
1241.258789	1241.914063
1241.169922	1252.273926
1240.173828	1326.916748
1240.082031	1281.847168
1239.087891	1287.512207
1238.993164	1263.176025
1238.001953	1280.361572
1237.904297	1237.625000
1236.916016	1264.003906
1236.815430	1184.538330
1235.830078	1171.688110
1235.726563	1207.213745
1234.744141	1233.607910
1234.636719	1271.180420
1233.658203	1187.353760
1233.546875	1181.418091
1232.571289	1161.822632
1232.457031	1254.534546
1231.484375	1203.006714
1231.366211	1098.322021
1230.397461	1221.177490
1230.276367	1212.686890
1229.309570	1174.959839
1229.185547	1123.021118
1228.222656	1220.715332
1228.094727	1177.751587
1227.134766	1172.216309
1227.002930	1170.604492
1226.046875	1149.013916
1225.911133	1174.911987
1224.958984	1141.903076
1224.819336	1225.012085
1223.870117	1226.681152
1223.727539	1172.074341
1222.782227	1162.139893
1222.634766	1089.408325
1221.693359	1184.881836
1221.542969	1130.340210
1220.604492	1113.485229
1220.449219	1164.390015
1219.515625	1177.544800
1219.356445	1193.849609
1218.425781	1152.075806
1218.263672	1159.272339
1217.335938	1172.507080
1217.169922	1159.000977
1216.246094	1192.930298
1216.076172	1177.013184
1215.156250	1201.877197
1214.981445	1195.016968
1214.066406	1201.647705
1213.887695	1229.002808
1212.975586	1228.931519
1212.792969	1205.875977
1211.885742	1256.204590
1211.697266	1255.826294
1210.794922	1235.337036
1210.602539	1294.338867
1209.704102	1248.849365
1209.506836	1209.591797
1208.612305	1292.139526
1208.411133	1309.703125
1207.521484	1298.763550
1207.315430	1295.708374
1206.429688	1225.229614
1206.219727	1311.368286
1205.337891	1241.022461
1205.123047	1233.536377
1204.245117	1275.123047
1204.026367	1278.837524
1203.153320	1233.679077
1202.929688	1269.420410
1202.060547	1251.748901
1201.832031	1228.108521
1200.967773	1178.293579
1200.734375	1195.927856
1199.875000	1212.379272
1199.636719	1168.317017
1198.782227	1180.126709
1198.539063	1202.194824
1197.688477	1195.905518
1197.440430	1195.082153
1196.595703	1140.806396
1196.341797	1169.766235
1195.501953	1220.587158
1195.243164	1189.967529
1194.407227	1215.780762
1194.144531	1191.961304
1193.313477	1194.981934
1193.044922	1209.873169
1192.218750	1254.145630
1191.945313	1252.786743
1191.124023	1240.199097
1190.845703	1238.851685
1190.029297	1260.510742
1189.745117	1193.106934
1188.934570	1207.755371
1188.645508	1204.184692
1187.839844	1264.587402
1187.544922	1228.886108
1186.744141	1205.004639
1186.443359	1185.446533
1185.648438	1122.627197
1185.342773	1119.323120
1184.552734	1156.628906
1184.241211	1100.898438
1183.456055	1106.224854
1183.139648	1109.714722
1182.360352	1126.533569
1182.038086	993.741699
1181.263672	1055.634766
1180.935547	1066.090576
1180.166992	1025.795044
1179.833008	1018.214844
1179.070313	980.013184
1178.730469	1008.904053
1177.972656	979.822144
1177.627930	995.064209
1176.875977	1043.420898
1176.524414	1019.754822
1175.778320	1006.773010
1175.420898	992.325134
1174.679688	1049.845459
1174.317383	983.028687
1173.582031	1008.656555
1173.212891	1000.910522
1172.484375	999.353577
1172.109375	1002.935974
1171.385742	978.674194
1171.004883	1014.013977
1170.287109	973.931519
1169.899414	1081.658569
1169.188477	1016.967590
1168.794922	956.971558
1168.088867	964.451355
1167.689453	972.575684
1166.989258	923.326538
1166.583984	1015.307373
1165.890625	952.704224
1165.477539	983.414551
1164.790039	963.883728
1164.372070	960.577637
1163.690430	952.330078
1163.265625	946.789978
1162.590820	943.053223
1162.159180	989.486328
1161.490234	954.227661
1161.051758	957.629517
1160.389648	935.867676
1159.944336	959.658142
1159.289063	985.647095
1158.836914	957.170654
1158.187500	928.687256
1157.729492	956.941162
1157.085938	926.234009
1156.622070	1017.634277
1155.985352	919.242126
1155.513672	960.993713
1154.882813	937.215027
1154.405273	940.465088
1153.781250	934.761169
1153.295898	919.946228
1152.679688	995.823059
1152.187500	940.013184
1151.577148	963.875061
1151.078125	991.621887
1150.474609	965.951965
1149.967773	941.814148
1149.372070	954.425598
1148.858398	916.808838
1148.268555	961.036438
1147.748047	990.906006
1147.165039	992.572144
1146.637695	959.145996
1146.062500	910.810303
1145.527344	880.130737
1144.958008	960.465210
1144.416016	960.933960
1143.854492	910.449036
1143.305664	949.452637
1142.750977	903.475281
1142.193359	996.459656
1141.646484	944.046021
1141.082031	993.970215
1140.541992	1000.444702
1139.969727	926.282288
1139.436523	954.985779
1138.857422	946.287720
1138.332031	979.683838
1137.745117	959.541870
1137.226563	920.674316
1136.632813	995.255676
1136.121094	983.817139
1135.519531	1010.737244
1135.015625	1006.233093
1134.406250	983.545898
1133.910156	996.989502
1133.292969	963.102600
1132.803711	967.406860
1132.178711	951.646790
1131.697266	971.733459
1131.064453	1047.903809
1130.590820	930.870361
1129.950195	1020.729126
1129.484375	1039.113647
1128.835938	1033.938110
1128.377930	959.858826
1127.720703	1004.537354
1127.270508	968.699036
1126.605469	1008.776550
1126.163086	1009.141846
1125.490234	1030.942993
1125.055664	1006.682678
1124.374023	956.751099
1123.947266	961.347412
1123.257813	1115.564453
1122.839844	967.923523
1122.141602	965.243286
1121.731445	951.939026
1121.025391	996.354004
1120.623047	987.833313
1119.908203	991.634094
1119.513672	1010.183838
1118.791016	991.392151
1118.405273	987.436829
1117.673828	977.726013
1117.295898	989.492432
1116.556641	1031.170654
1116.186523	935.209167
1115.438477	939.231750
1115.077148	1009.372253
1114.320313	992.659363
1113.966797	970.874817
1113.202148	983.475891
1112.857422	961.670776
1112.083008	927.369507
1111.747070	986.245850
1110.963867	936.078735
1110.636719	970.288452
1109.844727	935.849365
1109.525391	940.832520
1108.724609	917.756042
1108.415039	918.139404
1107.605469	948.785034
1107.303711	886.455688
1106.485352	944.088440
1106.192383	917.768860
1105.364258	883.610474
1105.081055	904.089661
1104.244141	865.547058
1103.968750	879.173218
1103.123047	903.248413
1102.856445	905.972290
1102.001953	889.648071
1101.744141	872.074890
1100.879883	898.345764
1100.631836	880.887085
1099.758789	893.667419
1099.519531	936.876404
1098.636719	906.815552
1098.406250	909.731628
1097.513672	862.042053
1097.292969	932.005249
1096.391602	884.098999
1096.179688	911.608276
1095.268555	939.540833
1095.066406	976.525024
1094.145508	1003.858582
1093.952148	870.838684
1093.021484	934.626282
1092.837891	913.297424
1091.898438	929.945801
1091.723633	931.060120
1090.774414	983.096619
1090.609375	899.468079
1089.650391	913.920227
1089.494141	923.953857
1088.525391	918.140198
1088.378906	903.586609
1087.400391	946.805908
1087.263672	921.336304
1086.275391	986.567261
1086.148438	903.218872
1085.150391	961.886719
1085.033203	869.423218
1084.024414	857.265930
1083.916992	914.052551
1082.898438	883.697266
1082.800781	882.508118
1081.772461	912.335083
1081.684570	904.722229
1080.645508	952.054688
1080.568359	882.148132
1079.518555	916.318909
1079.451172	868.537048
1078.391602	853.983093
1078.333984	843.741272
1077.264648	909.210144
1077.216797	888.320557
1076.136719	942.239197
1076.099609	876.953369
1075.008789	908.757141
1074.981445	874.537415
1073.880859	904.098694
1073.863281	831.870483
1072.751953	872.857849
1072.745117	860.765015
1071.626953	867.294678
1071.623047	885.928894
1070.508789	844.768677
1070.494141	872.421997
1069.389648	853.533081
1069.365234	808.006165
1068.270508	893.568665
1068.235352	898.543762
1067.151367	819.681091
1067.105469	904.956726
1066.031250	837.376953
1065.975586	873.761414
1064.912109	875.158386
1064.844727	902.291992
1063.791992	859.354004
1063.713867	886.589233
1062.670898	852.482544
1062.583008	848.790222
1061.550781	829.995667
1061.452148	901.613281
1060.429688	818.671387
1060.320313	830.689880
1059.309570	849.726563
1059.188477	879.073181
1058.188477	858.470825
1058.056641	872.227661
1057.066406	945.238159
1056.923828	920.575806
1055.945313	898.237061
1055.791016	902.687683
1054.823242	889.138306
1054.658203	829.645691
1053.701172	857.763611
1053.524414	851.496094
1052.579102	890.999207
1052.391602	822.611328
1051.456055	875.226074
1051.257813	870.910217
1050.333008	823.834167
1050.123047	855.260376
1049.209961	877.090881
1048.989258	844.025757
1048.086914	850.201782
1047.854492	936.345398
1046.963867	821.098511
1046.718750	883.246033
1045.839844	818.703979
1045.583984	907.245056
1044.715820	880.814514
1044.448242	829.963074
1043.591797	851.722595
1043.312500	964.009949
1042.466797	849.322937
1042.175781	917.557617
1041.342773	920.279785
1041.040039	879.927917
1040.217773	886.752563
1039.903320	934.686157
1039.092773	862.127075
1038.765625	894.872131
1037.966797	926.372314
1037.628906	947.400208
1036.841797	939.506470
1036.491211	969.135132
1035.715820	901.561462
1035.352539	924.948059
1034.589844	930.236023
1034.214844	966.445496
1033.463867	890.088745
1033.076172	926.672974
1032.336914	949.822571
1031.937500	961.562317
1031.209961	947.406433
1030.798828	978.875366
1030.083008	913.935120
1029.659180	998.373596
1028.956055	951.448120
1028.519531	976.182007
1027.828125	935.728577
1027.379883	991.284302
1026.701172	951.052124
1026.239258	960.335205
1025.573242	973.018555
1025.098633	942.553589
1024.444336	939.576111
1023.958008	948.886597
1023.316406	1019.139038
1022.817383	944.261780
1022.187500	908.173706
1021.675781	941.829468
1021.058594	894.696716
1020.534180	902.172607
1019.929688	859.083923
1019.391602	884.427612
1018.799805	896.537048
1018.250000	890.766357
1017.670898	843.232849
1017.107422	934.298523
1016.541016	898.375366
1015.963867	899.058411
1015.411133	911.461365
1014.821289	925.070251
1014.280273	880.305359
1013.677734	902.968384
1013.150391	853.584961
1012.534180	915.850586
1012.019531	950.685913
1011.389648	913.429260
1010.888672	926.172180
1010.245117	902.270264
1009.756836	864.099060
1009.100586	945.719543
1008.625977	912.527344
1007.956055	910.538574
1007.494141	905.709045
1006.810547	916.852173
1006.362305	918.770691
1005.665039	907.885376
1005.229492	927.410583
1004.519531	970.924133
1004.097656	913.970154
1003.373047	889.965088
1002.964844	938.057556
1002.226563	935.529663
1001.832031	948.894287
1001.080078	944.007690
1000.698242	869.269470
999.932617	965.558655
999.565430	906.585571
998.786133	954.412842
998.431641	901.984375
997.637695	919.309570
997.297852	915.024048
996.490234	897.291626
996.164063	952.306702
995.341797	894.880859
995.029297	938.882690
994.193359	868.526794
993.894531	936.481689
993.044922	850.891052
992.759766	870.193909
991.895508	874.601135
991.625000	903.049072
990.746094	900.473694
990.489258	905.060913
989.596680	898.064148
989.354492	922.483276
988.218750	884.869019
987.082031	820.862061
985.946289	908.698425
984.809570	864.511230
983.672852	910.514221
982.536133	890.532349
981.398438	907.931335
980.261719	956.093628
979.124023	955.891541
977.985352	955.689453
976.847656	942.308167
975.708984	893.795471
974.570313	992.408020
973.431641	981.222229
972.291992	991.987732
971.153320	985.194946
970.013672	1044.216919
968.874023	1057.155151
967.733398	1131.486206
966.592773	1087.399414
965.453125	1124.430420
964.311523	1130.765991
963.170898	1130.525757
962.029297	1174.095093
960.887695	1138.805420
959.746094	1121.046997
958.604492	1144.888428
957.461914	1054.911743
956.319336	1098.450195
955.176758	1034.773682
954.033203	1010.493896
952.890625	988.411133
951.747070	916.053162
950.603516	904.928833
949.458984	950.628296
948.314453	897.988281
947.169922	934.931824
946.025391	928.180420
944.880859	847.193237
943.735352	875.391541
942.589844	879.569702
941.444336	931.751831
940.298828	890.101868
939.152344	846.288391
938.005859	880.998413
936.859375	922.234131
935.711914	863.183350
934.565430	937.094360
933.417969	939.072510
932.269531	851.737061
931.122070	899.468140
929.973633	916.694702
928.825195	940.444641
927.676758	929.360474
926.528320	948.745239
925.378906	948.541626
924.229492	959.213379
923.080078	1019.896729
921.929688	910.970032
920.780273	956.421631
919.629883	958.389282
918.478516	977.737976
917.328125	949.287964
916.176758	936.052795
915.025391	942.365417
913.874023	911.770203
912.721680	968.004578
911.570313	920.057251
910.417969	980.604431
909.264648	923.998779
908.112305	897.777039
906.958984	940.944885
905.805664	921.233459
904.652344	897.196106
903.498047	975.002625
902.344727	1011.617615
901.189453	983.244507
900.035156	939.726685
898.880859	954.677185
897.725586	963.128174
896.570313	999.705566
895.414063	1062.227905
894.258789	997.110168
893.102539	1094.205078
891.946289	1089.644165
890.790039	1115.346558
889.632813	1246.929321
888.475586	1289.870972
887.318359	1391.116943
886.161133	1483.680298
885.002930	1381.876953
883.844727	1457.132202
882.686523	1465.448975
881.528320	1389.608765
880.369141	1372.048584
879.209961	1328.613770
878.050781	1298.135986
876.890625	1263.359375
875.731445	1198.421753
874.571289	1133.512207
873.410156	1105.257202
872.250000	1068.398315
871.088867	1029.401733
869.927734	1044.249268
868.766602	1024.648315
867.605469	1056.707520
866.443359	972.561523
865.281250	965.895996
864.118164	972.137695
862.956055	971.925720
861.792969	969.563965
860.629883	956.456421
859.466797	889.632690
858.302734	908.774109
857.138672	917.167419
855.974609	923.409546
854.810547	910.325867
853.645508	985.255310
852.480469	970.017578
851.315430	948.349609
850.150391	976.028809
848.984375	950.079468
847.818359	984.178467
846.652344	968.957092
845.486328	1000.893616
844.319336	1039.244263
843.152344	974.747620
841.985352	1079.483887
840.817383	1092.095459
839.649414	1143.237549
838.481445	1190.076172
837.313477	1226.194336
836.144531	1454.850342
834.976563	1574.315918
833.807617	1909.722168
832.637695	2225.738281
831.468750	2590.780273
830.298828	2998.404541
829.128906	3290.469238
827.958008	3266.247803
826.788086	3143.792969
825.617188	2929.575684
824.445313	2768.822021
823.274414	2426.721680
822.102539	2187.196289
820.930664	2024.577881
819.758789	1744.720825
818.586914	1620.654907
817.414063	1475.323853
816.241211	1462.209717
815.068359	1327.632446
813.894531	1303.903442
812.720703	1226.932617
811.546875	1235.180420
810.373047	1215.745483
809.198242	1147.359375
808.023438	1157.747070
806.848633	1106.425537
805.673828	1123.199341
804.498047	1095.302734
803.322266	1116.323975
802.146484	1016.161682
800.969727	1062.695557
799.793945	1058.210693
798.617188	1026.109863
797.439453	1047.122559
796.262695	995.926514
795.084961	1048.781982
793.907227	1012.466064
792.728516	1046.195313
791.550781	1069.301514
790.372070	1066.943359
789.193359	1081.551636
788.013672	1094.033081
786.834961	1102.269409
785.655273	1078.712769
784.474609	1129.324707
783.294922	1150.257446
782.114258	1063.169434
780.933594	1075.637695
779.752930	984.370911
778.571289	982.035767
777.389648	992.397400
776.208008	1021.794006
775.026367	1044.832275
773.843750	1017.110352
772.661133	999.971252
771.478516	1031.453247
770.295898	1050.242065
769.112305	1056.346313
767.928711	1028.652100
766.745117	1038.981689
765.560547	1026.082520
764.375977	1040.629517
763.191406	1126.921387
762.006836	1109.791138
760.821289	1208.685425
759.636719	1309.644287
758.450195	1357.846436
757.264648	1370.191284
756.078125	1380.422974
754.891602	1348.508911
753.705078	1350.314331
752.518555	1282.617188
751.331055	1305.492554
750.143555	1252.571655
748.955078	1252.291504
747.767578	1203.614380
746.579102	1203.345093
745.390625	1249.347900
744.201172	1244.862671
743.012695	1160.490356
741.823242	1259.018188
740.632813	1229.316650
739.443359	1216.435669
738.252930	1270.774780
737.062500	1312.489624
735.872070	1305.896729
734.680664	1318.198120
733.489258	1217.171021
732.297852	1315.508545
731.106445	1292.139282
729.914063	1283.460571
728.721680	1302.042480
727.529297	1322.712158
726.335938	1404.149048
725.142578	1374.499634
723.949219	1326.010132
722.755859	1334.089355
721.561523	1325.413818
720.367188	1304.181763
719.172852	1257.843994
717.978516	1188.510132
716.783203	1079.459839
715.587891	1108.497803
714.392578	1053.881226
713.196289	1074.549316
712.000000	1072.217163
710.803711	1042.720703
709.607422	1071.733643
708.410156	1077.758057
707.212891	1039.927124
706.015625	1102.324585
704.818359	1066.592285
703.620117	1118.521240
702.421875	1066.110596
701.223633	1074.213257
700.024414	1101.080444
698.825195	1125.850464
697.625977	1131.849365
696.426758	1196.196289
695.226563	1181.341309
694.026367	1183.157104
692.826172	1199.549805
691.625000	1267.986938
690.423828	1203.169922
689.222656	1269.493896
688.021484	1254.641724
686.819336	1273.079224
685.617188	1339.341797
684.415039	1251.709595
683.211914	1255.583374
682.009766	1296.864746
680.806641	1257.091675
679.602539	1325.359497
678.399414	1306.366577
677.195313	1277.000122
675.991211	1293.317749
674.786133	1309.627808
673.581055	1350.830322
672.375977	1336.001587
671.170898	1312.883179
669.965820	1266.965576
668.759766	1287.408691
667.553711	1274.679932
666.346680	1261.956787
665.140625	1232.665649
663.933594	1309.020630
662.725586	1225.891968
661.518555	1225.612793
660.310547	1221.193848
659.102539	1200.222046
657.893555	1280.634644
656.685547	1292.753052
655.476563	1292.458130
654.267578	1221.869629
653.057617	1192.652954
651.847656	1206.846313
650.637695	1192.108398
649.427734	1175.311523
648.216797	1158.522217
647.005859	1154.128296
645.794922	1160.057007
644.583984	1122.645386
643.372070	1105.882935
642.160156	1080.877075
640.947266	996.076660
639.735352	1074.197021
638.522461	1115.177612
637.309570	1036.609863
636.095703	1032.251587
634.881836	1071.153442
633.667969	1099.740112
632.454102	1078.898315
631.239258	1082.767944
630.024414	1129.854126
628.809570	1127.537354
627.594727	1166.363159
626.378906	1170.208618
625.163086	1106.199829
623.947266	1165.559937
622.730469	1134.464355
621.513672	1160.915039
620.296875	1199.678833
619.079102	1185.026611
617.862305	1211.447021
616.643555	1209.115479
615.425781	1139.057251
614.207031	1101.861206
612.989258	1097.504639
611.769531	1017.265381
610.550781	1078.545044
609.331055	983.996826
608.111328	1051.404297
606.891602	1032.720459
605.670898	1001.753662
604.450195	1005.618835
603.229492	1034.053711
602.007813	996.966187
600.787109	1013.109497
599.564453	984.228577
598.342773	1000.367188
597.120117	1024.679321
595.897461	1040.800903
594.674805	1020.117065
593.452148	1015.793457
592.228516	993.081360
591.004883	949.950623
589.780273	968.112671
588.556641	951.552917
587.332031	977.871948
586.106445	936.825195
584.881836	952.932434
583.656250	940.471252
582.430664	952.490784
581.204102	884.978943
579.978516	939.817200
578.751953	939.599121
577.524414	941.418823
576.297852	983.982117
575.070313	953.202271
573.842773	985.561401
572.614258	975.153381
571.385742	960.679382
570.157227	970.630432
568.928711	982.611084
567.699219	962.043335
566.469727	994.354614
565.240234	977.859436
564.009766	967.469299
562.780273	938.795654
561.548828	983.271118
560.318359	981.010925
559.086914	1041.700439
557.855469	1069.879517
556.624023	966.117371
555.391602	1020.679993
554.160156	1046.815063
552.926758	1040.486084
551.694336	1038.215332
550.460938	1060.273071
549.227539	1029.623169
547.994141	994.934692
546.759766	1037.245361
545.525391	1020.799683
544.291016	1008.411438
543.055664	961.613159
541.821289	997.819702
540.584961	1068.408691
539.349609	1009.490662
538.113281	1027.457153
536.876953	980.708618
535.640625	1008.781250
534.403320	986.312256
533.166016	1038.618042
531.928711	973.728516
530.691406	1007.835083
529.453125	1007.598511
528.214844	969.005493
526.975586	1013.180176
525.737305	992.764038
524.498047	1010.686768
523.257813	966.078125
522.018555	988.031250
520.778320	1056.339966
519.538086	1060.122314
518.296875	1045.767944
517.055664	985.086975
515.814453	1011.037170
514.573242	1034.961548
513.331055	1012.573853
512.088867	1064.662598
510.846680	1008.072144
509.603516	1072.207031
508.360352	1108.155029
507.117188	1091.807861
505.874023	1081.499023
504.629883	1051.097412
503.385742	1014.682129
502.140625	1112.873291
500.896484	1092.526978
499.651367	1130.417725
498.405273	1122.120850
497.160156	1133.896606
495.914063	1137.641113
494.667969	1067.163574
493.420898	1058.888916
492.173828	1104.752930
490.926758	1078.432251
489.679688	1154.330322
488.431641	1093.949341
487.183594	1125.739380
485.935547	1135.485229
484.686523	1187.271362
483.437500	1142.952759
482.188477	1182.705078
480.939453	1200.430420
479.689453	1236.149414
478.439453	1331.844238
477.188477	1247.557129
475.937500	1277.242554
474.686523	1304.915161
473.435547	1340.566040
472.183594	1378.197021
470.931641	1455.748169
469.679688	1439.429688
468.426758	1530.900513
467.173828	1628.314087
465.920898	1601.990356
464.667969	1707.318115
463.414063	1886.375366
462.160156	1921.809204
460.905273	2072.825684
459.651367	2289.526367
458.396484	2318.861328
457.140625	2573.240723
455.885742	2666.211182
454.629883	2715.341064
453.373047	2746.534668
452.117188	2519.043701
450.860352	2176.282227
449.603516	2104.163330
448.345703	1865.058716
447.087891	1719.497681
445.830078	1609.779053
444.572266	1539.851074
443.313477	1444.132813
442.054688	1439.814087
440.795898	1366.005615
439.536133	1365.677246
438.276367	1391.147583
437.016602	1410.653442
435.755859	1455.935913
434.495117	1388.160522
433.234375	1437.391479
431.972656	1504.437744
430.710938	1408.955811
429.449219	1505.693848
428.187500	1499.388672
426.924805	1401.996094
425.662109	1358.103516
424.399414	1322.148804
423.135742	1250.593262
421.872070	1272.052490
420.607422	1271.745117
419.343750	1273.414917
418.079102	1318.575073
416.814453	1258.964233
415.548828	1242.852173
414.283203	1212.919678
413.017578	1250.150146
411.750977	1285.387817
410.484375	1328.504395
409.217773	1221.611816
407.951172	1229.207764
406.683594	1301.894409
405.416016	1256.220337
404.147461	1269.716553
402.879883	1224.072021
401.611328	1282.894043
400.341797	1258.940063
399.072266	1298.027710
397.802734	1262.265991
396.533203	1319.052124
395.263672	1291.175293
393.993164	1359.732910
392.721680	1347.597778
391.451172	1282.364258
390.179688	1333.176270
388.908203	1364.304688
387.635742	1422.932983
386.363281	1387.217407
385.090820	1331.874878
383.817383	1388.503540
382.544922	1411.725586
381.270508	1411.380371
379.997070	1446.359985
378.722656	1473.474243
377.448242	1492.728760
376.173828	1451.180908
374.898438	1474.352173
373.623047	1464.190308
372.347656	1452.073486
371.071289	1416.452881
369.794922	1453.319580
368.517578	1468.628052
367.241211	1436.944214
365.963867	1467.906494
364.686523	1487.112793
363.408203	1500.440796
362.129883	1453.133179
360.851563	1476.238892
359.572266	1483.694580
358.292969	1540.004395
357.013672	1525.947876
355.733398	1445.484009
354.453125	1491.996460
353.172852	1493.580688
351.892578	1479.548584
350.611328	1539.677490
349.330078	1519.787598
348.047852	1496.006226
346.765625	1548.285889
345.483398	1555.700806
344.201172	1559.213745
342.917969	1523.754028
341.634766	1519.480469
340.350586	1497.680664
339.066406	1518.727295
337.782227	1454.112671
336.498047	1502.404785
335.212891	1484.521118
333.927734	1482.207275
332.642578	1511.009033
331.356445	1516.465942
330.070313	1551.075562
328.783203	1562.348999
327.497070	1493.964233
326.209961	1410.075439
324.921875	1524.288452
323.634766	1438.492065
322.346680	1498.298096
321.057617	1542.551636
319.768555	1540.226807
318.479492	1506.873413
317.190430	1547.213135
315.900391	1593.347534
314.610352	1592.949219
313.320313	1596.425537
312.029297	1611.521362
310.738281	1678.893311
309.447266	1726.871704
308.155273	1741.922729
306.863281	1807.275513
305.571289	1826.167236
304.278320	1827.642944
302.985352	1908.392334
301.692383	1979.435547
300.398438	1942.219604
299.104492	2065.383789
297.810547	2118.948730
296.515625	2130.002197
295.220703	2200.898682
293.925781	2275.619141
292.629883	2350.301758
291.333984	2463.529297
290.038086	2513.053223
288.741211	2585.689941
287.444336	2648.651123
286.147461	2761.687256
284.849609	2801.450439
283.551758	2812.299561
282.253906	2952.167725
280.955078	2989.925781
279.656250	3062.310059
278.357422	3028.821533
277.057617	3012.663574
275.757813	3117.681641
274.458008	3057.283203
273.157227	3225.672363
271.856445	3238.306396
270.554688	3375.821289
269.253906	3363.437988
267.952148	3614.152100
266.649414	3628.591797
265.346680	3712.121826
264.043945	3929.932373
262.741211	3854.112549
261.437500	4064.102783
260.133789	4189.617676
258.830078	4276.728516
257.525391	4461.533691
256.220703	4527.453125
254.915039	4612.493164
253.609375	4743.448730
252.303711	4784.354492
250.998047	5010.897949
249.691406	4990.479492
248.384766	5165.200195
247.077148	5263.328613
245.769531	5422.591309
244.461914	5312.240723
243.154297	5406.430664
241.845703	5492.928711
240.536133	5382.641602
239.227539	5385.076660
237.917969	5292.054199
236.608398	5254.428223
235.297852	5058.445801
233.987305	5018.989746
232.676758	4794.560059
231.365234	4703.710449
230.053711	4671.998047
228.742188	4674.603027
227.429688	4492.403809
226.117188	4375.057129
224.803711	4354.883301
223.491211	4285.223633
222.177734	4392.596680
220.863281	4341.988281
219.548828	4268.578613
218.234375	4219.928711
216.919922	4112.364746
215.604492	4143.609863
214.289063	4020.917969
212.972656	3991.376953
211.656250	4058.712402
210.339844	3888.666504
209.022461	3866.773438
207.705078	3903.721924
206.387695	3893.218262
205.069336	3751.841064
203.750977	3730.003174
202.432617	3763.153809
201.113281	3699.626221
199.793945	3607.708984
198.474609	3765.887695
197.154297	3721.344971
195.833984	3638.958252
194.513672	3751.574707
193.192383	3699.498779
191.871094	3709.879883
190.548828	3794.016846
189.226563	3810.038574
187.904297	3778.792480
186.581055	3849.613770
185.257813	3933.622314
183.934570	3845.700195
182.610352	3908.892090
181.286133	4015.470459
179.961914	4086.132080
178.636719	4034.109375
177.311523	4108.499512
175.985352	4107.415039
174.660156	4128.954590
173.333008	4338.968750
172.006836	4371.740234
170.679688	4423.332031
169.352539	4489.962402
168.024414	4485.007324
166.696289	4602.408691
165.368164	4608.715332
164.039063	4737.307617
162.709961	4895.924316
161.380859	4890.862793
160.050781	5021.154297
158.720703	5267.896973
157.389648	5272.131348
156.058594	5588.173340
154.727539	5676.822754
153.395508	5893.084961
152.063477	6086.708008
150.731445	6263.338867
149.398438	6377.970215
148.065430	6464.408203
146.732422	6627.667969
145.398438	6721.487305
144.064453	6963.290527
142.729492	6989.525879
141.395508	6997.016602
140.059570	7114.970703
138.724609	7124.292480
137.388672	7122.379395
136.051758	7069.952637
134.715820	7105.458496
133.378906	7195.169434
132.041016	7303.523438
130.703125	7204.376465
129.365234	7301.456543
128.026367	7241.584473
126.687500	7344.200684
125.348633	7282.479004
124.008789	7302.907227
122.668945	7207.641602
121.329102	7289.630859
119.988281	7306.305176
118.647461	7352.797852
117.306641	7363.851563
115.964844	7352.537598
114.622070	7369.169922
113.280273	7454.695801
111.937500	7556.929199
110.593750	7512.065430
109.250000	7573.287109
107.906250	7388.920410
106.562500	7267.883789
105.217773	6953.550293
103.873047	6451.654785
102.527344	6041.084473
101.181641	5342.791016
99.834961	4773.024902
98.489258	4042.036377
