#Wave		#Intensity
3199.956055	28.369665
3199.250977	24.823456
3198.545898	35.456585
3197.840820	46.086411
3197.134766	31.901022
3196.429688	53.160107
3195.724609	49.608379
3195.018555	60.229366
3194.312500	38.965866
3193.606445	24.792593
3192.901367	31.871212
3192.195313	21.244154
3191.488281	28.321106
3190.782227	38.935421
3190.076172	28.312231
3189.369141	35.384735
3188.663086	14.151671
3187.956055	38.910976
3187.249023	17.684025
3186.541992	28.289984
3185.834961	42.428288
3185.127930	70.702652
3184.420898	35.345745
3183.712891	45.942204
3183.005859	42.401478
3182.297852	45.927662
3181.590820	38.855705
3180.882813	24.722437
3180.174805	56.499454
3179.466797	28.245237
3178.757813	45.891209
3178.049805	56.472496
3177.341797	45.876591
3176.632813	45.869274
3175.924805	35.278423
3175.215820	28.218231
3174.506836	31.740433
3173.797852	49.366104
3173.088867	38.781441
3172.379883	38.775223
3171.669922	70.489098
3170.960938	31.714998
3170.250977	49.326511
3169.541016	45.795822
3168.832031	42.266262
3168.122070	59.867554
3167.412109	45.773689
3166.701172	49.286785
3165.991211	56.318653
3165.281250	17.596733
3164.570313	56.300438
3163.860352	17.591038
3163.149414	38.694012
3162.438477	35.170666
3161.727539	38.681454
3161.016602	52.738865
3160.305664	56.245644
3159.593750	49.206928
3158.882813	35.142082
3158.170898	45.677261
3157.458984	17.565311
3156.748047	56.199818
3156.036133	31.607233
3155.324219	45.647427
3154.611328	24.575361
3153.899414	38.612103
3153.187500	31.586540
3152.474609	49.126560
3151.761719	66.660812
3151.049805	45.602539
3150.336914	45.595043
3149.624023	49.094273
3148.911133	21.036938
3148.197266	24.539051
3147.484375	38.555004
3146.770508	31.539799
3146.057617	77.084549
3145.343750	56.052227
3144.629883	49.037586
3143.916016	38.523155
3143.202148	49.021347
3142.488281	42.011330
3141.774414	31.503271
3141.059570	62.996082
3140.344727	38.491211
3139.630859	13.994476
3138.916016	34.980370
3138.201172	59.456726
3137.486328	59.446819
3136.771484	41.955463
3136.055664	59.426987
3135.340820	27.960972
3134.625000	59.407135
3133.910156	73.373016
3133.194336	48.907158
3132.478516	66.362885
3131.762695	73.336159
3131.046875	45.390961
3130.330078	52.365395
3129.614258	59.337482
3128.897461	38.388390
3128.181641	59.317535
3127.464844	13.954719
3126.748047	52.321381
3126.031250	52.312565
3125.314453	38.356079
3124.596680	31.376949
3123.879883	48.800346
3123.162109	38.336651
3122.445313	62.722095
3121.727539	55.743542
3121.009766	41.800575
3120.291992	69.655823
3119.574219	31.339808
3118.856445	52.224152
3118.137695	69.620377
3117.419922	76.569412
3116.701172	31.318525
3115.982422	66.105637
3115.263672	59.137085
3114.544922	76.517311
3113.826172	55.639469
3113.107422	55.629982
3112.387695	31.286524
3111.668945	76.465111
3110.949219	76.452049
3110.229492	62.540981
3109.509766	31.265141
3108.790039	45.153030
3108.070313	38.199863
3107.350586	31.249077
3106.629883	38.186768
3105.910156	55.534855
3105.189453	45.114323
3104.468750	69.394722
3103.748047	58.975376
3103.027344	31.216887
3102.306641	45.083294
3101.585938	76.281670
3100.864258	48.534512
3100.143555	76.255363
3099.421875	72.776657
3098.700195	48.509392
3097.978516	86.608948
3097.256836	69.275185
3096.535156	45.021080
3095.813477	51.938408
3095.090820	48.467453
3094.369141	48.459057
3093.646484	48.450653
3092.923828	65.743050
3092.201172	72.650764
3091.478516	58.802307
3090.755859	51.875370
3090.032227	44.950840
3089.309570	76.057411
3088.585938	76.044174
3087.863281	58.751175
3087.139648	76.017677
3086.416016	89.823410
3085.692383	41.449726
3084.967773	55.256653
3084.244141	34.529377
3083.519531	44.880344
3082.795898	62.131149
3082.071289	51.766899
3081.346680	44.856792
3080.622070	34.499180
3079.897461	48.290390
3079.171875	65.525467
3078.447266	37.929138
3077.721680	48.264977
3076.997070	55.150284
3076.271484	75.818314
3075.545898	44.793858
3074.820313	48.231052
3074.094727	48.222561
3073.368164	65.433380
3072.642578	44.762321
3071.916016	37.869133
3071.189453	72.282867
3070.463867	103.243011
3069.737305	113.547264
3069.009766	61.923927
3068.283203	44.714931
3067.556641	75.658043
3066.829102	55.014294
3066.102539	30.940063
3065.375000	44.683289
3064.647461	37.802235
3063.919922	75.591064
3063.192383	99.625092
3062.463867	51.521076
3061.736328	48.077801
3061.007813	54.936295
3060.279297	92.688522
3059.551758	20.593786
3058.823242	30.885183
3058.094727	75.483673
3057.365234	37.735115
3056.636719	54.877663
3055.907227	75.443336
3055.178711	116.573448
3054.449219	54.848305
3053.719727	65.120735
3052.990234	92.523460
3052.260742	58.245102
3051.530273	54.809116
3050.800781	54.799313
3050.070313	85.608604
3049.340820	68.474625
3048.610352	71.885475
3047.879883	65.027580
3047.149414	41.062687
3046.417969	85.531921
3045.687500	95.778564
3044.957031	75.241074
3044.225586	71.808121
3043.494141	51.282299
3042.762695	92.291542
3042.031250	75.186989
3041.299805	85.424377
3040.568359	58.078121
3039.835938	75.146385
3039.103516	58.057194
3038.372070	92.191856
3037.639648	75.105743
3036.907227	75.092194
3036.174805	47.777313
3035.441406	98.949417
3034.708984	64.817215
3033.975586	88.681206
3033.243164	68.203972
3032.509766	71.601212
3031.776367	105.677902
3031.042969	47.716858
3030.309570	95.416428
3029.575195	74.956467
3028.841797	74.942871
3028.107422	74.929276
3027.373047	74.915680
3026.638672	71.497437
3025.904297	74.888466
3025.169922	68.068054
3024.435547	91.875168
3023.700195	71.445465
3022.965820	74.834015
3022.230469	108.829659
3021.495117	74.806770
3020.759766	71.393448
3020.024414	95.173920
3019.289063	95.156563
3018.552734	71.354408
3017.817383	105.313469
3017.081055	74.724953
3016.344727	84.899208
3015.608398	74.697655
3014.872070	84.868179
3014.135742	105.217300
3013.398438	71.263199
3012.662109	91.607338
3011.924805	67.844864
3011.187500	111.923523
3010.451172	74.602013
3009.712891	61.026821
3008.975586	125.421021
3008.238281	91.506660
3007.500000	115.209457
3006.762695	98.248848
3006.024414	84.681732
3005.286133	98.212761
3004.547852	111.738800
3003.809570	84.635040
3003.071289	118.467262
3002.332031	111.677155
3001.592773	101.505997
3000.854492	94.721481
3000.115234	118.380035
2999.375977	108.213226
2998.636719	114.955360
2997.896484	108.173325
2997.157227	108.153358
2996.416992	101.375061
2995.677734	114.870522
2994.937500	162.140198
2994.197266	128.337265
2993.457031	118.183525
2992.715820	97.905380
2991.975586	74.259308
2991.234375	138.366730
2990.494141	161.960342
2989.752930	111.327110
2989.011719	104.560638
2988.270508	121.402748
2987.528320	128.123596
2986.787109	165.181351
2986.044922	74.149300
2985.303711	161.750259
2984.561523	104.444313
2983.819336	128.004730
2983.077148	127.980949
2982.334961	138.059036
2981.591797	151.500046
2980.849609	161.569992
2980.106445	171.636169
2979.363281	158.145065
2978.620117	158.115616
2977.876953	110.996674
2977.133789	151.330902
2976.389648	144.578125
2975.646484	211.784271
2974.902344	157.968323
2974.158203	181.461639
2973.414063	181.427780
2972.669922	191.471344
2971.925781	167.925949
2971.181641	167.894562
2970.436523	188.006775
2969.692383	174.545074
2968.947266	208.072510
2968.202148	171.124390
2967.457031	218.058899
2966.710938	191.185089
2965.965820	241.451721
2965.220703	207.877808
2964.474609	258.122437
2963.728516	204.448273
2962.982422	211.111893
2962.236328	224.473709
2961.490234	224.431580
2960.743164	257.880402
2959.997070	287.968201
2959.250000	254.435715
2958.502930	230.957443
2957.755859	307.885376
2957.008789	264.330109
2956.261719	311.114899
2955.514648	321.090454
2954.766602	364.502838
2954.018555	287.535248
2953.271484	324.251923
2952.523438	297.453461
2951.775391	340.837463
2951.026367	297.341339
2950.278320	340.708954
2949.529297	327.286072
2948.781250	300.512146
2948.032227	307.132202
2947.283203	353.802887
2946.534180	333.713287
2945.784180	357.005737
2945.035156	346.930664
2944.285156	280.160248
2943.536133	366.807159
2942.786133	303.392151
2942.036133	343.334930
2941.286133	343.269958
2940.535156	353.201233
2939.785156	343.139954
2939.034180	316.428345
2938.284180	283.066467
2937.533203	319.637970
2936.782227	306.261658
2936.031250	306.203552
2935.279297	299.490112
2934.528320	296.106262
2933.776367	266.112396
2933.025391	272.713409
2932.273438	272.661591
2931.521484	295.881348
2930.768555	275.881836
2930.016602	275.829407
2929.264648	275.776947
2928.511719	275.724457
2927.758789	285.636047
2927.005859	275.619537
2926.252930	315.408051
2925.500000	285.472900
2924.747070	285.418518
2923.993164	252.182251
2923.240234	252.134186
2922.486328	301.839935
2921.732422	248.721725
2920.978516	268.568207
2920.223633	268.516968
2919.469727	228.693008
2918.715820	294.924500
2917.960938	261.736908
2917.206055	255.061920
2916.451172	308.002930
2915.696289	271.520538
2914.941406	231.741501
2914.185547	254.866898
2913.430664	264.746094
2912.674805	271.312805
2911.918945	248.104462
2911.163086	234.827240
2910.407227	281.077362
2909.651367	267.798859
2908.894531	251.219910
2908.138672	264.391327
2907.381836	231.298035
2906.625000	227.950043
2905.868164	247.724243
2905.111328	257.583771
2904.353516	280.646362
2903.596680	303.700073
2902.838867	260.735840
2902.081055	257.385925
2901.323242	254.037277
2900.565430	296.869598
2899.807617	300.110443
2899.049805	270.377167
2898.291016	273.621796
2897.532227	253.793045
2896.773438	263.630341
2896.014648	256.990082
2895.255859	273.411133
2894.497070	279.945404
2893.738281	309.527008
2892.978516	269.960876
2892.218750	276.491974
2891.458984	246.820221
2890.699219	259.933807
2889.939453	253.304306
2889.179688	276.278625
2888.418945	259.783295
2887.659180	233.431046
2886.898438	266.257202
2886.137695	282.638214
2885.376953	269.440155
2884.616211	279.243744
2883.854492	272.620575
2883.093750	265.999939
2882.332031	239.681946
2881.570313	269.179657
2880.808594	298.665955
2880.046875	255.949814
2879.285156	226.373291
2878.522461	278.811615
2877.760742	324.670593
2876.998047	281.982422
2876.235352	281.927734
2875.472656	245.819534
2874.709961	213.002274
2873.946289	222.789902
2873.183594	239.125092
2872.419922	252.178864
2871.656250	242.306656
2870.892578	304.461365
2870.128906	212.754242
2869.365234	245.437958
2868.600586	261.749603
2867.836914	215.901428
2867.072266	264.918396
2866.307617	232.167236
2865.542969	255.007339
2864.778320	261.495087
2864.013672	238.567795
2863.248047	290.799988
2862.483398	212.340652
2861.717773	267.823700
2860.952148	293.895538
2860.186523	290.573395
2859.419922	270.931335
2858.654297	231.715332
2857.887695	261.036774
2857.122070	270.772797
2856.355469	277.243317
2855.588867	202.185059
2854.822266	316.260010
2854.054688	312.938446
2853.288086	280.285919
2852.520508	260.680145
2851.752930	289.949951
2850.985352	273.607117
2850.217773	250.757477
2849.450195	240.940552
2848.682617	279.957214
2847.914063	299.430481
2847.145508	279.847595
2846.377930	260.272369
2845.609375	256.968628
2844.839844	292.691711
2844.071289	266.622406
2843.302734	273.071869
2842.533203	253.516998
2841.763672	269.715179
2840.994141	246.919678
2840.224609	269.609344
2839.455078	240.327423
2838.684570	279.244629
2837.915039	253.218643
2837.144531	249.923141
2836.374023	272.589874
2835.603516	207.646698
2834.833008	243.288147
2834.062500	249.726715
2833.291016	236.707336
2832.520508	262.596222
2831.749023	256.061951
2830.977539	217.123734
2830.206055	226.801025
2829.433594	242.953247
2828.662109	233.189194
2827.889648	262.286163
2827.118164	229.859848
2826.345703	239.525009
2825.573242	245.950150
2824.799805	278.257141
2824.027344	236.148422
2823.254883	206.993378
2822.481445	242.522507
2821.708008	248.940613
2820.934570	235.962036
2820.161133	219.756836
2819.387695	252.024231
2818.613281	200.287369
2817.839844	264.843842
2817.065430	222.812347
2816.291016	219.539764
2815.516602	242.091553
2814.741211	219.452911
2813.966797	206.503036
2813.192383	229.043961
2812.416992	203.195953
2811.641602	238.627350
2810.866211	232.131973
2810.090820	196.628387
2809.314453	209.480530
2808.539063	215.883286
2807.762695	235.169479
2806.986328	202.914230
2806.209961	206.094193
2805.433594	193.174973
2804.657227	231.763947
2803.880859	189.879974
2803.103516	273.501587
2802.326172	193.021591
2801.548828	176.901306
2800.771484	202.592133
2799.994141	225.057617
2799.216797	231.441803
2798.438477	212.112793
2797.660156	212.070602
2796.881836	228.091156
2796.103516	221.621933
2795.325195	215.155273
2794.546875	205.480530
2793.767578	227.909561
2792.989258	179.723831
2792.209961	182.896729
2791.430664	189.276428
2790.651367	221.313049
2789.871094	202.028137
2789.091797	211.606293
2788.311523	234.002686
2787.531250	217.931610
2786.751953	195.458435
2785.970703	176.197830
2785.190430	221.004028
2784.410156	217.757568
2783.628906	176.092239
2782.847656	233.675720
2782.067383	208.025818
2781.285156	204.784454
2780.503906	185.548782
2779.722656	156.725372
2778.940430	195.068039
2778.159180	169.451416
2777.376953	207.776169
2776.594727	169.383545
2775.812500	210.888199
2775.029297	201.262039
2774.247070	166.087738
2773.463867	204.374695
2772.680664	162.828430
2771.897461	207.484802
2771.114258	153.188797
2770.331055	236.118668
2769.546875	188.218979
2768.763672	178.612640
2767.979492	207.276611
2767.195313	188.105576
2766.411133	197.630539
2765.626953	226.273346
2764.841797	223.041550
2764.056641	178.397354
2763.272461	216.581772
2762.487305	175.141190
2761.702148	232.413330
2760.916016	181.436874
2760.130859	235.502197
2759.344727	213.182007
2758.559570	209.957870
2757.773438	203.554474
2756.987305	197.153656
2756.201172	197.113892
2755.414063	193.895523
2754.627930	168.432602
2753.840820	222.413269
2753.053711	177.894699
2752.266602	187.386917
2751.479492	206.401520
2750.692383	206.359818
2749.904297	199.969864
2749.116211	250.705185
2748.328125	190.370499
2747.540039	199.848602
2746.751953	190.293488
2745.963867	183.913147
2745.174805	215.578674
2744.386719	183.838699
2743.597656	155.280548
2742.808594	199.605988
2742.019531	190.062408
2741.229492	205.859222
2740.440430	167.820404
2739.650391	177.283722
2738.861328	186.743164
2738.071289	208.856750
2737.280273	240.452896
2736.490234	218.261612
2735.700195	208.729568
2734.909180	199.201401
2734.118164	208.644775
2733.327148	227.566223
2732.536133	218.039963
2731.745117	189.561401
2730.953125	173.729279
2730.162109	211.590790
2729.370117	211.547729
2728.578125	214.661438
2727.786133	201.993164
2726.994141	211.418518
2726.201172	208.220581
2725.409180	208.178146
2724.616211	170.292847
2723.823242	211.246185
2723.030273	198.593964
2722.236328	217.463287
2721.443359	220.569901
2720.649414	179.570251
2719.856445	192.132431
2719.062500	188.944122
2718.268555	182.608658
2717.473633	201.458023
2716.679688	185.681152
2715.884766	185.643173
2715.089844	207.626160
2714.295898	179.276810
2713.500000	204.396622
2712.705078	223.218292
2711.910156	176.023438
2711.114258	204.271057
2710.318359	210.513184
2709.522461	213.611374
2708.726563	194.723373
2707.930664	216.663818
2707.134766	194.643494
2706.337891	204.019852
2705.541016	182.011108
2704.744141	185.111206
2703.947266	156.841690
2703.150391	238.350388
2702.352539	188.132675
2701.555664	253.926895
2700.757813	206.860855
2699.959961	216.219131
2699.162109	219.307602
2698.364258	238.056381
2697.565430	247.402405
2696.767578	194.123917
2695.968750	178.431992
2695.169922	225.341339
2694.371094	206.520309
2693.571289	240.890671
2692.772461	156.390244
2691.972656	215.774017
2691.173828	209.476456
2690.374023	165.671036
2689.573242	243.767395
2688.773438	203.097534
2687.973633	178.064102
2687.172852	209.260162
2686.372070	209.216888
2685.571289	199.807632
2684.770508	215.373032
2683.969727	215.328445
2683.167969	221.523987
2682.367188	243.313965
2681.565430	196.482101
2680.763672	196.441391
2679.961914	202.635605
2679.159180	187.009460
2678.357422	218.132446
2677.554688	221.202713
2676.751953	193.122849
2675.949219	196.196976
2675.146484	189.929047
2674.343750	211.680191
2673.540039	208.523895
2672.736328	205.368896
2671.932617	180.438171
2671.128906	233.276672
2670.325195	211.460175
2669.521484	217.634262
2668.716797	198.938461
2667.912109	248.621277
2667.107422	180.212860
2666.302734	214.346481
2665.498047	208.090134
2664.693359	229.782959
2663.887695	214.212372
2663.082031	226.583176
2662.276367	232.742340
2661.470703	223.385971
2660.665039	220.237366
2659.858398	207.786194
2659.052734	210.843384
2658.246094	223.199234
2657.439453	207.655838
2656.632813	257.191467
2655.826172	244.745438
2655.051758	214.189316
2655.018555	188.941071
2654.246094	198.668350
2654.210938	210.578705
2653.440430	207.947403
2653.404297	256.976013
2652.634766	211.017044
2652.596680	188.822296
2651.829102	232.701813
2651.788086	194.972305
2651.023438	186.131363
2650.980469	244.437775
2650.217773	176.796188
2650.171875	222.731979
2649.411133	207.779404
2649.364258	182.478165
2648.604492	173.638214
2648.555664	219.546249
2647.798828	217.012558
2647.747070	204.042374
2646.992188	213.877640
2646.938477	213.272202
2646.185547	210.743698
2646.128906	228.678619
2645.378906	207.610748
2645.320313	216.272110
2644.571289	179.693466
2644.510742	237.849274
2643.764648	201.347794
2643.701172	194.563004
2642.957031	195.120636
2642.891602	243.924454
2642.150391	238.441833
2642.081055	197.568069
2641.342773	213.633743
2641.271484	222.217255
2640.535156	191.929352
2640.460938	228.341812
2639.727539	241.419968
2639.651367	231.378723
2638.918945	182.582611
2638.840820	259.089508
2638.111328	210.399689
2638.029297	231.281113
2637.303711	185.616302
2637.218750	231.232300
2636.495117	191.772003
2636.408203	249.678162
2635.686523	213.388580
2635.596680	234.216446
2634.877930	228.813843
2634.785156	240.329239
2634.069336	216.409866
2633.973633	224.875977
2633.260742	200.918884
2633.162109	246.387329
2632.452148	234.881775
2632.349609	261.731171
2631.642578	241.023056
2631.538086	240.126007
2630.833984	216.266983
2630.725586	233.919403
2630.024414	216.231201
2629.913086	255.410507
2629.214844	222.372406
2629.100586	249.203232
2628.405273	253.215485
2628.288086	236.846710
2627.595703	240.823547
2627.474609	227.570648
2626.785156	253.131439
2626.662109	249.044785
2625.975586	206.792542
2625.848633	239.770020
2625.165039	228.359756
2625.035156	233.572495
2624.355469	249.919739
2624.221680	261.176941
2623.544922	209.774216
2623.407227	199.681107
2622.734375	185.064041
2622.593750	236.495056
2621.923828	212.788132
2621.779297	205.737671
2621.113281	231.252823
2620.964844	254.814865
2620.301758	231.214157
2620.150391	248.621841
2619.491211	218.846130
2619.335938	254.706451
2618.679688	218.809494
2618.521484	220.903137
2617.868164	264.992432
2617.706055	236.193314
2617.056641	246.463257
2616.890625	254.543747
2616.245117	240.261337
2616.076172	202.365143
2615.433594	264.859039
2615.259766	260.566223
2614.621094	246.339081
2614.444336	220.667831
2613.809570	215.510437
2613.628906	251.262512
2612.997070	261.647186
2612.812500	245.081833
2612.185547	258.525421
2611.996094	235.840897
2611.373047	246.173157
2611.179688	287.848175
2610.559570	221.518448
2610.363281	232.678558
2609.747070	215.328781
2609.546875	211.202484
2608.934570	224.519196
2608.729492	244.820068
2608.121094	242.931732
2607.912109	272.304047
2607.308594	264.412567
2607.095703	250.833176
2606.495117	248.997528
2606.277344	253.837753
2605.681641	239.734741
2605.459961	232.379959
2604.868164	236.621063
2604.642578	238.444107
2604.054688	261.160706
2603.824219	290.350433
2603.240234	236.540665
2603.005859	256.675842
2602.426758	239.571869
2602.187500	259.675781
2601.612305	233.389267
2601.369141	232.130859
2600.798828	245.631058
2600.550781	238.188400
2599.984375	233.309723
2599.731445	253.402451
2599.169922	227.131241
2598.913086	216.719360
2598.354492	205.610748
2598.093750	247.190063
2597.540039	230.121948
2597.274414	225.779373
2596.725586	239.285904
2596.455078	231.831635
2595.910156	239.244965
2595.634766	280.577881
2595.094727	217.736969
2594.815430	225.633606
2594.279297	220.765854
2593.995117	225.584991
2593.463867	211.530991
2593.174805	237.727524
2592.648438	263.602081
2592.354492	222.440598
2591.833008	248.233719
2591.533203	255.903839
2591.016602	226.742447
2590.712891	246.711166
2590.201172	248.148376
2589.891602	258.838531
2589.384766	229.727463
2589.070313	231.382111
2588.568359	223.562881
2588.249023	243.507492
2587.751953	248.020157
2587.427734	258.670776
2586.935547	254.100281
2586.606445	270.784943
2586.118164	260.178253
2585.784180	237.265808
2585.301758	220.348221
2584.961914	258.502930
2584.484375	223.369995
2584.139648	212.838669
2583.666992	260.043365
2583.317383	279.670227
2582.849609	250.821930
2582.495117	243.138779
2582.032227	214.079178
2581.671875	237.008911
2581.214844	253.792740
2580.849609	261.260834
2580.397461	226.233795
2580.026367	249.055115
2579.579102	226.194519
2579.203125	261.147430
2578.761719	216.986771
2578.379883	206.443817
2577.943359	226.115921
2577.555664	279.245667
2577.125000	238.296936
2576.732422	251.873383
2576.306641	284.073822
2575.908203	239.682770
2575.488281	213.781754
2575.083984	236.597321
2574.668945	204.584015
2574.259766	242.611099
2573.850586	256.448639
2573.434570	257.718140
2573.031250	244.194168
2572.610352	224.317505
2572.211914	247.203415
2571.785156	248.513870
2571.392578	228.852036
2570.959961	236.339691
2570.573242	247.116974
2570.134766	245.376144
2569.753906	213.520508
2569.309570	299.838715
2568.933594	271.428528
2568.484375	272.521149
2568.114258	222.593369
2567.658203	211.914581
2567.293945	246.943848
2566.832031	248.188538
2566.473633	262.141296
2566.005859	223.926056
2565.653320	228.571442
2565.179688	260.181458
2564.833008	274.237549
2564.353516	202.655151
2564.012695	286.375519
2563.526367	260.067566
2563.191406	246.726974
2562.699219	217.683289
2562.371094	249.729004
2561.872070	259.953613
2561.549805	261.864777
2561.044922	235.720184
2560.728516	222.241379
2560.217773	259.839600
2559.907227	243.509232
2559.389648	259.782593
2559.085938	261.726227
2558.562500	238.585098
2558.264648	261.679993
2557.734375	259.668488
2557.442383	255.549240
2556.906250	232.442795
2556.620117	225.086899
2556.078125	271.626648
2555.798828	255.458832
2555.249023	220.270935
2554.976563	243.251053
2554.420898	256.423401
2554.154297	261.448547
2553.591797	295.576019
2553.331055	246.204391
2552.762695	253.295059
2552.508789	288.707001
2551.933594	253.239243
2551.686523	237.001572
2551.103516	268.253845
2550.863281	252.149185
2550.274414	259.154388
2550.040039	270.328796
2549.444336	228.969620
2549.216797	233.838364
2548.614258	243.979538
2548.393555	279.341583
2547.784180	216.822784
2547.570313	261.077148
2546.954102	258.925537
2546.746094	239.783966
2546.123047	246.827896
2545.922852	285.261719
2545.292969	252.792145
2545.098633	260.937561
2544.461914	270.788788
2544.274414	288.193542
2543.630859	234.631653
2543.450195	288.142059
2542.799805	267.661407
2542.625977	257.765259
2541.967773	249.561493
2541.801758	257.719147
2541.136719	294.597626
2540.976563	260.704498
2540.304688	252.456223
2540.151367	251.565109
2539.472656	276.438293
2539.327148	260.611145
2538.640625	258.352325
2538.501953	260.564423
2537.807617	294.336060
2537.676758	260.517700
2536.975586	270.248535
2536.850586	257.442230
2536.142578	258.180054
2536.025391	260.424194
2535.309570	318.151093
2535.199219	257.349762
2534.476563	246.062103
2534.374023	236.113800
2533.643555	246.007278
2533.547852	296.602448
2532.809570	278.946075
2532.721680	302.601105
2531.976563	239.900116
2531.895508	257.164612
2531.142578	302.806335
2531.068359	260.143219
2530.308594	242.790466
2530.242188	296.388824
2529.473633	257.719971
2529.415039	260.049408
2528.639648	284.627045
2528.588867	284.188751
2527.804688	257.604797
2527.761719	323.433044
2526.969727	239.578766
2526.934570	268.975128
2526.134766	272.459869
2526.106445	299.142975
2525.299805	278.385651
2525.279297	244.709076
2524.464844	248.396057
2524.452148	299.034760
2523.628906	269.284760
2523.624023	256.700531
2522.795898	268.731842
2522.792969	236.319168
2521.967773	271.702057
2521.957031	299.071075
2521.139648	244.487488
2521.121094	287.043793
2520.311523	280.656921
2520.285156	289.968689
2519.482422	244.398743
2519.448242	271.971344
2518.654297	259.437958
2518.612305	295.814392
2517.825195	259.390808
2517.775391	253.924927
2516.996094	280.452972
2516.937500	286.721252
2516.166992	313.567780
2516.100586	280.684692
2515.337891	274.321869
2515.263672	292.562775
2514.507813	295.369720
2514.425781	277.573517
2513.678711	316.409882
2513.587891	268.558960
2512.848633	298.274933
2512.750000	274.464996
2512.018555	280.146545
2511.912109	301.246796
2511.188477	337.319183
2511.073242	256.449219
2510.358398	280.044250
2510.234375	283.222900
2509.528320	346.227997
2509.395508	280.178253
2508.697266	285.962158
2508.556641	297.994537
2507.867188	270.861938
2507.717773	271.113617
2507.036133	252.758224
2506.878906	285.945190
2506.205078	282.796692
2506.039063	300.769989
2505.374023	291.768677
2505.199219	273.906586
2504.542969	285.700439
2504.359375	267.891296
2503.710938	288.654877
2503.519531	264.854614
2502.879883	279.583099
2502.678711	288.596191
2502.047852	327.623260
2501.838867	315.301483
2501.215820	288.495941
2500.998047	309.282074
2500.383789	315.484436
2500.157227	318.131287
2499.551758	303.410187
2499.316406	315.086334
2498.719727	300.350861
2498.474609	285.296234
2497.886719	300.295593
2497.633789	314.942810
2497.053711	234.187439
2496.791992	252.490891
2496.221680	276.170197
2495.950195	311.829346
2495.388672	315.136169
2495.108398	288.005188
2494.554688	318.078796
2494.265625	332.466095
2493.721680	303.019165
2493.423828	320.519043
2492.888672	296.963959
2492.581055	252.202698
2492.054688	275.915558
2491.738281	311.473236
2491.220703	320.842499
2490.895508	308.436188
2490.387695	281.809540
2490.051758	272.784912
2489.552734	311.731598
2489.208984	323.116760
2488.718750	296.689606
2488.365234	331.933746
2487.884766	323.601471
2487.521484	242.967163
2487.049805	296.579742
2486.677734	349.555420
2486.215820	275.558380
2485.833008	302.088684
2485.380859	326.416260
2484.989258	248.721725
2484.545898	290.426666
2484.144531	331.552704
2483.710938	317.314575
2483.299805	313.718750
2482.875000	284.332916
2482.455078	334.359039
2482.040039	308.219482
2481.609375	301.741302
2481.204102	293.202881
2480.764648	337.162537
2480.368164	257.252655
2479.918945	277.947113
2479.532227	311.038391
2479.073242	316.313568
2478.696289	278.088348
2478.227539	301.462952
2477.860352	295.974396
2477.381836	327.986816
2477.023438	310.864716
2476.535156	310.186096
2476.187500	331.726471
2475.688477	283.533112
2475.350586	304.772919
2474.841797	342.523224
2474.513672	313.678314
2473.995117	312.922882
2473.676758	286.738098
2473.148438	330.558868
2472.839844	322.520142
2472.300781	289.171936
2472.001953	310.516937
2471.453125	315.655304
2471.165039	334.340393
2470.605469	303.784576
2470.327148	316.370148
2469.757813	347.944214
2469.489258	292.438446
2468.910156	330.175385
2468.651367	304.317780
2468.061523	282.941650
2467.813477	366.902771
2467.212891	321.181915
2466.975586	310.168640
2466.364258	297.539642
2466.136719	366.765350
2465.515625	332.813324
2465.297852	277.258392
2464.666992	323.902039
2464.458984	318.936432
2463.817383	312.050995
2463.620117	333.777374
2462.967773	335.523682
2462.781250	321.796356
2462.118164	317.790283
2461.942383	300.882690
2461.268555	317.716034
2461.102539	312.740082
2460.418945	341.170746
2460.263672	348.416321
2459.568359	338.150482
2459.423828	300.713104
2458.717773	335.131561
2458.583984	285.772583
2457.867188	323.296814
2457.744141	294.647522
2457.016602	329.097778
2456.903320	282.689362
2456.166016	329.020569
2456.063477	306.437042
2455.314453	281.951447
2455.222656	324.226654
2454.462891	320.057190
2454.382813	270.633636
2453.611328	355.209351
2453.541992	300.316956
2452.759766	328.711517
2452.701172	303.233185
2451.907227	328.634155
2451.859375	270.480530
2451.055664	281.620117
2451.018555	317.977509
2450.203125	296.218018
2450.176758	303.061493
2449.350586	260.962250
2449.334961	297.062988
2448.497070	299.009796
2448.493164	311.857178
2447.651367	291.011658
2447.644531	260.839111
2446.809570	338.459747
2446.791016	295.938507
2445.967773	305.743469
2445.937500	298.797974
2445.125000	290.846466
2445.083984	289.941193
2444.282227	287.824127
2444.230469	251.808517
2443.439453	269.969421
2443.375977	275.167389
2442.596680	287.715057
2442.522461	301.441772
2441.753906	299.522797
2441.667969	292.592499
2440.911133	320.221039
2440.813477	310.074463
2440.067383	275.693573
2439.958008	277.830963
2439.223633	281.569000
2439.103516	333.317932
2438.380859	275.588867
2438.248047	295.237793
2437.536133	275.536499
2437.392578	274.710419
2436.692383	308.068298
2436.537109	315.549591
2435.848633	287.278290
2435.680664	274.579620
2435.003906	281.301483
2434.825195	289.115967
2434.160156	340.458069
2433.968750	332.842041
2433.315430	284.154358
2433.112305	280.221130
2432.470703	292.978394
2432.255859	285.990753
2431.625000	284.046112
2431.398438	250.911499
2430.780273	307.657990
2430.541992	297.521545
2429.935547	266.191711
2429.684570	306.198883
2429.089844	292.755035
2428.827148	309.041046
2428.244141	298.612305
2427.968750	297.307861
2427.398438	325.159241
2427.111328	282.666168
2426.552734	333.963440
2426.252930	329.212494
2425.706055	286.621796
2425.394531	288.355865
2424.860352	330.881531
2424.536133	311.582458
2424.013672	327.864532
2423.677734	352.265533
2423.166992	274.644775
2422.818359	273.595001
2422.320313	315.928711
2421.959961	317.177399
2421.473633	309.964142
2421.100586	273.463226
2420.626953	280.390076
2420.240234	282.122742
2419.779297	271.483643
2419.380859	276.239136
2418.931641	289.133667
2418.520508	293.614929
2418.084961	339.224487
2417.661133	261.573853
2417.237305	265.429138
2416.799805	299.284363
2416.388672	253.583633
2415.939453	273.067230
2415.541016	336.081238
2415.079102	267.192596
2414.692383	253.486298
2414.217773	313.584900
2413.844727	282.907104
2413.356445	272.868835
2412.996094	294.638306
2412.147461	306.364960
2411.298828	253.291550
2410.449219	335.694000
2409.600586	282.635315
2408.750977	300.242218
2407.901367	235.438766
2407.051758	270.702423
2406.202148	285.359528
2405.352539	300.010956
2404.501953	297.012421
2403.651367	305.775574
2402.801758	305.716614
2401.950195	261.572357
2401.099609	326.167725
2400.249023	302.601685
2399.397461	302.543243
2398.546875	302.484772
2397.695313	293.617767
2396.843750	293.560974
2395.991211	284.699066
2395.139648	293.447388
2394.288086	316.861847
2393.435547	316.800476
2392.583008	310.873566
2391.730469	296.152313
2390.877930	293.163269
2390.024414	290.175385
2389.171875	301.841064
2388.318359	295.922638
2387.464844	284.147766
2386.611328	298.736542
2385.757813	313.319641
2384.903320	260.561005
2384.049805	292.708282
2383.195313	313.136963
2382.340820	289.668518
2381.486328	269.134521
2380.631836	324.653473
2379.776367	315.817566
2378.921875	283.595703
2378.066406	324.463837
2377.210938	298.097839
2376.355469	286.351898
2375.499023	271.689117
2374.643555	327.131683
2373.787109	300.785614
2372.930664	294.887573
2372.074219	274.396210
2371.217773	318.120697
2370.361328	288.878876
2369.503906	326.748596
2368.647461	306.266937
2367.790039	285.793243
2366.932617	276.990265
2366.075195	288.596527
2365.216797	300.198242
2364.359375	282.655609
2363.500977	262.206421
2362.642578	302.934723
2361.784180	279.577240
2360.925781	276.610748
2360.067383	305.667694
2359.208008	305.607758
2358.348633	293.907867
2357.490234	314.216034
2356.629883	354.878052
2355.770508	264.652130
2354.911133	322.754028
2354.050781	322.690582
2353.190430	319.720612
2352.330078	316.751770
2351.469727	307.973236
2350.609375	307.912628
2349.749023	316.564819
2348.887695	313.598816
2348.026367	339.665161
2347.165039	322.182953
2346.303711	327.923431
2345.442383	301.746124
2344.580078	380.009125
2343.717773	263.923767
2342.856445	298.667938
2341.994141	362.389587
2341.130859	368.115143
2340.268555	312.980988
2339.405273	338.995758
2338.542969	292.579559
2337.679688	315.691772
2336.816406	324.316406
2335.953125	303.986511
2335.088867	301.031860
2334.225586	355.957611
2333.361328	321.166473
2332.497070	341.352631
2331.632813	297.901337
2330.767578	332.542419
2329.903320	323.803223
2329.038086	289.052734
2328.172852	323.674866
2327.307617	317.831909
2326.442383	285.991974
2325.577148	340.811707
2324.710938	311.867462
2323.845703	346.450592
2322.979492	305.970581
2322.113281	331.883270
2321.246094	401.066162
2320.379883	325.981812
2319.512695	311.495880
2318.646484	371.990540
2317.779297	354.618103
2316.912109	331.487549
2316.043945	319.893860
2315.176758	325.592896
2314.308594	328.408844
2313.440430	354.265259
2312.572266	348.435425
2311.704102	351.245026
2310.835938	365.567444
2309.966797	330.959625
2309.098633	359.666962
2308.229492	353.841675
2307.360352	359.523438
2306.490234	347.949219
2305.621094	290.378967
2304.750977	319.065613
2303.881836	310.380188
2303.011719	364.911194
2302.141602	356.220001
2301.270508	324.554962
2300.400391	321.618439
2299.529297	312.941040
2298.658203	327.230652
2297.787109	361.603577
2296.916016	332.838226
2296.044922	327.034149
2295.172852	384.331543
2294.300781	318.300385
2293.428711	332.571594
2292.556641	358.302704
2291.684570	300.913910
2290.812500	318.045197
2289.939453	283.605011
2289.066406	323.645813
2288.193359	329.307922
2287.320313	389.364227
2286.447266	334.900482
2285.573242	349.142303
2284.699219	354.794647
2283.825195	354.723328
2282.951172	354.652008
2282.077148	320.266418
2281.203125	365.945129
2280.328125	325.854309
2279.453125	334.362122
2278.578125	300.008148
2277.703125	354.223999
2276.828125	339.872314
2275.952148	365.503265
2275.077148	345.445190
2274.201172	311.123413
2273.325195	370.989807
2272.448242	310.997955
2271.572266	359.429718
2270.695313	347.949005
2269.819336	373.541962
2268.942383	367.764771
2268.064453	336.337067
2267.187500	361.916748
2266.310547	341.899506
2265.432617	384.559204
2264.554688	381.633453
2263.676758	355.929382
2262.798828	330.235657
2261.919922	350.092834
2261.041992	369.941925
2260.163086	321.499817
2259.284180	384.014954
2258.405273	372.561249
2257.525391	287.183716
2256.646484	380.938812
2255.766602	395.072845
2254.886719	386.467743
2254.006836	394.912689
2253.126953	369.267883
2252.247070	400.432373
2251.366211	354.921204
2250.485352	374.720703
2249.604492	368.968201
2248.723633	320.653381
2247.842773	331.936523
2246.960938	380.089355
2246.080078	385.683929
2245.198242	337.404846
2244.316406	377.022858
2243.433594	391.117096
2242.551758	362.701477
2241.668945	436.286407
2240.786133	328.564423
2239.903320	382.303162
2239.020508	365.237518
2238.137695	365.163147
2237.253906	421.691650
2236.371094	376.332611
2235.487305	367.768921
2234.603516	381.835999
2233.718750	381.758148
2232.834961	347.753113
2231.950195	401.389160
2231.065430	390.002808
2230.180664	404.050842
2229.295898	401.143402
2228.411133	381.290833
2227.525391	384.036713
2226.639648	355.726013
2225.753906	366.943878
2224.868164	406.377808
2223.982422	397.830231
2223.095703	394.927948
2222.209961	420.230164
2221.323242	375.028015
2220.436523	355.216949
2219.549805	417.153534
2218.662109	408.614014
2217.775391	385.990692
2216.887695	405.629730
2216.000000	399.913971
2215.112305	363.227661
2214.223633	413.825714
2213.335938	396.853424
2212.447266	413.655945
2211.558594	396.690582
2210.669922	390.983490
2209.781250	379.654205
2208.891602	416.128021
2208.001953	345.765076
2207.113281	368.178192
2206.222656	393.391998
2205.333008	365.217468
2204.443359	381.995087
2203.552734	351.026215
2202.662109	364.992157
2201.771484	373.338196
2200.880859	384.487274
2199.990234	398.437592
2199.098633	417.992767
2198.208008	367.421295
2197.316406	381.366425
2196.424805	358.859131
2195.532227	358.785156
2194.640625	409.154907
2193.748047	386.655701
2192.855469	358.563171
2191.962891	397.698944
2191.070313	350.014832
2190.176758	358.341187
2189.284180	386.256805
2188.390625	372.185089
2187.497070	363.714783
2186.603516	369.234070
2185.708984	352.377838
2184.815430	360.693176
2183.920898	335.459137
2183.026367	385.698212
2182.131836	413.561737
2181.237305	365.982269
2180.341797	405.010986
2179.446289	390.964111
2178.551758	416.011322
2177.655273	418.716583
2176.759766	399.093719
2175.864258	337.624695
2174.967773	379.400299
2174.071289	345.852051
2173.174805	365.300140
2172.278320	384.740143
2171.381836	404.172028
2170.484375	384.580414
2169.586914	364.996887
2168.689453	356.564117
2167.791992	353.704926
2166.894531	406.536896
2165.996094	350.773987
2165.097656	381.317810
2164.199219	395.152283
2163.300781	408.980988
2162.402344	425.585510
2161.502930	403.248718
2160.604492	369.799377
2159.705078	358.602905
2158.805664	383.541779
2157.905273	402.912842
2157.005859	372.269409
2156.105469	411.077515
2155.205078	435.984528
2154.304688	363.707367
2153.404297	399.717041
2152.502930	396.858398
2151.602539	377.352966
2150.701172	438.303802
2149.799805	432.665283
2148.898438	382.662384
2147.996094	377.037750
2147.094727	376.958923
2146.192383	396.278351
2145.290039	401.736664
2144.387695	371.182404
2143.484375	393.260254
2142.582031	390.409058
2141.678711	451.229462
2140.775391	423.457977
2139.872070	381.862457
2138.968750	464.778625
2138.064453	414.893951
2137.160156	414.806946
2136.255859	400.895966
2135.351563	442.275177
2134.447266	442.182373
2133.542969	444.852631
2132.637695	428.184357
2131.732422	414.284943
2130.827148	463.901642
2129.921875	491.411560
2129.015625	458.186401
2128.109375	408.417633
2127.204102	433.162750
2126.296875	466.172638
2125.390625	452.285370
2124.484375	471.490997
2123.577148	512.741882
2122.669922	509.877838
2121.762695	529.059021
2120.855469	484.868591
2119.947266	512.309937
2119.040039	514.955750
2118.131836	476.302460
2117.223633	487.212433
2116.315430	470.597443
2115.406250	470.498138
2114.498047	536.419678
2113.588867	492.301788
2112.679688	459.201294
2111.770508	503.090332
2110.860352	412.281982
2109.951172	456.162262
2109.041016	450.571045
2108.130859	461.462952
2107.220703	453.126648
2106.309570	444.793823
2105.399414	419.994110
2104.488281	515.961914
2103.577148	471.950287
2102.666016	427.957214
2101.753906	466.264801
2100.842773	485.361023
2099.930664	438.651398
2099.018555	411.148438
2098.106445	471.350159
2097.194336	473.989960
2096.281250	460.193085
2095.368164	443.663391
2094.455078	429.878723
2093.541992	454.424866
2092.628906	465.275970
2091.714844	454.231689
2090.800781	429.513306
2089.887695	440.362610
2088.972656	462.145599
2088.058594	478.451263
2087.143555	453.748566
2086.229492	464.583282
2085.314453	450.822998
2084.399414	439.800201
2083.483398	428.782074
2082.568359	472.378845
2081.652344	488.657654
2080.736328	439.425110
2079.820313	447.517609
2078.903320	474.703888
2077.987305	496.423309
2077.070313	474.501129
2076.153320	400.785980
2075.236328	507.008545
2074.319336	444.218903
2073.401367	495.892944
2072.483398	520.303772
2071.565430	435.763275
2070.647461	438.392914
2069.729492	451.910797
2068.810547	462.701080
2067.892578	476.207855
2066.973633	503.311798
2066.053711	486.883759
2065.134766	484.059875
2064.215820	481.237183
2063.295898	489.288696
2062.375977	459.289093
2061.456055	489.078583
2060.535156	440.076172
2059.615234	532.323425
2058.694336	461.609802
2057.773438	475.084381
2056.852539	480.410553
2055.930664	483.020782
2055.009766	493.768890
2054.087891	466.538239
2053.166016	471.861450
2052.244141	479.893585
2051.321289	550.267822
2050.399414	482.396820
2049.476563	460.616699
2048.553711	501.151215
2047.630859	468.542969
2046.707031	487.396118
2045.783203	519.776917
2044.860352	476.359253
2043.936523	478.962311
2043.011719	476.153381
2042.087891	524.737366
2041.163086	484.060181
2040.238281	519.103027
2039.313477	532.506104
2038.388672	532.390808
2037.463867	489.044983
2036.538086	497.042969
2035.612305	518.541138
2034.686523	477.926483
2033.760742	464.324982
2032.833984	464.224274
2031.907227	534.281738
2031.056641	437.443451
2030.980469	466.720551
2030.130859	491.448792
2030.053711	542.141357
2029.204102	496.765381
2029.126953	471.911102
2028.278320	477.785889
2028.199219	487.984833
2027.351563	483.102814
2027.272461	504.051514
2026.425781	496.513184
2026.344727	541.670166
2025.499023	501.824951
2025.416992	498.443695
2024.572266	461.276886
2024.488281	476.785583
2023.645508	507.048676
2023.560547	511.692322
2022.717773	479.996368
2022.631836	468.500366
2021.791016	485.307007
2021.703125	489.933868
2020.863281	496.007080
2020.774414	527.506104
2019.935547	501.312988
2019.844727	513.937256
2019.007813	487.753601
2018.916016	527.276123
2018.080078	506.530457
2017.986328	551.367432
2017.152344	511.831573
2017.056641	524.356995
2016.223633	500.970459
2016.126953	534.996216
2015.295898	476.648315
2015.196289	534.879395
2014.367188	530.415955
2014.265625	553.573303
2013.438477	489.944885
2013.335938	491.659088
2012.509766	473.711517
2012.405273	558.703430
2011.581055	470.939056
2011.473633	502.186035
2010.651367	430.498779
2010.542969	507.445984
2009.722656	484.227783
2009.611328	512.703552
2008.792969	492.213440
2008.679688	544.795959
2007.863281	529.777771
2007.748047	499.063324
2006.933594	497.421173
2006.816406	555.287537
2006.002930	508.088440
2005.883789	531.028137
2005.073242	505.312775
2004.952148	528.230347
2004.142578	515.974854
2004.019531	514.710571
2003.212891	497.077179
2003.085938	501.196655
2002.282227	488.931702
2002.153320	487.688599
2001.351563	440.499420
2001.220703	503.655640
2000.419922	464.592499
2000.287109	541.043030
1999.489258	464.511810
1999.353516	514.145752
1998.557617	528.860779
1998.419922	519.387207
1997.625977	499.243591
1997.485352	524.626343
1996.695313	496.472992
1996.550781	519.158752
1995.762695	482.970612
1995.617188	516.369019
1994.831055	509.713379
1994.682617	505.555756
1993.899414	461.344208
1993.747070	526.838867
1992.966797	509.535370
1992.812500	510.680511
1992.034180	528.215332
1991.876953	507.894806
1991.101563	498.633820
1990.941406	491.747589
1990.168945	474.423248
1990.005859	523.702576
1989.236328	485.059662
1989.070313	523.586975
1988.303711	517.127563
1988.133789	520.800659
1987.370117	490.247314
1987.198242	523.355835
1986.436523	466.054901
1986.261719	549.936157
1985.502930	516.855042
1985.325195	496.434570
1984.569336	522.119202
1984.387695	515.003723
1983.635742	516.673096
1983.451172	501.550690
1982.702148	497.845917
1982.513672	522.777588
1981.767578	508.462585
1981.576172	509.328674
1980.833008	505.697174
1980.638672	546.540649
1979.898438	500.257507
1979.700195	551.750488
1978.963867	572.385986
1978.761719	559.622864
1978.029297	545.542419
1977.824219	516.870300
1977.093750	508.013275
1976.885742	498.109863
1976.159180	513.269836
1975.946289	559.250610
1975.223633	526.542847
1975.007813	484.576294
1974.288086	521.104736
1974.068359	553.678528
1973.352539	529.027771
1973.128906	548.232910
1972.416992	550.304810
1972.189453	553.432556
1971.480469	547.536011
1971.250000	513.407410
1970.543945	520.734253
1970.309570	595.739258
1969.608398	523.311462
1969.369141	547.745483
1968.671875	568.599365
1968.428711	550.281921
1967.734375	557.821899
1967.488281	542.186096
1966.797852	587.076111
1966.547852	565.979980
1965.861328	512.265808
1965.606445	555.227478
1964.923828	549.520264
1964.665039	568.383728
1963.986328	528.085205
1963.723633	544.358337
1963.048828	522.657410
1962.782227	568.130188
1962.111328	506.566895
1961.839844	525.535828
1961.173828	543.795349
1960.898438	504.189453
1960.235352	509.050385
1959.956055	551.831482
1959.296875	583.570801
1959.012695	580.885071
1958.358398	503.539093
1958.070313	556.888550
1957.419922	551.396057
1957.127930	562.066528
1956.481445	537.980469
1956.184570	556.639404
1955.542969	567.174316
1955.241211	567.115112
1954.603516	527.137451
1954.297852	529.895447
1953.664063	545.675232
1953.353516	543.021118
1952.725586	582.835632
1952.409180	519.064819
1951.785156	550.799988
1951.465820	553.368469
1950.845703	468.228394
1950.520508	558.538574
1949.906250	558.580627
1949.576172	542.534180
1948.965820	534.544678
1948.631836	555.641968
1948.025391	584.967834
1947.686523	555.517151
1947.084961	568.911072
1946.741211	595.063232
1946.144531	544.886108
1945.795898	512.961365
1945.204102	558.074768
1944.849609	581.578003
1944.262695	560.630432
1943.904297	547.088867
1943.322266	587.093933
1942.958008	578.673889
1942.380859	586.987183
1942.011719	554.767822
1941.439453	539.080200
1941.065430	565.207520
1940.498047	546.947327
1940.118164	578.282898
1939.555664	576.048279
1939.170898	512.153381
1938.614258	552.056213
1938.223633	630.809509
1937.671875	602.374573
1937.276367	593.724304
1936.729492	538.589050
1936.329102	527.635803
1935.787109	567.669983
1935.380859	559.167664
1934.844727	578.174927
1934.432617	603.870056
1933.901367	612.541199
1933.484375	603.733582
1932.958984	548.800110
1932.536133	585.146423
1932.015625	580.508301
1931.587891	579.743652
1931.072266	585.702393
1930.638672	645.477478
1930.128906	559.097534
1929.689453	590.017212
1929.185547	566.942749
1928.740234	547.748962
1928.241211	606.570313
1927.791016	563.421692
1927.297852	630.293518
1926.840820	573.822754
1926.353516	542.800049
1925.890625	644.746277
1925.409180	603.588562
1924.940430	628.813782
1924.464844	598.183777
1923.990234	636.562256
1923.519531	576.902893
1923.040039	570.671997
1922.575195	605.901001
1922.088867	570.542297
1921.629883	595.207764
1921.137695	578.298462
1920.684570	597.742798
1920.186523	630.727539
1919.739258	573.832947
1919.235352	614.819397
1918.793945	589.590332
1918.283203	596.291565
1917.847656	544.543335
1917.331055	562.014648
1916.902344	536.513794
1916.378906	593.394226
1915.956055	620.972473
1915.426758	622.134338
1915.009766	618.215515
1914.474609	585.250244
1914.063477	604.893677
1913.521484	590.364319
1913.116211	647.036987
1912.568359	632.201416
1912.169922	541.297852
1911.615234	621.566406
1911.222656	630.956909
1910.662109	634.534607
1910.275391	593.886719
1909.708008	605.553589
1909.328125	601.693359
1908.753906	647.348572
1908.380859	622.689575
1907.799805	644.580200
1907.432617	598.831482
1906.845703	628.714722
1906.485352	601.357544
1905.891602	597.142151
1905.537109	630.252930
1904.936523	628.426636
1904.588867	529.946533
1903.981445	602.104065
1903.640625	558.844360
1903.026367	583.645203
1902.692383	608.815796
1902.071289	593.977844
1901.743164	606.067017
1901.115234	680.170776
1900.793945	598.050049
1900.159180	643.398376
1899.845703	587.401855
1899.203125	604.027893
1898.895508	595.192749
1898.247070	650.945251
1897.946289	629.311707
1897.290039	624.659119
1896.997070	581.806824
1896.333984	614.063171
1896.046875	539.583923
1895.376953	553.835815
1895.096680	647.379333
1894.419922	629.451294
1894.146484	607.790955
1893.461914	624.083679
1893.196289	628.721924
1892.504883	663.099182
1892.246094	610.192871
1891.546875	584.645386
1891.294922	586.411316
1890.588867	618.432922
1890.344727	612.592590
1889.629883	579.157776
1889.393555	615.106018
1888.671875	641.621094
1888.442383	628.131042
1887.712891	644.080383
1887.491211	591.225403
1886.753906	578.756104
1886.539063	593.741150
1885.794922	677.665588
1885.587891	622.522644
1884.835938	609.757813
1884.635742	548.872070
1883.875977	651.299683
1883.683594	609.159302
1882.916016	635.521179
1882.731445	611.669434
1881.956055	627.561768
1881.778320	595.805664
1880.996094	630.019592
1880.826172	611.438232
1880.035156	624.667725
1879.873047	592.956665
1879.074219	616.716125
1878.919922	577.105164
1878.113281	689.416809
1877.966797	605.845703
1877.152344	621.631348
1877.013672	597.864258
1876.191406	582.481323
1876.059570	616.102905
1875.229492	631.741150
1875.106445	629.092163
1874.267578	613.399963
1874.152344	615.869141
1873.305664	634.045410
1873.198242	560.727539
1872.342773	649.485229
1872.244141	589.437988
1871.380859	612.971069
1871.289063	646.948914
1870.417969	607.634583
1870.334961	620.638611
1869.455078	651.626770
1869.379883	628.375244
1868.491211	581.395630
1868.424805	609.931458
1867.528320	648.727356
1867.469727	617.666992
1866.564453	674.518738
1866.513672	635.866455
1865.600586	653.611328
1865.558594	646.210144
1864.636719	617.155090
1864.602539	559.767578
1863.671875	658.490234
1863.646484	653.809265
1862.708008	627.233459
1862.690430	617.078064
1861.743164	606.356262
1861.734375	585.589294
1860.778320	590.704834
1860.778320	650.255188
1859.821289	608.884583
1859.812500	673.413025
1858.864258	613.993530
1858.847656	644.770996
1857.907227	653.059570
1857.881836	662.741333
1856.950195	585.029297
1856.916016	644.467957
1855.993164	613.640808
1855.949219	649.491577
1855.035156	631.798279
1854.983398	623.468689
1854.077148	623.846375
1854.016602	664.704224
1853.119141	655.043457
1853.049805	659.376038
1852.161133	571.422241
1852.083008	610.102173
1851.203125	594.791077
1851.115234	633.219421
1850.244141	605.109680
1850.147461	718.340637
1849.286133	618.031921
1849.179688	630.337158
1848.327148	610.091370
1848.211914	650.850159
1847.368164	638.647888
1847.244141	653.278442
1846.408203	625.493835
1846.275391	658.286987
1845.449219	599.316101
1845.306641	673.616638
1844.489258	583.569214
1844.337891	660.555664
1843.530273	627.736877
1843.369141	688.775696
1842.570313	666.679016
1842.399414	693.770569
1841.609375	661.342896
1841.429688	652.350647
1840.649414	606.547791
1840.459961	724.375610
1839.688477	645.471191
1839.490234	670.081665
1838.728516	588.097900
1838.519531	628.696472
1837.767578	632.213074
1837.549805	651.731140
1836.805664	671.108704
1836.579102	649.000732
1835.844727	590.357300
1835.607422	625.673218
1834.882813	605.844116
1834.636719	643.543457
1833.921875	642.122314
1833.665039	702.581970
1832.959961	683.584778
1832.693359	630.372009
1831.998047	680.853516
1831.721680	751.121338
1831.035156	615.767090
1830.749023	655.788452
1830.073242	696.175293
1829.777344	689.056213
1829.110352	605.139343
1828.804688	686.321106
1828.147461	662.148315
1827.832031	693.866638
1827.184570	664.615723
1826.858398	691.131409
1826.221680	646.316956
1825.885742	647.299011
1825.258789	698.094116
1824.912109	649.711975
1824.294922	648.660095
1823.938477	654.691162
1823.331055	648.533752
1822.963867	672.501770
1822.367188	663.969238
1821.990234	690.303772
1821.403320	653.467285
1821.015625	705.531433
1820.438477	637.784180
1820.041016	700.232117
1819.474609	668.765137
1819.066406	674.420471
1818.509766	684.184265
1818.090820	594.782959
1817.544922	637.410828
1817.115234	694.600830
1816.580078	634.695740
1816.139648	709.808533
1815.614258	663.062683
1815.164063	730.132507
1814.649414	644.806030
1814.187500	683.854004
1813.683594	699.050476
1813.211914	691.370972
1812.717773	657.496582
1812.235352	696.324158
1811.751953	615.958923
1811.257813	647.527466
1810.786133	652.064026
1810.281250	731.810669
1809.819336	708.851379
1809.303711	654.888977
1808.852539	677.673950
1808.326172	710.996460
1807.885742	716.331604
1807.348633	692.925903
1806.918945	651.552856
1806.371094	656.969849
1805.952148	630.744873
1805.392578	649.143555
1804.984375	687.480286
1804.414063	661.761475
1804.017578	664.089233
1803.435547	682.036438
1803.049805	687.210205
1802.456055	707.409058
1802.082031	681.909119
1801.477539	702.130798
1801.113281	588.805725
1800.498047	709.617859
1800.145508	691.968811
1799.518555	653.302124
1799.176758	684.088196
1798.538086	704.169922
1798.208008	689.115417
1797.558594	698.896973
1797.239258	670.916565
1796.578125	632.424133
1796.270508	688.843872
1795.597656	634.819397
1795.301758	662.913818
1794.616211	690.739258
1794.332031	696.309021
1793.635742	682.925964
1793.362305	760.632019
1792.654297	680.211487
1792.392578	716.657471
1791.672852	708.062073
1791.422852	688.164612
1790.690430	679.878845
1790.452148	752.450806
1789.708984	700.078369
1789.482422	716.232849
1788.726563	720.267822
1788.511719	692.908447
1787.744141	748.080750
1787.541016	697.922119
1786.760742	742.809570
1786.569336	697.783997
1785.778320	752.800232
1785.598633	715.666260
1784.794922	785.669434
1784.626953	759.279663
1783.811523	754.972473
1783.656250	715.382813
1782.828125	764.952332
1782.684570	730.677917
1781.843750	731.734497
1781.711914	694.520874
1780.859375	706.153137
1780.740234	748.390686
1779.875000	764.387573
1779.767578	740.528381
1778.890625	759.121399
1778.795898	760.947571
1777.905273	758.934204
1777.823242	740.234375
1776.919922	751.134033
1776.849609	742.657104
1775.934570	728.115662
1775.876953	729.663330
1774.949219	798.953796
1774.903320	760.343018
1773.962891	760.720215
1773.929688	767.896484
1772.977539	732.645813
1772.956055	765.176025
1771.991211	724.860962
1771.982422	752.187744
1771.008789	744.337952
1771.003906	742.418335
1770.034180	736.491211
1770.017578	772.632935
1769.060547	792.789001
1769.030273	749.647888
1768.085938	810.587036
1768.042969	731.738037
1767.110352	759.132629
1767.054688	731.556274
1766.135742	756.417114
1766.067383	787.049988
1765.160156	743.448120
1765.079102	761.553406
1764.185547	830.445190
1764.090820	758.834412
1763.209961	796.965698
1763.102539	758.645386
1762.233398	809.616882
1762.113281	801.435486
1761.257813	773.593140
1761.124023	758.267090
1760.281250	778.560608
1760.134766	788.401001
1759.305664	796.328735
1759.145508	730.099304
1758.329102	778.249207
1758.155273	800.635376
1757.351563	772.974426
1757.165039	752.459534
1756.375000	785.614685
1756.174805	716.929626
1755.397461	803.366821
1755.184570	749.559082
1754.420898	795.531921
1754.193359	759.463806
1753.443359	767.240356
1753.202148	774.408386
1752.464844	746.630859
1751.487305	812.948669
1750.509766	782.114380
1749.531250	838.176575
1748.552734	761.361206
1747.574219	766.317078
1746.594727	758.501465
1745.616211	750.688965
1744.636719	799.042175
1743.657227	765.701111
1742.677734	757.891541
1741.697266	790.906067
1740.717773	709.121338
1739.737305	744.682495
1738.756836	841.423645
1737.775391	774.973450
1736.794922	706.001221
1735.813477	835.818359
1734.833008	787.243225
1733.851563	848.217102
1732.869141	820.032349
1731.887695	817.320557
1730.905273	804.427124
1729.922852	740.636047
1728.940430	783.744995
1727.958008	814.115845
1726.975586	801.233154
1725.992188	778.183289
1725.008789	846.675110
1724.025391	826.167236
1723.041992	808.209106
1722.057617	815.668396
1721.074219	790.097961
1720.089844	812.797729
1719.105469	825.330261
1718.120117	832.779663
1717.135742	824.995300
1716.150391	880.662354
1715.165039	903.320190
1714.179688	908.210510
1713.194336	875.052917
1712.208008	892.626099
1711.222656	867.091064
1710.236328	844.101135
1709.250000	919.959045
1708.262695	940.042236
1707.276367	919.584534
1706.289063	843.414001
1705.301758	896.419556
1704.314453	898.768616
1703.327148	982.115845
1702.338867	905.994263
1701.350586	915.930237
1700.362305	994.163330
1699.374023	895.323120
1698.385742	935.598572
1697.396484	927.823120
1696.407227	960.492493
1695.417969	970.404602
1694.428711	952.520142
1693.439453	995.268372
1692.449219	967.283813
1691.458984	936.785522
1690.468750	969.412415
1689.478516	989.405884
1688.487305	1011.914551
1687.497070	994.046509
1686.505859	953.483704
1685.514648	948.244385
1684.522461	958.135559
1683.531250	975.585266
1682.539063	940.099854
1681.546875	932.347290
1680.554688	932.155884
1679.562500	947.077393
1678.569336	979.620789
1677.576172	956.759399
1676.583008	878.527344
1675.589844	931.198547
1674.596680	850.487488
1673.602539	948.425476
1672.608398	1001.049500
1671.614258	892.712097
1670.620117	932.754944
1669.625977	952.671997
1668.630859	889.647461
1667.635742	937.203735
1666.640625	1009.861206
1665.645508	944.351990
1664.649414	914.024536
1663.654297	903.793823
1662.658203	916.157349
1661.662109	946.082275
1660.665039	888.180237
1659.668945	898.030640
1658.671875	950.511963
1657.674805	902.674377
1656.677734	960.146667
1655.679688	912.326660
1654.682617	892.090942
1653.684570	942.013489
1652.686523	969.371704
1651.688477	919.084656
1650.689453	928.909485
1649.691406	996.305664
1648.692383	1011.115784
1647.693359	958.359070
1646.693359	968.167297
1645.694336	1007.985779
1644.694336	980.269165
1643.694336	982.565918
1642.694336	1022.356384
1641.694336	992.154541
1640.693359	999.444336
1639.692383	961.765320
1638.691406	1021.507263
1637.690430	1008.809692
1636.689453	963.662292
1635.687500	1013.382202
1634.685547	1053.099365
1633.683594	983.020874
1632.681641	977.827393
1631.678711	1012.538940
1630.676758	1009.834656
1629.673828	1034.553345
1628.670898	1034.337769
1627.666992	1026.646606
1626.664063	1038.889282
1625.660156	973.911316
1624.656250	988.650024
1623.652344	1003.382446
1622.647461	980.769653
1621.643555	1035.317261
1620.638672	1020.171753
1619.633789	997.569336
1618.628906	989.899414
1617.623047	1086.672485
1616.617188	1026.777832
1615.611328	1001.706909
1614.605469	1043.744263
1613.599609	1021.164612
1612.592773	1065.664063
1611.586914	1062.957520
1610.580078	1097.497314
1609.572266	1050.099854
1608.565430	1020.096130
1607.557617	1151.400024
1606.549805	1123.868408
1605.541992	1126.113159
1604.534180	1101.078003
1603.526367	1192.584351
1602.517578	1152.672241
1601.508789	1172.257202
1600.500000	1164.577637
1599.490234	1223.788452
1598.481445	1206.193848
1597.471680	1210.893066
1596.461914	1227.968872
1595.452148	1141.077881
1594.441406	1170.534424
1593.430664	1202.452637
1592.420898	1108.200562
1591.409180	1159.903442
1590.398438	1189.330811
1589.387695	1208.857178
1588.375977	1139.398438
1587.364258	1158.926880
1586.352539	1195.740845
1585.339844	1210.308960
1584.328125	1177.950439
1583.315430	1118.446655
1582.302734	1157.706055
1581.289063	1098.231445
1580.276367	1033.846924
1579.262695	1124.903809
1578.249023	1144.397339
1577.235352	1092.372803
1576.220703	1106.934082
1575.207031	1133.813110
1574.192383	1074.430542
1573.177734	1096.377441
1572.163086	1115.851563
1571.147461	1140.242920
1570.131836	1130.152832
1569.117188	1176.685791
1568.100586	1166.592041
1567.084961	1163.884521
1566.068359	1252.202393
1565.052734	1244.558472
1564.036133	1227.081177
1563.018555	1248.948242
1562.001953	1201.980713
1560.984375	1228.758545
1559.966797	1233.411987
1558.949219	1242.976318
1557.931641	1235.344727
1556.913086	1185.973877
1555.894531	1234.820313
1554.875977	1187.924683
1553.857422	1121.417969
1552.837891	1133.446533
1551.819336	1123.394287
1550.799805	1110.894043
1549.780273	1064.073975
1548.759766	1100.616577
1547.740234	1134.692871
1546.719727	1080.546631
1545.699219	1175.854858
1544.678711	1116.824341
1543.657227	1150.867676
1542.636719	1067.386108
1541.615234	1108.768066
1540.593750	1062.037109
1539.571289	1103.402466
1538.549805	1039.569946
1537.527344	1117.605103
1536.504883	1031.791626
1535.481445	1085.350098
1534.458984	1046.015137
1533.435547	1106.877808
1532.412109	1113.970215
1531.388672	1172.349731
1530.365234	1103.726929
1529.340820	1052.222656
1528.316406	1088.610229
1527.291992	1095.698364
1526.267578	1093.024292
1525.243164	1131.818726
1524.217773	1121.821655
1523.192383	1038.682129
1522.166992	1094.526855
1521.140625	1155.221924
1520.115234	1108.678101
1519.088867	1081.643066
1518.062500	1091.153809
1517.036133	1054.393677
1516.008789	1085.817017
1514.981445	1105.056519
1513.954102	1109.686523
1512.926758	1143.510498
1511.899414	1094.615479
1510.871094	1138.155762
1509.842773	1188.971558
1508.814453	1125.512451
1507.786133	1105.827637
1506.756836	1129.888672
1505.727539	1178.232788
1504.698242	1187.694824
1503.668945	1163.156372
1502.639648	1192.039551
1501.609375	1191.783203
1500.579102	1174.539551
1499.548828	1171.860596
1498.518555	1263.784424
1497.487305	1236.835449
1496.456055	1272.938721
1495.424805	1289.633301
1494.393555	1306.320557
1493.361328	1286.654419
1492.330078	1426.885132
1491.297852	1363.604614
1490.264648	1421.426636
1489.232422	1384.805054
1488.199219	1527.313599
1487.166016	1568.122925
1486.132813	1664.561157
1485.099609	1625.499146
1484.065430	1702.536011
1483.032227	1748.107178
1481.998047	1774.319946
1480.962891	1805.354736
1479.928711	1778.385254
1478.893555	1908.451538
1477.858398	1980.495728
1476.823242	1827.939941
1475.788086	1858.928711
1474.751953	1870.594482
1473.715820	1773.663452
1472.679688	1792.580078
1471.643555	1862.142578
1470.606445	1859.327271
1469.569336	1822.758301
1468.532227	1778.973389
1467.495117	1747.257202
1466.458008	1768.563477
1465.419922	1710.364502
1464.381836	1712.401489
1463.343750	1707.213745
1462.305664	1711.657715
1461.266602	1704.065186
1460.227539	1710.913818
1459.188477	1700.918579
1458.149414	1616.363159
1457.109375	1649.678467
1456.069336	1685.383301
1455.029297	1733.091187
1453.989258	1706.278564
1452.949219	1684.282959
1451.908203	1784.806885
1450.867188	1794.024658
1449.826172	1760.018066
1448.784180	1798.043823
1447.743164	1776.051270
1446.701172	1847.650269
1445.659180	1784.872559
1444.617188	1671.753662
1443.574219	1863.226807
1442.531250	1764.524536
1441.488281	1766.536133
1440.445313	1782.925049
1439.401367	1665.137329
1438.358398	1585.726563
1437.314453	1635.671387
1436.269531	1652.073975
1435.225586	1613.411987
1434.180664	1565.193726
1433.135742	1583.993042
1432.090820	1581.254150
1431.045898	1583.299561
1430.000000	1508.826538
1428.954102	1644.762695
1427.908203	1548.797485
1426.862305	1574.743530
1425.816406	1610.234253
1424.769531	1691.091797
1423.722656	1657.288452
1422.674805	1647.374756
1421.627930	1658.947998
1420.580078	1675.288940
1419.532227	1660.605347
1418.484375	1676.938354
1417.436523	1729.037231
1416.387695	1750.116333
1415.338867	1699.671143
1414.290039	1799.396118
1413.241211	1787.086426
1412.191406	1798.604492
1411.141602	1767.245972
1410.091797	1807.337402
1409.041992	1859.314453
1407.991211	1758.938110
1406.940430	1829.939575
1405.889648	1796.228760
1404.838867	1757.775269
1403.788086	1693.179932
1402.736328	1692.806396
1401.684570	1654.400635
1400.632813	1646.906006
1399.580078	1615.654907
1398.528320	1520.280518
1397.475586	1600.691650
1396.421875	1488.741699
1395.369141	1505.029663
1394.315430	1526.056885
1393.261719	1561.311646
1392.208008	1409.139648
1391.154297	1463.378418
1390.099609	1453.569580
1389.045898	1446.135498
1387.990234	1460.036377
1386.935547	1428.907227
1385.880859	1535.201782
1384.825195	1423.536621
1383.769531	1543.993408
1382.712891	1463.153809
1381.657227	1566.978882
1380.600586	1590.296143
1379.543945	1455.081909
1378.487305	1525.722534
1377.429688	1530.113525
1376.373047	1515.587036
1375.315430	1501.066895
1374.257813	1618.901001
1373.199219	1580.735718
1372.140625	1540.224731
1371.082031	1532.796631
1370.023438	1539.539185
1368.964844	1491.981812
1367.905273	1472.767822
1366.845703	1444.123535
1365.786133	1384.822876
1364.726563	1434.045288
1363.666016	1322.894775
1362.605469	1386.254150
1361.544922	1331.732666
1360.484375	1387.991943
1359.422852	1385.326050
1358.361328	1323.774414
1357.299805	1431.806152
1356.238281	1419.713989
1355.176758	1555.922363
1354.114258	1548.514282
1353.051758	1496.405518
1351.988281	1571.344604
1350.925781	1549.826904
1349.862305	1601.207520
1348.798828	1629.057739
1347.735352	1640.443726
1346.670898	1661.223267
1345.607422	1794.752563
1344.542969	1745.028931
1343.477539	1772.814575
1342.413086	1748.941162
1341.347656	1811.918701
1340.282227	1804.472412
1339.216797	1813.451050
1338.150391	1693.424927
1337.084961	1606.281616
1336.018555	1617.642578
1334.952148	1582.120605
1333.884766	1623.945068
1332.817383	1581.408691
1331.750000	1569.341187
1330.682617	1561.962402
1329.615234	1577.999268
1328.546875	1626.798828
1327.478516	1591.329224
1326.410156	1576.932495
1325.341797	1569.559448
1324.272461	1583.236938
1323.203125	1480.004150
1322.133789	1533.433594
1321.063477	1516.728149
1319.994141	1546.759888
1318.923828	1464.651489
1317.853516	1522.706299
1316.782227	1494.343018
1315.711914	1494.005005
1314.640625	1488.999146
1313.569336	1458.328857
1312.497070	1409.009888
1311.425781	1446.006958
1311.421875	1473.392334
1310.353516	1436.352417
1310.349609	1408.115479
1309.281250	1445.351563
1309.277344	1433.504028
1308.208008	1365.780640
1308.204102	1468.205078
1307.135742	1393.432617
1307.130859	1393.380371
1306.062500	1367.490601
1306.057617	1358.186157
1304.988281	1297.307251
1304.984375	1341.638184
1303.915039	1350.569702
1303.911133	1434.550171
1302.840820	1364.231201
1302.837891	1334.171631
1301.767578	1342.973633
1301.763672	1264.092651
1300.692383	1398.515869
1300.689453	1356.967773
1299.618164	1337.710205
1299.615234	1335.779297
1298.542969	1388.576172
1298.541016	1282.024170
1297.468750	1313.847656
1297.465820	1344.603271
1296.392578	1253.102051
1296.391602	1288.539429
1295.317383	1294.654785
1295.316406	1309.235962
1294.241211	1312.950317
1294.241211	1283.423950
1293.166016	1320.385742
1293.165039	1289.418335
1292.089844	1315.498291
1292.088867	1389.002563
1291.013672	1336.174072
1291.012695	1367.785889
1289.938477	1370.782227
1289.935547	1304.788330
1288.862305	1342.658203
1288.858398	1422.869629
1287.785156	1395.832153
1287.781250	1385.414795
1286.708984	1411.833130
1286.704102	1463.981812
1285.631836	1448.723022
1285.625977	1375.503784
1284.554688	1388.106812
1284.547852	1430.846436
1283.477539	1408.741333
1283.469727	1472.252441
1282.400391	1406.164063
1282.391602	1446.417969
1281.323242	1445.347046
1281.312500	1395.103271
1280.245117	1486.835083
1280.233398	1466.608521
1279.166992	1463.371948
1279.154297	1426.894165
1278.088867	1386.586914
1278.075195	1391.829590
1277.010742	1428.062134
1276.995117	1456.339844
1275.931641	1427.800415
1275.915039	1402.765747
1274.853516	1453.030396
1274.834961	1430.215332
1273.774414	1408.740479
1273.753906	1453.024658
1272.695313	1352.883789
1272.673828	1316.212402
1271.615234	1405.906738
1271.592773	1484.735352
1270.536133	1405.648071
1270.510742	1428.903076
1269.456055	1370.659668
1269.429688	1410.082031
1268.375977	1363.462524
1268.347656	1402.824707
1267.295898	1367.840088
1267.265625	1360.912476
1266.215820	1339.819336
1266.183594	1397.559814
1265.134766	1378.903076
1265.101563	1295.620972
1264.054688	1364.769165
1264.018555	1362.282471
1262.973633	1359.891235
1262.935547	1341.193115
1261.892578	1297.207153
1261.852539	1306.265869
1260.810547	1366.323364
1260.768555	1269.047241
1259.729492	1285.169067
1259.684570	1275.675293
1258.647461	1243.332153
1258.600586	1349.182617
1257.565430	1296.245117
1257.516602	1240.500610
1256.483398	1293.694092
1256.432617	1242.519653
1255.401367	1298.072998
1255.347656	1341.334839
1254.318359	1364.801392
1254.262695	1304.158569
1253.235352	1292.972046
1253.177734	1354.537231
1252.152344	1290.422607
1252.091797	1361.133545
1251.069336	1359.422485
1251.005859	1340.095825
1249.986328	1379.937012
1249.919922	1319.067505
1248.902344	1368.143555
1248.833984	1311.857910
1247.818359	1372.501221
1247.747070	1484.127197
1246.734375	1515.234741
1246.660156	1465.380005
1245.650391	1503.421753
1245.573242	1400.643311
1244.566406	1544.637939
1244.486328	1503.790527
1243.481445	1597.363281
1243.398438	1473.557007
1242.396484	1601.672852
1242.311523	1567.445923
1241.311523	1624.413452
1241.222656	1472.873535
1240.226563	1571.123169
1240.134766	1589.691040
1239.141602	1531.672363
1239.045898	1603.102295
1238.055664	1616.588989
1237.958008	1559.102661
1236.969727	1524.188721
1236.868164	1531.192627
1235.883789	1535.411377
1235.779297	1505.590576
1234.797852	1597.263306
1234.689453	1530.480835
1233.710938	1451.992798
1233.599609	1491.126099
1232.624023	1511.535889
1232.509766	1435.734863
1231.537109	1437.643066
1231.419922	1469.795166
1230.450195	1416.673096
1230.329102	1366.293213
1229.363281	1303.736572
1229.238281	1327.012451
1228.275391	1294.294067
1228.147461	1333.577271
1227.188477	1333.123169
1227.055664	1379.083008
1226.100586	1328.274292
1225.964844	1287.149170
1225.011719	1311.938965
1224.872070	1236.473877
1223.923828	1311.689941
1223.780273	1254.499146
1222.834961	1302.253784
1222.688477	1309.134766
1221.747070	1256.080200
1221.595703	1235.607666
1220.657227	1186.965088
1220.502930	1159.827148
1219.568359	1241.829590
1219.409180	1216.733154
1218.479492	1280.608032
1218.316406	1253.033447
1217.389648	1183.992432
1217.222656	1220.735840
1216.299805	1222.766724
1216.128906	1252.446777
1215.209961	1270.700684
1215.035156	1268.148071
1214.120117	1242.939087
1213.940430	1274.704102
1213.029297	1313.778564
1212.845703	1272.121338
1211.938477	1304.357910
1211.750977	1379.140137
1210.847656	1379.741943
1210.655273	1410.775879
1209.756836	1365.728882
1209.560547	1446.961060
1208.666016	1436.489746
1208.464844	1353.070068
1207.574219	1417.889526
1207.369141	1466.812134
1206.482422	1463.420898
1206.272461	1480.151367
1205.390625	1490.616821
1205.175781	1438.760986
1204.298828	1467.437500
1204.079102	1468.057251
1203.207031	1460.288940
1202.982422	1449.479248
1202.114258	1466.873291
1201.885742	1437.745361
1201.021484	1448.287109
1200.788086	1385.013062
1199.928711	1358.794434
1199.690430	1336.860352
1198.835938	1397.413208
1198.591797	1427.621460
1197.742188	1355.984009
1197.494141	1333.953491
1196.648438	1344.291260
1196.395508	1360.948730
1195.554688	1344.031738
1195.296875	1312.846191
1194.460938	1302.636230
1194.197266	1294.338135
1193.367188	1345.797241
1193.098633	1300.854980
1192.272461	1384.372437
1191.999023	1407.410645
1191.177734	1349.844482
1190.899414	1343.429688
1190.083008	1372.418701
1189.798828	1322.658325
1188.988281	1365.303345
1188.698242	1358.698364
1187.893555	1342.211914
1187.597656	1287.959106
1186.797852	1335.104736
1186.497070	1337.615845
1185.702148	1243.574097
1185.396484	1266.914673
1184.606445	1261.583252
1184.294922	1300.662964
1183.509766	1284.147095
1183.193359	1223.195557
1182.414063	1160.752563
1182.090820	1150.302246
1181.317383	1153.686646
1180.989258	1156.834106
1180.220703	1148.902954
1179.886719	1086.258545
1179.124023	1150.958130
1178.784180	1065.595459
1178.026367	1096.045410
1177.680664	1135.609253
1176.929688	1059.379883
1176.578125	1058.290161
1175.832031	1093.339966
1175.474609	1055.772705
1174.734375	1054.411499
1174.371094	1064.581543
1173.635742	1061.036133
1173.266602	964.688782
1172.538086	1069.934570
1172.162109	1016.530579
1171.439453	1069.725220
1171.057617	1014.024780
1170.340820	1067.240234
1169.953125	1025.097412
1169.242188	1035.179565
1168.848633	977.343018
1168.142578	1030.427246
1167.743164	1008.775269
1167.043945	1027.951050
1166.637695	1013.056885
1165.944336	1032.296875
1165.531250	1067.072754
1164.844727	1054.827515
1164.425781	1041.955322
1163.744141	1000.071045
1163.319336	1059.783325
1162.644531	947.608337
1162.211914	1043.715820
1161.543945	1004.221863
1161.105469	1002.811462
1160.443359	994.938049
1159.998047	1077.086670
1159.342773	1151.448120
1158.890625	1094.888550
1158.241211	1005.899475
1157.783203	1051.743774
1157.140625	1042.024536
1156.675781	1042.465698
1156.039063	1016.851685
1155.567383	1044.471436
1154.937500	1066.575928
1154.458984	1082.561279
1153.835938	1045.945557
1153.349609	1028.186157
1152.733398	1057.081055
1152.241211	1073.024048
1151.630859	1043.264282
1151.131836	1099.810547
1150.528320	1140.561279
1150.022461	1097.292847
1149.425781	1045.118652
1148.912109	1065.491943
1148.323242	1128.776733
1147.801758	1035.958252
1147.219727	1126.286987
1146.691406	1080.739502
1146.116211	1103.406494
1145.581055	1141.255859
1145.012695	1064.678101
1144.470703	1095.971558
1143.909180	1143.735718
1143.359375	1154.204712
1142.804688	1086.899292
1142.248047	1111.188110
1141.700195	1091.211304
1141.135742	1079.436157
1140.595703	1084.204102
1140.024414	1031.961426
1139.491211	1063.621338
1138.912109	1092.400879
1138.386719	1072.459961
1137.798828	1056.181519
1137.281250	1081.295044
1136.686523	1080.639038
1136.175781	1087.864746
1135.573242	1120.807251
1135.070313	1055.990845
1134.459961	1068.887817
1133.963867	1053.519653
1133.346680	1028.218384
1132.858398	1112.077881
1132.232422	1075.103027
1131.751953	1080.217773
1131.118164	1130.940430
1130.645508	1039.332520
1130.003906	1108.232056
1129.539063	1143.037476
1128.889648	1081.048828
1128.431641	1122.482300
1127.774414	1083.028442
1127.325195	1149.354736
1126.659180	1089.490356
1126.217773	1122.033447
1125.543945	1127.325806
1125.109375	1157.923340
1124.428711	1180.827271
1124.001953	1225.392700
1123.312500	1171.579224
1122.893555	1157.459473
1122.196289	1195.929077
1121.786133	1211.366821
1121.079102	1220.266846
1120.677734	1238.188110
1119.962891	1249.069458
1119.568359	1195.096558
1118.845703	1275.619873
1118.459961	1294.052246
1117.728516	1311.106567
1117.350586	1271.252319
1116.610352	1290.654785
1116.241211	1313.814087
1115.492188	1417.807861
1115.131836	1291.019043
1114.374023	1321.324219
1114.021484	1326.801514
1113.255859	1336.647461
1112.912109	1387.343384
1112.136719	1318.442993
1111.801758	1285.736328
1111.018555	1289.076782
1110.691406	1341.759155
1109.898438	1208.353027
1109.580078	1190.683716
1108.779297	1176.794678
1108.469727	1255.704224
1107.659180	1192.133301
1107.358398	1176.703979
1106.539063	1017.751587
1106.247070	1106.733276
1105.418945	1064.360352
1105.134766	1097.513794
1104.297852	1048.483154
1104.023438	1041.078247
1103.177734	1048.225464
1102.911133	995.905945
1102.055664	1023.440735
1101.798828	1015.933289
1100.934570	989.751343
1100.686523	977.525574
1099.812500	987.279053
1099.574219	943.626770
1098.690430	969.211243
1098.460938	961.405823
1097.568359	1004.612732
1097.347656	956.719421
1096.446289	1035.542603
1096.234375	1008.168884
1095.323242	990.758667
1095.121094	1028.168579
1094.200195	1043.935059
1094.006836	971.848633
1093.076172	1043.677124
1092.892578	1045.703247
1091.953125	1036.744873
1091.778320	1016.324829
1090.829102	1045.385498
1090.664063	1045.278442
1089.704102	1069.587280
1089.548828	1047.308594
1088.580078	962.612549
1088.434570	1035.884766
1087.455078	969.041809
1087.319336	1049.124268
1086.330078	1011.020081
1086.203125	992.879150
1085.204102	1017.433777
1085.087891	1017.325867
1084.079102	1014.960449
1083.971680	979.032654
1082.953125	941.436340
1082.855469	985.552734
1081.827148	961.180847
1081.739258	967.436279
1080.700195	934.310791
1080.623047	926.937256
1079.573242	954.046875
1079.505859	973.757019
1078.446289	973.773010
1078.388672	928.796936
1077.319336	920.307922
1077.271484	897.280640
1076.191406	993.241577
1076.154297	917.231628
1075.063477	944.230957
1075.036133	908.097290
1073.935547	937.347656
1073.918945	925.801392
1072.806641	974.775574
1072.800781	925.611938
1071.681641	985.776062
1071.677734	863.789917
1070.563477	873.831055
1070.548828	983.145935
1069.444336	869.183167
1069.419922	969.617798
1068.325195	898.046265
1068.290039	927.324829
1067.206055	982.734619
1067.160156	942.581177
1066.086914	935.639343
1066.030273	979.950500
1064.966797	960.005615
1064.899414	984.128113
1063.846680	1046.860840
1063.768555	997.147217
1062.726563	961.842896
1062.637695	990.265869
1061.606445	995.113159
1061.506836	1014.325867
1060.485352	1017.215881
1060.375000	1000.815308
1059.364258	1077.224121
1059.243164	1038.112671
1058.243164	985.579834
1058.111328	1037.851685
1057.122070	978.688843
1056.978516	1072.912842
1056.000000	1098.847900
1055.845703	1066.021606
1054.877930	1056.281128
1054.712891	1023.829102
1053.755859	1080.571167
1053.580078	990.481506
1052.633789	975.654724
1052.446289	1016.696777
1051.511719	950.955750
1051.312500	963.523621
1050.388672	981.931946
1050.177734	980.914856
1049.265625	963.920044
1049.043945	974.055847
1048.142578	983.752075
1047.909180	1022.279846
1047.018555	932.368591
1046.774414	931.713379
1045.895508	963.322571
1045.638672	953.498413
1044.771484	956.450378
1044.502930	981.876709
1043.646484	947.357117
1043.367188	975.025085
1042.522461	960.501343
1042.231445	939.571472
1041.397461	980.308716
1041.094727	932.733643
1040.273438	997.885315
1039.958008	976.482605
1039.147461	979.902527
1038.821289	952.048645
1038.022461	941.933167
1037.683594	962.797546
1036.896484	946.179993
1036.545898	1015.295349
1035.771484	925.998108
1035.408203	993.066589
1034.645508	965.768738
1034.269531	929.115540
1033.518555	996.643921
1033.131836	1025.499756
1032.392578	938.736755
1031.992188	998.893982
1031.265625	1042.824097
1030.853516	1011.808044
1030.138672	1029.297363
1029.713867	954.499329
1029.011719	980.290588
1028.574219	978.386169
1027.883789	980.086609
1027.434570	1013.226257
1026.755859	999.834961
1026.294922	1008.582031
1025.627930	995.193848
1025.154297	1045.588135
1024.500000	994.986511
1024.012695	981.768494
1023.372070	996.994751
1022.872070	988.089661
1022.243164	945.840027
1021.730469	1000.978394
1021.114258	974.432800
1020.588867	961.305908
1019.985352	994.156921
1019.447266	978.572815
1018.855469	938.607056
1018.304688	956.435120
1017.726563	1040.219849
1017.162109	958.377380
1016.596680	1011.236572
1016.019531	990.943665
1015.466797	957.929810
1014.875977	986.314819
1014.335938	1006.390259
1013.732422	988.247253
1013.206055	1015.025330
1012.588867	979.249390
1012.075195	992.703796
1011.445313	954.959045
1010.944336	1012.390198
1010.300781	1007.145447
1009.812500	1009.968262
1009.156250	1041.831665
1008.681641	1034.061646
1008.010742	1087.417480
1007.549805	1036.054077
1006.866211	1084.953369
1006.417969	1080.009155
1005.720703	1058.483521
1005.285156	1117.321167
1004.574219	1104.029053
1004.153320	1154.617432
1003.428711	1140.825439
1003.020508	1112.437988
1002.282227	1131.806763
1001.887695	1176.200439
1001.135742	1124.972778
1000.753906	1189.191284
999.988281	1146.477051
999.621094	1186.735718
998.840820	1194.118408
998.487305	1190.897095
997.693359	1132.810669
997.353516	1177.417358
996.545898	1071.534546
996.219727	1245.507324
995.397461	1149.640381
995.084961	1159.290405
994.249023	1114.512573
993.950195	1148.028931
993.100586	1072.874146
992.815430	1147.787231
991.951172	1007.325073
991.680664	1103.494019
990.801758	1011.412537
990.545898	990.953491
989.652344	965.483765
989.410156	1043.584351
988.274414	981.731079
987.138672	1047.545898
986.001953	974.716248
984.865234	956.912231
983.728516	998.497559
982.591797	958.707092
981.455078	1050.837646
980.317383	1055.011475
979.179688	997.654053
978.041992	1026.004272
976.903320	1021.394165
975.765625	994.825073
974.626953	1005.592590
973.487305	1077.819702
972.348633	1060.033936
971.208984	1031.284424
970.069336	1092.490967
968.929688	1129.545410
967.790039	1100.799072
966.649414	1065.487671
965.508789	1155.129272
964.368164	1143.926880
963.226563	1134.920166
962.085938	1130.297974
960.944336	1182.618652
959.802734	1182.367188
958.660156	1138.333740
957.517578	1103.073364
956.375977	1142.225708
955.232422	1100.416138
954.089844	1047.688110
952.946289	1025.597168
951.802734	1005.701843
950.659180	985.814941
949.515625	994.346252
948.371094	919.847229
947.226563	934.942078
946.082031	871.407166
944.937500	947.644043
943.791992	886.316406
942.646484	914.500610
941.500977	905.576721
940.354492	925.017944
939.208984	977.168457
938.062500	955.152344
936.916016	944.046753
935.768555	959.103149
934.621094	891.339111
933.474609	941.261658
932.326172	904.027588
931.178711	958.281677
930.030273	964.608582
928.881836	1001.410339
927.733398	938.076721
926.584961	998.804688
925.435547	976.834534
924.286133	917.896851
923.136719	1002.510803
921.986328	993.598755
920.836914	1030.338257
919.686523	1021.423828
918.535156	975.575928
917.384766	947.126099
916.233398	983.843628
915.082031	946.718506
913.930664	1002.958252
912.779297	928.947388
911.626953	976.486633
910.474609	980.615234
909.322266	1086.686523
908.168945	988.866760
907.015625	1019.006836
905.862305	994.943054
904.708984	977.391052
903.555664	1037.847534
902.401367	1033.291016
901.247070	991.918396
900.091797	1028.514038
898.937500	1026.126953
897.782227	1080.014038
896.626953	1133.877686
895.471680	1088.200562
894.315430	1163.668457
893.159180	1159.091675
892.002930	1186.946899
890.846680	1195.336060
889.689453	1214.526855
888.532227	1266.118408
887.375000	1330.648315
886.217773	1429.704834
885.059570	1502.807861
883.901367	1556.450317
882.743164	1532.371582
881.584961	1456.515869
880.425781	1477.772949
879.266602	1393.334351
878.107422	1313.244995
876.948242	1319.427490
875.788086	1299.741577
874.627930	1314.543823
873.467773	1228.077148
872.307617	1165.342407
871.146484	1201.699829
869.985352	1104.547974
868.824219	1140.902466
867.662109	1067.479980
866.500000	1054.337158
865.337891	1073.468628
864.175781	1071.083862
863.013672	1055.798218
861.850586	1068.466919
860.687500	1010.201050
859.523438	1027.171753
858.360352	1061.322388
857.196289	1018.131531
856.032227	1007.171753
854.868164	972.599426
853.703125	1008.878235
852.538086	1027.972534
851.373047	1014.874084
850.208008	1072.570923
849.041992	1005.851501
847.875977	1065.669067
846.709961	1065.435791
845.542969	1082.348755
844.376953	1105.682495
843.209961	1109.724854
842.041992	1182.304932
840.875000	1124.228271
839.707031	1243.873291
838.539063	1235.038696
837.371094	1348.186768
836.202148	1405.657715
835.034180	1546.525879
833.865234	1708.717651
832.695313	2007.676636
831.526367	2398.422119
830.356445	2767.624268
829.186523	3237.088379
828.015625	3608.079346
826.845703	3556.028076
825.674805	3335.312012
824.503906	3005.816895
823.332031	2640.182861
822.160156	2409.143311
820.988281	2118.470215
819.816406	1919.640747
818.644531	1646.262451
817.471680	1528.640015
816.298828	1425.989990
815.125977	1331.909180
813.952148	1293.265015
812.778320	1235.466675
811.604492	1186.212280
810.430664	1213.629761
809.255859	1164.401733
808.081055	1153.503418
806.906250	1187.292969
805.731445	1155.121216
804.555664	1116.583130
803.379883	1099.325562
802.204102	1048.061279
801.028320	1092.463257
799.851563	1102.846313
798.674805	1049.490479
797.498047	1155.458374
796.320313	1076.631836
795.142578	1116.731689
793.964844	1059.174316
792.787109	1078.038818
791.608398	1050.218506
790.429688	1111.500000
789.250977	1170.633545
788.072266	1208.538330
786.892578	1218.869141
785.712891	1212.240723
784.533203	1214.090576
783.353516	1224.412842
782.172852	1186.018921
780.992188	1147.641968
779.810547	1102.931030
778.629883	1170.413330
777.448242	1123.600952
776.266602	1140.275513
775.084961	1152.712402
773.902344	1137.653809
772.719727	1126.829956
771.537109	1139.261230
770.353516	1153.799927
769.170898	1206.360840
767.987305	1222.990112
766.803711	1248.059082
765.619141	1268.893921
764.434570	1285.497803
763.250000	1243.003906
762.065430	1320.792847
760.879883	1385.890259
759.694336	1501.573364
758.508789	1672.025269
757.323242	1785.484497
756.136719	1863.064819
754.950195	1911.111328
753.763672	1790.608276
752.576172	1663.840576
751.389648	1562.397217
750.202148	1469.419678
749.013672	1471.195801
747.826172	1338.299316
746.637695	1327.481079
745.449219	1344.010376
744.259766	1303.755737
743.071289	1284.542603
741.881836	1315.783325
740.691406	1363.821167
739.501953	1348.808960
738.311523	1382.114258
737.121094	1358.704346
735.930664	1402.489990
734.739258	1431.562256
733.547852	1427.043945
732.356445	1357.485596
731.165039	1388.645752
729.972656	1350.584717
728.780273	1339.797852
727.587891	1320.630737
726.394531	1324.525513
725.202148	1393.372681
724.008789	1298.792236
722.814453	1283.839722
721.621094	1312.865356
720.426758	1262.328003
719.232422	1249.486328
718.037109	1201.078247
716.841797	1125.495850
715.646484	1187.988281
714.451172	1116.624634
713.255859	1103.829590
712.059570	1109.851196
710.863281	1084.525269
709.666016	1109.350708
708.469727	1115.366699
707.272461	1156.879639
706.075195	1114.863403
704.876953	1120.873657
703.678711	1193.659180
702.480469	1218.425781
701.282227	1174.347168
700.083984	1194.935913
698.884766	1219.685059
697.685547	1267.351929
696.485352	1239.973511
695.285156	1312.616089
694.084961	1328.983521
692.884766	1332.848022
691.684570	1390.845215
690.483398	1400.938477
689.282227	1473.461914
688.080078	1471.047363
686.878906	1460.312988
685.676758	1437.104858
684.474609	1538.663574
683.271484	1600.678833
682.068359	1527.574097
680.865234	1535.539063
679.662109	1549.732300
678.458008	1563.918945
677.254883	1490.888306
676.049805	1527.917358
674.845703	1567.004761
673.640625	1556.273560
672.435547	1479.161255
671.230469	1592.899780
670.024414	1472.267822
668.819336	1513.395874
667.613281	1558.650391
666.406250	1630.822754
665.199219	1574.514893
663.992188	1565.871338
662.785156	1702.186646
661.578125	1739.064575
660.370117	1788.344604
659.162109	1847.948730
657.953125	1793.736084
656.745117	1795.395508
655.536133	1761.898682
654.327148	1633.312744
653.117188	1630.872925
651.907227	1574.704102
650.697266	1572.278442
649.487305	1571.919434
648.276367	1499.280884
647.065430	1406.028931
645.854492	1424.285156
644.643555	1364.111938
643.431641	1353.483887
642.219727	1365.550781
641.007813	1344.615479
639.794922	1323.689453
638.582031	1350.184082
637.369141	1353.996582
636.155273	1300.115967
634.942383	1260.679321
633.728516	1326.293213
632.513672	1317.753174
631.299805	1305.099976
630.084961	1329.497192
628.869141	1384.746704
627.654297	1437.913574
626.438477	1484.885986
625.222656	1466.039673
624.006836	1545.874634
622.790039	1580.458130
621.573242	1649.956177
620.356445	1608.491577
619.139648	1632.767334
617.921875	1650.871704
616.704102	1662.809082
615.486328	1633.693237
614.267578	1621.005737
613.048828	1563.192505
611.830078	1556.679565
610.610352	1568.624023
609.391602	1471.911865
608.171875	1600.693848
606.951172	1741.710815
605.731445	1692.142822
604.510742	1783.918213
603.289063	1687.266968
602.068359	1545.622070
600.846680	1375.388428
599.625000	1340.284790
598.403320	1299.059937
597.180664	1229.219971
595.958008	1230.980713
594.735352	1310.425659
593.511719	1299.903320
592.289063	1281.212036
591.064453	1305.430786
589.840820	1256.109741
588.616211	1341.582153
587.391602	1406.599854
586.166992	1377.699585
584.942383	1446.759521
583.716797	1452.544556
582.491211	1601.099976
581.264648	1621.120239
580.038086	1647.246948
578.811523	1652.979370
577.584961	1642.407104
576.358398	1686.845459
575.130859	1659.975586
573.902344	1679.953125
572.674805	1691.777832
571.446289	1650.677490
570.217773	1587.212280
568.989258	1556.327026
567.759766	1458.335815
566.530273	1474.264282
565.300781	1390.568359
564.070313	1369.919434
562.840820	1343.183838
561.610352	1283.955322
560.378906	1281.625000
559.147461	1248.836304
557.916016	1226.213379
556.684570	1236.075928
555.453125	1304.780640
554.220703	1318.677368
552.988281	1249.408691
551.754883	1153.810913
550.521484	1236.661377
549.288086	1252.587158
548.054688	1238.109863
546.820313	1264.157104
545.585938	1245.632813
544.351563	1237.241699
543.117188	1265.294800
541.881836	1301.430664
540.646484	1203.996826
539.410156	1264.406372
538.174805	1179.161987
536.938477	1195.062500
535.701172	1229.150146
534.464844	1190.460083
533.227539	1127.539795
531.990234	1187.881470
530.751953	1177.504028
529.513672	1249.920898
528.275391	1156.763428
527.037109	1152.455078
525.797852	1115.863281
524.558594	1087.357910
523.319336	1147.608887
522.079102	1151.371826
520.838867	1149.085083
519.598633	1150.830200
518.358398	1166.679199
517.117188	1170.433472
515.875977	1210.438721
514.634766	1153.773682
513.392578	1141.423218
512.150391	1221.658813
510.908203	1118.751343
509.665039	1196.942505
508.421875	1178.559326
507.178711	1162.195435
505.934570	1200.115601
504.691406	1183.754028
503.447266	1197.539429
502.202148	1237.432739
500.958008	1170.864868
499.712891	1200.705933
498.466797	1206.444092
497.221680	1256.331543
495.975586	1163.737793
494.729492	1189.539795
493.482422	1251.428345
492.235352	1188.976196
490.988281	1214.753418
489.741211	1260.558960
488.493164	1292.317505
487.245117	1300.023315
485.997070	1349.780884
484.748047	1287.393188
483.499023	1349.139893
482.250000	1362.827881
481.000977	1358.502563
479.750977	1390.183838
478.500977	1447.847046
477.250000	1431.508179
475.999023	1447.158203
474.748047	1464.798950
473.497070	1412.505127
472.245117	1512.039063
470.993164	1533.645142
469.741211	1493.350342
468.488281	1610.757202
467.236328	1628.332520
465.982422	1689.789917
464.729492	1759.195923
463.475586	1938.242798
462.221680	1971.671021
460.967773	2174.498535
459.712891	2267.633301
458.458008	2502.167480
457.203125	2752.522461
455.947266	3026.652100
454.691406	3203.103516
453.435547	3140.638428
452.178711	3088.151611
450.921875	2884.501953
449.665039	2581.507813
448.408203	2360.181152
447.150391	2113.117676
445.892578	1949.643555
444.633789	1776.312866
443.375000	1730.197998
442.116211	1676.161255
440.857422	1624.135620
439.597656	1613.820068
438.337891	1589.617554
437.078125	1676.534058
435.818359	1610.672241
434.557617	1612.267700
433.295898	1714.976318
432.035156	1627.348389
430.773438	1710.186646
429.511719	1860.345459
428.249023	1764.822266
426.987305	1730.732422
425.724609	1708.537354
424.460938	1652.704834
423.198242	1622.623657
421.934570	1596.513306
420.669922	1613.928101
419.406250	1655.062866
418.141602	1650.708740
416.875977	1705.649048
415.611328	1651.885864
414.345703	1633.706787
413.080078	1664.910767
411.813477	1684.252441
410.546875	1600.935059
409.280273	1553.181763
408.013672	1592.266357
406.746094	1658.947998
405.478516	1597.409790
404.209961	1551.674316
402.942383	1571.008911
401.673828	1598.216553
400.404297	1603.738525
399.134766	1599.409058
397.865234	1624.619873
396.595703	1569.099243
395.326172	1598.241333
394.055664	1704.113037
392.784180	1709.599731
391.513672	1661.978760
390.242188	1667.472534
388.970703	1708.349121
387.698242	1737.413208
386.425781	1701.620361
385.153320	1767.995728
383.880859	1743.996094
382.607422	1818.182007
381.333984	1835.404297
380.059570	1764.304565
378.785156	1810.961670
377.510742	1806.595093
376.236328	1796.347168
374.960938	1831.197754
373.685547	1887.592163
372.410156	1783.268555
371.133789	1851.401489
369.857422	1847.029663
368.581055	1854.408936
367.303711	1867.657349
366.026367	1843.711548
364.749023	1872.609497
363.470703	1838.892334
362.192383	1854.086182
360.914063	1904.467773
359.634766	1773.025513
358.356445	1829.264648
357.076172	1863.983276
355.796875	1705.300049
354.516602	1804.477173
353.236328	1839.175293
351.955078	1801.634521
350.673828	1791.432251
349.392578	1724.656738
348.111328	1810.051758
346.829102	1790.104126
345.546875	1844.247803
344.263672	1828.199097
342.981445	1763.443970
341.697266	1729.889893
340.414063	1791.784180
339.129883	1752.397705
337.845703	1773.375977
336.561523	1716.497681
335.276367	1714.125977
333.991211	1748.713379
332.705078	1722.997925
331.419922	1703.127441
330.133789	1805.721436
328.846680	1746.974854
327.560547	1738.769043
326.272461	1763.585571
324.985352	1745.670166
323.697266	1754.941528
322.409180	1770.030518
321.121094	1777.350342
319.832031	1707.072021
318.542969	1786.159912
317.253906	1836.124756
315.963867	1858.926758
314.673828	1922.413208
313.383789	1885.121216
312.092773	1909.829712
310.801758	1965.509033
309.510742	1995.992310
308.218750	2171.621826
306.926758	2155.597412
305.634766	2255.651855
304.341797	2394.336426
303.048828	2445.941162
301.755859	2630.901123
300.461914	2637.970215
299.167969	2894.275391
297.874023	2800.830322
296.579102	3105.242676
295.284180	3131.489990
293.989258	3153.863037
292.693359	3180.083496
291.397461	3181.210938
290.101563	3245.984131
288.804688	3324.221191
287.507813	3257.839600
286.210938	3249.307861
284.913086	3287.021729
283.615234	3370.945801
282.317383	3298.839844
281.018555	3336.510498
279.719727	3231.727051
278.420898	3255.924316
277.121094	3207.003662
275.821289	3136.950684
274.521484	3209.222900
273.220703	3204.563721
271.919922	3411.311523
270.619141	3452.715088
269.317383	3428.786865
268.015625	3606.512207
266.713867	3747.667969
265.411133	3796.619141
264.108398	3897.355713
262.804688	4116.983887
261.501953	4150.457520
260.198242	4337.311035
258.893555	4501.063965
257.588867	4578.491211
256.284180	4753.593262
254.979492	4806.012695
253.673828	5021.181152
252.368164	5006.494629
251.061523	5026.268066
249.755859	5308.186035
248.448242	5366.130859
247.141602	5575.137695
245.833984	5717.113770
244.526367	5648.741211
243.217773	5725.645996
241.909180	5733.728027
240.600586	5820.120117
239.291992	5671.582520
237.982422	5586.121582
236.671875	5569.414551
235.362305	5629.041016
234.051758	5362.425781
232.741211	5168.419922
231.429688	5098.446289
230.118164	4931.292969
228.806641	4945.265137
227.494141	4766.804199
226.181641	4788.428223
224.868164	4693.883789
223.555664	4664.113281
222.242188	4579.163574
220.927734	4465.716309
219.613281	4506.408203
218.298828	4543.274414
216.984375	4336.760254
215.668945	4339.436035
214.353516	4285.101563
213.037109	4297.286621
211.720703	4307.564941
210.404297	4188.719727
209.087891	4119.290527
207.770508	4112.524414
206.452148	4122.836914
205.134766	4000.366211
203.816406	3900.714355
202.497070	4121.506836
201.178711	3906.259033
199.859375	3963.978027
198.539063	3830.338623
197.218750	3863.425537
195.898438	3919.214600
194.578125	3806.510498
193.256836	3892.561035
191.935547	3870.730225
190.613281	3845.127197
189.291992	3832.772949
187.968750	3818.533936
186.646484	3845.878418
185.323242	3771.181885
183.999023	3877.855713
182.675781	3944.816406
181.351563	3894.692627
180.026367	3912.540283
178.702148	3858.676025
177.376953	3957.636475
176.050781	3996.195313
174.724609	3993.254639
173.398438	4020.472656
172.072266	4155.085938
170.745117	4236.877930
169.416992	4139.703125
168.089844	4172.498535
166.761719	4156.333496
165.433594	4313.311035
164.104492	4440.101563
162.775391	4356.163086
161.445313	4571.251953
160.116211	4560.637207
158.785156	4826.298828
157.455078	4879.502441
156.124023	5019.083008
154.792969	5278.773926
153.460938	5423.803711
152.128906	5604.415527
150.796875	5734.267578
149.463867	5944.712402
148.130859	6108.158203
146.797852	6292.139160
145.463867	6487.266602
144.129883	6489.277832
142.794922	6614.929688
141.460938	6633.758301
140.125000	6796.748535
138.790039	6834.233887
137.454102	6783.742676
136.117188	6871.721680
134.781250	6933.466797
133.444336	6841.847656
132.106445	6768.970215
130.768555	6897.966797
129.430664	6985.789063
128.092773	6939.076172
126.753906	6886.785156
125.414063	7000.669922
124.075195	6894.263184
122.735352	6856.948242
121.394531	7043.491699
120.053711	6912.911621
118.712891	6985.611816
117.372070	7039.632813
116.030273	7045.176758
114.688477	7095.423340
113.345703	7171.712891
112.002930	7119.495605
110.660156	7363.249512
109.316406	7305.422852
107.972656	7225.302246
106.627930	6925.770996
105.283203	6814.186523
103.938477	6427.565918
102.592773	6000.273438
101.247070	5439.455566
99.901367	4869.656738
98.554688	4155.343750
