#Wave		#Intensity
3200.049805	39.009212
3199.344727	53.194382
3198.639648	49.640396
3197.934570	42.542309
3197.228516	56.714272
3196.523438	53.161366
3195.818359	60.240173
3195.112305	56.687805
3194.406250	60.221405
3193.701172	63.753891
3192.995117	63.743935
3192.289063	56.652416
3191.583008	21.241333
3190.875977	77.872688
3190.169922	46.008465
3189.462891	84.925377
3188.756836	60.146027
3188.049805	45.986790
3187.342773	45.979553
3186.636719	70.726639
3185.928711	53.036613
3185.221680	38.887379
3184.514648	70.693161
3183.807617	38.875092
3183.099609	53.003105
3182.392578	84.791534
3181.684570	81.245674
3180.976563	91.828369
3180.268555	52.969494
3179.560547	70.614769
3178.852539	81.194061
3178.144531	67.062675
3177.435547	52.935783
3176.727539	70.569786
3176.018555	35.279263
3175.309570	45.855713
3174.600586	63.482372
3173.891602	45.841042
3173.182617	63.462044
3172.473633	66.976974
3171.764648	42.294460
3171.054688	95.147255
3170.345703	66.944710
3169.635742	70.456779
3168.925781	49.311806
3168.215820	45.782158
3167.505859	88.028412
3166.795898	66.890793
3166.085938	77.439987
3165.375000	59.830315
3164.665039	91.490379
3163.954102	52.774364
3163.244141	59.801254
3162.533203	73.860153
3161.822266	84.397903
3161.111328	42.192093
3160.399414	84.370468
3159.688477	73.812141
3158.977539	56.228664
3158.265625	73.788094
3157.553711	73.776054
3156.842773	73.764015
3156.130859	56.191971
3155.418945	112.365562
3154.706055	52.662739
3153.994141	66.695213
3153.282227	73.703682
3152.569336	77.200714
3151.857422	66.662399
3151.144531	63.143475
3150.431641	84.177460
3149.718750	94.684059
3149.005859	87.655991
3148.292969	52.584927
3147.579102	63.091507
3146.866211	94.621643
3146.152344	52.558899
3145.438477	94.590378
3144.724609	49.038750
3144.011719	59.537197
3143.296875	87.540199
3142.583008	52.515411
3141.869141	56.007145
3141.154297	108.495827
3140.440430	73.484962
3139.725586	73.472748
3139.010742	73.460518
3138.295898	62.955677
3137.581055	66.442139
3136.866211	62.934689
3136.151367	111.865227
3135.435547	55.923271
3134.720703	69.892410
3134.004883	87.350899
3133.289063	94.323189
3132.573242	94.307388
3131.857422	73.337898
3131.141602	104.750862
3130.425781	76.804405
3129.709961	59.338894
3128.993164	62.818859
3128.276367	87.233742
3127.560547	80.241539
3126.843750	52.322624
3126.126953	104.627617
3125.409180	94.148979
3124.692383	59.268982
3123.975586	94.117195
3123.257813	80.160362
3122.541016	83.631447
3121.823242	69.681084
3121.105469	94.053535
3120.387695	90.554726
3119.669922	104.468506
3118.951172	87.042320
3118.233398	107.914154
3117.515625	114.856850
3116.796875	93.957809
3116.078125	86.983177
3115.359375	93.925842
3114.640625	111.300552
3113.921875	93.893837
3113.203125	69.539131
3112.483398	111.243622
3111.764648	66.039627
3111.044922	72.978691
3110.325195	90.339127
3109.605469	72.953735
3108.885742	93.781601
3108.166016	131.966309
3107.446289	107.638275
3106.726563	104.148209
3106.005859	79.833260
3105.285156	90.230797
3104.565430	79.805832
3103.844727	86.730560
3103.124023	93.652885
3102.402344	107.508881
3101.681641	110.957794
3100.960938	121.339172
3100.239258	65.858475
3099.517578	93.572212
3098.796875	110.881248
3098.075195	93.539894
3097.353516	107.379089
3096.630859	103.897278
3095.909180	93.491364
3095.187500	93.475174
3094.464844	121.150528
3093.742188	76.138557
3093.020508	86.506081
3092.297852	117.627846
3091.575195	76.098915
3090.851563	103.753220
3090.128906	103.735176
3089.406250	117.546082
3088.682617	89.872528
3087.958984	93.312912
3087.235352	107.118378
3086.511719	117.464180
3085.788086	117.443687
3085.064453	93.247826
3084.340820	103.590599
3083.616211	110.477325
3082.891602	93.198944
3082.167969	82.829010
3081.443359	93.166328
3080.718750	79.350006
3079.994141	110.380661
3079.268555	124.156471
3078.543945	89.652832
3077.818359	103.427414
3077.093750	120.644127
3076.368164	117.176559
3075.642578	137.830536
3074.916992	93.019249
3074.191406	89.558319
3073.464844	137.757767
3072.739258	154.950180
3072.012695	120.495567
3071.286133	134.242813
3070.560547	137.660629
3069.833984	113.549973
3069.107422	92.888107
3068.379883	134.147995
3067.653320	110.050690
3066.925781	103.154266
3066.199219	140.952545
3065.471680	154.676605
3064.744141	144.339249
3064.016602	127.133461
3063.289063	140.852631
3062.561523	103.044609
3061.833008	106.460526
3061.104492	144.211212
3060.376953	140.752594
3059.648438	102.971390
3058.919922	116.680145
3058.191406	154.402115
3057.462891	99.485863
3056.733398	123.477684
3056.004883	144.031616
3055.275391	126.862366
3054.545898	92.558723
3053.816406	130.244583
3053.086914	137.075073
3052.357422	106.214195
3051.627930	116.472160
3050.898438	130.151474
3050.167969	150.674744
3049.437500	119.833450
3048.707031	109.542389
3047.976563	150.593796
3047.246094	126.612984
3046.515625	126.590271
3045.785156	119.726059
3045.053711	123.124695
3044.323242	102.585480
3043.591797	133.337158
3042.860352	105.966888
3042.128906	143.542221
3041.397461	136.682281
3040.665039	150.323425
3039.933594	126.385574
3039.201172	92.210686
3038.469727	116.096230
3037.737305	126.317223
3037.004883	133.121155
3036.272461	139.922623
3035.539063	109.188171
3034.806641	122.814499
3034.073242	115.970505
3033.340820	136.411209
3032.607422	132.976868
3031.874023	105.680428
3031.140625	132.928711
3030.407227	146.535873
3029.672852	91.994225
3028.939453	139.669601
3028.205078	136.238312
3027.470703	129.402893
3026.737305	139.593567
3026.001953	102.123085
3025.267578	125.928917
3024.533203	125.906021
3023.798828	115.676384
3023.063477	102.048828
3022.328125	119.035294
3021.592773	136.015564
3020.857422	139.390549
3020.122070	118.970245
3019.386719	115.550018
3018.651367	169.895508
3017.915039	81.534966
3017.178711	173.230164
3016.443359	122.257782
3015.707031	118.840019
3014.970703	139.187149
3014.233398	108.614006
3013.497070	139.136230
3012.759766	173.040237
3012.023438	145.869949
3011.286133	149.234940
3010.548828	145.816513
3009.811523	139.008865
3009.074219	152.542725
3008.335938	179.628479
3007.598633	145.709564
3006.860352	138.906876
3006.123047	176.142212
3005.384766	132.082382
3004.646484	162.533066
3003.908203	138.804794
3003.168945	152.318695
3002.430664	155.674911
3001.691406	172.564316
3000.952148	175.915527
3000.213867	189.412598
2999.474609	179.232452
2998.734375	189.342773
2997.995117	141.980881
2997.255859	148.714432
2996.515625	162.203979
2995.775391	141.902283
2995.036133	162.144073
2994.295898	155.359360
2993.555664	158.707397
2992.814453	138.421280
2992.074219	178.901718
2991.333008	131.620300
2990.592773	161.964218
2989.851563	151.813339
2989.110352	172.023239
2988.369141	182.108490
2987.626953	134.870163
2986.885742	198.896606
2986.144531	165.154663
2985.402344	148.274628
2984.660156	192.047379
2983.917969	181.905823
2983.175781	202.080032
2982.433594	178.470840
2981.690430	141.403427
2980.948242	201.967331
2980.205078	141.350830
2979.461914	185.067810
2978.718750	201.854568
2977.975586	161.453583
2977.232422	198.416382
2976.489258	198.379395
2975.745117	238.683228
2975.001953	218.472061
2974.257813	171.384552
2973.513672	181.432129
2972.769531	241.864334
2972.025391	191.440170
2971.280273	235.058029
2970.536133	235.014099
2969.791016	214.829865
2969.045898	261.774933
2968.300781	231.526794
2967.555664	228.128632
2966.810547	281.753204
2966.065430	248.164673
2965.319336	288.353546
2964.574219	251.423996
2963.828125	254.728546
2963.082031	247.978653
2962.335938	271.385162
2961.588867	324.931122
2960.842773	277.981659
2960.096680	304.717834
2959.349609	304.660614
2958.602539	271.130463
2957.855469	261.039520
2957.108398	271.028534
2956.361328	294.395355
2955.614258	304.374298
2954.866211	321.037720
2954.118164	347.725403
2953.371094	304.202423
2952.623047	300.802856
2951.875000	354.212158
2951.125977	357.486389
2950.377930	340.717133
2949.628906	374.050232
2948.880859	350.605927
2948.131836	343.862793
2947.382813	367.162781
2946.633789	333.721313
2945.884766	350.341156
2945.134766	303.571625
2944.385742	366.885345
2943.635742	356.811890
2942.885742	320.069733
2942.135742	320.009186
2941.385742	356.609406
2940.635742	359.874054
2939.884766	329.822052
2939.134766	303.112335
2938.383789	303.054901
2937.632813	316.316040
2936.881836	326.243073
2936.130859	296.225769
2935.379883	302.825073
2934.627930	266.169312
2933.876953	352.607391
2933.125000	315.956055
2932.373047	302.595154
2931.621094	319.160583
2930.869141	302.480133
2930.117188	272.512695
2929.364258	255.847412
2928.612305	285.697296
2927.859375	302.250061
2927.106445	252.380569
2926.353516	249.012360
2925.600586	295.438385
2924.846680	265.511993
2924.093750	232.278717
2923.339844	228.916809
2922.585938	258.726166
2921.833008	268.625946
2921.078125	281.837616
2920.324219	248.632797
2919.570313	238.641922
2918.815430	235.282516
2918.061523	274.996033
2917.306641	248.442917
2916.551758	248.395432
2915.796875	274.838379
2915.041992	248.300446
2914.286133	261.493103
2913.531250	238.277237
2912.775391	228.305313
2912.019531	254.726715
2911.263672	234.832901
2910.507813	248.015411
2909.751953	254.580353
2908.995117	254.531570
2908.239258	244.567856
2907.482422	224.694931
2906.725586	247.777756
2905.968750	260.942474
2905.211914	270.799713
2904.454102	264.144135
2903.697266	264.093384
2902.939453	264.042664
2902.181641	277.191528
2901.424805	254.043396
2900.666016	240.800034
2899.908203	227.561752
2899.150391	247.302155
2898.391602	230.770935
2897.633789	286.760101
2896.875000	247.159393
2896.116211	253.701447
2895.357422	283.300293
2894.597656	247.016602
2893.838867	260.140686
2893.079102	246.921387
2892.320313	243.582123
2891.560547	269.863281
2890.800781	223.745880
2890.041016	226.992447
2889.280273	253.261520
2888.520508	286.097382
2887.759766	263.027252
2886.999023	295.848480
2886.239258	272.785339
2885.477539	239.873245
2884.716797	239.826874
2883.956055	262.773163
2883.194336	262.722321
2882.433594	252.821304
2881.671875	259.337891
2880.910156	292.108917
2880.148438	278.926392
2879.385742	298.557495
2878.624023	252.576614
2877.861328	268.925568
2877.099609	236.084000
2876.336914	258.986389
2875.574219	258.936157
2874.810547	252.331848
2874.047852	235.900879
2873.285156	275.164276
2872.521484	268.560608
2871.757813	261.959473
2870.994141	245.539291
2870.230469	196.393265
2869.466797	258.534210
2868.702148	248.668106
2867.938477	245.348450
2867.173828	242.030060
2866.409180	248.523041
2865.644531	268.091095
2864.879883	232.082489
2864.115234	209.160385
2863.349609	261.399567
2862.584961	280.949799
2861.819336	235.167953
2861.053711	297.168243
2860.288086	264.460815
2859.522461	280.730804
2858.755859	267.621368
2857.990234	283.884338
2857.223633	251.204926
2856.457031	251.155899
2855.690430	270.673615
2854.923828	244.536835
2854.157227	296.646729
2853.389648	234.663651
2852.623047	276.979340
2851.855469	234.571930
2851.087891	293.157562
2850.320313	296.356903
2849.552734	266.994629
2848.784180	240.899231
2848.016602	234.342560
2847.248047	250.567291
2846.479492	292.813507
2845.710938	240.710617
2844.942383	269.933319
2844.173828	253.622574
2843.404297	289.333130
2842.635742	282.775818
2841.866211	214.477509
2841.096680	266.419769
2840.327148	250.125580
2839.557617	289.049438
2838.787109	295.486908
2838.017578	266.210632
2837.247070	295.370850
2836.476563	253.125290
2835.706055	272.542877
2834.935547	272.489319
2834.165039	269.192444
2833.393555	256.168945
2832.622070	288.538605
2831.851563	275.516357
2831.080078	285.184326
2830.308594	272.167816
2829.536133	217.043488
2828.764648	281.777100
2827.992188	252.577957
2827.220703	304.328857
2826.448242	242.767715
2825.675781	271.846222
2824.903320	287.970764
2824.129883	262.034058
2823.357422	216.701447
2822.583984	294.267761
2821.810547	300.675812
2821.037109	271.524536
2820.263672	274.702698
2819.490234	235.874542
2818.715820	293.977295
2817.942383	258.390503
2817.167969	284.173340
2816.393555	303.488770
2815.619141	225.957581
2814.844727	280.777435
2814.069336	235.548233
2813.294922	267.762115
2812.519531	238.680389
2811.744141	270.880859
2810.968750	212.792786
2810.193359	244.985580
2809.417969	257.828430
2808.641602	289.999512
2807.866211	286.720428
2807.089844	280.221680
2806.313477	257.623993
2805.537109	264.012177
2804.760742	247.864670
2803.983398	238.160324
2803.207031	292.814667
2802.429688	263.802551
2801.652344	321.646515
2800.875000	276.561035
2800.097656	315.088287
2799.319336	257.163788
2798.541992	215.331848
2797.763672	279.554382
2796.985352	240.947205
2796.207031	311.563019
2795.428711	311.501007
2794.650391	263.278320
2793.871094	272.856079
2793.091797	247.126266
2792.313477	272.747345
2791.534180	263.068542
2790.754883	234.148468
2789.974609	272.584259
2789.195313	269.323639
2788.415039	304.531433
2787.634766	285.240936
2786.855469	314.022827
2786.074219	291.534393
2785.293945	304.288300
2784.513672	269.001160
2783.732422	252.938629
2782.952148	326.513702
2782.170898	262.438934
2781.389648	252.786942
2780.607422	271.931549
2779.826172	262.281464
2779.044922	332.583099
2778.262695	281.360138
2777.480469	332.449921
2776.698242	236.503525
2775.916016	290.777161
2775.133789	290.718872
2774.350586	284.272461
2773.567383	274.635162
2772.785156	303.315216
2772.001953	338.368042
2771.218750	264.895386
2770.434570	280.796570
2769.651367	347.735016
2768.867188	341.286011
2768.083008	309.327972
2767.298828	286.947693
2766.514648	318.766693
2765.730469	290.019379
2764.946289	315.452148
2764.161133	331.317413
2763.375977	308.955048
2762.590820	280.232697
2761.805664	289.727753
2761.020508	385.164856
2760.235352	308.706329
2759.449219	299.098450
2758.664063	276.769379
2757.877930	305.339142
2757.091797	311.637543
2756.304688	317.933350
2755.518555	343.298767
2754.732422	311.449005
2753.945313	301.853912
2753.158203	298.616211
2752.371094	336.669434
2751.583984	311.197540
2750.795898	336.533417
2750.008789	339.639618
2749.220703	317.356049
2748.432617	342.675232
2747.644531	314.055420
2746.856445	355.223175
2746.068359	301.244385
2745.280273	339.227631
2744.491211	320.140686
2743.702148	332.752136
2742.913086	316.842590
2742.124023	323.113953
2741.334961	304.045624
2740.544922	303.983978
2739.755859	313.419922
2738.965820	326.017181
2738.175781	351.267639
2737.385742	313.229156
2736.594727	328.982025
2735.804688	316.264618
2735.013672	335.172394
2734.223633	376.201996
2733.432617	303.429016
2732.641602	316.007629
2731.849609	353.856567
2731.058594	322.196686
2730.266602	322.131134
2729.474609	318.908081
2728.683594	363.039215
2727.890625	315.622009
2727.098633	340.802338
2726.306641	324.958221
2725.513672	343.817719
2724.720703	340.593994
2723.927734	340.524536
2723.134766	368.826324
2722.341797	359.295929
2721.548828	409.639801
2720.754883	355.998840
2719.960938	343.326965
2719.166992	352.704285
2718.373047	340.038208
2717.579102	317.933685
2716.785156	333.604767
2715.990234	349.269409
2715.195313	383.803162
2714.400391	320.818939
2713.605469	367.922882
2712.810547	323.831604
2712.015625	326.908630
2711.219727	377.125000
2710.423828	345.627075
2709.627930	358.121918
2708.832031	361.189270
2708.036133	342.274384
2707.240234	335.925201
2706.443359	351.550476
2705.646484	370.307495
2704.849609	360.818787
2704.052734	382.703033
2703.255859	304.217773
2702.458984	344.918335
2701.661133	335.442474
2700.863281	329.104828
2700.065430	313.368713
2699.267578	388.497223
2698.469727	357.093292
2697.671875	341.360992
2696.873047	328.766266
2696.074219	319.307159
2695.275391	341.150055
2694.476563	344.208923
2693.677734	337.880890
2692.877930	372.217865
2692.079102	350.250427
2691.279297	306.405853
2690.479492	328.224213
2689.679688	365.660034
2688.879883	362.459839
2688.079102	406.121033
2687.279297	387.296906
2686.478516	346.621521
2685.677734	352.793945
2684.876953	337.113831
2684.075195	340.164856
2683.274414	377.536011
2682.472656	402.413696
2681.670898	399.211487
2680.869141	346.119476
2680.067383	389.693390
2679.265625	324.157654
2678.462891	355.252960
2677.661133	324.023163
2676.858398	351.990540
2676.055664	398.632172
2675.252930	407.890381
2674.449219	386.014496
2673.646484	395.271393
2672.842773	364.071930
2672.039063	348.440826
2671.235352	385.693512
2670.431641	373.174133
2669.627930	373.096436
2668.823242	413.429108
2668.018555	385.372406
2667.213867	419.471222
2666.409180	344.826691
2665.604492	363.390167
2664.799805	378.840637
2663.994141	397.389191
2663.188477	443.865570
2662.383789	446.876190
2661.577148	390.934998
2660.771484	387.751312
2659.965820	362.859375
2659.159180	372.085663
2658.352539	381.308014
2657.545898	371.929993
2656.739258	384.247223
2655.932617	412.049866
2655.160156	360.095428
2655.125000	380.988861
2654.354492	360.095428
2654.318359	402.586792
2653.548828	372.452484
2653.510742	390.117737
2652.743164	359.979309
2652.703125	399.322510
2651.937500	353.715637
2651.895508	427.092621
2651.131836	375.374329
2651.086914	389.872314
2650.326172	350.499481
2650.279297	414.539124
2649.519531	403.164185
2649.470703	463.938904
2648.713867	378.292755
2648.662109	337.058136
2647.907227	372.030884
2647.853516	401.911469
2647.100586	440.165039
2647.044922	392.554077
2646.293945	362.612244
2646.236328	386.290894
2645.487305	371.849487
2645.426758	370.761261
2644.680664	356.297729
2644.617188	367.594238
2643.873047	430.585327
2643.807617	364.428497
2643.066406	384.056610
2642.998047	407.579956
2642.258789	356.123383
2642.188477	435.277802
2641.451172	349.872742
2641.378906	395.062561
2640.643555	402.442627
2640.568359	432.008606
2639.835938	436.423981
2639.757813	407.236511
2639.028320	389.932007
2638.947266	407.150635
2638.220703	346.549377
2638.136719	394.729431
2637.412109	383.616669
2637.326172	410.061981
2636.604492	426.858093
2636.514648	416.140442
2635.795898	414.417206
2635.704102	474.608093
2634.987305	435.994110
2634.892578	419.045868
2634.178711	401.914154
2634.081055	375.829346
2633.370117	358.571960
2633.269531	406.549042
2632.560547	423.415955
2632.457031	403.383789
2631.751953	426.436127
2631.645508	421.770111
2630.942383	383.111145
2630.833008	415.524902
2630.133789	432.473267
2630.020508	436.978088
2629.324219	413.870148
2629.208008	396.888947
2628.514648	401.449280
2628.395508	461.400970
2627.705078	422.995605
2627.582031	436.700348
2626.894531	410.577179
2626.769531	451.981232
2626.084961	419.768555
2625.956055	461.107483
2625.274414	438.214874
2625.142578	384.174683
2624.464844	416.543396
2624.329102	359.511169
2623.654297	407.219025
2623.515625	393.227814
2622.843750	407.151123
2622.701172	417.715790
2622.033203	437.922821
2621.886719	442.193298
2621.222656	388.514496
2621.073242	414.468079
2620.411133	410.030090
2620.258789	402.101990
2619.600586	391.467010
2619.443359	417.360565
2618.789063	449.957581
2618.628906	404.999023
2617.977539	419.068359
2617.813477	411.047791
2617.166016	388.189392
2616.999023	410.960236
2616.354492	440.490234
2616.183594	410.872650
2615.542969	421.937225
2615.368164	398.522797
2614.731445	443.421509
2614.551758	456.671021
2613.918945	381.770966
2613.736328	447.380829
2613.107422	418.646027
2612.919922	438.094543
2612.294922	449.353088
2612.104492	428.812134
2611.482422	415.427673
2611.288086	413.409088
2610.669922	387.667053
2610.471680	410.259094
2609.857422	421.439789
2609.654297	459.147095
2609.043945	396.763092
2608.837891	449.867920
2608.231445	424.372437
2608.020508	462.010345
2607.417969	424.300598
2607.203125	437.439331
2606.604492	408.858093
2606.385742	385.353516
2605.791992	482.555176
2605.568359	434.194244
2604.977539	427.157867
2604.750000	446.329407
2604.164063	430.157898
2603.932617	470.684875
2603.350586	442.372925
2603.114258	430.859314
2602.536133	411.582550
2602.295898	449.097382
2601.722656	460.648315
2601.477539	442.892120
2600.908203	442.147064
2600.659180	436.689453
2600.093750	457.421387
2599.839844	421.330078
2599.279297	484.968109
2599.021484	439.554291
2598.464844	402.025177
2598.202148	442.511566
2597.650391	432.640167
2597.382813	439.365265
2596.834961	368.141449
2596.562500	460.624146
2596.020508	453.963409
2595.743164	411.727631
2595.205078	432.418121
2594.922852	439.081573
2594.389648	420.078949
2594.103516	454.229584
2593.574219	465.993042
2593.283203	508.993225
2592.758789	468.978302
2592.462891	402.231232
2591.942383	419.862701
2591.641602	402.144470
2591.126953	450.432159
2590.821289	469.067291
2590.310547	474.863800
2590.000000	444.604156
2589.495117	499.286926
2589.178711	493.221344
2588.678711	437.949280
2588.357422	395.709381
2587.862305	419.501465
2587.536133	447.359283
2587.045898	453.105896
2586.714844	480.731171
2586.228516	471.393677
2585.892578	471.501312
2585.412109	419.284271
2585.070313	453.151550
2584.594727	425.331665
2584.249023	459.134674
2583.777344	495.624542
2583.425781	431.675507
2582.959961	388.477905
2582.603516	413.346100
2582.142578	458.752686
2581.781250	413.256470
2581.325195	391.401093
2580.958008	452.660706
2580.507813	452.479004
2580.134766	443.450500
2579.689453	470.741028
2579.311523	452.464233
2578.872070	391.197296
2578.488281	443.257935
2578.053711	458.354645
2577.665039	434.055542
2577.235352	452.164581
2576.840820	452.169342
2576.416992	455.140503
2576.016602	427.798737
2575.598633	485.602234
2575.192383	470.172882
2574.779297	451.928314
2574.368164	470.070557
2573.960938	467.114685
2573.543945	466.936127
2573.141602	454.823120
2572.718750	469.865784
2572.322266	491.367340
2571.894531	454.609711
2571.502930	439.407013
2571.069336	433.300110
2570.683594	491.195526
2570.244141	487.734955
2569.864258	500.260681
2569.417969	448.254761
2569.044922	457.475342
2568.592773	454.213043
2568.224609	509.233307
2567.766602	493.470367
2567.405273	457.314972
2566.941406	487.308990
2566.584961	493.813507
2566.115234	432.732605
2565.764648	451.059052
2565.289063	468.943237
2564.944336	472.309906
2564.461914	456.741486
2564.123047	472.226868
2563.635742	514.099670
2563.302734	459.959412
2562.808594	462.588348
2562.481445	526.880615
2561.981445	492.714905
2561.661133	514.607727
2561.154297	504.695374
2560.839844	484.072205
2560.327148	492.498810
2560.018555	471.811066
2559.499023	492.390747
2559.197266	471.727783
2558.671875	501.343048
2558.375000	483.815918
2557.843750	468.018677
2557.553711	489.815094
2557.015625	467.915833
2556.731445	428.892639
2556.187500	467.812958
2555.909180	453.146759
2555.358398	446.587677
2555.087891	462.188660
2554.530273	503.808960
2554.264648	465.146942
2553.701172	485.601105
2553.442383	462.024841
2552.872070	455.339233
2552.620117	492.333862
2552.042969	467.298187
2551.796875	464.899445
2551.212891	482.265961
2550.974609	425.322632
2550.383789	515.308044
2550.151367	485.996613
2549.553711	500.130188
2549.328125	470.725494
2548.723633	497.007568
2548.504883	497.969330
2547.893555	484.851776
2547.681641	494.844788
2547.063477	484.744629
2546.857422	522.074463
2546.233398	490.657776
2546.034180	488.598877
2545.402344	502.587250
2545.209961	500.648682
2544.571289	457.343445
2544.385742	461.121307
2543.740234	511.389252
2543.561523	485.304169
2542.909180	466.163361
2542.737305	491.282654
2542.077148	420.957458
2541.913086	509.387207
2541.246094	517.061646
2541.087891	542.642822
2540.414063	477.875336
2540.263672	469.802155
2539.582031	516.832153
2539.438477	509.113708
2538.750000	522.725708
2538.613281	496.902863
2537.917969	456.532471
2537.788086	451.373474
2537.084961	456.431000
2536.962891	520.955078
2536.251953	465.335968
2536.136719	551.144226
2535.418945	483.241425
2535.311523	541.962036
2534.585938	477.132172
2534.485352	541.864624
2533.752930	513.027832
2533.659180	523.607361
2532.919922	503.915009
2532.833008	553.774048
2532.085938	503.802643
2532.006836	571.827576
2531.251953	506.688416
2531.180664	535.424561
2530.417969	494.585358
2530.353516	459.716766
2529.583984	515.452637
2529.527344	477.777283
2528.749023	488.372131
2528.700195	501.877960
2527.915039	554.163513
2527.873047	516.901428
2527.080078	491.148560
2527.045898	468.451721
2526.245117	509.003510
2526.218750	516.714600
2525.410156	511.882996
2525.391602	519.642334
2524.574219	475.854767
2524.563477	573.919617
2523.739258	478.740234
2523.735352	480.193115
2522.908203	510.301483
2522.903320	478.632904
2522.080078	501.152039
2522.067383	523.387268
2521.251953	546.337769
2521.231445	538.220337
2520.422852	525.113342
2520.395508	505.215637
2519.594727	500.879242
2519.558594	546.944885
2518.765625	521.905823
2518.721680	493.036163
2517.936523	488.632233
2517.884766	501.887543
2517.108398	503.621887
2517.047852	510.734833
2516.279297	452.272675
2516.210938	573.327515
2515.449219	479.321747
2515.373047	477.665314
2514.620117	524.445251
2514.536133	522.328674
2513.790039	518.322693
2513.698242	575.924011
2512.960938	491.111572
2512.860352	516.126221
2512.130859	527.170837
2512.021484	495.130707
2511.300781	530.086426
2511.183594	527.821350
2510.470703	502.887909
2510.344727	548.571594
2509.640625	508.817505
2509.505859	560.370300
2508.809570	535.816345
2508.666992	479.783020
2507.979492	547.756958
2507.828125	533.302612
2507.148438	562.702209
2506.989258	574.883179
2506.317383	511.453796
2506.149414	515.192993
2505.486328	529.408081
2505.309570	506.144226
2504.655273	508.258911
2504.469727	500.076111
2503.823242	580.331238
2503.629883	538.650208
2502.992188	544.148621
2502.790039	526.626648
2502.160156	565.089294
2501.949219	520.557739
2501.328125	516.901672
2501.108398	562.074585
2500.496094	525.820740
2500.267578	520.320984
2499.664063	525.724060
2499.426758	546.955872
2498.832031	519.620178
2498.585938	570.606567
2497.999023	618.624634
2497.744141	528.879272
2497.166992	519.428894
2496.902344	549.552551
2496.333984	510.327454
2496.060547	546.457336
2495.500977	555.253967
2495.218750	513.671387
2494.667969	519.141785
2494.376953	543.239319
2493.834961	558.049438
2493.534180	549.050842
2493.000977	539.948181
2492.691406	522.220825
2492.167969	536.849304
2491.848633	560.665649
2491.333984	581.729187
2491.005859	581.297974
2490.500000	530.654785
2490.163086	554.478699
2489.666016	545.544128
2489.319336	589.924988
2488.832031	494.495209
2488.475586	545.333191
2487.997070	560.324158
2487.631836	527.429565
2487.163086	452.370483
2486.788086	509.534058
2486.328125	563.111877
2485.944336	556.804626
2485.493164	601.938843
2485.099609	544.832520
2484.658203	544.938110
2484.255859	532.865723
2483.823242	535.856140
2483.411133	553.460938
2482.988281	592.624695
2482.565430	511.907471
2482.152344	562.589661
2481.720703	570.955994
2481.317383	613.348145
2480.875977	582.654907
2480.481445	532.466675
2480.030273	570.692749
2479.645508	601.156738
2479.184570	529.173157
2478.809570	547.219971
2478.338867	561.562500
2477.973633	517.220947
2477.492188	576.207336
2477.136719	535.059570
2476.646484	537.669189
2476.300781	642.549561
2475.799805	534.591248
2475.463867	561.752563
2474.953125	569.901855
2474.626953	582.560242
2474.106445	534.343750
2473.790039	549.595276
2473.259766	528.316956
2472.953125	561.438171
2472.412109	581.309021
2472.115234	549.390076
2471.564453	592.974670
2471.278320	543.316895
2470.716797	592.836975
2470.440430	546.200073
2469.869141	583.853027
2469.602539	590.860046
2469.021484	577.821228
2468.764648	596.716675
2468.172852	545.265625
2467.926758	617.486206
2467.324219	545.138733
2467.088867	617.370544
2466.475586	577.417969
2466.250000	566.562500
2465.626953	577.283386
2465.411133	536.642822
2464.778320	571.259583
2464.573242	575.292480
2463.928711	541.686829
2463.734375	533.461304
2463.080078	600.425659
2462.894531	589.974976
2462.230469	559.089355
2462.055664	566.031311
2461.379883	529.539795
2461.216797	571.882141
2460.530273	585.298828
2460.376953	556.884705
2459.679688	532.232666
2459.537109	532.960571
2458.830078	564.446106
2458.697266	616.212769
2457.979492	555.496460
2457.857422	556.570557
2457.127930	590.627563
2457.017578	586.223328
2456.277344	555.235962
2456.176758	556.361023
2455.425781	540.420349
2455.336914	583.027893
2454.574219	584.339050
2454.496094	645.373535
2453.722656	595.944519
2453.655273	585.781616
2452.871094	560.584412
2452.814453	576.752319
2452.019531	534.043762
2451.973633	573.671082
2451.166992	604.324768
2451.131836	570.590942
2450.314453	580.718994
2450.291016	588.310791
2449.461914	562.988708
2449.449219	534.726990
2448.609375	556.992798
2448.607422	546.506470
2447.765625	596.886047
2447.756836	571.515564
2446.923828	567.082947
2446.903320	536.218750
2446.081055	572.912537
2446.049805	562.457153
2445.239258	572.804077
2445.196289	565.252930
2444.396484	593.466919
2444.342773	588.543762
2443.553711	560.719971
2443.488281	559.130554
2442.710938	557.647522
2442.633789	585.338318
2441.868164	572.369995
2441.779297	623.237488
2441.024414	581.156677
2440.924805	555.807617
2440.181641	598.833496
2440.070313	593.695618
2439.337891	554.260437
2439.214844	584.782837
2438.494141	586.752502
2438.360352	543.718750
2437.650391	557.012695
2437.504883	523.131714
2436.806641	595.416382
2436.649414	590.209229
2435.962891	616.035095
2435.792969	563.778503
2435.118164	621.840210
2434.937500	584.087158
2434.273438	583.234314
2434.081055	516.793823
2433.429688	565.363159
2433.224609	566.294250
2432.584961	583.012207
2432.368164	571.995667
2431.739258	553.312256
2431.510742	571.859009
2430.894531	576.873413
2430.654297	504.632385
2430.049805	526.481506
2429.796875	621.161743
2429.204102	576.653381
2428.939453	574.364136
2428.358398	529.237244
2428.081055	527.588806
2427.512695	523.224121
2427.223633	556.603882
2426.666992	579.278748
2426.365234	565.210693
2425.820313	555.528564
2425.506836	530.121887
2424.974609	570.194275
2424.648438	553.291016
2424.127930	561.223877
2423.790039	567.714783
2423.281250	564.069763
2422.930664	558.846191
2422.434570	575.772583
2422.072266	517.972290
2421.587891	522.524292
2421.212891	552.758545
2420.741211	578.503723
2420.353516	602.070740
2419.893555	551.834045
2419.493164	500.150635
2419.046875	587.133362
2418.633789	575.615784
2418.199219	551.622559
2417.773438	555.131592
2417.351563	483.683197
2416.913086	589.866394
2416.503906	619.231628
2416.052734	546.148071
2415.655273	539.512573
2415.191406	607.006958
2414.807617	592.465637
2414.331055	540.076294
2413.958984	548.146484
2413.469727	574.780579
2413.110352	580.452271
2412.261719	562.665344
2411.413086	571.393188
2410.564453	547.725220
2409.714844	574.117615
2408.866211	562.232605
2408.016602	559.181335
2407.166992	626.750977
2406.317383	629.572144
2405.466797	594.154541
2404.617188	588.158386
2403.766602	570.403625
2402.916016	558.534973
2402.065430	570.183533
2401.214844	608.274231
2400.364258	572.901306
2399.512695	610.976685
2398.661133	522.754028
2397.810547	590.186768
2396.958984	572.458496
2396.106445	584.088257
2395.254883	557.564270
2394.402344	560.390320
2393.550781	572.015442
2392.698242	592.434570
2391.845703	577.658386
2390.993164	562.887878
2390.139648	559.847595
2389.287109	571.461243
2388.433594	568.420410
2387.580078	571.239502
2386.726563	606.274963
2385.873047	571.017639
2385.018555	579.689880
2384.165039	602.994446
2383.310547	594.097473
2382.456055	593.981934
2381.601563	596.791809
2380.747070	582.051270
2379.891602	617.029663
2379.037109	616.909546
2378.181641	602.173462
2377.326172	631.282166
2376.470703	590.250671
2375.615234	610.585815
2374.758789	581.257751
2373.903320	592.825623
2373.046875	592.709961
2372.190430	618.866882
2371.333984	574.966797
2370.477539	650.723572
2369.620117	630.174133
2368.762695	632.967834
2367.906250	557.019409
2367.048828	638.551758
2366.190430	591.783752
2365.333008	623.728760
2364.475586	606.122375
2363.617188	603.090149
2362.758789	614.623657
2361.900391	579.555115
2361.041992	559.059143
2360.183594	631.729431
2359.324219	585.035522
2358.464844	599.471008
2357.605469	637.176575
2356.746094	634.142578
2355.886719	602.026306
2355.027344	625.170166
2354.166992	636.676086
2353.306641	575.511841
2352.446289	610.271301
2351.585938	645.017029
2350.725586	656.509766
2349.865234	618.624207
2349.003906	612.694885
2348.142578	598.058228
2347.281250	592.135193
2346.419922	629.745178
2345.558594	661.537292
2344.696289	649.803223
2343.834961	611.970764
2342.972656	594.451416
2342.110352	591.434937
2341.248047	689.871216
2340.384766	634.672119
2339.522461	646.136658
2338.659180	590.967896
2337.795898	634.296021
2336.932617	602.317322
2336.069336	590.617493
2335.206055	662.865967
2334.341797	654.052673
2333.477539	627.882080
2332.613281	593.043030
2331.749023	694.156799
2330.884766	659.318359
2330.019531	615.820129
2329.155273	624.369873
2328.290039	609.795959
2327.424805	693.469238
2326.559570	675.998413
2325.694336	600.768250
2324.828125	629.526367
2323.961914	661.160156
2323.096680	649.482544
2322.229492	632.037415
2321.363281	640.568176
2320.497070	680.828979
2319.629883	712.420898
2318.763672	666.139709
2317.896484	642.942017
2317.029297	686.052673
2316.161133	668.624146
2315.293945	622.388245
2314.425781	700.047302
2313.557617	630.781189
2312.689453	668.091675
2311.821289	639.167175
2310.953125	676.461060
2310.083984	627.400452
2309.215820	702.087952
2308.346680	653.041626
2307.477539	664.416382
2306.608398	687.289246
2305.738281	655.525757
2304.869141	710.011047
2303.999023	681.129578
2303.128906	689.613647
2302.258789	663.620422
2301.388672	677.848999
2300.517578	637.510071
2299.646484	645.995789
2298.776367	642.996033
2297.905273	662.956909
2297.033203	674.301697
2296.162109	694.248169
2295.291016	691.240906
2294.418945	711.175903
2293.546875	719.634583
2292.674805	676.492859
2291.802734	679.223145
2290.929688	681.952271
2290.057617	687.544983
2289.184570	675.950195
2288.311523	687.268982
2287.438477	658.500549
2286.564453	692.717957
2285.691406	732.645325
2284.817383	675.271667
2283.943359	675.135925
2283.069336	683.580688
2282.195313	672.004883
2281.321289	720.473022
2280.446289	694.602051
2279.571289	711.609436
2278.696289	651.463013
2277.821289	645.618408
2276.946289	645.488342
2276.070313	691.047363
2275.195313	679.488159
2274.319336	719.313049
2273.443359	702.044922
2272.566406	684.783752
2271.690430	730.288635
2270.813477	724.437073
2269.937500	692.923889
2269.060547	687.082092
2268.183594	772.454956
2267.305664	695.354004
2266.428711	712.308960
2265.550781	695.073059
2264.672852	683.540161
2263.794922	697.639526
2262.916992	751.590149
2262.039063	677.432800
2261.160156	677.295715
2260.281250	734.062744
2259.402344	694.089294
2258.523438	702.480896
2257.644531	747.834229
2256.765625	759.054321
2255.885742	724.792603
2255.005859	758.746643
2254.125977	696.087036
2253.246094	695.945862
2252.365234	675.924500
2251.485352	743.934021
2250.604492	766.493958
2249.723633	726.602234
2248.842773	729.292419
2247.961914	686.587219
2247.080078	726.159546
2246.198242	731.683960
2245.317383	748.547668
2244.434570	711.542664
2243.552734	717.066467
2242.670898	776.427856
2241.788086	747.938843
2240.905273	713.796265
2240.022461	747.634338
2239.139648	744.650757
2238.256836	755.822266
2237.373047	747.177612
2236.490234	707.410339
2235.606445	738.385864
2234.722656	794.805054
2233.837891	715.461487
2232.954102	729.452209
2232.069336	729.303345
2231.185547	737.633057
2230.300781	777.040894
2229.415039	731.681824
2228.530273	782.372437
2227.644531	756.797729
2226.759766	759.466431
2225.874023	748.020264
2224.988281	753.511658
2224.101563	736.428162
2223.215820	784.234314
2222.329102	795.355469
2221.442383	781.093506
2220.555664	789.391418
2219.668945	792.048462
2218.782227	777.795715
2217.894531	732.556030
2217.006836	797.195618
2216.119141	743.521240
2215.231445	763.079346
2214.343750	743.216370
2213.455078	796.541992
2212.567383	762.609863
2211.678711	784.961243
2210.790039	748.232361
2209.900391	773.389648
2209.011719	716.995850
2208.122070	773.071960
2207.232422	815.072021
2206.342773	806.474426
2205.453125	795.070862
2204.563477	786.480835
2203.672852	699.262268
2202.782227	760.887939
2201.891602	785.995483
2201.000977	768.994385
2200.110352	735.164429
2199.218750	751.845337
2198.328125	816.201233
2197.436523	782.382202
2196.544922	759.791687
2195.652344	756.831970
2194.760742	720.243347
2193.868164	750.916016
2192.975586	775.973206
2192.083008	742.203857
2191.190430	812.055420
2190.297852	767.093933
2189.404297	727.749023
2188.510742	752.784790
2187.617188	758.225037
2186.723633	755.270996
2185.830078	788.675537
2184.935547	743.774170
2184.041992	807.918335
2183.147461	804.956177
2182.252930	760.079102
2181.357422	866.087280
2180.462891	812.836182
2179.567383	787.533813
2178.671875	767.825989
2177.776367	776.041443
2176.880859	798.208130
2175.984375	798.042664
2175.088867	783.928284
2174.192383	822.814453
2173.295898	803.123413
2172.399414	808.532837
2171.501953	777.702881
2170.605469	774.754517
2169.708008	819.174561
2168.810547	718.718140
2167.913086	802.123291
2167.014648	804.741150
2166.117188	757.245972
2165.218750	784.922668
2164.320313	748.582520
2163.421875	787.378357
2162.523438	728.799316
2161.624023	798.174988
2160.725586	809.130920
2159.826172	820.082153
2158.926758	767.103455
2158.026367	772.501160
2157.126953	825.125977
2156.226563	827.731567
2155.326172	783.126221
2154.425781	849.598022
2153.525391	785.575378
2152.625000	785.411438
2151.723633	879.588135
2150.822266	826.695679
2149.920898	820.975891
2149.019531	870.718140
2148.118164	820.632813
2147.215820	870.354187
2146.313477	803.662231
2145.411133	825.659485
2144.508789	836.567139
2143.606445	866.856689
2142.703125	877.750916
2141.800781	797.284973
2140.897461	783.279175
2139.994141	849.527649
2139.089844	843.816406
2138.186523	890.662109
2137.282227	920.895325
2136.377930	926.231934
2135.473633	903.923340
2134.569336	956.244141
2133.664063	997.490417
2132.759766	1044.244385
2131.854492	988.785706
2130.949219	1065.896973
2130.042969	1049.108154
2129.137695	1120.653564
2128.231445	1192.168945
2127.325195	1133.977783
2126.418945	1208.218506
2125.512695	1252.090820
2124.606445	1262.856567
2123.699219	1221.239502
2122.791992	1345.009888
2121.884766	1267.570190
2120.977539	1256.283081
2120.070313	1272.544922
2119.162109	1178.645874
2118.253906	1156.371216
2117.345703	1200.170288
2116.437500	1100.841309
2115.529297	1053.833130
2114.620117	1015.097473
2113.710938	1025.884521
2112.801758	1033.917236
2111.892578	1077.685913
2110.983398	970.262085
2110.073242	945.324646
2109.163086	923.145142
2108.252930	903.721741
2107.342773	1002.397095
2106.432617	930.796448
2105.521484	867.461365
2104.611328	974.315125
2103.700195	883.557800
2102.788086	894.344116
2101.876953	842.041260
2100.965820	913.160583
2100.053711	869.100647
2099.141602	868.916260
2098.229492	898.877197
2097.316406	958.964172
2096.404297	794.401611
2095.491211	873.656189
2094.578125	884.423218
2093.665039	936.249084
2092.751953	925.102112
2091.837891	933.114685
2090.923828	897.350464
2090.009766	924.512024
2089.095703	855.948730
2088.181641	918.650330
2087.266602	891.119751
2086.352539	866.333740
2085.437500	866.149170
2084.522461	871.428040
2083.606445	863.048767
2082.691406	906.554077
2081.775391	889.980713
2080.859375	837.931824
2079.943359	927.804565
2079.027344	889.410889
2078.110352	946.502075
2077.193359	883.576782
2076.277344	883.388000
2075.359375	885.925049
2074.442383	910.263672
2073.525391	910.068970
2072.607422	885.356689
2071.689453	893.337952
2070.771484	895.869690
2069.852539	887.510559
2068.934570	922.704407
2068.015625	938.834229
2067.096680	911.426208
2066.177734	897.630310
2065.258789	862.084167
2064.338867	891.807373
2063.418945	878.024231
2062.499023	905.013306
2061.579102	891.233093
2060.659180	920.924133
2059.738281	898.998169
2058.818359	874.366089
2057.897461	931.189697
2056.975586	882.132813
2056.054688	941.643738
2055.133789	900.744751
2054.211914	897.838318
2053.290039	908.492615
2052.368164	973.368896
2051.445313	956.894592
2050.523438	897.064636
2049.600586	934.805359
2048.677734	896.677734
2047.754883	928.985168
2046.831055	939.615906
2045.908203	898.804382
2044.984375	822.823792
2044.060547	906.534241
2043.136719	973.975525
2042.211914	938.601196
2041.287109	1011.414734
2040.363281	865.194336
2039.438477	978.539246
2038.512695	959.409424
2037.587891	932.181885
2036.662109	907.667419
2035.736328	953.384399
2034.810547	934.276123
2033.884766	915.176086
2032.958984	990.550903
2032.032227	930.969727
2031.182617	872.209961
2031.105469	987.423035
2030.256836	918.115723
2030.178711	935.960022
2029.331055	936.859802
2029.251953	981.600708
2028.405273	896.209961
2028.324219	927.464966
2027.478516	898.757263
2027.396484	954.218689
2026.551758	879.715393
2026.468750	989.045471
2025.625977	936.225403
2025.541016	959.192383
2024.699219	922.578491
2024.613281	991.308899
2023.771484	935.907471
2023.684570	1042.263672
2022.844727	884.511414
2022.756836	883.173218
2021.917969	919.411743
2021.828125	893.748840
2020.990234	908.472107
2020.898438	985.062622
2020.062500	924.489075
2019.969727	990.229614
2019.134766	935.110657
2019.040039	976.562378
2018.207031	883.757690
2018.111328	1005.935669
2017.279297	910.545837
2017.181641	1032.606934
2016.350586	958.872375
2016.251953	943.661255
2015.422852	875.225159
2015.321289	1010.652832
2014.494141	942.388611
2014.390625	919.063171
2013.565430	923.382446
2013.460938	1002.151001
2012.636719	933.990356
2012.530273	977.756592
2011.708008	904.227234
2011.598633	990.970520
2010.778320	901.380981
2010.667969	1039.083252
2009.849609	885.084473
2009.736328	955.639954
2008.919922	914.519409
2008.804688	944.695557
2007.990234	908.983154
2007.873047	1019.618408
2007.060547	954.536499
2006.941406	1005.981934
2006.130859	962.436707
2006.008789	1005.761475
2005.200195	948.830811
2005.077148	992.133728
2004.270508	932.542053
2004.144531	965.107544
2003.339844	886.701965
2003.211914	999.739258
2002.409180	956.397583
2002.278320	988.801147
2001.478516	940.115417
2001.345703	1063.598511
2000.547852	972.179199
2000.412109	1025.865845
1999.616211	929.048523
1999.478516	1004.217163
1998.685547	1001.372375
1998.544922	1025.415039
1997.753906	979.724731
1997.611328	1049.280151
1996.822266	979.554077
1996.676758	1011.583252
1995.890625	960.600647
1995.742188	1003.333984
1994.958984	976.529724
1994.807617	981.713318
1994.026367	941.489319
1993.873047	1024.287231
1993.094727	992.279724
1992.937500	965.238159
1992.162109	967.973877
1992.002930	1050.567871
1991.229492	930.271912
1991.067383	1031.627930
1990.296875	964.954590
1990.131836	1074.152710
1989.364258	956.745544
1989.196289	967.058411
1988.430664	1010.167542
1988.259766	1038.957764
1987.498047	1007.311157
1987.323242	1004.015015
1986.564453	956.241760
1986.386719	1051.847168
1985.630859	940.005188
1985.450195	915.492004
1984.697266	1004.102295
1984.513672	1048.713745
1983.763672	1006.602600
1983.576172	1013.799194
1982.829102	942.185303
1982.639648	1056.251709
1981.895508	992.866760
1981.702148	1021.350708
1980.960938	952.555725
1980.763672	1023.790710
1980.026367	984.490417
1979.826172	1018.232849
1979.091797	984.316345
1978.887695	1047.321655
1978.157227	986.816528
1977.950195	1071.068604
1977.221680	994.663269
1977.011719	1001.573303
1976.287109	983.793579
1976.072266	1041.298706
1975.351563	1023.712341
1975.133789	966.515381
1974.416016	913.962097
1974.194336	1024.864502
1973.480469	969.910278
1973.254883	1000.684326
1972.544922	1060.567383
1972.315430	1013.765991
1971.608398	1014.972107
1971.375977	1008.220215
1970.672852	1004.109436
1970.435547	1023.953735
1969.736328	1014.610718
1969.495117	1063.611328
1968.799805	1017.099365
1968.554688	1036.790283
1967.863281	1014.248901
1967.614258	1071.111450
1966.925781	995.387634
1966.673828	1076.187378
1965.989258	1021.891052
1965.732422	1065.320923
1965.051758	981.693665
1964.791016	1078.363770
1964.114258	1037.528564
1963.849609	1030.324707
1963.176758	1032.009399
1962.908203	1112.396240
1962.239258	1082.482544
1961.966797	1074.987915
1961.301758	1047.633911
1961.024414	1016.366455
1960.363281	1052.776489
1960.082031	1063.895386
1959.425781	991.297607
1959.139648	1082.225220
1958.487305	1017.762451
1958.197266	1087.287109
1957.548828	1084.174927
1957.253906	1134.767822
1956.610352	1054.683105
1956.310547	1076.197754
1955.670898	1025.201782
1955.367188	1089.207520
1954.732422	1064.952759
1954.423828	1065.117798
1953.792969	1035.479858
1953.480469	1048.985352
1952.853516	1069.891479
1952.536133	1059.343750
1951.914063	1000.513855
1951.591797	1109.413818
1950.974609	1002.993530
1950.647461	1087.987549
1950.034180	1040.051880
1949.703125	1042.751587
1949.094727	1010.609192
1948.757813	1079.561279
1948.154297	1034.357422
1947.813477	1134.871948
1947.213867	1034.169922
1946.868164	1137.261719
1946.273438	1103.091797
1945.921875	1094.698975
1945.333008	1033.794922
1944.976563	1025.718994
1944.391602	1004.379211
1944.031250	1083.634521
1943.451172	1001.540161
1943.084961	1086.032959
1942.509766	1009.326416
1942.138672	1069.937500
1941.568359	1080.845093
1941.191406	1085.543823
1940.626953	1054.096802
1940.245117	990.236511
1939.684570	995.501953
1939.297852	1079.774414
1938.743164	1088.217041
1938.350586	1113.843628
1937.800781	1032.290771
1937.403320	1129.425293
1936.858398	1087.819946
1936.456055	1181.935303
1935.916016	1098.232300
1935.507813	1123.640015
1934.973633	1055.595581
1934.560547	1144.482544
1934.031250	1020.929565
1933.612305	1115.222778
1933.087891	1076.419556
1932.663086	1157.144287
1932.144531	1070.920898
1931.714844	1054.107056
1931.201172	1155.534546
1930.765625	1119.735229
1930.257813	1112.925537
1929.816406	1143.188354
1929.314453	1107.422607
1928.867188	1182.431519
1928.371094	1101.921631
1927.917969	1100.544189
1927.426758	1096.422485
1926.967773	1163.469360
1926.482422	1125.347534
1926.018555	1126.361816
1925.538086	1056.308472
1925.068359	1105.057495
1924.593750	1085.229980
1924.117188	1196.873779
1923.649414	1119.433472
1923.166992	1201.861572
1922.704102	1058.370850
1922.215820	1109.563110
1921.758789	1116.375366
1921.265625	1125.083008
1920.814453	1105.589600
1920.313477	1124.827026
1919.868164	1018.118164
1919.362305	1111.433472
1918.922852	1097.249268
1918.411133	1174.226074
1917.977539	1065.324585
1917.458984	1110.927246
1917.031250	1080.985596
1916.506836	1076.539917
1916.084961	1080.785400
1915.554688	1071.044189
1915.138672	1085.869385
1914.601563	1091.796021
1914.192383	1138.498657
1913.649414	1159.768433
1913.246094	1140.928589
1912.696289	1120.153931
1912.299805	1093.187012
1911.743164	1159.238770
1911.352539	1061.303467
1910.789063	1122.264282
1910.405273	1069.025024
1909.835938	1119.386108
1909.458008	1076.743530
1908.881836	1171.548340
1908.510742	1068.627441
1907.927734	1124.114502
1907.562500	1047.323853
1906.973633	1095.040283
1906.615234	1044.491211
1906.018555	1144.552612
1905.666992	1112.861572
1905.064453	1073.590332
1904.718750	1162.749878
1904.109375	1133.556152
1903.770508	1067.632324
1903.154297	1253.692505
1902.822266	1151.773560
1902.199219	1114.718994
1901.873047	1122.571777
1901.243164	1114.463013
1900.924805	1127.631348
1900.287109	1158.670654
1899.975586	1193.274536
1899.331055	1116.565796
1899.026367	1132.476929
1898.375000	1111.080444
1898.076172	1098.033691
1897.417969	1160.485107
1897.126953	1203.135254
1896.461914	1118.408325
1896.176758	1139.737305
1895.504883	1144.275757
1895.227539	1165.840576
1894.547852	1164.907349
1894.277344	1086.685791
1893.589844	1148.970947
1893.327148	1104.896851
1892.632813	1156.538086
1892.375977	1067.866333
1891.674805	1161.491333
1891.425781	1088.703369
1890.716797	1111.642822
1890.474609	1080.610962
1889.758789	1226.177124
1889.523438	1122.467407
1888.799805	1142.428589
1888.572266	1122.256104
1887.841797	1181.279663
1887.621094	1080.000854
1886.882813	1139.293213
1886.669922	1140.223999
1885.922852	1136.422974
1885.717773	1147.889282
1884.963867	1185.671387
1884.765625	1158.177734
1884.003906	1203.633545
1883.813477	1129.075684
1883.044922	1143.447266
1882.861328	1118.361450
1882.083984	1153.598389
1881.909180	1105.026245
1881.124023	1096.054688
1880.956055	1131.060059
1880.164063	1127.034424
1880.003906	1117.727295
1879.203125	1220.453491
1879.050781	1193.590698
1878.242188	1142.120605
1878.097656	1125.172363
1877.281250	1165.264404
1877.143555	1090.869507
1876.319336	1164.993286
1876.190430	1114.258789
1875.358398	1185.520752
1875.236328	1161.230591
1874.396484	1247.625977
1874.283203	1158.389526
1873.433594	1177.172729
1873.329102	1186.992798
1872.471680	1143.124146
1872.374023	1118.652588
1871.508789	1231.169312
1871.419922	1136.775024
1870.546875	1160.768433
1870.465820	1188.934814
1869.583984	1220.209839
1869.510742	1120.632813
1868.620117	1183.586548
1868.555664	1128.272827
1867.657227	1183.309937
1867.600586	1133.292603
1866.693359	1258.270020
1866.644531	1130.459839
1865.729492	1260.569336
1865.689453	1114.546387
1864.765625	1231.749634
1864.733398	1109.102173
1863.800781	1221.090942
1863.777344	1108.890503
1862.836914	1225.988647
1862.821289	1160.974976
1861.872070	1230.883789
1861.865234	1155.524536
1860.909180	1176.214111
1860.907227	1259.093018
1859.952148	1202.122192
1859.941406	1217.355591
1858.995117	1157.474487
1858.976563	1204.122192
1858.038086	1183.375977
1858.010742	1170.183594
1857.081055	1164.866577
1857.044922	1203.556274
1856.124023	1172.477295
1856.078125	1257.614502
1855.166016	1190.528198
1855.112305	1169.358032
1854.208984	1104.159668
1854.145508	1213.052612
1853.250977	1135.265503
1853.178711	1199.837524
1852.292969	1153.312622
1852.211914	1129.752930
1851.333984	1187.005493
1851.244141	1261.302979
1850.375977	1168.519287
1850.277344	1201.572754
1849.416992	1144.824341
1849.309570	1152.204102
1848.458008	1076.814331
1848.341797	1193.256836
1847.499023	1204.340088
1847.373047	1242.036499
1846.540039	1206.714478
1846.405273	1166.876709
1845.581055	1151.760376
1845.436523	1143.371826
1844.621094	1180.196533
1844.467773	1225.672729
1843.661133	1114.849243
1843.498047	1225.382324
1842.701172	1192.762695
1842.529297	1225.091919
1841.741211	1179.513550
1841.559570	1224.801392
1840.781250	1220.938232
1840.589844	1221.932739
1839.820313	1150.427368
1839.620117	1275.766113
1838.859375	1134.591309
1838.649414	1239.389282
1837.898438	1186.407349
1837.678711	1223.638184
1836.937500	1196.582886
1836.708008	1249.101807
1835.976563	1204.153564
1835.737305	1238.505127
1835.014648	1242.924194
1834.766602	1261.378418
1834.053711	1211.486328
1833.794922	1168.427368
1833.091797	1185.258911
1832.823242	1245.339233
1832.129883	1177.232910
1831.851563	1270.766235
1831.166992	1189.995728
1830.878906	1219.027222
1830.205078	1254.708130
1829.907227	1200.737915
1829.242188	1251.867310
1828.934570	1241.579956
1828.279297	1145.158081
1827.961914	1290.112061
1827.316406	1233.207153
1826.988281	1274.387451
1826.353516	1196.627319
1826.015625	1207.295898
1825.390625	1240.513184
1825.041992	1253.232544
1824.426758	1232.487549
1824.068359	1237.527344
1823.462891	1224.464966
1823.093750	1232.096924
1822.499023	1174.946167
1822.120117	1216.403809
1821.535156	1156.564819
1821.145508	1180.192871
1820.571289	1218.563843
1820.170898	1287.640381
1819.606445	1166.482422
1819.196289	1151.417480
1818.641602	1158.479736
1818.220703	1199.852539
1817.676758	1246.353394
1817.245117	1273.895752
1816.711914	1199.478027
1816.269531	1217.212891
1815.747070	1212.194458
1815.293945	1263.034546
1814.781250	1201.598877
1814.318359	1339.569702
1813.816406	1211.720459
1813.341797	1254.743530
1812.850586	1216.660645
1812.365234	1208.359131
1811.883789	1159.483521
1811.388672	1215.745728
1810.917969	1260.173828
1810.411133	1228.246216
1809.952148	1159.029297
1809.434570	1235.624023
1808.985352	1210.534424
1808.457031	1314.610962
1808.018555	1290.466309
1807.479492	1260.595947
1807.051758	1261.771606
1806.500977	1250.065186
1806.084961	1282.204712
1805.523438	1290.654297
1805.117188	1232.845947
1804.544922	1300.561768
1804.149414	1271.364868
1803.565430	1264.483032
1803.182617	1265.947876
1802.586914	1248.852661
1802.214844	1322.526367
1801.607422	1291.954956
1801.246094	1319.683716
1800.628906	1283.982910
1800.278320	1306.513916
1799.648438	1281.118530
1799.309570	1254.625977
1798.668945	1283.358154
1798.340820	1259.541016
1797.688477	1341.713745
1797.372070	1174.135864
1796.708984	1218.978760
1796.403320	1251.304810
1795.727539	1290.068726
1795.434570	1263.955566
1794.747070	1266.813721
1794.464844	1294.654175
1793.766602	1281.794189
1793.495117	1193.837891
1792.785156	1309.505493
1792.525391	1191.024292
1791.803711	1197.115112
1791.555664	1213.986328
1790.821289	1263.029419
1790.584961	1283.324341
1789.839844	1280.540894
1789.615234	1223.812378
1788.857422	1264.956177
1788.644531	1267.361450
1787.875000	1221.388672
1787.673828	1246.507324
1786.892578	1231.264893
1786.703125	1277.159668
1785.909180	1223.332886
1785.731445	1251.162842
1784.925781	1268.800781
1784.760742	1245.767334
1783.942383	1344.750977
1783.789063	1255.814087
1782.958984	1291.050171
1782.817383	1198.961914
1781.974609	1260.242798
1781.845703	1250.171509
1780.990234	1303.115723
1780.873047	1327.079346
1780.005859	1295.176147
1779.901367	1234.247559
1779.021484	1287.239990
1778.928711	1257.140137
1778.037109	1284.384277
1777.956055	1244.038818
1777.051758	1301.831055
1776.983398	1356.863770
1776.066406	1380.158203
1776.009766	1336.039673
1775.080078	1280.896484
1775.037109	1304.948486
1774.094727	1343.974731
1774.063477	1384.305908
1773.108398	1267.587036
1773.089844	1409.708252
1772.122070	1328.102173
1772.116211	1286.199097
1771.142578	1309.043701
1771.135742	1322.705322
1770.167969	1362.674072
1770.148438	1332.510498
1769.193359	1377.796997
1769.161133	1327.114624
1768.218750	1333.913696
1768.173828	1349.573486
1767.244141	1259.271240
1767.186523	1331.518433
1766.269531	1341.074219
1766.199219	1361.556641
1765.293945	1274.150879
1765.210938	1391.579712
1764.318359	1304.654663
1764.222656	1302.700317
1763.342773	1391.524536
1763.233398	1304.904663
1762.367188	1342.565796
1762.245117	1299.522949
1761.391602	1339.735840
1761.255859	1284.033081
1760.415039	1313.856812
1760.266602	1334.252441
1759.439453	1316.154663
1759.277344	1376.867432
1758.462891	1308.211060
1758.287109	1368.946045
1757.486328	1397.534912
1757.296875	1297.901001
1756.508789	1320.482788
1756.306641	1327.869751
1755.532227	1386.740967
1755.316406	1395.680786
1754.554688	1317.395874
1754.325195	1284.310059
1753.577148	1324.804443
1753.333984	1339.484619
1752.599609	1319.424805
1751.621094	1291.038574
1750.643555	1339.343506
1749.665039	1349.296631
1748.686523	1343.915771
1747.708008	1312.992310
1746.729492	1363.807495
1745.750000	1404.388306
1744.770508	1330.071289
1743.791016	1442.109741
1742.811523	1413.748779
1741.832031	1331.820068
1740.851563	1303.492432
1739.871094	1423.096436
1738.890625	1325.915894
1737.910156	1358.789795
1736.929688	1386.552856
1735.948242	1373.531738
1734.966797	1337.585693
1733.985352	1327.126587
1733.003906	1339.592407
1732.022461	1321.498291
1731.040039	1417.968872
1730.057617	1404.956177
1729.075195	1397.038086
1728.092773	1381.490479
1727.110352	1368.492676
1726.126953	1365.672607
1725.143555	1403.535767
1724.160156	1393.083008
1723.176758	1354.676758
1722.192383	1415.388428
1721.208984	1369.371216
1720.224609	1353.853149
1719.240234	1384.053101
1718.255859	1414.240723
1717.270508	1360.644775
1716.286133	1477.116577
1715.300781	1428.604370
1714.315430	1461.294800
1713.329102	1435.633301
1712.343750	1440.413330
1711.357422	1473.080933
1710.371094	1373.919922
1709.384766	1447.137695
1708.398438	1456.978638
1707.411133	1451.615234
1706.424805	1484.246582
1705.437500	1440.894531
1704.450195	1496.300781
1703.461914	1493.464478
1702.474609	1493.159912
1701.486328	1495.385498
1700.498047	1522.907593
1699.509766	1540.301392
1698.520508	1393.321411
1697.532227	1400.621460
1696.542969	1476.165649
1695.553711	1478.391113
1694.564453	1435.135864
1693.574219	1470.208252
1692.584961	1406.767090
1691.594727	1464.556519
1690.604492	1471.830444
1689.614258	1431.144165
1688.623047	1405.615479
1687.632813	1501.202637
1686.641602	1427.742188
1685.650391	1480.411377
1684.658203	1475.064819
1683.666992	1462.157471
1682.674805	1456.816528
1681.682617	1464.077393
1680.690430	1569.591919
1679.698242	1498.740601
1678.705078	1541.245117
1677.712891	1505.678345
1676.719727	1467.608765
1675.726563	1510.093018
1674.732422	1557.592285
1673.739258	1517.019165
1672.745117	1554.436035
1671.750977	1539.027588
1670.756836	1573.909912
1669.761719	1563.530884
1668.767578	1555.669189
1667.772461	1608.114746
1666.777344	1552.515747
1665.781250	1582.335327
1664.786133	1587.031128
1663.790039	1616.830933
1662.793945	1536.174438
1661.797852	1548.405151
1660.801758	1583.212158
1659.804688	1638.072876
1658.808594	1647.766479
1657.811523	1647.425903
1656.814453	1614.494507
1655.816406	1686.848022
1654.819336	1694.016968
1653.821289	1621.009155
1652.823242	1700.830566
1651.825195	1595.294189
1650.826172	1642.537354
1649.828125	1664.727173
1648.829102	1661.879395
1647.830078	1714.083496
1646.831055	1656.186890
1645.831055	1775.904541
1644.831055	1755.530151
1643.831055	1717.662354
1642.831055	1737.303589
1641.831055	1734.443726
1640.830078	1679.112549
1639.830078	1803.671753
1638.829102	1765.832397
1637.828125	1797.927979
1636.826172	1802.547363
1635.825195	1817.149048
1634.823242	1814.275513
1633.821289	1773.977295
1632.818359	1798.553345
1631.816406	1793.190918
1630.813477	1959.881104
1629.810547	1887.176758
1628.807617	1859.366699
1627.804688	1858.979126
1626.801758	1881.014282
1625.797852	1917.985474
1624.793945	1927.546875
1623.790039	2031.718506
1622.785156	1954.125244
1621.781250	1996.027100
1620.776367	2077.723877
1619.771484	2094.704346
1618.766602	2136.550049
1617.760742	2183.351563
1616.754883	2322.123291
1615.750000	2217.238525
1614.743164	2251.567383
1613.737305	2226.249756
1612.731445	2305.276123
1611.724609	2158.260498
1610.717773	2200.021240
1609.710938	2291.415771
1608.703125	2285.971680
1607.696289	2203.602051
1606.688477	2188.254150
1605.680664	2162.990479
1604.671875	2289.015625
1603.664063	2256.302734
1602.655273	2273.181885
1601.646484	2282.618408
1600.637695	2297.006592
1599.628906	2274.228027
1598.619141	2333.194824
1597.609375	2278.225586
1596.599609	2295.077393
1595.589844	2212.910400
1594.580078	2279.264160
1593.569336	2211.979980
1592.558594	2218.936035
1591.547852	2171.478027
1590.537109	2116.621826
1589.525391	2217.535400
1588.514648	2152.805420
1587.502930	2147.409912
1586.490234	2154.369385
1585.478516	2171.206055
1584.465820	2188.035156
1583.454102	2138.193115
1582.441406	2204.392334
1581.427734	2144.695313
1580.415039	2228.137207
1579.401367	2143.790283
1578.387695	2239.528809
1577.374023	2194.669434
1576.360352	2216.394531
1575.345703	2186.347656
1574.331055	2220.386719
1573.316406	2283.977295
1572.301758	2266.250977
1571.286133	2223.904297
1570.271484	2282.528564
1569.255859	2230.348633
1568.240234	2266.795166
1567.223633	2246.629639
1566.208008	2369.163330
1565.191406	2356.363281
1564.174805	2355.864014
1563.158203	2293.899170
1562.140625	2298.329346
1561.124023	2201.996094
1560.106445	2280.155273
1559.088867	2122.452881
1558.070313	2234.979492
1557.052734	2256.604736
1556.034180	2263.490479
1555.015625	2194.285156
1553.997070	2105.477295
1552.977539	2190.899658
1551.958984	2234.586182
1550.939453	2189.968506
1549.919922	2172.340088
1548.899414	2154.718750
1547.879883	2137.104736
1546.859375	2234.661621
1545.838867	2231.736084
1544.818359	2221.464111
1543.796875	2201.401367
1542.776367	2259.689453
1541.754883	2259.208008
1540.733398	2214.677734
1539.710938	2233.778809
1538.689453	2184.380371
1537.666992	2264.619141
1536.644531	2200.564209
1535.622070	2185.427490
1534.598633	2219.177490
1533.576172	2125.850586
1532.552734	2152.269531
1531.529297	2144.482422
1530.504883	2080.533936
1529.481445	2065.440674
1528.457031	2128.462646
1527.432617	2125.567139
1526.408203	2108.033691
1525.382813	2056.356934
1524.357422	2082.743896
1523.333008	2135.940430
1522.306641	2103.792480
1521.281250	2125.277100
1520.254883	2168.683105
1519.229492	2107.313477
1518.203125	2201.853516
1517.175781	2130.761963
1516.149414	2191.171143
1515.122070	2273.460938
1514.094727	2272.973389
1513.067383	2389.273193
1512.040039	2400.923096
1511.011719	2453.912354
1509.983398	2570.097656
1508.955078	2455.289551
1507.926758	2571.424072
1506.897461	2643.769775
1505.869141	2487.719238
1504.839844	2538.191162
1503.809570	2525.503418
1502.780273	2539.527344
1501.750000	2456.451904
1500.719727	2475.337891
1499.689453	2518.478027
1498.659180	2564.025391
1497.627930	2539.220703
1496.597656	2630.812988
1495.566406	2598.731689
1494.534180	2636.950195
1493.502930	2781.770508
1492.470703	2834.468506
1491.438477	2940.429443
1490.406250	2993.069824
1489.374023	3072.318848
1488.340820	3163.635986
1487.307617	3300.893555
1486.274414	3363.087402
1485.241211	3381.712646
1484.207031	3647.010498
1483.172852	3414.102051
1482.138672	3505.225098
1481.104492	3552.804688
1480.070313	3561.701660
1479.035156	3493.288086
1478.000000	3461.133057
1476.964844	3426.576904
1475.929688	3418.592285
1474.893555	3215.098145
1473.857422	3149.244873
1472.821289	3126.848389
1471.785156	3027.271729
1470.748047	3007.322266
1469.711914	2968.092285
1468.674805	2969.859131
1467.636719	2896.912354
1466.599609	2831.225830
1465.561523	2806.520996
1464.523438	2880.575439
1463.485352	2752.326660
1462.447266	2778.210693
1461.408203	2789.641846
1460.370117	2904.543457
1459.331055	2778.805420
1458.291016	2879.226807
1457.251953	2808.859863
1456.211914	2909.230225
1455.171875	2759.561768
1454.131836	2756.557617
1453.090820	2832.845459
1452.050781	2815.412842
1451.009766	2749.953369
1449.968750	2715.737549
1448.926758	2698.341064
1447.885742	2560.945068
1446.843750	2596.380615
1445.801758	2672.585205
1444.758789	2520.892334
1443.716797	2553.914795
1442.673828	2471.841553
1441.630859	2485.683594
1440.587891	2499.519531
1439.543945	2273.754395
1438.500977	2292.420654
1437.457031	2387.715576
1436.413086	2437.475342
1435.368164	2458.486816
1434.324219	2362.215820
1433.279297	2488.517578
1432.234375	2389.889160
1431.188477	2410.891846
1430.143555	2441.449707
1429.097656	2443.305664
1428.051758	2538.377441
1427.004883	2556.938477
1425.958984	2606.549805
1424.912109	2610.755127
1423.865234	2708.094238
1422.818359	2814.940430
1421.771484	2742.711182
1420.723633	2727.789795
1419.675781	2939.544189
1418.627930	2979.451416
1417.579102	3012.186035
1416.531250	3147.435791
1415.482422	3161.047119
1414.433594	3165.118652
1413.383789	3104.851318
1412.334961	3156.579102
1411.285156	3148.739014
1410.235352	3105.182617
1409.185547	3161.636963
1408.134766	3065.731201
1407.083984	2981.766113
1406.033203	2969.213135
1404.982422	2892.441406
1403.931641	2872.778564
1402.879883	2677.181396
1401.828125	2788.313232
1400.776367	2690.259033
1399.723633	2625.512207
1398.671875	2506.157227
1397.619141	2486.603760
1396.566406	2478.930908
1395.512695	2335.947021
1394.459961	2342.550781
1393.406250	2342.032715
1392.352539	2412.685303
1391.297852	2369.458252
1390.244141	2359.448730
1389.189453	2323.364502
1388.134766	2218.558594
1387.080078	2353.141602
1386.024414	2267.328857
1384.968750	2236.033447
1383.913086	2237.905762
1382.857422	2263.453125
1381.801758	2194.304932
1380.745117	2269.548584
1379.688477	2200.428955
1378.631836	2221.230225
1377.574219	2230.196777
1376.517578	2144.580078
1375.459961	2189.018311
1374.401367	2181.441406
1373.343750	2195.133545
1372.285156	2180.471191
1371.226563	2116.215820
1370.167969	2077.963623
1369.109375	2202.623291
1368.049805	2178.529785
1366.990234	2142.648438
1365.930664	2170.481445
1364.871094	2177.073730
1363.810547	2263.840332
1362.750977	2350.568115
1361.690430	2168.545654
1360.628906	2297.674072
1359.568359	2202.918457
1358.506836	2416.780273
1357.445313	2423.305420
1356.383789	2469.853516
1355.321289	2492.840820
1354.258789	2438.154541
1353.196289	2567.018799
1352.133789	2557.034912
1351.070313	2671.703369
1350.007813	2751.050293
1348.944336	2733.978516
1347.879883	2956.641846
1346.816406	2995.924805
1345.751953	3129.158691
1344.687500	3250.588867
1343.623047	3322.652832
1342.558594	3408.769775
1341.493164	3358.715332
1340.427734	3360.307861
1339.362305	3167.176514
1338.295898	3208.684326
1337.230469	3151.683105
1336.164063	3043.128662
1335.097656	2899.463623
1334.030273	2863.659912
1332.962891	2966.102783
1331.896484	2864.713379
1330.828125	2662.670166
1329.760742	2701.872803
1328.692383	2595.928711
1327.624023	2539.177490
1326.555664	2487.130859
1325.487305	2418.733154
1324.417969	2432.219238
1323.348633	2342.820801
1322.279297	2293.201904
1321.209961	2273.987305
1320.139648	2173.001465
1319.069336	2179.518555
1317.999023	2242.084473
1316.928711	2180.867920
1315.857422	2065.986572
1314.786133	2121.533203
1313.714844	2144.386963
1312.643555	2150.899902
1311.571289	2066.448486
1311.570313	2046.955078
1310.499023	2054.321289
1310.498047	2037.629517
1309.426758	1990.911133
1309.425781	2037.265747
1308.354492	2148.950684
1308.352539	2015.926758
1307.281250	1983.017456
1307.279297	1994.594971
1306.208008	2022.172241
1306.207031	2031.513428
1305.134766	2000.750732
1305.133789	2010.185669
1304.061523	2114.399414
1304.059570	2009.825195
1302.987305	2041.747925
1302.986328	2053.705322
1301.914063	2027.318604
1301.912109	2030.056030
1300.838867	1987.297974
1300.837891	2083.226318
1299.764648	2017.090820
1299.763672	1992.090454
1298.689453	1995.698120
1298.689453	1956.829834
1297.615234	2049.531982
1297.615234	1985.942139
1296.540039	1965.427979
1296.540039	2018.039185
1295.464844	1909.260376
1295.463867	2024.552856
1294.389648	2055.397217
1294.388672	2038.034912
1293.314453	1994.583618
1293.312500	1960.900269
1292.239258	2017.465332
1292.236328	1946.516479
1291.163086	1986.889771
1291.159180	1994.840454
1290.086914	2007.440430
1290.083008	2026.890015
1289.010742	2016.368164
1289.005859	2072.852051
1287.934570	2013.679321
1287.928711	1988.833862
1286.857422	2008.669067
1286.850586	2060.304688
1285.781250	2057.060059
1285.773438	1992.564819
1284.704102	1982.403564
1284.695313	2066.320801
1283.626953	2019.176636
1283.617188	2065.848389
1282.549805	2139.472900
1282.538086	2125.645264
1281.471680	2013.799805
1281.459961	1962.932983
1280.394531	2073.742188
1280.380859	2031.993286
1279.316406	2115.108643
1279.301758	2045.426880
1278.238281	2010.376953
1278.221680	2005.587769
1277.160156	2000.735474
1277.142578	2102.374756
1276.081055	2035.137695
1276.062500	1953.741821
1275.002930	2041.717041
1274.981445	1937.093628
1273.923828	2066.830078
1273.901367	1987.552979
1272.844727	1985.367798
1272.820313	1954.711182
1271.764648	2012.797485
1271.740234	1958.888062
1270.685547	1940.637573
1270.658203	1969.999390
1269.605469	1907.865112
1269.577148	2034.273804
1268.525391	2004.741211
1268.495117	1971.405518
1267.445313	2013.629517
1267.413086	1873.906738
1266.365234	1885.983032
1266.331055	2021.321045
1265.285156	1922.653320
1265.249023	1956.188599
1264.204102	2077.284668
1264.166016	1981.137695
1263.123047	1965.885742
1263.083008	2013.000488
1262.041992	2062.641846
1262.000000	2063.312012
1260.960938	1999.837036
1260.916016	1988.999023
1259.878906	2119.665527
1259.833008	1944.709717
1258.797852	2100.783447
1258.749023	2071.111328
1257.715820	2047.248169
1257.664063	2063.716064
1256.633789	2076.900879
1256.580078	2120.872314
1255.550781	2247.440186
1255.495117	2141.125732
1254.468750	2152.337646
1254.410156	2078.416992
1253.385742	2078.050537
1253.325195	2163.173828
1252.302734	2246.184814
1252.239258	2151.158203
1251.219727	2158.058838
1251.154297	2132.239746
1250.135742	2259.192871
1250.068359	2157.069824
1249.052734	2277.228516
1248.981445	2253.236816
1247.968750	2290.643799
1247.895508	2278.026855
1246.884766	2396.307861
1246.808594	2360.317383
1245.800781	2393.553467
1245.721680	2403.470215
1244.716797	2420.770996
1244.634766	2501.789307
1243.631836	2604.722412
1243.546875	2432.242188
1242.546875	2585.796631
1242.458984	2633.935059
1241.461914	2599.136475
1241.371094	2598.856445
1240.376953	2647.027344
1240.283203	2646.496582
1239.291992	2713.326416
1239.194336	2733.159668
1238.206055	2747.359375
1238.105469	2838.151855
1237.120117	2693.885498
1237.016602	2750.255615
1236.034180	2697.981934
1235.927734	2655.514160
1234.948242	2692.870117
1234.837891	2622.771729
1233.861328	2584.207520
1233.748047	2509.750488
1232.775391	2530.802734
1232.658203	2461.001465
1231.688477	2502.721191
1231.568359	2451.256348
1230.601563	2470.050049
1230.477539	2391.080322
1229.513672	2338.515625
1229.386719	2408.859131
1228.426758	2367.959717
1228.295898	2284.560059
1227.338867	2369.809570
1227.204102	2277.154541
1226.250977	2337.186768
1226.113281	2359.076660
1225.163086	2297.682861
1225.021484	2214.266602
1224.074219	2283.463135
1223.928711	2069.523926
1222.986328	2255.467773
1222.836914	2123.970947
1221.897461	2142.516602
1221.744141	2086.863037
1220.808594	2050.271729
1220.651367	2095.525879
1219.719727	2171.542969
1219.558594	2010.411011
1218.629883	2230.801025
1218.464844	2085.399170
1217.541016	2143.179932
1217.371094	2222.076172
1216.451172	2209.302734
1216.277344	2219.270264
1215.361328	2124.012207
1215.183594	2157.054932
1214.271484	2121.313477
1214.088867	2225.083984
1213.180664	2263.066162
1212.995117	2169.747559
1212.089844	2310.774414
1211.899414	2244.591064
1210.999023	2402.012207
1210.804688	2225.801514
1209.908203	2424.467773
1209.708984	2339.395752
1208.817383	2478.990234
1208.613281	2473.472656
1207.725586	2451.026855
1207.517578	2463.766357
1206.633789	2530.714844
1206.421875	2422.134277
1205.541992	2509.620850
1205.325195	2462.608154
1204.450195	2568.662109
1204.228516	2589.689453
1203.358398	2629.969238
1203.131836	2582.242676
1202.265625	2563.097656
1202.034180	2440.362549
1201.172852	2548.875977
1200.937500	2439.787598
1200.080078	2536.947266
1199.839844	2480.207764
1198.987305	2451.833496
1198.741211	2315.681152
1197.893555	2325.591309
1197.643555	2324.240723
1196.800781	2313.711182
1196.544922	2285.001953
1195.707031	2278.976807
1195.446289	2211.650879
1194.613281	2292.249023
1194.346680	2261.174805
1193.518555	2223.257324
1193.248047	2240.171875
1192.424805	2199.982178
1192.148438	2075.932373
1191.330078	2217.828857
1191.048828	2118.632568
1190.235352	2160.308838
1189.948242	2218.128906
1189.140625	2093.677979
1188.848633	2029.016602
1188.044922	2079.575439
1187.748047	2187.547852
1186.949219	2035.808350
1186.646484	2118.897949
1185.854492	2067.359131
1185.545898	2111.583984
1184.757813	2046.424805
1184.444336	1990.774292
1183.662109	2027.779297
1183.342773	1994.840942
1182.566406	1947.566650
1182.241211	1976.216187
1181.469727	2006.469727
1181.138672	1887.280640
1180.373047	1908.054688
1180.036133	1889.100220
1179.276367	1928.195679
1178.933594	1940.798828
1178.178711	1898.196045
1177.831055	1836.066895
1177.082031	1982.122925
1176.727539	1801.636963
1175.984375	1879.232422
1175.624023	1862.381348
1174.886719	1858.368652
1174.520508	1791.718750
1173.788086	1842.066772
1173.416992	1884.140259
1172.690430	1889.513550
1172.312500	1904.067749
1171.591797	1948.321899
1171.208008	1822.127319
1170.493164	1988.901855
1170.103516	1934.841187
1169.394531	1888.404175
1168.998047	1846.144653
1168.294922	1997.221558
1167.893555	1775.585205
1167.196289	1899.035278
1166.787109	1881.444580
1166.096680	1807.708740
1165.681641	1955.601685
1164.997070	1923.297363
1164.576172	1876.024658
1163.897461	1791.088257
1163.469727	1907.212036
1162.796875	1843.003906
1162.362305	1904.496460
1161.696289	1894.898804
1161.255859	1881.453979
1160.595703	1930.871826
1160.148438	1926.165405
1159.495117	1864.627808
1159.041016	1871.522217
1158.394531	1896.050659
1157.933594	1911.699829
1157.292969	1904.757935
1156.826172	1933.806152
1156.191406	1911.191772
1155.717773	1890.479126
1155.089844	1958.471680
1154.609375	1937.388550
1153.988281	1944.471436
1153.500977	1932.413330
1152.886719	1944.087280
1152.391602	1956.746338
1151.784180	1959.579346
1151.282227	1843.587158
1150.681641	1913.840088
1150.172852	1919.753418
1149.579102	1904.392944
1149.062500	1991.377441
1148.475586	1947.083008
1147.953125	1925.585571
1147.373047	1942.164795
1146.842773	2044.456665
1146.269531	1998.424683
1145.732422	1915.653320
1145.166016	1864.373413
1144.621094	1910.690308
1144.061523	1945.539551
1143.509766	1867.479736
1142.958008	1972.326660
1142.398438	1891.772583
1141.853516	1953.822998
1141.287109	1931.795776
1140.749023	1969.279541
1140.174805	1940.322266
1139.644531	1973.414185
1139.062500	1906.136108
1138.540039	1923.243530
1137.950195	1966.351074
1137.434570	1864.043823
1136.837891	1898.473755
1136.329102	1960.927490
1135.724609	1951.922119
1135.223633	1987.672241
1134.611328	1899.799805
1134.118164	1951.102661
1133.498047	1962.201660
1133.011719	1998.181641
1132.383789	1990.904785
1131.905273	1988.743164
1131.269531	2051.009521
1130.798828	2065.168457
1130.155273	2030.320679
1129.692383	2051.201904
1129.041016	2079.171387
1128.585938	2084.670654
1127.925781	2141.452148
1127.478516	2147.481445
1126.810547	2176.800537
1126.371094	2090.609863
1125.695313	2207.648926
1125.263672	2160.165283
1124.580078	2169.019287
1124.156250	2218.408936
1123.463867	2291.700928
1123.047852	2222.477051
1122.347656	2275.465332
1121.939453	2355.127930
1121.230469	2312.975098
1120.831055	2311.802490
1120.114258	2384.044189
1119.722656	2381.242676
1118.997070	2349.892578
1118.613281	2358.219482
1117.879883	2394.067871
1117.504883	2405.081055
1116.761719	2449.405762
1116.395508	2494.741943
1115.644531	2468.934326
1115.285156	2449.177246
1114.526367	2488.452881
1114.175781	2381.103516
1113.407227	2364.904785
1113.065430	2511.254639
1112.289063	2409.020264
1111.956055	2479.223877
1111.169922	2301.190430
1110.844727	2366.157471
1110.050781	2204.581055
1109.734375	2320.662842
1108.930664	2152.679932
1108.624023	2221.175781
1107.811523	2042.758301
1107.512695	2065.479248
1106.691406	1970.833740
1106.401367	2013.323364
1105.571289	2019.441162
1105.289063	1911.708618
1104.450195	2010.021606
1104.177734	1963.040527
1103.329102	1880.168335
1103.065430	1910.936035
1102.208008	1942.139893
1101.953125	1915.045044
1101.086914	1941.661987
1100.840820	1878.701538
1099.964844	1914.439697
1099.728516	1860.346802
1098.842773	1940.705688
1098.615234	1853.231079
1097.720703	1853.351563
1097.501953	1848.363770
1096.597656	1801.672729
1096.388672	1854.725342
1095.475586	1845.757935
1095.275391	1798.224854
1094.352539	1727.327515
1094.161133	1784.392944
1093.228516	1753.605469
1093.047852	1824.423828
1092.105469	1748.722412
1091.933594	1752.257813
1090.981445	1686.010010
1090.818359	1707.038818
1089.856445	1690.040283
1089.704102	1717.905273
1088.732422	1700.737915
1088.588867	1679.437744
1087.607422	1635.860229
1087.473633	1762.042114
1086.482422	1662.119873
1086.358398	1752.718140
1085.357422	1610.612427
1085.243164	1664.967163
1084.231445	1623.538696
1084.126953	1644.464233
1083.105469	1558.743164
1083.010742	1617.249512
1081.979492	1622.732544
1081.894531	1599.003784
1080.852539	1615.671265
1080.778320	1630.024170
1079.726563	1610.831909
1079.661133	1620.737061
1078.599609	1619.304077
1078.543945	1627.120483
1077.471680	1583.418213
1077.426758	1570.846313
1076.344727	1583.023804
1076.309570	1626.455688
1075.216797	1689.024536
1075.191406	1668.621460
1074.087891	1584.450684
1074.074219	1612.372681
1072.959961	1681.535645
1072.956055	1598.627563
1071.836914	1618.418701
1071.831055	1574.800293
1070.718750	1606.912598
1070.702148	1669.624268
1069.599609	1722.775757
1069.573242	1638.213745
1068.480469	1742.528687
1068.443359	1682.068970
1067.361328	1742.171265
1067.313477	1701.562378
1066.242188	1802.107300
1066.183594	1721.045654
1065.122070	1821.831177
1065.052734	1749.365112
1064.001953	1732.169922
1063.921875	1748.926636
1062.881836	1698.338257
1062.791016	1719.751831
1061.761719	1735.920654
1061.660156	1721.530151
1060.640625	1733.332886
1060.528320	1840.403809
1059.519531	1759.740356
1059.396484	1756.006470
1058.398438	1748.228882
1058.264648	1704.775146
1057.277344	1669.838989
1057.131836	1737.461914
1056.156250	1709.616455
1055.999023	1714.953125
1055.034180	1731.549316
1054.866211	1712.314697
1053.912109	1677.719238
1053.733398	1680.998657
1052.790039	1699.649048
1052.599609	1759.972046
1051.666992	1645.847290
1051.465820	1664.716431
1050.543945	1676.681030
1050.332031	1739.244629
1049.421875	1674.108521
1049.197266	1655.060669
1048.297852	1749.438232
1048.062500	1632.609863
1047.174805	1711.246704
1046.927734	1667.440063
1046.050781	1635.248779
1045.791992	1653.805298
1044.926758	1654.929932
1044.657227	1609.354980
1043.802734	1739.095947
1043.520508	1637.560547
1042.678711	1571.977417
1042.384766	1601.938110
1041.553711	1676.132324
1041.248047	1594.932007
1040.428711	1602.441772
1040.111328	1623.118774
1039.303711	1613.219971
1038.974609	1613.911377
1038.178711	1561.788574
1037.837891	1595.915405
1037.053711	1703.617920
1036.700195	1628.474731
1035.927734	1616.657715
1035.562500	1693.973755
1034.801758	1642.964844
1034.423828	1649.611450
1033.674805	1631.524902
1033.285156	1633.819336
1032.548828	1677.791260
1032.146484	1639.989136
1031.421875	1657.473022
1031.007813	1593.478516
1030.294922	1719.243042
1029.868164	1650.124023
1029.167969	1676.745117
1028.728516	1645.315186
1028.040039	1627.612183
1027.588867	1684.372192
1026.913086	1755.859009
1026.448242	1653.244751
1025.785156	1695.647095
1025.308594	1762.425293
1024.657227	1717.454590
1024.166992	1742.250610
1023.528320	1677.215698
1023.026367	1726.467651
1022.399414	1767.687134
1021.884766	1811.450195
1021.271484	1818.256226
1020.743164	1850.402466
1020.141602	1795.734619
1019.601563	1832.413452
1019.012695	1866.200195
1018.458984	1930.434448
1017.882813	1890.156860
1017.316406	1918.997681
1016.752930	1916.316040
1016.173828	1979.756348
1015.623047	2042.020996
1015.031250	2117.028809
1014.493164	2130.070557
1013.887695	2175.517822
1013.362305	2087.607666
1012.744141	2223.046875
1012.231445	2171.188477
1011.599609	2143.802246
1011.100586	2252.523438
1010.455078	2252.487305
1009.969727	2316.143799
1009.310547	2129.590820
1008.837891	2205.178955
1008.166016	2220.753418
1007.707031	2187.043945
1007.020508	2169.968750
1006.575195	2199.837646
1005.875000	2182.502686
1005.442383	2194.959961
1004.729492	2083.750732
1004.310547	2190.084229
1003.583008	2091.936523
1003.177734	2222.733887
1002.437500	2169.903564
1002.044922	2129.581055
1001.290039	2055.968262
1000.912109	2162.229248
1000.143555	2096.848877
999.778320	2188.245850
998.996094	1900.184448
998.644531	2123.828613
997.848633	1982.475464
997.510742	2085.897705
996.701172	1955.824341
996.376953	1977.438599
995.552734	1903.057617
995.242188	1959.390381
994.404297	1811.134766
994.108398	1853.206543
993.255859	1697.496582
992.973633	1870.441406
992.106445	1729.689697
991.838867	1744.496582
990.957031	1657.458862
990.703125	1735.320435
989.807617	1641.804199
989.567383	1682.113525
988.431641	1639.935181
987.295898	1615.380615
986.160156	1549.030151
985.023438	1513.505493
983.886719	1590.164917
982.750000	1607.420654
981.612305	1552.119385
980.475586	1584.761597
979.337891	1588.821655
978.200195	1612.653564
977.061523	1603.526001
975.922852	1568.048340
974.784180	1653.348022
973.645508	1558.603638
972.506836	1573.636841
971.367188	1625.966309
970.227539	1583.939087
969.087891	1559.476318
967.948242	1572.302979
966.807617	1664.051270
965.666992	1687.809570
964.526367	1612.940430
963.385742	1627.935181
962.244141	1618.827026
961.102539	1548.399780
959.960938	1519.605469
958.819336	1574.011475
957.676758	1569.299194
956.534180	1507.694702
955.391602	1391.421875
954.248047	1520.176636
953.105469	1428.005615
951.961914	1434.260376
950.818359	1457.999756
949.673828	1477.357788
948.530273	1428.973267
947.385742	1559.738892
946.241211	1509.173096
945.095703	1417.140625
943.951172	1471.415771
942.805664	1538.763428
941.660156	1468.604858
940.513672	1496.653198
939.368164	1472.339478
938.221680	1500.374756
937.075195	1491.332397
935.927734	1434.337280
934.781250	1449.285889
933.633789	1599.320313
932.486328	1483.520142
931.337891	1463.600464
930.189453	1541.677124
929.041992	1539.169434
927.892578	1449.599731
926.744141	1503.691406
925.594727	1494.666138
924.445313	1524.797607
923.295898	1502.723145
922.146484	1515.445679
920.996094	1497.729858
919.845703	1497.407959
918.695313	1523.160034
917.544922	1509.798218
916.393555	1520.332886
915.242188	1487.434082
914.090820	1560.926880
912.938477	1554.079224
911.787109	1534.214111
910.634766	1579.444458
909.481445	1542.229370
908.329102	1585.269409
907.175781	1532.891602
906.022461	1569.411743
904.869141	1629.755493
903.715820	1659.738281
902.561523	1594.391113
901.407227	1656.855713
900.252930	1732.285156
899.097656	1714.591797
897.942383	1733.700806
896.787109	1731.161987
895.631836	1784.874634
894.475586	1743.391235
893.320313	1812.215454
892.164063	1848.578369
891.006836	1718.481445
889.850586	1772.137695
888.693359	1808.485229
887.536133	1738.966675
886.378906	1779.624634
885.220703	1844.016846
884.062500	1854.410767
882.904297	1882.066772
881.746094	1970.130737
880.586914	1963.230835
879.427734	1926.136597
878.268555	2046.479980
877.109375	2005.071411
875.949219	1946.436523
874.789063	1900.757202
873.628906	1833.551636
872.468750	1859.002197
871.307617	1722.917847
870.146484	1746.227905
868.985352	1735.084106
867.823242	1629.246460
866.662109	1706.355347
865.500000	1591.964355
864.336914	1598.069946
863.174805	1563.315674
862.011719	1614.572266
860.848633	1663.656860
859.685547	1570.888550
858.521484	1619.960938
857.357422	1598.127075
856.193359	1621.401123
855.029297	1616.752808
853.864258	1635.718994
852.700195	1596.730957
851.535156	1658.606445
850.369141	1649.662842
849.204102	1677.183594
848.038086	1618.921387
846.872070	1575.691162
845.705078	1601.066162
844.538086	1632.858398
843.372070	1623.931152
842.204102	1647.136475
841.037109	1648.916992
839.869141	1610.017822
838.701172	1714.549927
837.533203	1669.232910
836.364258	1726.635132
835.196289	1698.447876
834.027344	1867.027100
832.857422	1958.558228
831.688477	2105.628906
830.518555	2397.966309
829.348633	2414.533447
828.178711	2614.813477
827.007813	2595.016113
825.836914	2509.031738
824.666016	2391.061523
823.495117	2296.621582
822.323242	2197.955078
821.151367	2060.929199
819.979492	2022.081421
818.806641	1964.057739
817.634766	1906.059570
816.461914	1863.007690
815.288086	1779.483398
814.115234	1828.095947
812.941406	1716.923462
811.767578	1829.419312
810.593750	1705.519775
809.418945	1828.611816
808.244141	1713.280029
807.069336	1732.052124
805.894531	1704.013794
804.718750	1690.875977
803.542969	1813.834595
802.367188	1649.735596
801.191406	1685.503906
800.014648	1806.256592
798.837891	1727.249023
797.661133	1646.152222
796.483398	1673.394653
795.306641	1660.285278
794.128906	1687.512207
792.950195	1636.205811
791.772461	1777.998291
790.593750	1699.118164
789.415039	1749.640015
788.235352	1764.094238
787.056641	1816.698853
785.876953	1809.937622
784.697266	1790.465942
783.516602	1864.213379
782.335938	1827.794189
781.156250	1848.563110
779.974609	1879.907593
778.793945	1841.392090
777.612305	1872.723999
776.430664	1929.428833
775.249023	1852.855103
774.066406	1992.010498
772.883789	2021.166016
771.701172	1995.351563
770.518555	2009.700195
769.334961	2036.718750
768.151367	2040.489746
766.967773	2145.627197
765.783203	2290.833252
764.598633	2292.433594
763.414063	2619.038574
762.229492	2802.020752
761.044922	3008.125244
759.859375	3243.663574
758.673828	3186.009033
757.487305	3092.542725
756.301758	3104.497803
755.115234	2836.198730
753.928711	2629.112549
752.741211	2500.047363
751.553711	2320.502441
750.366211	2153.669189
749.178711	2127.930176
747.990234	2070.637939
746.802734	1903.971680
745.614258	1899.338867
744.424805	1886.296265
743.236328	1866.952148
742.046875	1769.844238
740.856445	1771.549194
739.666992	1762.748291
738.476563	1789.660156
737.286133	1659.054688
736.095703	1696.475464
734.904297	1662.508911
733.713867	1655.839966
732.521484	1705.824829
731.330078	1617.337891
730.137695	1596.002441
728.946289	1692.095459
727.752930	1651.885620
726.560547	1613.789551
725.367188	1672.096924
724.173828	1610.969238
722.980469	1583.379639
721.786133	1553.708252
720.591797	1528.237061
719.397461	1643.008301
718.203125	1699.136963
717.007813	1631.808350
715.812500	1581.242798
714.617188	1603.888916
713.420898	1588.892944
712.225586	1642.879517
711.029297	1621.612061
709.832031	1631.692627
708.635742	1537.330200
707.438477	1570.396118
706.241211	1551.251343
705.042969	1523.765625
703.845703	1548.464233
702.647461	1514.732056
701.448242	1547.764893
700.250000	1559.927979
699.050781	1570.000366
697.851563	1509.194336
696.651367	1510.937134
695.452148	1596.022217
694.251953	1622.741577
693.051758	1624.456909
691.850586	1592.856812
690.649414	1602.904663
689.448242	1617.110229
688.247070	1606.340210
687.044922	1687.107178
685.843750	1661.767090
684.640625	1648.914429
683.438477	1663.092529
682.235352	1646.088257
681.032227	1708.052490
679.829102	1688.967896
678.625000	1725.970093
677.421875	1765.031982
676.216797	1662.905273
675.012695	1731.021240
673.807617	1782.505249
672.602539	1750.980835
671.397461	1781.695068
670.192383	1754.332153
668.986328	1704.176147
667.780273	1707.933960
666.573242	1769.713257
665.367188	1777.597534
664.160156	1704.696655
662.953125	1739.512817
661.745117	1772.242676
660.537109	1788.398071
659.329102	1800.407104
658.121094	1711.031250
656.912109	1814.065674
655.703125	1768.155518
654.494141	1838.048706
653.285156	1759.080322
652.075195	1750.412476
650.865234	1758.277344
649.655273	1774.401001
648.444336	1753.343750
647.233398	1783.913818
646.022461	1678.229736
644.811523	1737.695435
643.599609	1716.665039
642.387695	1769.905884
641.175781	1753.002075
639.962891	1752.600830
638.750000	1661.497559
637.537109	1714.701538
636.324219	1736.973999
635.110352	1631.516235
633.896484	1653.797119
632.681641	1680.185669
631.467773	1753.909302
630.252930	1739.100342
629.038086	1693.433350
627.822266	1738.302368
626.607422	1744.073486
625.391602	1790.966064
624.174805	1765.885742
622.958984	1771.645996
621.742188	1721.923584
620.525391	1811.918335
619.307617	1795.070923
618.090820	1835.725830
616.873047	1944.107910
615.654297	1882.087402
614.436523	1871.394409
613.217773	1957.126465
611.999023	2085.890137
610.779297	2126.420654
609.560547	2271.486328
608.340820	2439.030518
607.120117	2508.138916
605.900391	2581.312256
604.679688	2396.379883
603.458984	2209.485107
602.237305	1994.014648
601.015625	1911.683472
599.793945	1821.204956
598.572266	1781.913696
597.349609	1797.864868
596.127930	1732.013184
594.904297	1741.834839
593.681641	1682.158081
592.458008	1671.551636
591.234375	1716.110718
590.010742	1705.500977
588.786133	1737.778931
587.561523	1737.376587
586.336914	1851.275635
585.111328	1875.334229
583.886719	1899.381470
582.660156	1852.028687
581.434570	1916.853760
580.208008	1859.324707
578.981445	1862.969849
577.754883	2007.220459
576.528320	1888.590332
575.300781	1947.220215
574.073242	1879.567749
572.844727	1877.095215
571.616211	1868.517334
570.387695	1857.908203
569.159180	1790.338501
567.929688	1781.786011
566.701172	1817.975098
565.470703	1746.395020
564.241211	1760.216553
563.010742	1784.192017
561.780273	1775.649780
560.549805	1679.771484
559.318359	1620.489990
558.086914	1644.474854
556.855469	1700.924072
555.623047	1668.059082
554.390625	1718.389648
553.158203	1673.365601
551.925781	1719.615356
550.692383	1696.912720
549.458984	1674.220337
548.225586	1696.119873
546.991211	1758.527954
545.756836	1747.989380
544.522461	1794.155640
543.288086	1848.398315
542.052734	1847.965698
540.817383	1821.226563
539.581055	1719.644531
538.345703	1719.241699
537.109375	1708.728027
535.873047	1704.284180
534.635742	1691.757324
533.398438	1675.194702
532.161133	1672.781494
530.923828	1605.735718
529.685547	1639.687256
528.447266	1604.981812
527.208008	1610.660034
525.969727	1674.854248
524.730469	1662.356079
523.491211	1635.744995
522.250977	1653.508667
521.010742	1582.559692
519.770508	1648.699585
518.530273	1650.326538
517.289063	1700.302368
516.047852	1633.436646
514.805664	1639.092651
513.564453	1638.706299
512.322266	1571.901611
511.080078	1629.884888
509.836914	1581.218872
508.593750	1647.217163
507.350586	1662.914551
506.107422	1636.387939
504.863281	1654.089966
503.619141	1637.624268
502.375000	1673.397095
501.129883	1731.245239
499.884766	1692.685181
498.639648	1704.329468
497.393555	1681.849365
496.147461	1679.444702
494.901367	1773.330444
493.655273	1766.893677
492.408203	1738.403931
491.161133	1709.927368
489.914063	1669.439331
488.666016	1769.226074
487.417969	1694.688721
486.169922	1758.373047
484.920898	1743.939941
483.671875	1725.510010
482.422852	1799.147339
481.172852	1798.719727
479.923828	1760.286011
478.673828	1785.865356
477.422852	1759.448730
476.172852	1860.973755
474.920898	1808.571777
473.669922	1844.104126
472.418945	1809.707886
471.166992	1893.150391
469.914063	1884.713135
468.662109	1990.053955
467.409180	1945.676758
466.156250	1899.325439
464.902344	1938.764404
463.649414	2075.896973
462.395508	2029.546875
461.140625	2110.782471
459.886719	2233.825928
458.631836	2215.361816
457.375977	2431.933350
456.121094	2564.767090
454.865234	2524.337158
453.608398	2503.829346
452.352539	2463.432861
451.095703	2333.533447
449.838867	2338.940674
448.582031	2141.526611
447.324219	1995.893188
446.066406	2029.201172
444.807617	2040.636108
443.549805	1994.456421
442.291016	1944.326538
441.031250	1951.801514
439.772461	1911.630859
438.512695	1940.940186
437.251953	1942.457520
435.992188	1951.908325
434.731445	1915.741455
433.470703	1970.795532
432.208984	2053.573730
430.948242	2066.951172
429.686523	2068.434082
428.423828	2087.743164
427.161133	2027.830444
425.898438	2043.179688
424.635742	2005.078857
423.372070	1935.334229
422.108398	1978.391235
420.844727	1912.642090
419.580078	1924.044189
418.315430	1874.155029
417.050781	1806.501343
415.786133	1784.328003
414.520508	1856.990356
413.254883	1822.964844
411.988281	1775.133545
410.721680	1796.418213
409.455078	1837.428345
408.188477	1771.869385
406.920898	1751.712891
405.653320	1776.925903
404.385742	1776.494385
403.117188	1874.623413
401.848633	1818.987305
400.580078	1897.355225
399.310547	1818.102661
398.041016	1817.660278
396.771484	1811.311401
395.500977	1903.382202
394.230469	1922.597168
392.959961	1869.009399
391.688477	1815.447510
390.417969	1838.601685
389.145508	1920.722534
387.874023	1924.184692
386.601563	1837.255737
385.329102	1978.250854
384.056641	1836.358154
382.783203	1963.539185
381.509766	1984.652710
380.235352	1937.065186
378.961914	1897.349121
377.687500	1916.500732
376.412109	2045.466309
375.136719	2044.965088
373.861328	2052.304443
372.585938	2034.163818
371.310547	2076.767578
370.034180	2035.124390
368.756836	2083.581055
367.480469	2118.309082
366.203125	2139.318604
364.924805	2123.138184
363.647461	2101.096436
362.369141	2141.652100
361.090820	2154.812500
359.811523	2189.469727
358.532227	2147.887939
357.252930	2186.437012
355.973633	2199.572021
354.693359	2238.088623
353.413086	2190.676758
352.131836	2139.384277
350.850586	2144.710449
349.569336	2187.103027
348.288086	2215.820557
347.005859	2187.971680
345.723633	2234.220459
344.441406	2239.514648
343.158203	2305.213135
341.875000	2250.094482
340.590820	2307.966309
339.307617	2291.816650
338.022461	2417.782715
336.738281	2366.581543
335.453125	2369.885498
334.167969	2332.337402
332.882813	2327.868408
331.596680	2263.128906
330.310547	2433.619141
329.024414	2440.786865
327.737305	2430.465332
326.450195	2472.591309
325.163086	2468.091797
323.875000	2500.479736
322.586914	2455.216064
321.298828	2547.742676
320.009766	2597.544678
318.720703	2484.409180
317.431641	2510.933838
316.141602	2519.998535
314.851563	2492.236816
313.561523	2510.988525
312.271484	2599.462402
310.980469	2569.763672
309.688477	2542.015625
308.397461	2576.218506
307.105469	2685.871338
305.812500	2642.636963
304.520508	2595.555664
303.227539	2660.646729
301.934570	2545.924072
300.640625	2591.667725
299.346680	2534.983643
298.052734	2524.687744
296.757813	2524.052490
295.462891	2577.476563
294.167969	2584.548096
292.872070	2572.318604
291.576172	2621.830322
290.280273	2719.535156
288.983398	2659.072754
287.686523	2772.140137
286.389648	2800.349365
285.092773	2782.300537
283.794922	2760.407471
282.496094	2882.962158
281.198242	2843.725830
279.899414	2839.156250
278.599609	2884.621826
277.300781	2897.357910
276.000977	2992.792725
274.700195	2943.960938
273.400391	3198.894531
272.099609	3146.190430
270.797852	3222.248535
269.497070	3446.180420
268.195313	3502.917969
266.892578	3634.504639
265.590820	3658.532715
264.288086	3722.846924
262.984375	3819.741943
261.681641	3979.881592
260.377930	4115.010742
259.073242	4142.716309
257.768555	4235.569336
256.463867	4405.016602
255.159180	4421.130859
253.853516	4578.952148
252.547852	4675.424805
251.242188	4771.847168
249.935547	4883.527832
248.628906	4998.977051
247.321289	5064.637207
246.013672	5049.953613
244.706055	5171.002930
243.398438	5301.545410
242.089844	5219.935547
240.781250	5073.420898
239.471680	5194.335938
238.162109	5246.457031
236.852539	5071.415039
235.541992	4936.534180
234.232422	4881.846191
232.920898	4642.184570
231.610352	4656.241211
230.298828	4710.320313
228.986328	4529.963867
227.674805	4624.056152
226.362305	4582.860840
225.048828	4376.014648
223.736328	4390.112305
222.422852	4333.780762
221.108398	4271.768555
219.794922	4291.586914
218.479492	4258.143555
217.165039	4156.269043
215.849609	4227.421387
214.534180	4325.140137
213.218750	4122.634277
211.902344	4161.448242
210.585938	4173.657715
209.268555	4168.774414
207.951172	4118.344727
206.633789	4075.529541
205.315430	4104.816895
203.997070	4094.264160
202.678711	4163.342773
201.359375	4116.766602
200.040039	3992.523438
198.720703	3997.162842
197.400391	4033.995117
196.080078	4021.578857
194.759766	4071.634033
193.438477	4125.447266
192.117188	4071.392090
190.794922	4072.215332
189.473633	4091.946777
188.150391	4143.803711
186.828125	4254.220703
185.504883	4245.544434
184.181641	4355.874512
182.857422	4269.748535
181.533203	4444.202148
180.208984	4337.334473
178.883789	4421.103516
177.558594	4410.504883
176.233398	4528.155273
174.907227	4462.854004
173.581055	4523.877930
172.253906	4581.099609
170.926758	4721.184082
169.599609	4569.258301
168.272461	4662.195313
166.944336	4662.842285
165.615234	4804.634277
164.287109	4752.560059
162.958008	4841.584473
161.627930	4955.006348
160.298828	5104.085938
158.968750	5166.629883
157.637695	5257.323730
156.306641	5389.294434
154.975586	5626.358887
153.644531	5776.932617
152.312500	5972.472168
150.979492	6074.083008
149.647461	6278.815430
148.314453	6346.529297
146.980469	6468.578613
145.647461	6551.198242
144.312500	6658.133301
142.978516	6572.044434
141.643555	6903.666992
140.308594	6879.345703
138.972656	7105.875977
137.636719	7030.981934
136.300781	7203.089355
134.964844	7180.577637
133.626953	7326.370117
132.290039	7305.703613
130.952148	7554.170898
129.614258	7568.950684
128.276367	7458.570313
126.937500	7589.143555
125.597656	7680.438965
124.258789	7637.303223
122.918945	7657.628906
121.579102	7870.076660
120.238281	7927.622559
118.897461	7921.746582
117.555664	8070.572754
116.213867	8185.776367
114.872070	8192.869141
113.529297	8194.368164
112.187500	8326.195313
110.843750	8461.670898
109.500000	8219.320313
108.156250	8231.964844
106.812500	7980.505859
105.467773	7546.968750
104.123047	7009.572754
102.777344	6561.666504
101.431641	5982.100098
100.085938	5213.405273
98.739258	4324.438965
