#Wave		#Intensity
3199.922852	63.831177
3199.217773	14.184706
3198.512695	49.638775
3197.807617	28.360615
3197.101563	24.811686
3196.396484	24.807829
3195.691406	49.607937
3194.985352	28.342978
3194.279297	14.169280
3193.574219	31.875906
3192.868164	46.035786
3192.162109	42.487926
3191.455078	31.860960
3190.749023	31.855968
3190.042969	31.850975
3189.335938	45.999744
3188.629883	42.454636
3187.922852	28.298639
3187.215820	60.125149
3186.508789	42.434597
3185.801758	31.820930
3185.094727	31.815910
3184.387695	31.810884
3183.679688	49.475777
3182.972656	45.934525
3182.264648	31.795788
3181.557617	28.258444
3180.849609	28.253960
3180.141602	60.030132
3179.433594	31.775608
3178.724609	31.770554
3178.016602	49.412991
3177.308594	52.934055
3176.599609	45.868866
3175.890625	31.750299
3175.182617	49.381462
3174.473633	45.846882
3173.764648	31.735069
3173.055664	45.832203
3172.345703	21.149933
3171.636719	45.817501
3170.927734	49.334000
3170.217773	24.663036
3169.507813	38.749966
3168.797852	42.265884
3168.087891	31.694304
3167.377930	42.252258
3166.667969	31.684078
3165.958008	21.119307
3165.248047	49.270416
3164.537109	42.224949
3163.826172	52.772640
3163.116211	31.658453
3162.405273	31.653316
3161.694336	31.648178
3160.983398	17.579464
3160.271484	42.183857
3159.560547	59.750736
3158.849609	42.170120
3158.137695	28.108831
3157.425781	31.617277
3156.713867	31.612116
3156.001953	31.606951
3155.290039	31.601782
3154.578125	28.085876
3153.866211	45.632076
3153.153320	31.586258
3152.441406	42.108105
3151.728516	42.101192
3151.015625	31.570705
3150.302734	31.565516
3149.589844	31.560322
3148.876953	21.036751
3148.164063	31.549925
3147.451172	31.544722
3146.737305	45.557079
3146.023438	38.541931
3145.310547	49.045258
3144.596680	42.031841
3143.882813	31.518661
3143.168945	31.513441
3142.455078	42.010956
3141.740234	28.002657
3141.026367	66.495270
3140.311523	45.489204
3139.596680	31.487289
3138.881836	31.482050
3138.167969	59.456192
3137.452148	48.955765
3136.737305	31.466316
3136.022461	41.948086
3135.306641	52.426353
3134.591797	41.934074
3133.875977	48.914902
3133.160156	41.920044
3132.444336	31.434769
3131.728516	13.968667
3131.012695	48.882133
3130.296875	45.382935
3129.580078	45.375317
3128.864258	41.877869
3128.147461	31.403118
3127.430664	31.397835
3126.713867	59.297031
3125.997070	24.412312
3125.280273	27.895079
3124.563477	31.376669
3123.845703	41.828495
3123.128906	31.366070
3122.411133	38.329826
3121.693359	48.775162
3120.975586	55.733601
3120.257813	41.793121
3119.540039	31.339525
3118.822266	45.260525
3118.104492	66.138771
3117.385742	31.323568
3116.666992	48.717270
3115.949219	38.271343
3115.230469	55.657932
3114.511719	59.126484
3113.791992	66.071274
3113.073242	62.583168
3112.354492	62.572487
3111.634766	55.610493
3110.915039	45.175804
3110.196289	48.642548
3109.476563	31.264860
3108.756836	52.099182
3108.036133	55.562939
3107.316406	31.248796
3106.596680	31.243439
3105.875977	41.650768
3105.155273	62.465424
3104.435547	41.636459
3103.714844	58.974846
3102.994141	41.622139
3102.272461	55.486633
3101.551758	69.346344
3100.831055	62.400955
3100.109375	51.991829
3099.387695	45.051811
3098.666992	45.044029
3097.945313	45.036247
3097.222656	62.347103
3096.500977	65.799446
3095.779297	51.937943
3095.056641	45.005089
3094.334961	69.226601
3093.612305	62.293137
3092.889648	44.981686
3092.166992	65.731049
3091.444336	55.342850
3090.721680	51.874905
3089.999023	55.323612
3089.275391	44.942616
3088.551758	55.304356
3087.829102	44.926964
3087.105469	48.374451
3086.381836	31.092440
3085.658203	79.444595
3084.933594	31.081587
3084.209961	55.246506
3083.485352	48.332245
3082.761719	62.130589
3082.037109	24.157669
3081.312500	69.009827
3080.587891	41.398643
3079.863281	65.536369
3079.137695	48.281487
3078.413086	55.169163
3077.687500	62.054413
3076.962891	58.596649
3076.237305	51.693840
3075.511719	44.793453
3074.786133	44.785572
3074.060547	58.555443
3073.333984	65.432793
3072.608398	48.205139
3071.881836	48.196644
3071.155273	65.398193
3070.429688	44.738235
3069.703125	30.967155
3068.975586	48.162621
3068.249023	58.472847
3067.522461	61.901478
3066.794922	55.013802
3066.067383	44.690800
3065.340820	58.431465
3064.613281	51.548038
3063.885742	44.667046
3063.157227	68.706345
3062.429688	54.955318
3061.702148	68.681953
3060.973633	48.068825
3060.245117	54.926037
3059.516602	61.780800
3058.788086	48.043186
3058.059570	72.051949
3057.331055	51.456512
3056.602539	48.017521
3055.873047	68.584229
3055.143555	65.143394
3054.415039	44.563847
3053.685547	61.692768
3052.956055	47.974693
3052.226563	92.506088
3051.496094	54.808624
3050.766602	89.048080
3050.036133	61.637642
3049.305664	78.745102
3048.576172	47.923218
3047.845703	65.026993
3047.114258	68.437195
3046.383789	78.688660
3045.653320	61.571377
3044.921875	78.660408
3044.191406	41.032841
3043.459961	47.863045
3042.728516	44.436264
3041.997070	75.186310
3041.265625	78.589722
3040.533203	54.661266
3039.801758	68.314278
3039.069336	81.962357
3038.336914	47.802753
3037.604492	58.035732
3036.872070	75.091515
3036.139648	71.665321
3035.407227	47.768253
3034.674805	57.993824
3033.941406	68.215698
3033.208008	47.742352
3032.474609	71.600571
3031.742188	51.134007
3031.007813	81.799591
3030.274414	74.969376
3029.541016	88.584114
3028.806641	68.129265
3028.073242	74.928596
3027.338867	57.888863
3026.604492	78.306007
3025.870117	71.483803
3025.135742	95.294418
3024.400391	68.055069
3023.666016	91.857628
3022.930664	95.242432
3022.196289	81.621506
3021.460938	51.004154
3020.725586	67.993149
3019.989258	78.177872
3019.253906	95.155708
3018.518555	67.955963
3017.782227	81.532272
3017.045898	84.913948
3016.310547	105.274063
3015.574219	88.278244
3014.837891	74.683319
3014.100586	74.669662
3013.364258	95.016739
3012.626953	71.249512
3011.890625	91.589745
3011.153320	67.831825
3010.416016	88.165215
3009.678711	108.491150
3008.941406	77.963715
3008.203125	71.171204
3007.465820	91.489037
3006.727539	67.757217
3005.989258	98.229919
3005.250977	88.052017
3004.512695	94.807823
3003.774414	94.790390
3003.036133	74.464462
3002.296875	128.596771
3001.558594	111.655586
3000.819336	115.017899
3000.080078	108.232193
2999.340820	84.540817
2998.601563	135.240372
2997.862305	101.411568
2997.122070	138.570236
2996.382813	108.132423
2995.642578	114.869484
2994.902344	114.848259
2994.162109	114.827042
2993.421875	108.052528
2992.681641	128.288651
2991.940430	104.637169
2991.200195	111.367340
2990.458984	104.598434
2989.717773	128.193695
2988.976563	141.661514
2988.235352	148.379791
2987.494141	124.750786
2986.751953	117.985611
2986.010742	144.926865
2985.268555	144.899963
2984.526367	141.503922
2983.784180	148.214661
2983.041992	134.715561
2982.299805	141.425049
2981.556641	154.865311
2980.814453	164.934540
2980.071289	141.346146
2979.328125	158.143631
2978.584961	148.021790
2977.841797	147.994217
2977.098633	144.603760
2976.355469	158.025818
2975.611328	141.188232
2974.867188	168.049881
2974.123047	161.297775
2973.379883	174.706650
2972.634766	181.392258
2971.890625	164.565933
2971.146484	167.893051
2970.401367	177.933365
2969.657227	161.117065
2968.912109	221.494537
2968.166992	184.544250
2967.421875	184.509705
2966.675781	197.891541
2965.930664	214.621796
2965.185547	231.345779
2964.439453	244.711258
2963.693359	201.094833
2962.947266	234.566635
2962.201172	241.223282
2961.455078	244.527710
2960.708008	234.434616
2959.961914	244.435898
2959.214844	261.129028
2958.467773	267.774323
2957.720703	291.149841
2956.973633	230.868515
2956.226563	230.825089
2955.479492	287.640900
2954.731445	277.554688
2953.983398	290.876038
2953.235352	254.050751
2952.488281	324.187897
2951.739258	297.394714
2950.991211	290.656860
2950.243164	290.602051
2949.494141	273.849121
2948.745117	293.831421
2947.997070	290.437592
2947.248047	313.746887
2946.498047	297.002106
2945.749023	336.983673
2945.000000	316.904938
2944.250000	320.180237
2943.500977	310.115967
2942.750977	323.393097
2942.000977	316.665253
2941.250977	306.607269
2940.500000	299.885101
2939.750000	286.502594
2938.999023	309.763885
2938.248047	279.733704
2937.498047	299.657898
2936.747070	309.587769
2935.995117	292.887695
2935.244141	309.470306
2934.493164	289.449554
2933.741211	296.047333
2932.989258	279.362396
2932.237305	259.358673
2931.485352	252.660431
2930.733398	302.470123
2929.981445	279.150085
2929.228516	289.064758
2928.476563	275.721954
2927.723633	252.420258
2926.970703	272.296326
2926.217773	308.765076
2925.464844	321.983948
2924.710938	272.140778
2923.958008	285.361542
2923.204102	265.401978
2922.450195	268.668274
2921.696289	268.617035
2920.942383	275.197021
2920.188477	225.419586
2919.434570	241.948364
2918.679688	268.411987
2917.924805	271.673798
2917.170898	241.809738
2916.416016	294.752808
2915.660156	278.140472
2914.905273	261.534454
2914.150391	278.034088
2913.394531	281.290161
2912.638672	254.767029
2911.883789	267.950378
2911.127930	257.976868
2910.371094	304.222137
2909.615234	290.939331
2908.859375	241.301132
2908.102539	280.913208
2907.345703	277.555115
2906.588867	280.805450
2905.832031	237.813110
2905.075195	310.418640
2904.318359	290.548889
2903.560547	267.385681
2902.802734	290.437286
2902.045898	310.180206
2901.288086	320.018066
2900.530273	257.284637
2899.771484	300.107697
2899.013672	293.455475
2898.254883	293.399017
2897.497070	260.382690
2896.738281	276.809326
2895.979492	240.514160
2895.220703	306.349426
2894.460938	276.649414
2893.702148	289.767334
2892.942383	263.374054
2892.183594	322.571014
2891.423828	256.690674
2890.664063	289.543884
2889.903320	240.143448
2889.143555	279.565125
2888.383789	272.934418
2887.623047	286.032623
2886.862305	253.106400
2886.101563	279.349182
2885.340820	269.437714
2884.580078	252.959671
2883.818359	266.048981
2883.057617	279.133179
2882.295898	249.529617
2881.534180	272.459869
2880.772461	255.997055
2880.010742	288.761261
2879.249023	288.705322
2878.486328	311.610138
2877.724609	262.357697
2876.961914	295.095184
2876.199219	311.428955
2875.436523	298.258301
2874.673828	252.323456
2873.910156	275.208557
2873.147461	271.879456
2872.383789	278.376740
2871.620117	255.401978
2870.856445	291.363586
2870.092773	252.029648
2869.329102	291.250366
2868.565430	297.737427
2867.800781	264.967499
2867.036133	271.457092
2866.271484	238.704987
2865.506836	281.159363
2864.742188	300.716583
2863.977539	238.565628
2863.211914	284.262573
2862.447266	258.073181
2861.681641	284.151825
2860.916016	284.096436
2860.150391	300.365265
2859.383789	293.778290
2858.618164	277.403137
2857.851563	293.663666
2857.085938	264.245728
2856.319336	270.717468
2855.552734	254.359512
2854.786133	299.955200
2854.018555	267.299133
2853.251953	250.951370
2852.484375	306.296356
2851.716797	280.173798
2850.949219	283.376221
2850.181641	270.294556
2849.414063	289.777222
2848.646484	283.209930
2847.877930	260.371948
2847.109375	257.066956
2846.340820	286.296997
2845.572266	247.208069
2844.803711	295.941132
2844.035156	286.128754
2843.265625	295.825134
2842.497070	299.017303
2841.727539	266.463165
2840.958008	295.651123
2840.188477	279.351715
2839.418945	237.077591
2838.648438	233.784042
2837.878906	236.984497
2837.108398	253.166580
2836.337891	249.871750
2835.567383	272.533813
2834.796875	262.748779
2834.025391	272.426666
2833.254883	278.858154
2832.483398	256.110016
2831.711914	262.542145
2830.940430	285.174835
2830.168945	262.438782
2829.397461	291.541229
2828.625977	223.470917
2827.853516	259.045685
2827.081055	284.894104
2826.308594	288.074738
2825.536133	268.601013
2824.763672	287.961151
2823.991211	219.971848
2823.217773	229.631180
2822.445313	294.257935
2821.671875	248.938339
2820.898438	226.262894
2820.125000	235.913269
2819.350586	235.866669
2818.577148	248.741714
2817.802734	232.543671
2817.028320	235.726837
2816.253906	235.680222
2815.479492	251.772903
2814.705078	258.177521
2813.930664	254.899857
2813.155273	212.912155
2812.379883	277.376068
2811.604492	235.400497
2810.829102	206.337631
2810.053711	261.094330
2809.278320	251.374329
2808.501953	231.991852
2807.726563	235.167313
2806.950195	231.899841
2806.173828	196.431732
2805.397461	209.270966
2804.620117	231.761826
2803.843750	225.279251
2803.066406	234.887436
2802.290039	247.708755
2801.512695	221.928680
2800.735352	225.100296
2799.957031	234.700790
2799.179688	234.654129
2798.401367	218.538452
2797.624023	208.855484
2796.845703	215.238983
2796.067383	208.772369
2795.289063	218.364532
2794.509766	202.268036
2793.731445	195.807816
2792.952148	224.652725
2792.172852	231.025330
2791.393555	227.771240
2790.614258	224.518417
2789.834961	218.060104
2789.054688	211.604355
2788.275391	234.000534
2787.495117	208.315063
2786.714844	217.886093
2785.934570	195.417618
2785.153320	221.001999
2784.373047	179.328110
2783.591797	201.703812
2782.811523	198.462479
2782.030273	211.224274
2781.249023	182.384476
2780.466797	195.144348
2779.685547	191.906845
2778.904297	214.253098
2778.122070	191.830032
2777.339844	194.988144
2776.557617	207.732635
2775.775391	204.495773
2774.992188	204.454788
2774.209961	198.025879
2773.426758	188.406189
2772.643555	188.368408
2771.860352	194.714706
2771.077148	220.206863
2770.293945	194.636566
2769.509766	194.597488
2768.726563	213.695297
2767.942383	191.330490
2767.158203	210.421249
2766.374023	197.628723
2765.589844	232.645111
2764.804688	200.735550
2764.020508	184.766983
2763.235352	229.319763
2762.450195	197.430054
2761.665039	191.022888
2760.879883	181.435211
2760.093750	187.763535
2759.308594	232.270798
2758.522461	194.050186
2757.736328	232.177185
2756.950195	200.331696
2756.164063	193.932846
2755.376953	206.608078
2754.590820	231.989944
2753.803711	181.106277
2753.016602	190.599701
2752.229492	190.561218
2751.442383	171.470459
2750.654297	203.183182
2749.867188	231.708984
2749.079102	222.141785
2748.291016	190.368744
2747.502930	190.330246
2746.714844	212.492447
2745.926758	209.278549
2745.137695	177.533737
2744.349609	190.176208
2743.560547	231.334198
2742.771484	218.614059
2741.982422	259.749573
2741.192383	202.690277
2740.403320	202.649185
2739.613281	189.945084
2738.823242	215.227432
2738.033203	224.677155
2737.243164	196.157135
2736.453125	224.585953
2735.662109	227.702896
2734.872070	186.551971
2734.081055	224.449127
2733.290039	195.957993
2732.499023	218.037949
2731.708008	217.993607
2730.916016	183.203735
2730.125000	183.166458
2729.333008	198.916168
2728.541016	211.502701
2727.749023	208.303528
2726.956055	173.550903
2726.164063	198.754181
2725.371094	182.942734
2724.578125	204.980240
2723.786133	223.855835
2722.992188	167.069565
2722.199219	201.703217
2721.406250	211.114960
2720.612305	182.718918
2719.818359	207.879074
2719.024414	195.240448
2718.230469	182.606979
2717.436523	151.092117
2716.642578	223.444748
2715.847656	195.080856
2715.052734	204.478409
2714.257813	179.275146
2713.462891	179.238449
2712.667969	185.489532
2711.872070	223.170502
2711.077148	251.408218
2710.281250	191.659485
2709.485352	201.044144
2708.689453	194.721573
2707.893555	219.801849
2707.096680	194.641693
2706.300781	200.879227
2705.503906	229.080826
2704.707031	200.796753
2703.910156	200.755508
2703.112305	228.939697
2702.315430	163.046814
2701.517578	213.171234
2700.720703	200.590485
2699.922852	191.148483
2699.124023	181.710327
2698.326172	222.392731
2697.528320	225.478577
2696.729492	206.646133
2695.930664	209.733917
2695.131836	222.209534
2694.333008	184.614929
2693.534180	190.833710
2692.734375	193.922119
2691.935547	228.280548
2691.135742	209.474518
2690.335938	228.186295
2689.536133	212.513199
2688.736328	203.095657
2687.935547	259.283936
2687.134766	199.888458
2686.334961	190.479279
2685.534180	196.683807
2684.732422	196.643112
2683.931641	199.723083
2683.130859	212.161850
2682.329102	212.117905
2681.527344	187.124084
2680.725586	183.967209
2679.923828	205.751175
2679.121094	205.708511
2678.319336	227.478882
2677.516602	177.583633
2676.713867	165.087357
2675.911133	221.108841
2675.108398	174.359482
2674.305664	214.791153
2673.501953	196.072891
2672.698242	211.590240
2671.895508	223.990128
2671.091797	208.391891
2670.287109	202.129166
2669.483398	226.959351
2668.678711	208.261780
2667.875000	226.864807
2667.070313	195.746643
2666.265625	189.492950
2665.459961	180.136063
2664.655273	201.834518
2663.849609	198.687897
2663.043945	226.581085
2662.238281	214.120956
2661.432617	217.178787
2660.626953	186.114349
2659.821289	201.581741
2659.014648	189.137161
2658.208008	207.697372
2657.401367	182.859421
2656.594727	213.807785
2655.788086	201.370956
2655.012695	211.083130
2654.980469	198.231415
2654.208008	173.833176
2654.172852	195.093170
2653.402344	207.945450
2653.366211	191.956207
2652.596680	217.221390
2652.558594	250.728928
2651.791016	192.365021
2651.750000	225.918182
2650.985352	217.151199
2650.942383	225.870789
2650.178711	189.201141
2650.133789	219.636444
2649.373047	210.878601
2649.326172	241.240082
2648.566406	226.347687
2648.517578	216.452042
2647.759766	204.609909
2647.708984	219.498093
2646.953125	241.772446
2646.899414	244.178940
2646.146484	185.948578
2646.090820	203.954712
2645.339844	241.693817
2645.281250	256.434570
2644.533203	185.888046
2644.472656	203.868912
2643.726563	226.126923
2643.663086	197.649460
2642.918945	179.633179
2642.853516	216.133591
2642.111328	213.666641
2642.042969	213.001099
2641.303711	195.055054
2641.233398	234.560471
2640.496094	204.309967
2640.422852	246.853729
2639.688477	216.656906
2639.612305	206.696411
2638.880859	204.243027
2638.801758	200.484070
2638.073242	207.303619
2637.991211	215.860367
2637.264648	225.831039
2637.180664	249.728561
2636.456055	219.607803
2636.369141	240.428589
2635.648438	235.034470
2635.558594	224.968964
2634.839844	225.719635
2634.747070	224.921432
2634.031250	216.407837
2633.935547	209.471573
2633.221680	207.099060
2633.124023	212.507095
2632.413086	203.974350
2632.311523	224.778778
2631.604492	207.030670
2631.500000	221.652710
2630.794922	210.085953
2630.687500	218.527939
2629.985352	203.873215
2629.875000	206.172836
2629.175781	213.104874
2629.062500	224.588486
2628.366211	197.629730
2628.250000	224.540894
2627.556641	185.247131
2627.436523	242.944794
2626.747070	185.216385
2626.624023	218.296478
2625.937500	250.000565
2625.810547	258.211456
2625.126953	212.928024
2624.997070	224.350433
2624.316406	225.234177
2624.183594	236.593369
2623.505859	234.451324
2623.369141	254.975052
2622.695313	225.159119
2622.555664	257.992218
2621.884766	209.702255
2621.741211	267.149414
2621.074219	240.500656
2620.926758	208.762039
2620.263672	197.300888
2620.112305	257.827667
2619.452148	218.844055
2619.297852	233.223007
2618.640625	234.216400
2618.482422	223.969147
2617.830078	224.933319
2617.667969	263.797882
2617.018555	206.411026
2616.852539	257.608154
2616.206055	221.777603
2616.037109	223.826035
2615.394531	255.617355
2615.221680	217.647400
2614.583008	209.386246
2614.406250	257.443420
2613.770508	233.980545
2613.589844	245.131882
2612.958984	243.175674
2612.774414	254.270035
2612.146484	240.057037
2611.958008	223.587341
2611.333984	249.247971
2611.141602	223.539581
2610.521484	224.592972
2610.325195	235.737930
2609.708984	267.620392
2609.507813	235.687531
2608.895508	242.970535
2608.691406	217.275787
2608.083008	264.454834
2607.874023	244.765411
2607.269531	255.186447
2607.056641	253.889755
2606.456055	252.069199
2606.239258	220.194550
2605.642578	221.291519
2605.421875	247.665802
2604.829102	224.326935
2604.603516	250.669678
2604.015625	236.578644
2603.786133	281.178864
2603.202148	233.466507
2602.967773	244.450912
2602.387695	257.998047
2602.149414	250.508423
2601.574219	224.174408
2601.331055	250.454651
2600.759766	224.136230
2600.512695	213.756836
2599.945313	214.888504
2599.693359	247.294052
2599.130859	233.267715
2598.874023	216.717346
2598.316406	239.365463
2598.054688	204.463943
2597.500977	260.802399
2597.235352	237.981445
2596.686523	233.148163
2596.416016	250.131790
2595.871094	223.906631
2595.596680	262.276886
2595.055664	239.201736
2594.776367	219.533356
2594.240234	251.425385
2593.956055	240.824966
2593.424805	205.397705
2593.135742	222.486511
2592.609375	251.339127
2592.315430	234.626938
2591.793945	223.714691
2591.495117	201.065430
2590.977539	238.996536
2590.673828	280.212524
2590.162109	202.193054
2589.853516	231.429947
2589.345703	254.229309
2589.032227	219.202057
2588.529297	238.873138
2588.210938	206.979431
2587.712891	244.955872
2587.389648	222.150482
2586.896484	223.483673
2586.567383	222.102432
2586.079102	235.688660
2585.746094	237.263596
2585.262695	244.829041
2584.923828	231.129868
2584.445313	260.085876
2584.101563	215.877197
2583.627930	189.676880
2583.279297	212.790573
2582.810547	223.290573
2582.456055	273.528595
2581.993164	235.484863
2581.633789	243.083801
2581.175781	232.386337
2580.810547	221.765854
2580.358398	241.517578
2579.987305	221.717728
2579.540039	256.758911
2579.164063	212.559875
2578.722656	210.872467
2578.340820	221.621445
2577.904297	238.336136
2577.517578	245.855301
2577.085938	223.019379
2576.693359	218.490540
2576.267578	259.634888
2575.869141	260.918030
2575.449219	247.373688
2575.044922	236.595108
2574.629883	235.116699
2574.220703	254.739273
2573.811523	235.075699
2573.396484	251.651840
2572.992188	253.349045
2572.571289	254.628311
2572.172852	256.356659
2571.746094	242.450302
2571.353516	256.311859
2570.921875	272.697113
2570.534180	256.267029
2570.095703	254.461777
2569.714844	237.920593
2569.270508	212.005188
2568.894531	240.928650
2568.445313	221.042862
2568.075195	274.427582
2567.619141	254.295120
2567.254883	213.406235
2566.792969	230.026245
2566.434570	240.801926
2565.966797	248.131958
2565.614258	195.045776
2565.140625	217.824295
2564.793945	255.952606
2564.314453	208.702606
2563.973633	243.721527
2563.487305	205.632889
2563.152344	261.954529
2562.660156	238.844711
2562.332031	255.817535
2561.833984	211.588165
2561.510742	252.727554
2561.005859	238.740005
2560.689453	246.594254
2560.178711	226.602188
2559.868164	243.506927
2559.351563	256.759460
2559.046875	222.160843
2558.523438	259.723114
2558.224609	261.677521
2557.695313	205.317352
2557.403320	231.209015
2556.867188	250.552872
2556.581055	240.293198
2556.039063	244.461700
2555.758789	270.662140
2555.209961	244.407928
2554.937500	276.695435
2554.381836	280.554749
2554.114258	255.365921
2553.552734	274.460876
2553.291992	258.360168
2552.723633	232.184967
2552.469727	221.846436
2551.894531	265.295776
2551.646484	236.999329
2551.065430	241.124802
2550.824219	249.108887
2550.235352	268.192169
2550.000977	285.513092
2549.405273	256.082062
2549.177734	233.836151
2548.575195	234.941055
2548.354492	285.411530
2547.745117	280.060150
2547.530273	258.038940
2546.915039	255.912384
2546.707031	267.098602
2546.083984	240.805450
2545.882813	257.946960
2545.253906	267.836792
2545.059570	273.071594
2544.422852	285.829926
2544.235352	276.056427
2543.591797	252.677872
2543.411133	257.808868
2542.760742	237.584869
2542.586914	297.185333
2541.928711	297.666931
2541.761719	269.844543
2541.097656	258.522034
2540.937500	281.921936
2540.265625	258.464661
2540.112305	251.562714
2539.433594	234.369400
2539.287109	275.760315
2538.601563	243.329559
2538.461914	275.710907
2537.768555	264.299286
2537.636719	272.632202
2536.936523	231.210464
2536.811523	248.353668
2536.103516	243.167297
2535.986328	296.759644
2535.270508	243.113190
2535.160156	263.402557
2534.437500	291.070740
2534.333984	299.680054
2533.604492	300.006073
2533.507813	251.201736
2532.770508	266.945892
2532.681641	269.312408
2531.936523	263.887665
2531.855469	245.060425
2531.103516	245.840454
2531.029297	293.414551
2530.268555	278.756805
2530.203125	238.923416
2529.434570	290.681427
2529.375977	238.880325
2528.600586	305.596710
2528.548828	244.883728
2527.765625	311.519135
2527.721680	269.021179
2526.930664	302.465363
2526.894531	238.750946
2526.095703	254.493088
2526.067383	299.140137
2525.260742	281.376404
2525.240234	259.812103
2524.425781	272.335297
2524.412109	238.621414
2523.589844	293.218414
2523.583984	265.757996
2522.755859	283.826447
2522.753906	281.187256
2521.927734	280.756104
2521.917969	308.040314
2521.099609	262.595184
2521.082031	263.121002
2520.271484	259.529755
2520.246094	322.848694
2519.443359	277.586060
2519.409180	248.059464
2518.614258	259.435486
2518.572266	259.955658
2517.785156	256.372192
2517.735352	265.871857
2516.956055	229.185211
2516.898438	265.812012
2516.126953	295.474518
2516.061523	274.710083
2515.297852	259.246765
2515.223633	298.530670
2514.468750	259.199524
2514.386719	259.663116
2513.638672	241.071899
2513.548828	289.444153
2512.808594	250.066498
2512.710938	259.545990
2511.979492	250.020874
2511.872070	265.452606
2511.148438	316.233734
2511.034180	232.591309
2510.318359	283.052795
2510.195313	280.238983
2509.488281	295.043671
2509.356445	309.981537
2508.658203	267.898834
2508.517578	289.051971
2507.827148	331.050354
2507.678711	277.069580
2506.996094	279.836792
2506.838867	297.856781
2506.165039	276.777100
2506.000000	303.745056
2505.333984	249.655334
2505.160156	267.949585
2504.502930	258.631622
2504.320313	241.099915
2503.670898	270.611359
2503.479492	297.586639
2502.839844	282.586670
2502.639648	264.791962
2502.007813	303.574615
2501.798828	273.655334
2501.175781	264.452087
2500.958984	318.200684
2500.343750	276.421814
2500.117188	297.316162
2499.511719	261.350830
2499.276367	276.441101
2498.679688	273.316681
2498.435547	297.180786
2497.846680	282.275177
2497.593750	308.997589
2497.014648	270.213715
2496.751953	326.749847
2496.181641	273.165741
2495.910156	314.796204
2495.348633	273.115387
2495.068359	302.847961
2494.515625	291.069336
2494.226563	261.220917
2493.681641	267.014343
2493.383789	281.935425
2492.848633	302.960358
2492.541016	281.870941
2492.014648	257.918610
2491.698242	302.571136
2491.181641	281.858948
2490.855469	302.501892
2490.347656	290.800659
2490.012695	293.537537
2489.513672	263.770386
2489.168945	281.612885
2488.678711	296.686768
2488.325195	263.766296
2487.844727	293.635559
2487.481445	299.261627
2487.009766	287.589722
2486.637695	337.702911
2486.175781	305.507477
2485.793945	275.431213
2485.340820	308.445465
2484.949219	263.524109
2484.505859	299.406067
2484.104492	287.145630
2483.670898	320.305054
2483.259766	298.917908
2482.834961	275.351349
2482.415039	304.766876
2482.000000	299.239349
2481.570313	275.114471
2481.164063	296.191925
2480.724609	313.499054
2480.328125	269.215332
2479.878906	295.685608
2479.492188	308.044678
2479.033203	269.011810
2478.656250	302.007019
2478.187500	292.593628
2477.820313	287.002747
2477.341797	313.209717
2476.983398	298.905518
2476.495117	310.183167
2476.147461	280.918823
2475.649414	286.483887
2475.310547	295.806183
2474.802734	318.897919
2474.473633	301.725769
2473.955078	312.919922
2473.636719	304.656311
2473.108398	306.944641
2472.799805	331.475861
2472.260742	280.317108
2471.961914	337.385376
2471.414063	321.552399
2471.125000	304.485657
2470.566406	315.579071
2470.287109	310.397919
2469.717773	300.762512
2469.449219	322.276031
2468.870117	285.952759
2468.611328	322.215759
2468.021484	288.833557
2467.773438	322.155426
2467.173828	312.339111
2466.934570	339.989288
2466.325195	300.482758
2466.096680	325.016571
2465.475586	332.810181
2465.257813	321.974426
2464.626953	288.564575
2464.418945	298.068573
2463.777344	362.093475
2463.580078	283.112030
2462.928711	303.145721
2462.741211	306.895447
2462.079102	335.442169
2461.902344	330.669891
2461.228516	350.072693
2461.062500	288.909515
2460.378906	332.344238
2460.223633	315.656219
2459.528320	299.921967
2459.383789	297.732910
2458.677734	343.947571
2458.543945	279.816284
2457.827148	261.574036
2457.704102	309.525757
2456.976563	320.279633
2456.863281	318.394440
2456.125977	308.453888
2456.023438	309.409210
2455.274414	308.381500
2455.182617	297.452820
2454.422852	305.372803
2454.341797	285.500885
2453.571289	322.914551
2453.500977	300.314087
2452.719727	290.554749
2452.660156	300.257446
2451.867188	340.367889
2451.819336	326.951355
2451.015625	284.550964
2450.978516	312.031006
2450.163086	322.610626
2450.136719	297.116272
2449.310547	325.466705
2449.294922	317.854340
2448.458008	307.801300
2448.453125	308.884155
2447.611328	317.734192
2447.604492	272.559662
2446.769531	317.674072
2446.750977	307.655945
2445.926758	284.962067
2445.897461	304.653870
2445.084961	273.036926
2445.043945	298.724487
2444.242188	275.952454
2444.190430	325.005615
2443.399414	329.300201
2443.335938	316.146790
2442.556641	311.441162
2442.482422	307.292114
2441.713867	299.519928
2441.627930	321.848724
2440.870117	272.778259
2440.773438	292.520325
2440.027344	278.655334
2439.917969	309.997925
2439.183594	302.313293
2439.063477	289.457581
2438.339844	308.182465
2438.208008	277.696320
2437.496094	311.086639
2437.352539	306.854492
2436.652344	319.914001
2436.497070	295.094543
2435.807617	322.814758
2435.640625	248.287735
2434.963867	272.415680
2434.785156	321.236938
2434.119141	296.047668
2433.928711	294.883575
2433.274414	313.750763
2433.072266	274.380615
2432.429688	278.178833
2432.215820	253.887360
2431.584961	284.043396
2431.358398	312.177643
2430.740234	334.279022
2430.501953	265.433380
2429.894531	334.215302
2429.644531	294.531403
2429.048828	283.880951
2428.787109	291.545410
2428.203125	272.000671
2427.928711	300.219818
2427.357422	313.332245
2427.071289	291.405670
2426.511719	325.094025
2426.212891	279.682312
2425.666016	283.664215
2425.354492	244.663269
2424.819336	336.786896
2424.496094	273.724060
2423.973633	256.972443
2423.637695	264.924469
2423.126953	289.407837
2422.778320	264.860748
2422.280273	310.020508
2421.918945	322.994110
2421.432617	301.105133
2421.059570	273.460663
2420.585938	298.096039
2420.200195	273.394714
2419.739258	277.382782
2419.340820	311.129578
2418.891602	268.478699
2418.480469	302.333313
2418.043945	289.075470
2417.620117	293.541229
2417.196289	306.715149
2416.759766	273.130737
2416.348633	280.118774
2415.899414	264.349823
2415.500000	280.065002
2415.039063	281.711273
2414.652344	312.433594
2414.177734	293.257202
2413.803711	321.214386
2413.316406	290.283264
2412.955078	303.474548
2412.106445	268.066772
2411.257813	270.960449
2410.409180	320.967499
2409.559570	347.402557
2408.709961	256.086487
2407.861328	253.094238
2407.011719	276.584625
2406.161133	305.949554
2405.311523	291.184326
2404.460938	308.772308
2403.611328	320.473267
2402.760742	338.048767
2401.910156	311.532654
2401.059570	264.457794
2400.208008	308.474487
2399.357422	305.477631
2398.505859	305.418579
2397.654297	328.848724
2396.802734	299.429321
2395.951172	299.371399
2395.098633	316.920135
2394.247070	322.726532
2393.394531	287.464325
2392.541992	269.812195
2391.689453	325.471191
2390.836914	299.023682
2389.983398	278.448425
2389.130859	304.768646
2388.277344	310.569305
2387.423828	322.226318
2386.570313	301.662445
2385.716797	284.034698
2384.862305	301.545258
2384.008789	307.340729
2383.154297	321.913422
2382.299805	298.443481
2381.445313	292.534729
2380.590820	321.725555
2379.735352	307.041901
2378.880859	274.822052
2378.025391	271.845459
2377.169922	324.397491
2376.314453	344.787750
2375.458008	274.607880
2374.602539	286.237488
2373.746094	283.261414
2372.889648	300.724030
2372.033203	283.150818
2371.176758	321.036163
2370.320313	294.711975
2369.462891	294.654388
2368.606445	268.345581
2367.749023	347.031311
2366.891602	300.312866
2366.034180	326.489899
2365.175781	355.571167
2364.318359	323.448151
2363.459961	302.991150
2362.601563	340.798279
2361.743164	317.433594
2360.884766	334.841370
2360.026367	317.309143
2359.166992	305.604797
2358.307617	328.824432
2357.448242	290.937958
2356.588867	305.424896
2355.729492	316.997864
2354.870117	305.304901
2354.009766	334.315857
2353.149414	267.400116
2352.289063	325.466553
2351.428711	302.159515
2350.568359	339.862549
2349.707031	313.657532
2348.846680	342.632446
2347.985352	316.437134
2347.124023	293.154633
2346.262695	339.528046
2345.400391	351.066650
2344.539063	313.286957
2343.676758	321.925873
2342.814453	295.765411
2341.952148	353.688812
2341.089844	344.923462
2340.227539	281.100586
2339.364258	333.197754
2338.500977	301.267120
2337.638672	289.622681
2336.774414	335.895905
2335.911133	332.934387
2335.047852	301.028961
2334.183594	280.711823
2333.319336	341.416931
2332.455078	370.277222
2331.590820	338.389526
2330.726563	349.889069
2329.861328	323.800079
2328.997070	326.626434
2328.131836	329.451599
2327.266602	340.943665
2326.401367	335.098480
2325.535156	329.255585
2324.669922	343.628418
2323.803711	355.108429
2322.937500	308.854126
2322.071289	331.880066
2321.205078	372.208893
2320.338867	346.172028
2319.471680	374.945129
2318.604492	369.103333
2317.737305	325.784210
2316.870117	354.544128
2316.002930	331.418365
2315.134766	302.539154
2314.267578	319.763397
2313.399414	296.658295
2312.531250	342.672852
2311.663086	333.967468
2310.793945	336.779327
2309.925781	342.467957
2309.056641	333.767731
2308.187500	342.331329
2307.318359	356.643799
2306.449219	330.692352
2305.579102	345.001373
2304.709961	393.797882
2303.839844	350.611267
2302.969727	324.681610
2302.099609	315.998566
2301.228516	356.145355
2300.358398	373.303497
2299.487305	344.518921
2298.616211	358.802063
2297.745117	381.688965
2296.874023	375.874023
2296.002930	364.323975
2295.130859	329.833588
2294.258789	378.515717
2293.387695	369.838959
2292.514648	361.165619
2291.642578	363.959015
2290.770508	332.368347
2289.897461	349.489655
2289.024414	315.050385
2288.151367	332.168274
2287.278320	326.375671
2286.405273	329.172485
2285.531250	363.447906
2284.657227	337.623901
2283.783203	357.580536
2282.909180	323.187805
2282.035156	366.015228
2281.161133	328.775665
2280.286133	380.159668
2279.411133	294.350128
2278.536133	391.435425
2277.661133	337.080872
2276.786133	359.861298
2275.910156	336.945068
2275.035156	371.135864
2274.159180	382.478302
2273.283203	405.231110
2272.406250	336.673431
2271.530273	359.426208
2270.653320	390.725830
2269.777344	367.835480
2268.900391	356.357758
2268.022461	361.986359
2267.145508	341.965271
2266.268555	321.952240
2265.390625	361.766998
2264.512695	350.301941
2263.634766	370.162964
2262.756836	398.556396
2261.877930	370.013214
2261.000000	358.555634
2260.121094	321.496704
2259.242188	364.099518
2258.363281	389.621368
2257.483398	372.482178
2256.604492	366.721100
2255.724609	383.700134
2254.844727	355.205872
2253.964844	369.339203
2253.084961	386.307251
2252.204102	346.470032
2251.324219	366.275116
2250.443359	388.910919
2249.562500	363.288239
2248.681641	366.052094
2247.800781	371.651794
2246.918945	323.356476
2246.037109	368.664886
2245.155273	345.907501
2244.273438	388.358124
2243.391602	402.449890
2242.509766	374.032257
2241.626953	433.449158
2240.744141	365.382751
2239.861328	348.317291
2238.978516	353.908905
2238.095703	418.942780
2237.211914	387.726135
2236.328125	381.988037
2235.444336	387.568085
2234.560547	364.861969
2233.676758	378.926605
2232.791992	387.331024
2231.908203	378.772003
2231.023438	409.781586
2230.138672	412.523438
2229.253906	350.290833
2228.368164	386.935822
2227.483398	369.914124
2226.597656	381.131317
2225.711914	417.747437
2224.826172	386.619568
2223.940430	361.147339
2223.053711	409.028534
2222.166992	386.382355
2221.280273	386.303284
2220.393555	352.394348
2219.506836	366.415070
2218.620117	397.338043
2217.732422	380.352112
2216.844727	385.907837
2215.957031	335.135925
2215.069336	399.828094
2214.181641	385.670532
2213.292969	363.075134
2212.404297	385.512329
2211.515625	393.873352
2210.626953	354.413239
2209.738281	379.650513
2208.848633	404.877380
2207.959961	435.715973
2207.070313	396.279541
2206.180664	379.338593
2205.291016	418.591339
2204.400391	353.903778
2203.510742	438.076447
2202.620117	384.641846
2201.729492	373.334564
2200.838867	381.677063
2199.947266	426.492432
2199.056641	364.688141
2198.165039	403.879028
2197.273438	361.733734
2196.381836	358.855621
2195.489258	364.387604
2194.597656	378.324493
2193.705078	364.237335
2192.812500	408.982147
2191.919922	350.083679
2191.027344	414.413513
2190.134766	375.134766
2189.241211	403.046661
2188.347656	335.802826
2187.454102	383.295685
2186.560547	383.216461
2185.666992	408.306824
2184.772461	369.077789
2183.877930	399.751587
2182.983398	380.104675
2182.088867	366.054443
2181.194336	391.122253
2180.298828	407.800201
2179.404297	413.300873
2178.508789	407.631287
2177.613281	407.546814
2176.716797	407.462341
2175.821289	390.636322
2174.924805	390.555328
2174.028320	382.106995
2173.131836	359.719543
2172.235352	393.100220
2171.338867	359.570221
2170.441406	381.789886
2169.543945	381.710571
2168.646484	431.772614
2167.749023	370.411774
2166.851563	414.886353
2165.953125	398.096741
2165.054688	442.546997
2164.156250	411.844849
2163.257813	431.234253
2162.359375	372.731384
2161.459961	400.463776
2160.560547	414.282471
2159.662109	416.976044
2158.761719	380.758789
2157.862305	419.580994
2156.962891	438.940247
2156.062500	402.740906
2155.162109	405.433868
2154.261719	433.112946
2153.361328	408.040497
2152.459961	410.730560
2151.559570	393.997040
2150.658203	399.462860
2149.756836	435.434509
2148.855469	413.160431
2147.953125	413.074066
2147.051758	396.357330
2146.149414	396.274475
2145.247070	410.044434
2144.344727	443.198547
2143.441406	426.489319
2142.539063	448.550720
2141.635742	437.383789
2140.732422	420.686157
2139.829102	431.666382
2138.924805	456.474548
2138.021484	459.144806
2137.117188	420.333588
2136.212891	478.305664
2135.308594	478.205353
2134.404297	483.632233
2133.499023	478.004639
2132.593750	430.942596
2131.689453	403.233368
2130.783203	463.897095
2129.877930	447.235352
2128.972656	463.702148
2128.066406	496.719299
2127.160156	455.230286
2126.253906	433.067383
2125.347656	474.343445
2124.440430	493.544220
2123.534180	482.413727
2122.626953	520.897095
2121.719727	498.743469
2120.811523	432.520599
2119.904297	476.498688
2118.996094	443.353271
2118.087891	512.088928
2117.179688	478.949890
2116.271484	500.864899
2115.363281	489.753479
2114.454102	489.650085
2113.544922	478.545654
2112.635742	423.450958
2111.726563	472.845276
2110.817383	524.967224
2109.907227	453.409851
2108.997070	489.029602
2108.086914	486.179413
2107.176758	494.315125
2106.266602	483.228058
2105.355469	474.890656
2104.444336	485.767883
2103.533203	471.945648
2102.622070	474.588928
2101.710938	463.517517
2100.798828	490.840515
2099.886719	474.287140
2098.974609	512.559998
2098.062500	487.787842
2097.150391	528.781311
2096.237305	462.927795
2095.325195	471.045380
2094.412109	459.993103
2093.498047	443.470520
2092.584961	465.271393
2091.670898	404.973663
2090.757813	514.316589
2089.843750	489.590881
2088.929688	505.894073
2088.014648	475.712585
2087.100586	475.611298
2086.185547	497.372528
2085.270508	461.747498
2084.355469	483.502319
2083.439453	475.206024
2082.524414	475.104675
2081.608398	485.922943
2080.692383	433.962158
2079.776367	485.715576
2078.860352	461.058441
2077.943359	466.415131
2077.026367	458.134491
2076.109375	477.121460
2075.192383	496.100250
2074.275391	441.489319
2073.357422	465.916809
2072.439453	463.093048
2071.521484	449.376465
2070.603516	454.726074
2069.685547	468.240326
2068.766602	451.809540
2067.848633	443.549225
2066.929688	470.659912
2066.009766	465.119019
2065.090820	451.422180
2064.170898	483.951263
2063.251953	448.510223
2062.332031	467.437531
2061.411133	497.225006
2060.491211	494.401672
2059.570313	475.284058
2058.650391	456.174622
2057.729492	439.788086
2056.807617	461.406738
2055.886719	488.443176
2054.964844	480.199066
2054.043945	493.657715
2053.122070	490.839569
2052.199219	504.289978
2051.277344	458.100220
2050.354492	474.261871
2049.432617	482.288025
2048.509766	493.019562
2047.585938	471.246674
2046.663086	463.021759
2045.739258	487.286072
2044.815430	533.192322
2043.891602	481.663574
2042.967773	459.916351
2042.043945	462.521698
2041.119141	486.759644
2040.194336	516.394287
2039.269531	491.955078
2038.344727	532.385559
2037.418945	534.972107
2036.493164	491.635498
2035.568359	467.222565
2034.641602	469.821381
2033.715820	469.719482
2032.790039	483.112335
2031.863281	488.404236
2031.011719	448.240021
2030.936523	499.089294
2030.085938	475.242432
2030.009766	520.558472
2029.160156	488.661072
2029.083008	498.872528
2028.233398	520.970337
2028.155273	501.460114
2027.307617	493.893463
2027.227539	514.828308
2026.380859	453.333588
2026.299805	498.547211
2025.454102	437.068970
2025.372070	541.546997
2024.527344	482.852264
2024.444336	541.429138
2023.600586	501.649536
2023.515625	538.618164
2022.672852	509.653961
2022.586914	484.650787
2021.746094	469.125397
2021.658203	522.232056
2020.818359	460.958496
2020.729492	508.661591
2019.890625	455.489502
2019.800781	500.478455
2018.962891	450.022278
2018.871094	524.580750
2018.035156	447.251129
2017.941406	494.881012
2017.107422	503.744995
2017.011719	521.662842
2016.179688	474.031799
2016.082031	508.106964
2015.250977	482.029327
2015.152344	540.249756
2014.322266	481.946716
2014.221680	518.633911
2013.393555	498.015930
2013.291016	510.460663
2012.464844	471.015259
2012.360352	470.058350
2011.536133	460.170105
2011.429688	569.317566
2010.606445	495.068634
2010.498047	515.495544
2009.677734	513.814331
2009.566406	539.541321
2008.748047	457.242859
2008.635742	526.004700
2007.818359	494.812836
2007.703125	533.938843
2006.888672	454.396393
2006.771484	539.186890
2005.958008	486.577179
2005.839844	539.068726
2005.028320	459.614990
2004.907227	552.357239
2004.097656	462.222809
2003.974609	552.236084
2003.167969	462.142792
2003.041992	536.033936
2002.237305	499.672455
2002.108398	519.838745
2001.306641	459.296600
2001.175781	533.119568
2000.375000	510.240997
2000.242188	533.002502
1999.444336	456.452087
1999.308594	514.140625
1998.512695	469.795471
1998.375000	554.186035
1997.581055	509.974884
1997.440430	524.621155
1996.649414	437.428589
1996.506836	529.857849
1995.717773	499.064636
1995.572266	505.662079
1994.786133	482.881531
1994.637695	510.900513
1993.854492	493.526062
1993.703125	566.947937
1992.921875	482.712860
1992.767578	502.654358
1991.989258	501.397339
1991.832031	473.139435
1991.056641	493.267212
1990.896484	537.175476
1990.124023	514.623474
1989.960938	534.385071
1989.191406	503.813812
1989.025391	552.966492
1988.258789	479.610931
1988.089844	518.124756
1987.325195	522.389465
1987.153320	499.319244
1986.391602	516.940735
1986.216797	517.895935
1985.458008	548.985596
1985.280273	501.767609
1984.524414	500.693878
1984.342773	573.703125
1983.590820	508.636810
1983.406250	520.220276
1982.656250	487.134644
1982.468750	517.437988
1981.722656	545.922729
1981.531250	533.323181
1980.788086	535.123901
1980.593750	533.205078
1979.853516	524.328796
1979.655273	543.748718
1978.918945	537.609436
1978.717773	554.287598
1977.984375	508.098145
1977.779297	535.514954
1977.048828	516.029358
1976.840820	567.360168
1976.113281	550.690247
1975.901367	529.951294
1975.178711	558.610901
1974.962891	535.158630
1974.243164	505.065674
1974.023438	566.982483
1973.307617	531.694275
1973.083984	526.937073
1972.371094	475.501312
1972.144531	558.748474
1971.435547	526.163452
1971.205078	569.264709
1970.499023	603.511597
1970.264648	521.266724
1969.562500	550.005493
1969.324219	555.716858
1968.625977	515.204529
1968.383789	571.543213
1967.689453	517.781616
1967.443359	574.073730
1966.752930	488.335663
1966.502930	597.860229
1965.815430	506.924622
1965.561523	589.757324
1964.878906	557.517395
1964.620117	541.818359
1963.941406	573.420044
1963.678711	581.528259
1963.003906	506.652588
1962.737305	554.850586
1962.065430	543.887390
1961.794922	573.306152
1961.127930	565.114990
1960.852539	567.870911
1960.190430	533.031677
1959.910156	557.132019
1959.251953	559.582764
1958.967773	599.446228
1958.313477	490.213013
1958.025391	519.757507
1957.375000	535.408142
1957.082031	575.317078
1956.436523	535.311829
1956.139648	546.031311
1955.497070	489.948456
1955.196289	569.759521
1954.558594	545.768127
1954.251953	540.487976
1953.619141	529.698914
1953.308594	561.557739
1952.679688	510.974060
1952.364258	553.487061
1951.740234	561.437805
1951.419922	566.601318
1950.800781	521.430908
1950.475586	574.415466
1949.860352	563.894714
1949.531250	587.518982
1948.920898	534.539307
1948.585938	550.344666
1947.980469	571.667358
1947.641602	589.900452
1947.040039	590.172852
1946.696289	600.346680
1946.099609	571.460144
1945.750000	571.126587
1945.158203	579.328918
1944.804688	584.215698
1944.217773	557.967834
1943.858398	615.799255
1943.276367	533.957886
1942.913086	531.106384
1942.334961	547.140930
1941.965820	602.313416
1941.393555	544.385864
1941.019531	567.843018
1940.452148	608.008118
1940.073242	586.198792
1939.510742	557.460449
1939.125977	578.146790
1938.568359	583.899719
1938.178711	585.934387
1937.625977	528.067505
1937.231445	593.718445
1936.684570	562.461731
1936.283203	548.735779
1935.741211	570.316895
1935.335938	545.974304
1934.798828	583.473389
1934.387695	590.679260
1933.856445	548.895020
1933.439453	551.000244
1932.913086	593.864685
1932.491211	587.776428
1931.969727	532.789917
1931.541992	603.454468
1931.026367	564.494812
1930.593750	563.799194
1930.083008	598.837708
1929.644531	634.788940
1929.139648	556.340027
1928.695313	526.676453
1928.195313	556.237915
1927.745117	555.517700
1927.251953	572.025330
1926.795898	602.771118
1926.307617	593.102417
1925.845703	573.686890
1925.363281	569.167664
1924.895508	631.438538
1924.418945	574.356506
1923.945313	570.796021
1923.473633	584.835999
1922.994141	599.594116
1922.529297	560.915771
1922.042969	659.929504
1921.583984	587.265747
1921.092773	609.835938
1920.638672	589.802246
1920.140625	596.557190
1919.693359	573.827148
1919.189453	572.774780
1918.748047	600.159912
1918.238281	572.644348
1917.801758	544.537781
1917.286133	564.635254
1916.856445	578.794739
1916.333984	588.137085
1915.910156	607.754150
1915.380859	661.503357
1914.963867	655.196167
1914.428711	579.995605
1914.017578	594.321838
1913.475586	574.615601
1913.070313	617.980103
1912.522461	600.716553
1912.124023	631.067688
1911.569336	605.824524
1911.176758	604.550903
1910.616211	587.331970
1910.229492	585.962341
1909.662109	574.090576
1909.282227	625.438110
1908.708984	594.925781
1908.334961	564.636536
1907.754883	647.193970
1907.386719	564.531494
1906.799805	612.990723
1906.439453	601.351440
1905.845703	618.088379
1905.491211	614.424500
1904.890625	596.999329
1904.542969	598.490784
1903.935547	625.658447
1903.594727	601.015198
1902.980469	601.959961
1902.646484	574.547607
1902.025391	593.971924
1901.697266	637.681458
1901.069336	580.755432
1900.748047	574.333008
1900.113281	651.238220
1899.798828	616.370605
1899.157227	606.636658
1898.849609	618.888855
1898.201172	601.268738
1897.900391	618.773010
1897.245117	640.334534
1896.951172	576.535767
1896.288086	642.800171
1896.000977	618.541199
1895.331055	600.853577
1895.050781	639.477966
1894.374023	647.727661
1894.100586	602.522583
1893.416016	634.522278
1893.150391	568.211548
1892.458984	605.659363
1892.200195	597.036072
1891.500977	623.789551
1891.249023	602.183105
1890.542969	615.817322
1890.298828	591.553406
1889.584961	576.543213
1889.347656	625.614319
1888.625977	615.532837
1888.396484	612.355896
1887.666992	597.137390
1887.444336	588.591736
1886.708008	630.890015
1886.493164	583.226563
1885.749023	633.350403
1885.541016	567.356689
1884.790039	591.511292
1884.588867	632.903503
1883.830078	666.924255
1883.637695	577.645203
1882.870117	632.910278
1882.684570	577.536072
1881.910156	619.743652
1881.732422	587.925659
1880.950195	624.806580
1880.779297	587.814453
1879.989258	632.469788
1879.827148	621.811035
1879.028320	640.129333
1878.874023	579.722534
1878.067383	658.191406
1877.920898	655.670532
1877.106445	642.432678
1876.966797	537.547974
1876.145508	644.883606
1876.013672	608.231628
1875.183594	579.740173
1875.059570	563.556030
1874.221680	636.785950
1874.105469	610.621521
1873.259766	592.462708
1873.151367	573.822876
1872.296875	615.705872
1872.197266	683.741150
1871.334961	672.703064
1871.243164	576.223999
1870.372070	646.579041
1870.288086	586.589233
1869.409180	641.235901
1869.333008	604.804993
1868.445313	633.299622
1868.377930	667.514832
1867.482422	656.505554
1867.422852	643.832825
1866.518555	648.569214
1866.467773	622.776428
1865.554688	640.636475
1865.511719	606.960449
1864.590820	640.486511
1864.556641	627.770325
1863.625977	624.781738
1863.600586	611.959290
1862.662109	609.084229
1862.644531	664.136597
1861.697266	632.262573
1861.688477	562.055481
1860.731445	639.886169
1860.731445	645.586792
1859.774414	642.850159
1859.766602	619.015747
1858.818359	613.987305
1858.800781	631.817505
1857.861328	642.604065
1857.835938	639.435425
1856.903320	658.151245
1856.869141	647.049744
1855.946289	616.245789
1855.903320	639.134766
1854.988281	623.959778
1854.936523	670.028076
1854.031250	613.399231
1853.970703	656.938477
1853.073242	605.452393
1853.003906	649.026367
1852.115234	607.945313
1852.036133	630.777344
1851.156250	646.959106
1851.069336	635.797607
1850.198242	584.237854
1850.101563	627.895813
1849.239258	636.279602
1849.133789	681.997314
1848.280273	623.121155
1848.166016	645.678223
1847.321289	654.281616
1847.198242	668.764526
1846.362305	661.974243
1846.229492	663.443359
1845.402344	586.281494
1845.260742	704.580444
1844.443359	596.589294
1844.291992	637.326599
1843.483398	674.614929
1843.322266	665.551880
1842.523438	606.775879
1842.353516	701.500793
1841.563477	624.884583
1841.383789	654.922546
1840.602539	619.557495
1840.414063	623.833252
1839.642578	650.669983
1839.444336	631.416748
1838.681641	629.726807
1838.473633	662.185974
1837.720703	666.028442
1837.502930	718.700256
1836.759766	673.703064
1836.532227	703.077087
1835.797852	657.968689
1835.561523	715.783569
1834.836914	704.644165
1834.589844	695.019958
1833.875000	696.708679
1833.619141	627.942444
1832.913086	636.793030
1832.647461	658.667847
1831.951172	730.221008
1831.674805	694.523010
1830.989258	711.892273
1830.703125	699.500671
1830.026367	685.777649
1829.730469	671.051758
1829.063477	683.047363
1828.757813	717.159790
1828.100586	688.107910
1827.785156	673.300903
1827.137695	630.859314
1826.812500	652.585938
1826.174805	693.031616
1825.838867	657.567017
1825.211914	677.326050
1824.865234	662.545532
1824.248047	703.140381
1823.891602	670.088928
1823.284180	635.556641
1822.917969	621.159546
1822.320313	666.556091
1821.943359	674.899902
1821.356445	637.902100
1820.968750	756.835266
1820.391602	658.518433
1819.994141	689.965393
1819.427734	681.718750
1819.019531	718.006958
1818.462891	645.303589
1818.043945	702.452148
1817.498047	694.408020
1817.069336	679.215454
1816.533203	670.957275
1816.093750	658.552246
1815.567383	634.565308
1815.117188	701.944885
1814.602539	668.105469
1814.141602	724.826721
1813.636719	686.098145
1813.165039	678.560974
1812.670898	587.599243
1812.188477	668.157288
1811.705078	693.593689
1811.211914	650.080322
1810.739258	698.632935
1810.234375	703.657104
1809.772461	682.973938
1809.257813	693.254395
1808.805664	662.147949
1808.280273	677.741638
1807.838867	703.394226
1807.301758	659.679321
1806.872070	721.354797
1806.324219	700.419983
1805.905273	677.268311
1805.345703	718.139832
1804.937500	728.825073
1804.367188	730.740845
1803.970703	677.002380
1803.388672	722.900269
1803.002930	671.702393
1802.410156	666.541199
1802.035156	637.991821
1801.430664	709.783325
1801.066406	772.153992
1800.451172	709.610779
1800.098633	725.527039
1799.471680	689.022644
1799.129883	691.825562
1798.491211	693.957581
1798.161133	694.270264
1797.511719	744.802429
1797.192383	696.713928
1796.531250	703.819824
1796.223633	745.594971
1795.550781	706.197632
1795.253906	709.336304
1794.569336	723.867126
1794.285156	644.723999
1793.588867	784.847290
1793.315430	758.045837
1792.607422	761.727295
1792.345703	683.137756
1791.625977	715.695801
1791.375000	695.889709
1790.643555	664.593994
1790.405273	711.213379
1789.662109	722.982788
1789.434570	695.614746
1788.679688	727.895874
1788.464844	713.508118
1787.697266	648.838989
1787.493164	654.134338
1786.714844	793.678955
1786.522461	731.249573
1785.731445	793.484192
1785.551758	733.679199
1784.748047	681.415222
1784.580078	720.664856
1783.764648	727.003235
1783.608398	743.681763
1782.781250	739.531250
1782.636719	735.816040
1781.796875	734.267883
1781.665039	699.658325
1780.812500	741.707397
1780.693359	725.237183
1779.828125	726.287903
1779.720703	694.238281
1778.843750	748.958435
1778.748047	727.520142
1777.858398	741.159058
1777.775391	727.375671
1776.873047	763.814453
1776.802734	729.800903
1775.887695	715.423523
1775.830078	773.332520
1774.902344	745.682739
1774.856445	696.117737
1773.916016	770.855408
1773.882813	757.615845
1772.930664	798.550598
1772.909180	757.465149
1771.943359	765.404968
1771.935547	713.672546
1770.960938	780.263550
1770.957031	762.681458
1769.987305	769.843567
1769.970703	775.158386
1769.012695	785.083984
1768.983398	812.954590
1768.038086	795.187988
1767.996094	764.645935
1767.063477	787.335632
1767.007813	774.581177
1766.087891	789.742676
1766.020508	850.309082
1765.113281	810.093811
1765.032227	736.245239
1764.137695	789.427490
1764.043945	811.944641
1763.162109	784.144714
1763.054688	776.339294
1762.186523	758.367554
1762.066406	748.335999
1761.209961	806.885254
1761.077148	770.897156
1760.234375	842.578369
1760.087891	768.177856
1759.257813	752.791809
1759.098633	760.407166
1758.281250	760.321228
1758.108398	737.486389
1757.304688	772.966492
1757.118164	825.677185
1756.327148	783.047668
1756.127930	787.604919
1755.350586	777.773926
1755.137695	800.026428
1754.373047	734.132874
1754.146484	784.687256
1753.395508	826.053650
1753.155273	781.968018
1752.417969	733.838623
1751.439453	774.594116
1750.461914	787.218201
1749.483398	758.950928
1748.504883	748.579041
1747.526367	804.624695
1746.546875	827.447693
1745.568359	737.914551
1744.588867	742.871887
1743.609375	788.664063
1742.629883	785.953552
1741.649414	808.756958
1740.669922	803.492554
1739.689453	808.431274
1738.708984	787.870422
1737.728516	800.457825
1736.747070	779.906677
1735.766602	830.713440
1734.785156	833.093506
1733.803711	766.698914
1732.822266	794.557373
1731.839844	819.858337
1730.857422	837.512085
1729.875977	822.072144
1728.893555	832.084351
1727.910156	791.210754
1726.927734	836.834961
1725.944336	829.036438
1724.960938	836.496216
1723.977539	808.364563
1722.994141	836.157471
1722.009766	846.152039
1721.026367	858.682922
1720.041992	866.128723
1719.057617	782.151123
1718.073242	809.920715
1717.087891	807.217896
1716.102539	860.350037
1715.117188	872.862305
1714.131836	849.853088
1713.146484	905.480286
1712.160156	831.756714
1711.174805	894.970764
1710.188477	894.788757
1709.202148	942.758301
1708.214844	922.296143
1707.228516	922.108337
1706.241211	954.846252
1705.253906	868.555847
1704.266602	919.013123
1703.278320	906.169800
1702.291016	923.699768
1701.302734	903.269958
1700.314453	928.382202
1699.326172	913.017883
1698.336914	928.003174
1697.348633	900.004456
1696.359375	894.765442
1695.370117	955.232178
1694.380859	896.926208
1693.390625	952.315552
1692.401367	904.135864
1691.411133	878.700867
1690.420898	888.618958
1689.429688	873.293152
1688.439453	936.200623
1687.448242	910.779480
1686.457031	908.070374
1685.465820	865.011902
1684.474609	980.818176
1683.482422	942.803955
1682.491211	942.610535
1681.499023	949.976563
1680.506836	899.395203
1679.513672	947.067688
1678.521484	941.836548
1677.528320	944.160767
1676.535156	936.414978
1675.541992	966.423157
1674.547852	938.546082
1673.554688	930.805908
1672.560547	892.886719
1671.566406	958.083984
1670.572266	882.462585
1669.577148	975.284729
1668.582031	1017.806580
1667.587891	939.706665
1666.592773	894.295715
1665.596680	954.388489
1664.601563	941.636475
1663.605469	956.505249
1662.609375	918.657959
1661.613281	966.148315
1660.617188	910.751709
1659.620117	933.139526
1658.623047	927.930908
1657.625977	930.246521
1656.628906	932.561096
1655.631836	914.823669
1654.633789	912.128540
1653.635742	977.078369
1652.637695	936.799194
1651.639648	944.118103
1650.641602	916.381042
1649.642578	966.256348
1648.643555	1043.640869
1647.644531	1023.406860
1646.645508	1018.191284
1645.645508	970.457703
1644.645508	975.257751
1643.645508	980.055664
1642.645508	974.852966
1641.645508	1002.140747
1640.644531	1016.924133
1639.644531	1026.705200
1638.643555	1001.516357
1637.641602	978.834961
1636.640625	963.652405
1635.638672	988.411865
1634.636719	988.206299
1633.634766	1022.929993
1632.632813	1025.211548
1631.630859	1020.010254
1630.627930	1024.784668
1629.625000	1024.571167
1628.622070	1031.834717
1627.618164	1071.489014
1626.615234	1038.878540
1625.611328	1028.698730
1624.607422	1055.877319
1623.603516	1065.615967
1622.598633	1047.968994
1621.594727	1057.705078
1620.589844	1154.523926
1619.584961	1042.337280
1618.580078	1144.093018
1617.574219	1046.875000
1616.568359	1086.434082
1615.562500	1058.865356
1614.556641	1081.009644
1613.550781	1033.576904
1612.543945	1080.557373
1611.538086	1090.265259
1610.531250	1095.003052
1609.523438	1074.913818
1608.516602	1094.544434
1607.508789	1134.018066
1606.500977	1104.009399
1605.493164	1116.179932
1604.485352	1103.546509
1603.476563	1088.438843
1602.468750	1162.575684
1601.459961	1060.720703
1600.450195	1147.220947
1599.441406	1191.571167
1598.431641	1089.773804
1597.422852	1131.640869
1596.413086	1131.403076
1595.402344	1131.165283
1594.392578	1111.130127
1593.381836	1113.370605
1592.371094	1179.924561
1591.360352	1103.009766
1590.349609	1191.791016
1589.337891	1159.403198
1588.326172	1240.720337
1587.314453	1200.922485
1586.302734	1129.024658
1585.291016	1141.136719
1584.278320	1153.243530
1583.265625	1128.310913
1582.252930	1189.783691
1581.240234	1189.532715
1580.226563	1149.803467
1579.213867	1164.362061
1578.200195	1169.048950
1577.185547	1151.541260
1576.171875	1067.477661
1575.157227	1190.491455
1574.142578	1126.168945
1573.127930	1125.930908
1572.113281	1108.450317
1571.098633	1206.723999
1570.083008	1103.057129
1569.067383	1171.750244
1568.051758	1122.279419
1567.035156	1075.290161
1566.019531	1134.104858
1565.002930	1111.728394
1563.986328	1045.098389
1562.969727	1044.876953
1561.952148	1079.067627
1560.934570	1076.381348
1559.916992	1113.007690
1558.899414	1085.750610
1557.881836	1083.064331
1556.863281	1068.102051
1555.845703	1045.781372
1554.827148	1040.650513
1553.807617	993.806519
1552.789063	1064.741699
1551.769531	1076.779419
1550.750000	1071.645996
1549.730469	1056.707642
1548.710938	1039.324341
1547.690430	1068.511841
1546.669922	1016.830383
1545.649414	1031.312012
1544.628906	1045.787354
1543.607422	1045.564697
1542.586914	1037.997681
1541.565430	1010.853149
1540.543945	1057.131958
1539.521484	1027.548096
1538.500000	1032.221069
1537.477539	958.635986
1536.455078	1097.795288
1535.432617	1065.783081
1534.409180	1070.443604
1533.385742	974.921936
1532.362305	1011.357178
1531.338867	1006.256409
1530.315430	1062.203979
1529.291016	1052.211670
1528.266602	995.848328
1527.242188	1061.523071
1526.217773	983.223694
1525.193359	1041.555176
1524.167969	1021.822571
1523.142578	975.278198
1522.117188	1067.701050
1521.090820	1045.538086
1520.065430	1025.821167
1519.039063	1088.940186
1518.012695	1066.786621
1516.985352	1076.298218
1515.958984	1044.418457
1514.931641	1044.194458
1513.904297	1102.374512
1512.876953	1077.808228
1511.848633	1104.333984
1510.821289	1147.871704
1509.792969	1062.525879
1508.764648	1062.297729
1507.735352	1042.626587
1506.707031	1059.411499
1505.677734	1039.749268
1504.648438	1056.527344
1503.619141	1075.726318
1502.588867	1029.367676
1501.559570	1053.418579
1500.529297	1070.178833
1499.499023	1128.177002
1498.467773	1069.718140
1497.437500	1127.691162
1496.406250	1103.202026
1495.375000	1093.267944
1494.342773	1100.303101
1493.311523	1124.296387
1492.279297	1121.631470
1491.247070	1157.719727
1490.214844	1171.998901
1489.182617	1133.010498
1488.149414	1091.618530
1487.116211	1144.620972
1486.083008	1098.405273
1485.049805	1105.424683
1484.015625	1093.094116
1482.981445	1194.406616
1481.947266	1140.967651
1480.913086	1135.887451
1479.877930	1179.134399
1478.843750	1101.575806
1477.808594	1188.285034
1476.773438	1103.513672
1475.737305	1110.517334
1474.702148	1103.035889
1473.666016	1100.383789
1472.629883	1143.572144
1471.592773	1116.791504
1470.556641	1126.195557
1469.519531	1041.565308
1468.482422	1111.244141
1467.445313	1118.233032
1466.407227	1127.628174
1465.369141	1156.290649
1464.331055	1182.532227
1463.292969	1117.262207
1462.254883	1213.314331
1461.215820	1164.913696
1460.176758	1186.317505
1459.137695	1171.624756
1458.098633	1183.396362
1457.058594	1161.496216
1456.019531	1221.349243
1454.979492	1120.127686
1453.938477	1179.963501
1452.898438	1177.303833
1451.857422	1201.068848
1450.816406	1212.815186
1449.775391	1198.144409
1448.734375	1154.672974
1447.692383	1152.021240
1446.650391	1144.571411
1445.608398	1168.311646
1444.566406	1211.229248
1443.523438	1206.168945
1442.480469	1169.944214
1441.437500	1155.307373
1440.394531	1243.720947
1439.350586	1224.282349
1438.307617	1216.828857
1437.263672	1178.245850
1436.218750	1185.171021
1435.174805	1232.787109
1434.129883	1261.236206
1433.084961	1229.854858
1432.040039	1246.330933
1430.995117	1272.366455
1429.949219	1339.039673
1428.903320	1319.621338
1427.857422	1374.304321
1426.811523	1424.184082
1425.764648	1397.592285
1424.718750	1335.184204
1423.671875	1430.411133
1422.624023	1387.122803
1421.577148	1353.401001
1420.529297	1422.310181
1419.481445	1336.105347
1418.433594	1369.207031
1417.385742	1325.978760
1416.336914	1316.150024
1415.288086	1327.779663
1414.239258	1391.836182
1413.189453	1415.357666
1412.140625	1348.343628
1411.090820	1426.643188
1410.041016	1342.987671
1408.990234	1342.691895
1407.940430	1356.676880
1406.889648	1375.414795
1405.838867	1291.843628
1404.788086	1391.458374
1403.736328	1300.786133
1402.685547	1276.723999
1401.633789	1247.918457
1400.581055	1352.207397
1399.529297	1228.359985
1398.476563	1318.354370
1397.423828	1277.690063
1396.371094	1289.279541
1395.318359	1262.882324
1394.264648	1260.229736
1393.210938	1269.442139
1392.157227	1259.672241
1391.102539	1287.854370
1390.048828	1318.395020
1388.994141	1339.439331
1387.939453	1350.993530
1386.884766	1308.040649
1385.829102	1317.227173
1384.773438	1326.409546
1383.717773	1288.226440
1382.662109	1382.642212
1381.605469	1356.298218
1380.549805	1370.196167
1379.493164	1391.185547
1378.435547	1476.032349
1377.378906	1355.093994
1376.321289	1373.708008
1375.263672	1427.771362
1374.206055	1472.357300
1373.147461	1382.243164
1372.089844	1462.253296
1371.031250	1358.010498
1369.972656	1402.571655
1368.913086	1359.766602
1367.854492	1350.022949
1366.794922	1250.616699
1365.734375	1278.647583
1364.674805	1257.135010
1363.614258	1308.732422
1362.554688	1202.350708
1361.493164	1279.864136
1360.432617	1265.439453
1359.372070	1272.224854
1358.310547	1213.054565
1357.249023	1168.040039
1356.186523	1243.119629
1355.125000	1268.734253
1354.062500	1244.917114
1353.000000	1211.699219
1351.937500	1225.541870
1350.874023	1286.413330
1349.810547	1192.075928
1348.747070	1189.458252
1347.683594	1200.942627
1346.619141	1250.016235
1345.555664	1223.895630
1344.491211	1284.684692
1343.425781	1282.048462
1342.361328	1291.151001
1341.295898	1307.290283
1340.230469	1297.610840
1339.165039	1283.243530
1338.098633	1306.409668
1337.033203	1362.393921
1335.966797	1336.299316
1334.899414	1371.156738
1333.833008	1408.341553
1332.765625	1389.282104
1331.698242	1407.707642
1330.630859	1529.161499
1329.563477	1519.452148
1328.495117	1507.406372
1327.426758	1593.652710
1326.358398	1502.047485
1325.289063	1485.334961
1324.220703	1517.739868
1323.151367	1531.425659
1322.082031	1481.991821
1321.011719	1483.994141
1319.942383	1446.275391
1318.872070	1471.643921
1317.800781	1391.907104
1316.730469	1365.908569
1315.659180	1433.295898
1314.587891	1353.621338
1313.516602	1381.314575
1312.445313	1332.013550
1311.373047	1364.363159
1311.369141	1268.222900
1310.300781	1296.434204
1310.296875	1277.548096
1309.228516	1317.121094
1309.224609	1363.562378
1308.156250	1328.475708
1308.151367	1253.787109
1307.083008	1318.853760
1307.079102	1269.873169
1306.009766	1325.543335
1306.005859	1271.975464
1304.936523	1269.344727
1304.932617	1239.138672
1303.863281	1294.670410
1303.858398	1299.464966
1302.789063	1240.832031
1302.785156	1266.634521
1301.714844	1238.222534
1301.710938	1273.390869
1300.640625	1272.845459
1300.636719	1256.869141
1299.566406	1309.778931
1299.562500	1221.736328
1298.491211	1260.637085
1298.488281	1237.803101
1297.416016	1334.762085
1297.414063	1158.486572
1296.340820	1299.585693
1296.338867	1258.289429
1295.264648	1278.370972
1295.263672	1258.062256
1294.189453	1289.698608
1294.188477	1299.685303
1293.113281	1296.374512
1293.113281	1308.748657
1292.037109	1313.160034
1292.037109	1249.624512
1290.961914	1326.864746
1290.959961	1291.139038
1289.885742	1280.157471
1289.883789	1339.599487
1288.809570	1375.164551
1288.806641	1401.964478
1287.732422	1300.595093
1287.729492	1357.552979
1286.656250	1358.410400
1286.651367	1310.841431
1285.579102	1376.736450
1285.574219	1347.654785
1284.501953	1378.807007
1284.496094	1377.493896
1283.424805	1383.197388
1283.416992	1414.274780
1282.347656	1317.974609
1282.338867	1346.730713
1281.270508	1317.734009
1281.259766	1260.677979
1280.192383	1291.978516
1280.180664	1262.706421
1279.114258	1254.636597
1279.101563	1271.682861
1278.036133	1254.407104
1278.022461	1292.234131
1276.958008	1230.994873
1276.942383	1227.109619
1275.878906	1219.180176
1275.862305	1226.828369
1274.800781	1283.843994
1274.782227	1191.833496
1273.721680	1207.147949
1273.702148	1223.952148
1272.642578	1151.328857
1272.621094	1172.781372
1271.562500	1206.704346
1271.540039	1167.886963
1270.483398	1206.482300
1270.458984	1172.243042
1269.403320	1141.432373
1269.376953	1183.531738
1268.323242	1175.944946
1268.295898	1204.059204
1267.243164	1171.099243
1267.213867	1139.087891
1266.163086	1103.777100
1266.130859	1134.205933
1265.082031	1122.081909
1265.048828	1108.541016
1264.000977	1156.571655
1263.965820	1140.610962
1262.920898	1121.666992
1262.882813	1103.413940
1261.838867	1068.276733
1261.799805	1135.469971
1260.757813	1105.068604
1260.715820	1132.901123
1259.676758	1132.600952
1259.632813	1139.560425
1258.594727	1083.859741
1258.548828	1093.172241
1257.512695	1083.658447
1257.463867	1113.671875
1256.430664	1064.975952
1256.379883	1129.551270
1255.347656	1124.830566
1255.294922	1143.118652
1254.265625	1159.260498
1254.209961	1154.375488
1253.182617	1092.087891
1253.125000	1149.501587
1252.099609	1084.958984
1252.039063	1151.539063
1251.016602	1119.376587
1250.953125	1098.314331
1249.932617	1151.473511
1249.867188	1125.684448
1248.849609	1084.351685
1248.781250	1132.328491
1247.765625	1160.270142
1247.694336	1106.755981
1246.681641	1132.377808
1246.607422	1131.804321
1245.597656	1120.636719
1245.520508	1080.944702
1244.512695	1145.786255
1244.433594	1147.375366
1243.428711	1159.401367
1243.345703	1149.408325
1242.343750	1168.401978
1242.257813	1153.738281
1241.258789	1168.182617
1241.169922	1160.363892
1240.173828	1172.570557
1240.082031	1196.850098
1239.087891	1165.440430
1238.993164	1143.748535
1238.001953	1169.826782
1237.904297	1138.890625
1236.916016	1199.537476
1236.815430	1175.355835
1235.830078	1185.499756
1235.726563	1165.902344
1234.744141	1194.482300
1234.636719	1163.336670
1233.658203	1180.450562
1233.546875	1103.421631
1232.571289	1180.227661
1232.457031	1093.990845
1231.484375	1134.000610
1231.366211	1151.059814
1230.397461	1149.884644
1230.276367	1079.726929
1229.309570	1092.183716
1229.185547	1106.977905
1228.222656	1179.335205
1228.094727	1154.838135
1227.134766	1133.142456
1227.002930	1060.645630
1226.046875	1130.629639
1225.911133	1119.945313
1224.958984	1107.439209
1224.819336	1126.553223
1223.870117	1114.120483
1223.727539	1119.422485
1222.782227	1086.348267
1222.634766	1105.428955
1221.693359	1056.290039
1221.542969	1011.357056
1220.604492	1049.201538
1220.449219	1068.310669
1219.515625	1078.842163
1219.356445	1148.108276
1218.425781	1122.241211
1218.263672	1108.968506
1217.335938	1108.260010
1217.169922	1145.284912
1216.246094	1119.519165
1216.076172	1147.302246
1215.156250	1133.067505
1214.981445	1135.608887
1214.066406	1169.542603
1213.887695	1137.627075
1212.975586	1185.368652
1212.792969	1219.579224
1211.885742	1194.311279
1211.697266	1223.859741
1210.794922	1272.007568
1210.602539	1168.785767
1209.704102	1228.226074
1209.506836	1223.285278
1208.612305	1262.356201
1208.411133	1241.251709
1207.521484	1225.464722
1207.315430	1204.461304
1206.429688	1193.167603
1206.219727	1222.423218
1205.337891	1224.994507
1205.123047	1181.093994
1204.245117	1249.941162
1204.026367	1137.504272
1203.153320	1231.390259
1202.929688	1173.701050
1202.060547	1132.752686
1201.832031	1130.133301
1200.967773	1162.277954
1200.734375	1118.477295
1199.875000	1107.153931
1199.636719	1111.381470
1198.782227	1141.246582
1198.539063	1172.595337
1197.688477	1170.752686
1197.440430	1160.937012
1196.595703	1175.099121
1196.341797	1169.766235
1195.501953	1168.015015
1195.243164	1144.462158
1194.407227	1208.924805
1194.144531	1226.082275
1193.313477	1274.952026
1193.044922	1214.421631
1192.218750	1158.200073
1191.945313	1211.860840
1191.124023	1285.878662
1190.845703	1247.944214
1190.029297	1235.391846
1189.745117	1245.376343
1188.934570	1257.983276
1188.645508	1220.089111
1187.839844	1198.390503
1187.544922	1194.813477
1186.744141	1186.746948
1186.443359	1174.091675
1185.648438	1124.909058
1185.342773	1069.373535
1184.552734	1158.910278
1184.241211	1109.978027
1183.456055	1115.348389
1183.139648	1123.330811
1182.360352	1117.411865
1182.038086	1014.161072
1181.263672	1023.714905
1180.935547	1036.603027
1180.166992	1091.901855
1179.833008	1052.230957
1179.070313	1073.456299
1178.730469	1029.308838
1177.972656	991.215454
1177.627930	1042.664063
1176.875977	988.743835
1176.524414	1022.020935
1175.778320	1013.606323
1175.420898	1028.574463
1174.679688	1027.072266
1174.317383	980.763672
1173.582031	1001.825928
1173.212891	985.059021
1172.484375	1056.264404
1172.109375	987.088257
1171.385742	1015.089966
1171.004883	1025.331055
1170.287109	964.829346
1169.899414	982.091675
1169.188477	1012.417419
1168.794922	954.709167
1168.088867	1012.218994
1167.689453	1020.073547
1166.989258	982.455811
1166.583984	924.856812
1165.890625	982.263062
1165.477539	1017.325439
1164.790039	1011.623291
1164.372070	1046.464600
1163.690430	975.058716
1163.265625	991.982788
1162.590820	968.049805
1162.159180	975.931702
1161.490234	945.139771
1161.051758	971.180908
1160.389648	1004.013367
1159.944336	995.786438
1159.289063	972.020630
1158.836914	993.290344
1158.187500	992.264832
1157.729492	1006.593750
1157.085938	967.097290
1156.622070	954.455200
1155.985352	982.794678
1155.513672	949.714417
1154.882813	975.792908
1154.405273	922.422607
1153.781250	948.374207
1153.295898	996.608459
1152.679688	975.407532
1152.187500	1007.640015
1151.577148	936.659790
1151.078125	957.816589
1150.474609	931.939575
1149.967773	968.851868
1149.372070	958.959717
1148.858398	1024.933716
1148.268555	1035.834106
1147.748047	1006.670410
1147.165039	992.572144
1146.637695	1008.679382
1146.062500	976.515564
1145.527344	1015.189148
1144.958008	969.526184
1144.416016	981.187866
1143.854492	910.449036
1143.305664	1014.699402
1142.750977	966.877075
1142.193359	1027.950562
1141.646484	989.324036
1141.082031	1027.702271
1140.541992	1063.821289
1139.969727	980.240479
1139.436523	1045.505737
1138.857422	1000.232910
1138.332031	990.996582
1137.745117	977.519226
1137.226563	1042.827637
1136.632813	1046.928101
1136.121094	1051.666626
1135.519531	1026.459839
1135.015625	1013.016663
1134.406250	994.773621
1133.910156	1003.771790
1133.292969	978.817566
1132.803711	990.009766
1132.178711	983.069092
1131.697266	958.174377
1131.064453	994.050110
1130.590820	987.355225
1129.950195	987.078674
1129.484375	984.899048
1128.835938	998.053040
1128.377930	977.926758
1127.720703	982.114624
1127.270508	982.247253
1126.605469	1019.985168
1126.163086	1027.202515
1125.490234	1044.390015
1125.055664	1006.682678
1124.374023	1035.173340
1123.947266	963.604126
1123.257813	996.839783
1122.839844	994.998291
1122.141602	985.399231
1121.731445	985.775696
1121.025391	1070.240967
1120.623047	1019.407898
1119.908203	1009.541748
1119.513672	1030.477661
1118.791016	969.013123
1118.405273	1005.472168
1117.673828	1002.336914
1117.295898	1072.889282
1116.556641	1037.881104
1116.186523	1059.152588
1115.438477	1021.973633
1115.077148	1013.878357
1114.320313	979.245056
1113.966797	988.895691
1113.202148	996.886902
1112.857422	981.940186
1112.083008	911.727112
1111.747070	972.735657
1110.963867	1005.335144
1110.636719	938.770935
1109.844727	915.747559
1109.525391	976.845276
1108.724609	937.852905
1108.415039	920.389709
1107.605469	955.482361
1107.303711	933.703369
1106.485352	953.015991
1106.192383	890.775635
1105.364258	914.849182
1105.081055	935.575317
1104.244141	974.855835
1103.968750	933.137817
1103.123047	860.873779
1102.856445	899.228088
1102.001953	927.552917
1101.744141	964.227112
1100.879883	969.678406
1100.631836	883.134216
1099.758789	960.525330
1099.519531	880.708740
1098.636719	922.411865
1098.406250	894.007874
1097.513672	968.962036
1097.292969	862.385620
1096.391602	933.091858
1096.179688	907.117554
1095.268555	895.012817
1095.066406	888.974548
1094.145508	917.050415
1093.952148	920.216187
1093.021484	910.147949
1092.837891	926.761292
1091.898438	916.597290
1091.723633	901.894348
1090.774414	916.370605
1090.609375	917.412537
1089.650391	909.472961
1089.494141	906.013000
1088.525391	893.686096
1088.378906	912.555237
1087.400391	902.354980
1087.263672	878.744141
1086.275391	893.243347
1086.148438	844.946655
1085.150391	953.000916
1085.033203	891.830994
1084.024414	912.788330
1083.916992	896.129944
1082.898438	974.731384
1082.800781	927.305481
1081.772461	925.653870
1081.684570	911.440491
1080.645508	903.231384
1080.568359	866.475403
1079.518555	922.975037
1079.451172	902.114563
1078.391602	958.235596
1078.333984	857.169495
1077.264648	882.599121
1077.216797	836.856140
1076.136719	915.634766
1076.099609	885.901855
1075.008789	915.406616
1074.981445	820.857361
1073.880859	890.803101
1073.863281	874.358521
1072.751953	950.395996
1072.745117	838.407471
1071.626953	878.471130
1071.623047	870.425110
1070.508789	838.064148
1070.494141	896.778931
1069.389648	895.986267
1069.365234	929.760498
1068.270508	808.679626
1068.235352	889.691101
1067.151367	855.416504
1067.105469	885.043274
1066.031250	859.707031
1065.975586	915.790466
1064.912109	886.321106
1064.844727	882.388550
1063.791992	808.015991
1063.713867	895.433044
1062.670898	899.346802
1062.583008	895.208435
1061.550781	903.624268
1061.452148	892.773987
1060.429688	876.669922
1060.320313	934.526123
1059.309570	874.259338
1059.188477	916.621521
1058.188477	938.743469
1058.056641	874.435852
1057.066406	862.752747
1056.923828	867.593079
1055.945313	953.958984
1055.791016	924.758240
1054.823242	900.280396
1054.658203	955.416443
1053.701172	875.587280
1053.524414	946.351929
1052.579102	931.094177
1052.391602	906.416260
1051.456055	919.766846
1051.257813	873.115051
1050.333008	881.725159
1050.123047	974.291504
1049.209961	872.638672
1048.989258	899.118835
1048.086914	899.166260
1047.854492	912.110596
1046.963867	950.160034
1046.718750	905.272095
1045.839844	874.322510
1045.583984	942.477905
1044.715820	874.141663
1044.448242	942.239258
1043.591797	931.780090
1043.312500	886.977173
1042.466797	882.673279
1042.175781	937.361023
1041.342773	882.490540
1041.040039	910.725403
1040.217773	862.305786
1039.903320	906.095764
1039.092773	882.124878
1038.765625	870.686401
1037.966797	864.169861
1037.628906	879.257751
1036.841797	837.337952
1036.491211	894.417236
1035.715820	872.693726
1035.352539	878.810486
1034.589844	899.154175
1034.214844	915.926697
1033.463867	912.285461
1033.076172	937.652466
1032.336914	896.561462
1031.937500	895.701904
1031.209961	905.250183
1030.798828	937.174377
1030.083008	913.935120
1029.659180	877.691101
1028.956055	891.566772
1028.519531	912.565613
1027.828125	915.772278
1027.379883	914.525574
1026.701172	975.438110
1026.239258	966.912842
1025.573242	950.854126
1025.098633	918.441772
1024.444336	941.792114
1023.958008	953.269470
1023.316406	939.380310
1022.817383	867.581604
1022.187500	981.270569
1021.675781	1016.299683
1021.058594	961.134583
1020.534180	941.587891
1019.929688	903.366577
1019.391602	923.832825
1018.799805	918.673767
1018.250000	917.029724
1017.670898	929.547974
1017.107422	973.683472
1016.541016	951.481323
1015.963867	988.745483
1015.411133	882.701660
1014.821289	918.509460
1014.280273	897.999939
1013.677734	957.627502
1013.150391	866.853149
1012.534180	998.911011
1012.019531	937.420532
1011.389648	915.614502
1010.888672	908.488708
1010.245117	991.841858
1009.756836	948.078003
1009.100586	991.585876
1008.625977	974.393616
1007.956055	936.741089
1007.494141	1002.907043
1006.810547	879.741516
1006.362305	991.653992
1005.665039	920.979858
1005.229492	936.243042
1004.519531	951.287476
1004.097656	947.085022
1003.373047	900.871521
1002.964844	911.571167
1002.226563	1035.842896
1001.832031	915.793335
1001.080078	909.125183
1000.698242	979.582825
999.932617	897.991333
999.565430	919.820374
998.786133	967.487000
998.431641	930.653809
997.637695	884.454224
997.297852	948.097229
996.490234	871.156921
996.164063	919.240540
995.341797	951.491333
995.029297	965.330139
994.193359	896.824707
993.894531	888.005005
993.044922	898.767273
992.759766	901.036194
991.895508	939.869873
991.625000	938.289978
990.746094	930.924500
990.489258	955.709106
989.596680	889.366211
989.354492	887.257202
988.218750	935.495850
987.082031	919.893677
985.946289	935.101318
984.809570	864.511230
983.672852	921.510803
982.536133	923.515076
981.398438	980.477905
980.261719	975.874878
979.124023	920.732300
977.985352	938.113525
976.847656	955.487305
975.708984	906.971863
974.570313	1027.537476
973.431641	981.222229
972.291992	939.315796
971.153320	914.980591
970.013672	1042.023193
968.874023	1002.323425
967.733398	1067.894897
966.592773	1091.784058
965.453125	1076.209229
964.311523	1115.426147
963.170898	1069.179443
962.029297	1018.571350
960.887695	1068.725098
959.746094	1026.896606
958.604492	1044.190796
957.461914	1072.420654
956.319336	973.725830
955.176758	991.019958
954.033203	1045.489380
952.890625	957.796631
951.747070	935.729736
950.603516	907.114624
949.458984	928.774780
948.314453	917.652222
947.169922	906.534363
946.025391	869.213684
944.880859	917.064819
943.735352	831.731140
942.589844	857.744141
941.444336	851.014587
940.298828	931.552673
939.152344	935.715759
938.005859	920.250793
936.859375	935.315491
935.711914	913.317749
934.565430	880.432861
933.417969	932.536011
932.269531	906.195984
931.122070	966.982666
929.973633	960.243103
928.825195	975.275879
927.676758	1003.361023
926.528320	985.737610
925.378906	1055.143799
924.229492	1065.792603
923.080078	1052.515991
921.929688	1071.857300
920.780273	1030.326904
919.629883	977.948242
918.478516	1014.674744
917.328125	975.355347
916.176758	981.660950
915.025391	1046.590210
913.874023	968.213135
912.721680	991.879150
911.570313	969.966003
910.417969	954.570679
909.264648	991.238098
908.112305	932.473694
906.958984	958.289490
905.805664	988.429321
904.652344	1027.224487
903.498047	970.669312
902.344727	998.620361
901.189453	1030.890747
900.035156	1011.180542
898.880859	1004.467651
897.725586	1051.865845
896.570313	1025.671997
895.414063	1042.757324
894.258789	1027.391113
893.102539	1059.605713
891.946289	1093.968140
890.790039	1238.553467
889.632813	1229.640869
888.475586	1378.454956
887.318359	1458.080688
886.161133	1475.041748
885.002930	1498.472900
883.844727	1513.258789
882.686523	1508.614014
881.528320	1409.028687
880.369141	1315.958496
879.209961	1255.281250
878.050781	1203.255615
876.890625	1108.134399
875.731445	1155.313110
874.571289	1083.947998
873.410156	1062.167236
872.250000	1049.011963
871.088867	1091.854980
869.927734	1016.259094
868.766602	1046.174561
867.605469	1043.794556
866.443359	1045.718872
865.281250	965.895996
864.118164	982.891418
862.956055	991.278198
861.792969	1049.106934
860.629883	1014.488586
859.466797	928.312378
858.302734	1033.381470
857.138672	981.605408
855.974609	1017.897949
854.810547	955.412720
853.645508	1043.211548
852.480469	972.163635
851.315430	1023.445190
850.150391	1012.495789
848.984375	973.670654
847.818359	1012.052795
846.652344	996.825317
845.486328	1093.052979
844.319336	1032.816040
843.152344	1062.582031
841.985352	1075.200195
840.817383	1113.509033
839.649414	1143.237549
838.481445	1258.569702
837.313477	1307.512695
836.144531	1469.826660
834.976563	1739.020142
833.807617	2080.805908
832.637695	2409.612793
831.468750	2885.770264
830.298828	3346.758057
829.128906	3651.566162
827.958008	3650.763428
826.788086	3378.723145
825.617188	3044.879639
824.445313	2775.226318
823.274414	2302.931152
822.102539	2046.362183
820.930664	1877.374634
819.758789	1603.948730
818.586914	1490.576050
817.414063	1343.141602
816.241211	1315.136108
815.068359	1274.356567
813.894531	1176.069824
812.720703	1201.371460
811.546875	1179.810303
810.373047	1128.450317
809.198242	1130.329834
808.023438	1108.798218
806.848633	1087.275879
805.673828	1076.399414
804.498047	1012.357483
803.322266	1048.281372
802.146484	1039.546143
800.969727	1056.319458
799.793945	1015.712280
798.617188	1038.856567
797.439453	1081.106201
796.262695	1049.014282
795.084961	1040.289795
793.907227	1044.304565
792.728516	1035.584839
791.550781	1067.179810
790.372070	1071.185669
789.193359	1094.275757
788.013672	1151.278931
786.834961	1131.945923
785.655273	1135.933228
784.474609	1103.899048
783.294922	1088.825684
782.114258	1090.701782
780.933594	1003.646240
779.752930	1030.943359
778.571289	948.172424
777.389648	981.817444
776.208008	973.137146
775.026367	960.230469
773.843750	1008.652100
772.661133	966.145569
771.478516	1073.725830
770.295898	1046.015747
769.112305	988.740112
767.928711	942.051025
766.745117	996.746704
765.560547	1009.192322
764.375977	1089.178101
763.191406	1065.721558
762.006836	1076.033325
760.821289	1160.169189
759.636719	1195.762085
758.450195	1300.918091
757.264648	1357.543335
756.078125	1420.465698
754.891602	1407.506226
753.705078	1285.010498
752.518555	1272.086670
751.331055	1248.640381
750.143555	1189.416748
748.955078	1252.291504
747.767578	1148.904541
746.579102	1173.892578
745.390625	1171.526611
744.201172	1114.488525
743.012695	1122.648315
741.823242	1162.332397
740.632813	1069.610596
739.443359	1090.380127
738.252930	1115.341187
737.062500	1121.391113
735.872070	1146.333862
734.680664	1099.897827
733.489258	1105.946777
732.297852	1122.483276
731.106445	1099.157471
729.914063	1233.128784
728.721680	1117.534058
727.529297	1226.286255
726.335938	1265.829834
725.142578	1200.591919
723.949219	1250.597290
722.755859	1252.410400
721.561523	1203.969849
720.367188	1201.605591
719.172852	1203.428223
717.978516	1123.644287
716.783203	1066.907959
715.587891	1058.301636
714.392578	1037.152954
713.196289	1087.092773
712.000000	1057.586426
710.803711	982.121704
709.607422	1029.950684
708.410156	1050.605225
707.212891	1012.780457
706.015625	1052.218872
704.818359	991.450745
703.620117	1068.438232
702.421875	1082.801270
701.223633	1036.667847
700.024414	1051.031372
698.825195	1100.831665
697.625977	1104.751587
696.426758	1117.005615
695.226563	1131.337402
694.026367	1099.836182
692.826172	1157.898804
691.625000	1111.830933
690.423828	1115.742432
689.222656	1190.410645
688.021484	1071.543091
686.819336	1173.229858
685.617188	1179.203125
684.415039	1106.161987
683.211914	1157.880737
682.009766	1186.714355
680.806641	1167.744629
679.602539	1107.236084
678.399414	1140.215088
677.195313	1112.962646
675.991211	1179.140381
674.786133	1183.023438
673.581055	1182.754639
672.375977	1244.722046
671.170898	1275.550049
669.965820	1204.757813
668.759766	1202.410645
667.553711	1200.064453
666.346680	1166.636475
665.140625	1218.163696
663.933594	1151.606812
662.725586	1143.061401
661.518555	1151.082275
660.310547	1105.283936
659.102539	1102.962646
657.893555	1125.468872
656.685547	1104.528198
655.476563	1118.751831
654.267578	1089.552124
653.057617	1076.901489
651.847656	1173.781982
650.637695	1185.910278
649.427734	1162.918091
648.216797	1086.243652
647.005859	1063.284546
645.794922	1025.886719
644.583984	1091.690063
643.372070	1074.934692
642.160156	1080.877075
640.947266	1045.571167
639.735352	1144.298218
638.522461	1063.644531
637.309570	1094.313721
636.095703	1073.459229
634.881836	1038.194824
633.667969	1132.691162
632.454102	1103.605957
631.239258	1128.054810
630.024414	1119.563965
628.809570	1088.443970
627.594727	1047.052612
626.378906	1087.944336
625.163086	1071.245483
623.947266	1120.335327
622.730469	1138.574707
621.513672	1091.054565
620.296875	1158.593872
619.079102	1174.757690
617.862305	1221.713501
616.643555	1207.062622
615.425781	1229.360840
614.207031	1181.884644
612.989258	1120.070190
611.769531	1082.895386
610.550781	1074.444092
609.331055	1180.796265
608.111328	1065.750854
606.891602	1075.750488
605.670898	1042.725220
604.450195	1067.061890
603.229492	1064.768066
602.007813	1033.815063
600.787109	998.782715
599.564453	1014.921814
598.342773	1074.013916
597.120117	1032.860352
595.897461	981.501831
594.674805	1058.959229
593.452148	985.135742
592.228516	1011.471802
591.004883	996.937439
589.780273	980.367310
588.556641	980.140381
587.332031	1037.075073
586.106445	1081.737183
584.881836	971.297302
583.656250	1001.673279
582.430664	989.203491
581.204102	976.739380
579.978516	976.512878
578.751953	1021.126160
577.524414	1006.625305
576.297852	996.205505
575.070313	963.386047
573.842773	952.980896
572.614258	1054.550049
571.385742	1044.128296
570.157227	1003.188232
568.928711	978.542297
567.699219	1027.128662
566.469727	990.287720
565.240234	1008.354004
564.009766	928.851807
562.780273	987.564270
561.548828	981.239563
560.318359	1005.383911
559.086914	1033.578003
557.855469	1011.005615
556.624023	949.880127
555.391602	990.242249
554.160156	983.925049
552.926758	1042.514282
551.694336	995.632324
550.460938	1015.672729
549.227539	985.033142
547.994141	954.407837
546.759766	972.417542
545.525391	1010.672729
544.291016	992.212036
543.055664	994.004333
541.821289	995.795715
540.584961	1060.314575
539.349609	1019.605774
538.113281	1011.276733
536.876953	1011.039795
535.640625	1047.191772
534.403320	1026.734863
533.166016	1064.886597
531.928711	1052.515747
530.691406	1001.776001
529.453125	995.483093
528.214844	1001.305664
526.975586	1021.253357
525.737305	1004.870911
524.498047	1002.617432
523.257813	1012.466003
522.018555	1100.949097
520.778320	1086.578735
519.538086	1072.214966
518.296875	1049.797852
517.055664	1112.000000
515.814453	1033.191406
514.573242	1123.557373
513.331055	1048.809082
512.088867	1082.775879
510.846680	1086.544800
509.603516	1082.265259
508.360352	1134.300293
507.117188	1075.722290
505.874023	1081.499023
504.629883	1117.418945
503.385742	1121.173462
502.140625	1088.767822
500.896484	1112.610229
499.651367	1106.323608
498.405273	1162.268311
497.160156	1196.110474
495.914063	1139.647461
494.667969	1127.341919
493.420898	1137.102295
492.173828	1186.957764
490.926758	1146.585938
489.679688	1148.318115
488.431641	1146.042236
487.183594	1191.841431
485.935547	1167.527222
484.686523	1229.316406
483.437500	1277.064575
482.188477	1226.731323
480.939453	1288.462036
479.689453	1242.150146
478.439453	1269.851440
477.188477	1317.532349
475.937500	1363.191528
474.686523	1346.880371
473.435547	1352.553223
472.183594	1400.168335
470.931641	1467.729614
469.679688	1495.329834
468.426758	1594.771240
467.173828	1616.341187
465.920898	1687.775757
464.667969	1805.050171
463.414063	1820.571533
462.160156	1985.603760
460.905273	2104.715332
459.651367	2327.386230
458.396484	2522.060547
457.140625	2613.074219
455.885742	2719.973389
454.629883	2818.858398
453.373047	2682.846924
452.117188	2618.531982
450.860352	2418.975586
449.603516	2167.805420
448.345703	1916.755371
447.087891	1781.121338
445.830078	1661.451050
444.572266	1567.667725
443.313477	1513.657715
442.054688	1449.743774
440.795898	1389.831299
439.536133	1490.731934
438.276367	1383.209595
437.016602	1398.749146
435.755859	1471.804443
434.495117	1445.670044
433.234375	1526.608887
431.972656	1557.955322
430.710938	1595.231323
429.449219	1551.260864
428.187500	1449.871216
426.924805	1419.818115
425.662109	1373.941406
424.399414	1278.604980
423.135742	1250.593262
421.872070	1274.030762
420.607422	1216.365845
419.343750	1269.460205
418.079102	1201.939453
416.814453	1296.515747
415.548828	1260.635376
414.283203	1268.231934
413.017578	1275.824585
411.750977	1273.541016
410.484375	1249.544189
409.217773	1209.770752
407.951172	1290.372192
406.683594	1234.827148
405.416016	1206.918091
404.147461	1230.284302
402.879883	1222.100830
401.611328	1229.686523
400.341797	1217.566406
399.072266	1264.542969
397.802734	1333.157715
396.533203	1283.614868
395.263672	1277.397461
393.993164	1273.150757
392.721680	1357.434204
391.451172	1321.700562
390.179688	1291.883179
388.908203	1378.065674
387.635742	1371.833252
386.363281	1400.971680
385.090820	1380.985352
383.817383	1335.477295
382.544922	1421.542847
381.270508	1364.268921
379.997070	1405.147583
378.722656	1420.499756
377.448242	1384.844238
376.173828	1372.738770
374.898438	1368.481201
373.623047	1352.464966
372.347656	1414.840820
371.071289	1361.597168
369.794922	1465.071533
368.517578	1464.711670
367.241211	1446.732666
365.963867	1450.291626
364.686523	1418.627319
363.408203	1520.003296
362.129883	1496.160034
360.851563	1478.194214
359.572266	1403.547729
358.292969	1512.643921
357.013672	1512.271118
355.733398	1463.064209
354.453125	1437.316040
353.172852	1413.532593
351.892578	1450.269897
350.611328	1461.620239
349.330078	1459.308228
348.047852	1486.253906
346.765625	1483.936401
345.483398	1454.326782
344.201172	1500.743286
342.917969	1445.812622
341.634766	1427.921997
340.350586	1419.777954
339.066406	1433.055542
337.782227	1434.646606
336.498047	1416.775513
335.212891	1431.988892
333.927734	1363.552856
332.642578	1413.775513
331.356445	1448.419434
330.070313	1358.648926
328.783203	1383.572754
327.497070	1398.770264
326.209961	1460.573975
324.921875	1413.607666
323.634766	1454.022339
322.346680	1424.547729
321.057617	1468.819580
319.768555	1449.054688
318.479492	1438.996216
317.190430	1434.759033
315.900391	1455.722656
314.610352	1424.352295
313.320313	1538.303223
312.029297	1479.810547
310.738281	1477.503662
309.447266	1616.522339
308.155273	1662.568481
306.863281	1578.947266
305.571289	1684.948730
304.278320	1653.581665
302.985352	1707.305420
301.692383	1826.725220
300.398438	1818.535889
299.104492	1918.546509
297.810547	1850.458374
296.515625	1961.996582
295.220703	2123.674072
293.925781	2071.025879
292.629883	2107.166992
291.333984	2230.101563
290.038086	2322.115234
288.741211	2383.230957
287.444336	2484.797119
286.147461	2592.093018
284.849609	2685.847168
283.551758	2767.996338
282.253906	2834.697266
280.955078	2895.588135
279.656250	2814.014648
278.357422	2784.437500
277.057617	2887.616699
275.757813	2911.887695
274.458008	2924.608643
273.157227	2939.245117
271.856445	3057.653076
270.554688	3214.427246
269.253906	3263.552979
267.952148	3322.254639
266.649414	3463.481201
265.346680	3516.342773
264.043945	3753.392578
262.741211	3800.396729
261.437500	3993.139160
260.133789	4061.148682
258.830078	4115.704102
257.525391	4179.813477
256.220703	4383.754883
254.915039	4380.719238
253.609375	4534.713867
252.303711	4686.714355
250.998047	4794.613770
249.691406	4998.133301
248.384766	5132.678711
247.077148	5179.176270
245.769531	5311.691895
244.461914	5551.186523
243.154297	5501.984375
241.845703	5378.293457
240.536133	5298.597656
239.227539	5322.060059
237.917969	5129.779785
236.608398	4935.688477
235.297852	4875.265625
233.987305	4750.013184
232.676758	4691.574219
231.365234	4501.605469
230.053711	4353.669434
228.742188	4331.583008
227.429688	4206.627441
226.117188	4262.680664
224.803711	4114.955566
223.491211	3929.232178
222.177734	4015.762207
220.863281	3900.559326
219.548828	3937.592773
218.234375	3911.849365
216.919922	3931.747803
215.604492	3907.918457
214.289063	3825.192871
212.972656	3797.602295
211.656250	3688.357178
210.339844	3746.259277
209.022461	3813.621826
207.705078	3655.113525
206.387695	3709.182129
205.069336	3719.595703
203.750977	3656.047852
202.432617	3592.532227
201.113281	3644.662598
199.793945	3543.285645
198.474609	3633.286133
197.154297	3605.822266
195.833984	3517.785889
194.513672	3545.256836
193.192383	3536.758789
191.871094	3550.966064
190.548828	3620.013916
189.226563	3545.321289
187.904297	3672.933350
186.581055	3762.680908
185.257813	3740.908691
183.934570	3823.034180
182.610352	3776.707275
181.286133	3926.741211
179.961914	3938.917969
178.636719	4028.448730
177.311523	4036.817871
175.985352	4152.675781
174.660156	4294.867188
173.333008	4218.337402
172.006836	4356.665527
170.679688	4270.738281
169.352539	4420.277832
168.024414	4420.989746
166.696289	4436.759277
165.368164	4580.487305
164.039063	4534.118652
162.709961	4739.811523
161.380859	4652.055176
160.050781	4936.560059
158.720703	4955.919922
157.389648	5046.666016
156.058594	5417.241211
154.727539	5423.309082
153.395508	5635.884277
152.063477	5840.836914
150.731445	6000.646484
149.398438	6156.617188
148.065430	6177.476074
146.732422	6282.691895
145.398438	6397.221680
144.064453	6479.833008
142.729492	6509.944336
141.395508	6673.011230
140.059570	6691.817383
138.724609	6759.280273
137.388672	6662.025879
136.051758	6708.877930
134.715820	6598.593750
133.378906	6688.440918
132.041016	6705.333984
130.703125	6709.134277
129.365234	6647.539063
128.026367	6656.953125
126.687500	6690.635742
125.348633	6757.901367
124.008789	6685.155273
122.668945	6778.504395
121.329102	6702.058105
119.988281	6750.593262
118.647461	6791.643555
117.306641	6799.121582
115.964844	6922.118164
114.622070	6858.767578
113.280273	6892.288086
111.937500	7018.877441
110.593750	7015.107422
109.250000	7113.679688
107.906250	6760.155273
106.562500	6512.827148
105.217773	6373.468262
103.873047	5901.470703
102.527344	5433.445313
101.181641	4878.361816
99.834961	4271.578613
98.489258	3594.571777
