#Wave		#Intensity
3199.956055	28.369665
3199.250977	39.008289
3198.545898	35.456585
3197.840820	60.266846
3197.134766	38.990139
3196.429688	70.880142
3195.724609	49.608379
3195.018555	53.143559
3194.312500	46.050571
3193.606445	28.334391
3192.901367	53.118687
3192.195313	42.488308
3191.488281	24.780968
3190.782227	74.331261
3190.076172	24.773201
3189.369141	81.384888
3188.663086	28.303343
3187.956055	77.821953
3187.249023	49.515270
3186.541992	42.434975
3185.834961	14.142762
3185.127930	10.605398
3184.420898	49.484039
3183.712891	31.806141
3183.005859	38.868023
3182.297852	42.394764
3181.590820	63.582066
3180.882813	38.849541
3180.174805	35.312157
3179.466797	45.898510
3178.757813	28.240744
3178.049805	45.883904
3177.341797	38.818653
3176.632813	24.698839
3175.924805	31.750582
3175.215820	24.690952
3174.506836	49.374008
3173.797852	42.313805
3173.088867	42.307026
3172.379883	24.675142
3171.669922	45.817913
3170.960938	28.191111
3170.250977	81.036415
3169.541016	21.136534
3168.832031	31.699696
3168.122070	63.389175
3167.412109	38.731583
3166.701172	24.643393
3165.991211	49.278824
3165.281250	66.867592
3164.570313	14.075109
3163.860352	42.218491
3163.149414	38.694012
3162.438477	70.341331
3161.727539	24.615471
3161.016602	52.738865
3160.305664	38.668880
3159.593750	63.266052
3158.882813	38.656292
3158.170898	49.190895
3157.458984	42.156746
3156.748047	52.687332
3156.036133	49.166809
3155.324219	63.204128
3154.611328	31.596893
3153.899414	49.142673
3153.187500	49.134621
3152.474609	49.126560
3151.761719	49.118496
3151.049805	52.618313
3150.336914	77.160843
3149.624023	31.560604
3148.911133	52.592346
3148.197266	52.583679
3147.484375	45.565006
3146.770508	56.070755
3146.057617	56.061493
3145.343750	35.032642
3144.629883	49.037586
3143.916016	42.025257
3143.202148	49.021347
3142.488281	63.016998
3141.774414	38.503998
3141.059570	31.498041
3140.344727	59.486416
3139.630859	55.977905
3138.916016	34.980370
3138.201172	52.461819
3137.486328	59.446819
3136.771484	48.948040
3136.055664	38.452759
3135.340820	62.912186
3134.625000	62.901672
3133.910156	55.903248
3133.194336	55.893894
3132.478516	48.898968
3131.762695	31.429781
3131.046875	41.899349
3130.330078	62.838474
3129.614258	38.394840
3128.897461	73.286926
3128.181641	48.849735
3127.464844	45.352833
3126.748047	80.226120
3126.031250	52.312565
3125.314453	55.790657
3124.596680	20.917967
3123.879883	38.343132
3123.162109	48.792103
3122.445313	62.722095
3121.727539	45.291626
3121.009766	34.833813
3120.291992	45.276287
3119.574219	59.197414
3118.856445	52.224152
3118.137695	45.253246
3117.419922	80.049835
3116.701172	52.197540
3115.982422	62.626396
3115.263672	48.701130
3114.544922	79.995369
3113.826172	55.639469
3113.107422	45.199360
3112.387695	48.667927
3111.668945	45.183929
3110.949219	59.076584
3110.229492	27.795992
3109.509766	79.899803
3108.790039	20.839859
3108.070313	62.508869
3107.350586	55.553917
3106.629883	59.015911
3105.910156	59.005783
3105.189453	41.643990
3104.468750	69.394722
3103.748047	58.975376
3103.027344	69.370857
3102.306641	38.147404
3101.585938	65.879623
3100.864258	62.401516
3100.143555	76.255363
3099.421875	41.586658
3098.700195	58.904263
3097.978516	58.894085
3097.256836	69.275185
3096.535156	41.557919
3095.813477	58.863529
3095.090820	55.391376
3094.369141	51.920418
3093.646484	62.293697
3092.923828	72.663376
3092.201172	38.055161
3091.478516	20.753756
3090.755859	69.167160
3090.032227	48.408596
3089.309570	65.685951
3088.585938	76.044174
3087.863281	69.119026
3087.139648	38.008839
3086.416016	51.821198
3085.692383	62.174587
3084.967773	72.524361
3084.244141	75.964630
3083.519531	51.785011
3082.795898	65.582878
3082.071289	103.533798
3081.346680	58.658882
3080.622070	93.147789
3079.897461	58.638329
3079.171875	79.320297
3078.447266	51.721554
3077.721680	99.977455
3076.997070	51.703392
3076.271484	51.694305
3075.545898	31.011131
3074.820313	79.236725
3074.094727	55.111500
3073.368164	58.545658
3072.642578	79.194870
3071.916016	79.180916
3071.189453	65.398781
3070.463867	65.387238
3069.737305	79.139000
3069.009766	79.125023
3068.283203	75.671425
3067.556641	55.024033
3066.829102	79.083046
3066.102539	68.755699
3065.375000	79.055046
3064.647461	51.548504
3063.919922	72.155106
3063.192383	54.965569
3062.463867	75.564247
3061.736328	72.116699
3061.007813	65.236847
3060.279297	48.060715
3059.551758	89.239738
3058.823242	65.202057
3058.094727	96.070129
3057.365234	41.165581
3056.636719	75.456787
3055.907227	54.867878
3055.178711	78.858505
3054.449219	78.844437
3053.719727	95.967400
3052.990234	71.962692
3052.260742	75.376015
3051.530273	37.681267
3050.800781	37.674530
3050.070313	71.911232
3049.340820	95.864471
3048.610352	51.346767
3047.879883	71.872589
3047.149414	78.703484
3046.417969	78.689369
3045.687500	64.992592
3044.957031	78.661118
3044.225586	75.227554
3043.494141	68.376396
3042.762695	78.618721
3042.031250	61.516624
3041.299805	64.922531
3040.568359	61.494480
3039.835938	71.730637
3039.103516	78.547966
3038.372070	75.119293
3037.639648	64.864052
3036.907227	102.398445
3036.174805	47.777313
3035.441406	78.477119
3034.708984	64.817215
3033.975586	71.627129
3033.243164	78.434570
3032.509766	71.601212
3031.776367	47.725502
3031.042969	119.292152
3030.309570	78.377785
3029.575195	40.885342
3028.841797	68.129883
3028.107422	78.335152
3027.373047	78.320938
3026.638672	74.902077
3025.904297	105.524658
3025.169922	95.295280
3024.435547	85.069603
3023.700195	95.260620
3022.965820	95.243294
3022.230469	112.230591
3021.495117	78.207077
3020.759766	95.191269
3020.024414	64.582298
3019.289063	78.164322
3018.552734	74.752235
3017.817383	122.299515
3017.081055	78.121536
3016.344727	74.711304
3015.608398	78.093002
3014.872070	91.657631
3014.135742	95.034981
3013.398438	91.624107
3012.662109	105.178802
3011.924805	149.258713
3011.187500	78.007309
3010.451172	88.166016
3009.712891	115.272888
3008.975586	61.015633
3008.238281	77.950119
3007.500000	111.820946
3006.762695	108.412521
3006.024414	111.779884
3005.286133	101.599403
3004.547852	104.966751
3003.809570	115.103661
3003.071289	138.775940
3002.332031	104.908836
3001.592773	87.971863
3000.854492	115.018944
3000.115234	104.850891
2999.375977	114.976555
2998.636719	158.908875
2997.896484	91.271240
2997.157227	121.672531
2996.416992	131.787582
2995.677734	121.627609
2994.937500	124.983063
2994.197266	131.714569
2993.457031	114.806854
2992.715820	114.785622
2991.975586	111.388962
2991.234375	124.867546
2990.494141	124.844429
2989.752930	124.821304
2989.011719	151.781570
2988.270508	121.402748
2987.528320	128.123596
2986.787109	131.470871
2986.044922	144.928177
2985.303711	121.312691
2984.561523	134.766861
2983.819336	148.216003
2983.077148	131.348862
2982.334961	185.201157
2981.591797	114.466698
2980.849609	168.302063
2980.106445	198.559494
2979.363281	148.050705
2978.620117	131.202316
2977.876953	137.904953
2977.133789	171.508347
2976.389648	151.302689
2975.646484	168.082748
2974.902344	147.885239
2974.158203	184.822052
2973.414063	167.988678
2972.669922	174.675613
2971.925781	178.001495
2971.181641	161.178787
2970.436523	188.006775
2969.692383	201.398163
2968.947266	164.444397
2968.202148	157.702881
2967.457031	181.156631
2966.710938	264.975830
2965.965820	207.916763
2965.220703	274.935150
2964.474609	238.009003
2963.728516	241.315994
2962.982422	241.270737
2962.236328	247.926178
2961.490234	224.431580
2960.743164	264.578613
2959.997070	244.438110
2959.250000	231.000854
2958.502930	254.387909
2957.755859	267.726410
2957.008789	260.984161
2956.261719	257.589752
2955.514648	230.783752
2954.766602	287.589386
2954.018555	270.818085
2953.271484	277.452698
2952.523438	264.031708
2951.775391	260.640411
2951.026367	310.704987
2950.278320	290.604706
2949.529297	267.172302
2948.781250	303.851166
2948.032227	290.440247
2947.283203	290.385406
2946.534180	307.016205
2945.784180	333.650238
2945.035156	276.877350
2944.285156	306.842194
2943.536133	296.780334
2942.786133	290.056244
2942.036133	303.334747
2941.286133	303.277344
2940.535156	299.887817
2939.785156	303.162476
2939.034180	306.435883
2938.284180	343.009949
2937.533203	276.353668
2936.782227	262.985535
2936.031250	299.546967
2935.279297	279.524109
2934.528320	286.125153
2933.776367	325.987671
2933.025391	232.804123
2932.273438	319.213562
2931.521484	255.987244
2930.768555	272.557983
2930.016602	305.738617
2929.264648	235.905563
2928.511719	289.012390
2927.758789	315.528198
2927.005859	252.374496
2926.252930	288.847382
2925.500000	265.556213
2924.747070	275.462067
2923.993164	318.546021
2923.240234	345.025726
2922.486328	252.086105
2921.732422	245.405441
2920.978516	258.621246
2920.223633	281.777069
2919.469727	271.780090
2918.715820	288.296997
2917.960938	278.302551
2917.206055	274.936859
2916.451172	261.636871
2915.696289	288.076660
2914.941406	271.468628
2914.185547	244.937012
2913.430664	284.602051
2912.674805	248.151962
2911.918945	251.412521
2911.163086	241.442093
2910.407227	267.850189
2909.651367	247.961914
2908.894531	287.580688
2908.138672	284.220673
2907.381836	221.385254
2906.625000	280.808014
2905.868164	284.057129
2905.111328	250.979050
2904.353516	241.025696
2903.596680	254.183762
2902.838867	254.134949
2902.081055	267.285400
2901.323242	260.635651
2900.565430	244.092789
2899.807617	253.939606
2899.049805	253.890747
2898.291016	243.951965
2897.532227	266.977112
2896.773438	247.153442
2896.014648	247.105850
2895.255859	270.117004
2894.497070	253.597595
2893.738281	237.084518
2892.978516	243.623230
2892.218750	227.118408
2891.458984	283.020508
2890.699219	223.740494
2889.939453	230.276642
2889.179688	276.278625
2888.418945	240.052933
2887.659180	286.035217
2886.898438	249.821579
2886.137695	279.351715
2885.376953	266.154297
2884.616211	216.824554
2883.854492	229.920959
2883.093750	243.012283
2882.332031	219.982056
2881.570313	229.787521
2880.808594	265.845520
2880.046875	223.135742
2879.285156	275.584869
2878.522461	265.691071
2877.760742	229.565079
2876.998047	216.405106
2876.235352	258.980133
2875.472656	229.431564
2874.709961	213.002274
2873.946289	249.000473
2873.183594	232.573715
2872.419922	239.078674
2871.656250	255.404312
2870.892578	238.985809
2870.128906	209.481094
2869.365234	186.532837
2868.600586	229.030884
2867.836914	248.613754
2867.072266	225.671219
2866.307617	245.247086
2865.542969	251.738007
2864.778320	245.151642
2864.013672	294.124695
2863.248047	228.719101
2862.483398	215.607422
2861.717773	264.557556
2860.952148	241.647446
2860.186523	228.540863
2859.419922	215.439377
2858.654297	270.878479
2857.887695	254.510849
2857.122070	303.396027
2856.355469	225.056335
2855.588867	238.056595
2854.822266	241.270523
2854.054688	224.924515
2853.288086	241.176254
2852.520508	257.421631
2851.752930	211.761200
2850.985352	250.806534
2850.217773	267.040436
2849.450195	260.476288
2848.682617	250.659363
2847.914063	227.827545
2847.145508	227.782944
2846.377930	224.484924
2845.609375	243.957565
2844.839844	282.935333
2844.071289	201.592560
2843.302734	237.312439
2842.533203	227.515259
2841.763672	253.467285
2840.994141	207.932358
2840.224609	224.133087
2839.455078	220.841415
2838.684570	243.527283
2837.915039	243.479462
2837.144531	253.168900
2836.374023	256.364288
2835.603516	233.602539
2834.833008	217.337418
2834.062500	223.781082
2833.291016	223.737076
2832.520508	239.902710
2831.749023	278.750977
2830.977539	194.439163
2830.206055	246.241119
2829.433594	213.798859
2828.662109	236.427933
2827.889648	197.524139
2827.118164	197.485214
2826.345703	220.104065
2825.573242	200.643555
2824.799805	245.901657
2824.027344	207.034225
2823.254883	242.570374
2822.481445	190.784363
2821.708008	216.610672
2820.934570	229.497330
2820.161133	239.147156
2819.387695	235.868835
2818.613281	197.056931
2817.839844	213.166992
2817.065430	206.666519
2816.291016	167.883347
2815.516602	183.989578
2814.741211	219.452911
2813.966797	229.089310
2813.192383	225.817993
2812.416992	190.294632
2811.641602	216.054489
2810.866211	203.115479
2810.090820	225.639145
2809.314453	199.812210
2808.539063	199.772598
2807.762695	206.175980
2806.986328	196.472504
2806.209961	193.213303
2805.433594	228.590378
2804.657227	209.231339
2803.880859	199.534882
2803.103516	202.712936
2802.326172	196.238617
2801.548828	183.334076
2800.771484	192.944885
2799.994141	202.551849
2799.216797	199.297119
2798.438477	199.257477
2797.660156	189.578262
2796.881836	179.902893
2796.103516	205.562378
2795.325195	150.929825
2794.546875	218.323059
2793.767578	215.069580
2792.989258	198.979965
2792.209961	170.061874
2791.430664	166.819901
2790.651367	211.690735
2789.871094	202.028137
2789.091797	224.430923
2788.311523	192.330978
2787.531250	224.341354
2786.751953	201.866913
2785.970703	208.233795
2785.190430	185.771500
2784.410156	208.150604
2783.628906	185.697281
2782.847656	208.067413
2782.067383	150.418671
2781.285156	198.384933
2780.503906	188.747910
2779.722656	204.702530
2778.940430	182.276688
2778.159180	191.831787
2777.376953	268.510742
2776.594727	188.559052
2775.812500	143.787415
2775.029297	188.483490
2774.247070	194.833694
2773.463867	182.021210
2772.680664	159.635712
2771.897461	181.948212
2771.114258	201.060303
2770.331055	178.684387
2769.546875	200.979584
2768.763672	197.749710
2767.979492	188.143372
2767.195313	216.799652
2766.411133	184.880188
2765.626953	213.525558
2764.841797	159.315384
2764.056641	213.439682
2763.272461	203.841675
2762.487305	203.800644
2761.702148	178.289673
2760.916016	226.000320
2760.130859	225.954819
2759.344727	206.818375
2758.559570	162.240173
2757.773438	209.915558
2756.987305	206.693344
2756.201172	225.727203
2755.414063	178.002441
2754.627930	200.212341
2753.840820	174.753281
2753.053711	177.894699
2752.266602	235.027664
2751.479492	222.278564
2750.692383	196.835526
2749.904297	225.362869
2749.116211	193.582489
2748.328125	196.716187
2747.540039	199.848602
2746.751953	209.322845
2745.963867	164.887650
2745.174805	228.259766
2744.386719	199.686859
2743.597656	196.477432
2742.808594	215.447723
2742.019531	155.217636
2741.229492	209.026276
2740.440430	199.484634
2739.650391	202.609955
2738.861328	221.559692
2738.071289	199.363266
2737.280273	202.486649
2736.490234	186.629486
2735.700195	189.754150
2734.909180	173.905975
2734.118164	183.354492
2733.327148	218.084290
2732.536133	221.199951
2731.745117	202.198837
2730.953125	221.109985
2730.162109	189.484283
2729.370117	179.973434
2728.578125	205.191086
2727.786133	208.305450
2726.994141	170.397018
2726.201172	182.981720
2725.409180	182.944427
2724.616211	189.214279
2723.823242	198.634476
2723.030273	198.593964
2722.236328	220.614929
2721.443359	176.455917
2720.649414	195.322037
2719.856445	160.635315
2719.062500	163.751572
2718.268555	198.350784
2717.473633	173.127991
2716.679688	220.299667
2715.884766	217.108124
2715.089844	185.605194
2714.295898	235.890533
2713.500000	176.095551
2712.705078	182.347336
2711.910156	191.739807
2711.114258	191.700531
2710.318359	201.087219
2709.522461	185.339279
2708.726563	204.145477
2707.930664	188.403320
2707.134766	194.643494
2706.337891	225.991211
2705.541016	182.011108
2704.744141	197.661133
2703.947266	216.441528
2703.150391	210.124680
2702.352539	203.810410
2701.555664	210.038300
2700.757813	188.055313
2699.959961	203.684692
2699.162109	219.307602
2698.364258	206.733185
2697.565430	203.558945
2696.767578	209.779068
2695.968750	212.866241
2695.169922	194.043930
2694.371094	197.133026
2693.571289	228.376877
2692.772461	156.390244
2691.972656	240.791290
2691.173828	212.602966
2690.374023	190.677994
2689.573242	209.389954
2688.773438	212.471268
2687.973633	231.170944
2687.172852	209.260162
2686.372070	199.848969
2685.571289	231.027573
2684.770508	190.402237
2683.969727	177.880020
2683.167969	196.563538
2682.367188	202.761642
2681.565430	177.769531
2680.763672	205.795746
2679.961914	196.400665
2679.159180	239.995483
2678.357422	246.178055
2677.554688	183.816345
2676.751953	270.994965
2675.949219	208.653931
2675.146484	224.178543
2674.343750	183.663696
2673.540039	227.197678
2672.736328	245.820343
2671.932617	223.992203
2671.128906	183.510986
2670.325195	227.008713
2669.521484	242.506760
2668.716797	226.914185
2667.912109	242.405746
2667.107422	257.890839
2666.302734	186.388245
2665.498047	214.301788
2664.693359	211.151901
2663.887695	263.884827
2663.082031	198.648270
2662.276367	223.432648
2661.470703	207.873062
2660.665039	251.256714
2659.858398	189.178467
2659.052734	229.447205
2658.246094	213.899277
2657.439453	198.357819
2656.632813	195.217606
2655.826172	210.666962
2655.051758	192.459961
2655.018555	250.888962
2654.246094	217.293503
2654.210938	213.675446
2653.440430	192.428940
2653.404297	213.630676
2652.634766	217.223434
2652.596680	222.872223
2651.829102	192.366837
2651.788086	219.730682
2651.023438	192.335739
2650.980469	266.096832
2650.217773	241.931610
2650.171875	235.105988
2649.411133	229.487701
2649.364258	210.313828
2648.604492	195.342987
2648.555664	228.822861
2647.798828	195.311295
2647.747070	244.232544
2646.992188	207.678284
2646.938477	216.363098
2646.185547	201.446182
2646.128906	225.588364
2645.378906	226.202759
2645.320313	250.257736
2644.571289	235.460403
2644.510742	244.027176
2643.764648	260.203308
2643.701172	210.004501
2642.957031	229.189316
2642.891602	206.872635
2642.150391	229.151901
2642.081055	200.655075
2641.342773	222.922165
2641.271484	191.353745
2640.535156	219.790054
2640.460938	231.427521
2639.727539	250.705353
2639.651367	215.953476
2638.918945	191.866486
2638.840820	212.823532
2638.111328	235.152588
2638.029297	243.616104
2637.303711	238.207596
2637.218750	228.149200
2636.495117	225.796066
2636.408203	234.265930
2635.686523	194.833054
2635.596680	224.971054
2634.877930	225.721771
2634.785156	234.166962
2634.069336	182.402603
2633.973633	277.244354
2633.260742	225.647369
2633.162109	227.908279
2632.452148	210.157379
2632.349609	227.860062
2631.642578	262.653320
2631.538086	255.518692
2630.833984	225.535568
2630.725586	215.452072
2630.024414	225.498260
2629.913086	249.256042
2629.214844	240.903442
2629.100586	224.590576
2628.405273	240.863510
2628.288086	233.770767
2627.595703	237.736069
2627.474609	242.947052
2626.785156	222.261749
2626.662109	233.671646
2625.975586	203.706085
2625.848633	242.843994
2625.165039	246.875412
2625.035156	239.719131
2624.355469	234.492599
2624.221680	239.668243
2623.544922	246.793198
2623.407227	245.761368
2622.734375	215.908035
2622.593750	239.566422
2621.923828	252.878647
2621.779297	218.020523
2621.113281	215.835968
2620.964844	267.095093
2620.301758	295.954132
2620.150391	254.760666
2619.491211	221.928467
2619.335938	242.431442
2618.679688	215.727661
2618.521484	242.379822
2617.868164	228.016754
2617.706055	266.867767
2617.056641	224.897720
2616.890625	226.942627
2616.245117	231.020523
2616.076172	236.092667
2615.433594	243.300751
2615.259766	211.518448
2614.621094	255.576797
2614.444336	242.121643
2613.809570	237.061478
2613.628906	232.877457
2612.997070	264.725372
2612.812500	257.335938
2612.185547	227.748581
2611.996094	251.155243
2611.373047	243.095993
2611.179688	238.852722
2610.559570	233.825027
2610.363281	241.863251
2609.747070	239.937790
2609.546875	257.116058
2608.934570	236.821625
2608.729492	223.398315
2608.121094	227.556305
2607.912109	235.588898
2607.308594	282.859955
2607.095703	235.538467
2606.495117	202.886887
2606.277344	266.070892
2605.681641	307.352234
2605.459961	250.725739
2604.868164	276.570068
2604.642578	281.241760
2604.054688	251.943268
2603.824219	216.998749
2603.240234	236.540665
2603.005859	265.842834
2602.426758	245.714737
2602.187500	247.455750
2601.612305	230.318359
2601.369141	247.402618
2600.798828	300.898041
2600.550781	247.349503
2599.984375	211.820679
2599.731445	222.872025
2599.169922	263.963348
2598.913086	265.557526
2598.354492	254.711823
2598.093750	225.827957
2597.540039	239.326828
2597.274414	219.677231
2596.725586	227.014832
2596.455078	256.234955
2595.910156	230.043228
2595.634766	250.080276
2595.094727	223.870407
2594.815430	262.222839
2594.279297	242.229187
2593.995117	237.778778
2593.463867	232.990646
2593.174805	252.966461
2592.648438	254.406647
2592.354492	265.100433
2591.833008	174.682999
2591.533203	201.067307
2591.016602	245.126968
2590.712891	234.527893
2590.201172	254.275497
2589.891602	258.838531
2589.384766	202.160172
2589.070313	225.293106
2588.568359	266.437958
2588.249023	206.981369
2587.751953	293.949829
2587.427734	252.584412
2586.935547	251.038834
2586.606445	246.444733
2586.118164	263.239166
2585.784180	273.768219
2585.301758	223.408615
2584.961914	282.832611
2584.484375	257.028473
2584.139648	246.284744
2583.666992	253.924683
2583.317383	279.670227
2582.849609	223.292694
2582.495117	224.903381
2582.032227	238.545380
2581.671875	264.356110
2581.214844	226.273056
2580.849609	227.843750
2580.397461	223.176575
2580.026367	239.943344
2579.579102	253.704666
2579.203125	221.671661
2578.761719	223.099075
2578.379883	209.479767
2577.943359	253.616501
2577.555664	248.892868
2577.125000	241.352020
2576.732422	188.146378
2576.306641	247.419128
2575.908203	239.682770
2575.488281	265.700165
2575.083984	260.863708
2574.668945	232.065445
2574.259766	257.774292
2573.850586	274.766418
2573.434570	245.590240
2573.031250	262.508728
2572.610352	272.818604
2572.211914	283.826141
2571.785156	239.421906
2571.392578	265.468384
2570.959961	260.579651
2570.573242	222.710358
2570.134766	248.405472
2569.753906	259.274902
2569.309570	263.494629
2568.933594	259.229492
2568.484375	224.072937
2568.114258	314.070099
2567.658203	214.941925
2567.293945	231.700409
2566.832031	230.028397
2566.473633	301.767303
2566.005859	236.030167
2565.653320	259.047638
2565.179688	226.902435
2564.833008	255.955032
2564.353516	202.655151
2564.012695	234.584198
2563.526367	275.187775
2563.191406	246.726974
2562.699219	263.033966
2562.371094	264.956390
2561.872070	262.976318
2561.549805	264.909698
2561.044922	244.786346
2560.728516	264.863007
2560.217773	232.647095
2559.907227	292.211090
2559.389648	271.865509
2559.085938	258.682892
2558.562500	220.464706
2558.264648	261.679993
2557.734375	298.920715
2557.442383	276.845001
2556.906250	271.686371
2556.620117	282.879486
2556.078125	250.500137
2555.798828	255.458832
2555.249023	250.445023
2554.976563	255.413605
2554.420898	271.507141
2554.154297	261.448547
2553.591797	262.399109
2553.331055	288.758240
2552.762695	277.418396
2552.508789	288.707001
2551.933594	292.431030
2551.686523	276.501831
2551.103516	274.282013
2550.863281	230.883591
2550.274414	298.328888
2550.040039	239.954773
2549.444336	253.071686
2549.216797	279.391296
2548.614258	234.943253
2548.393555	248.978363
2547.784180	258.982788
2547.570313	236.790909
2546.954102	258.925537
2546.746094	276.206848
2546.123047	273.918762
2545.922852	245.810623
2545.292969	276.867584
2545.098633	248.800934
2544.461914	294.858887
2544.274414	297.294373
2543.630859	261.704529
2543.450195	291.175140
2542.799805	300.743164
2542.625977	288.090576
2541.967773	297.669739
2541.801758	291.071045
2541.136719	282.573242
2540.976563	254.641602
2540.304688	279.505096
2540.151367	278.843262
2539.472656	246.390656
2539.327148	281.823669
2538.640625	276.376892
2538.501953	248.445160
2537.807617	294.336060
2537.676758	257.488434
2536.975586	273.251282
2536.850586	287.729553
2536.142578	282.196808
2536.025391	284.649689
2535.309570	288.136841
2535.199219	248.266830
2534.476563	294.074219
2534.374023	251.249298
2533.643555	261.007721
2533.547852	281.469666
2532.809570	233.954773
2532.721680	308.653137
2531.976563	260.891357
2531.895508	281.368347
2531.142578	278.821655
2531.068359	284.342590
2530.308594	293.746490
2530.242188	278.242584
2529.473633	218.762299
2529.415039	281.216217
2528.639648	251.670242
2528.588867	284.188751
2527.804688	245.623169
2527.761719	262.978271
2526.969727	242.573502
2526.934570	308.263641
2526.134766	245.513275
2526.106445	296.121338
2525.299805	272.398865
2525.279297	277.941193
2524.464844	272.337830
2524.452148	262.788116
2523.628906	260.308594
2523.624023	241.600494
2522.795898	295.906982
2522.792969	215.379486
2521.967773	289.815521
2521.957031	302.061798
2521.139648	298.818054
2521.121094	269.103546
2520.311523	274.621307
2520.285156	281.000580
2519.482422	304.744110
2519.448242	289.903534
2518.654297	289.605164
2518.612305	298.802429
2517.825195	274.471649
2517.775391	292.760498
2516.996094	319.656097
2516.937500	280.747894
2516.166992	229.145691
2516.100586	310.544769
2515.337891	274.321869
2515.263672	319.430786
2514.507813	301.397675
2514.425781	259.665558
2513.678711	256.141327
2513.587891	280.494904
2512.848633	307.313568
2512.750000	286.398254
2512.018555	262.072571
2511.912109	280.368317
2511.188477	256.001160
2511.073242	259.431183
2510.358398	295.100403
2510.234375	274.279022
2509.528320	267.950378
2509.395508	289.120117
2508.697266	282.952026
2508.556641	303.954407
2507.867188	261.833221
2507.717773	297.927063
2507.036133	252.758224
2506.878906	300.838165
2506.205078	291.822113
2506.039063	294.814148
2505.374023	297.784515
2505.199219	342.383240
2504.542969	330.811035
2504.359375	282.774170
2503.710938	276.627594
2503.519531	285.685852
2502.879883	282.589355
2502.678711	288.596191
2502.047852	261.497467
2501.838867	297.454224
2501.215820	288.495941
2500.998047	285.491150
2500.383789	288.442902
2500.157227	291.372559
2499.551758	306.414246
2499.316406	312.113831
2498.719727	294.343872
2498.474609	317.986420
2497.886719	333.328125
2497.633789	297.115845
2497.053711	327.261932
2496.791992	305.959564
2496.221680	324.199799
2495.950195	311.829346
2495.388672	336.145233
2495.108398	296.912537
2494.554688	291.072113
2494.265625	296.844727
2493.721680	306.019348
2493.423828	293.809143
2492.888672	311.962128
2492.581055	332.314148
2492.054688	335.897186
2491.738281	314.439636
2491.220703	305.849854
2490.895508	293.607544
2490.387695	308.791290
2490.051758	311.330597
2489.552734	299.741913
2489.208984	287.544281
2488.718750	362.620636
2488.365234	281.550934
2487.884766	308.619934
2487.521484	275.560333
2487.049805	323.541534
2486.677734	331.781403
2486.215820	299.519989
2485.833008	319.858582
2485.380859	311.443054
2484.989258	316.824097
2484.545898	308.391205
2484.144531	322.671844
2483.710938	290.372772
2483.299805	322.597595
2482.875000	326.234619
2482.455078	319.564392
2482.040039	302.234650
2481.609375	298.783051
2481.204102	350.048340
2480.764648	319.417145
2480.368164	332.035400
2479.918945	272.033325
2479.532227	302.066132
2479.073242	319.269775
2478.696289	299.019714
2478.227539	304.418457
2477.860352	304.943329
2477.381836	342.761017
2477.023438	343.744629
2476.535156	295.415314
2476.187500	301.841217
2475.688477	345.555969
2475.350586	328.676666
2474.841797	321.853699
2474.513672	364.464325
2473.995117	336.539703
2473.676758	304.659210
2473.148438	318.753204
2472.839844	391.204987
2472.300781	339.334442
2472.001953	325.445648
2471.453125	277.304657
2471.165039	340.310760
2470.605469	345.075684
2470.327148	292.493164
2469.757813	291.919312
2469.489258	313.326935
2468.910156	318.383392
2468.651367	316.251801
2468.061523	356.624390
2467.813477	366.902771
2467.212891	318.235291
2466.975586	307.186249
2466.364258	368.242126
2466.136719	336.947021
2465.515625	323.977570
2465.297852	345.827698
2464.666992	306.234650
2464.458984	327.878571
2463.817383	332.658112
2463.620117	318.876587
2462.967773	350.239624
2462.781250	312.857574
2462.118164	341.330322
2461.942383	259.176178
2461.268555	332.425110
2461.102539	333.589417
2460.418945	320.582855
2460.263672	378.195496
2459.568359	296.984344
2459.423828	318.577240
2458.717773	335.131561
2458.583984	342.331726
2457.867188	311.540558
2457.744141	351.196045
2457.016602	282.083801
2456.903320	279.713684
2456.166016	355.459747
2456.063477	315.362396
2455.314453	299.573425
2455.222656	342.074005
2454.462891	328.866089
2454.382813	285.503601
2453.611328	296.497070
2453.541992	312.210693
2452.759766	293.492401
2452.701172	309.178955
2451.907227	340.371094
2451.859375	335.871429
2451.055664	331.490326
2451.018555	312.033997
2450.203125	302.083710
2450.176758	329.802216
2449.350586	293.216034
2449.334961	291.121735
2448.497070	316.598602
2448.493164	350.468079
2447.651367	332.584747
2447.644531	301.869995
2446.809570	332.521851
2446.791016	313.519012
2445.967773	276.059631
2445.937500	316.374329
2445.125000	305.685577
2445.083984	287.012512
2444.282227	287.824127
2444.230469	295.728607
2443.439453	299.636383
2443.375977	316.149780
2442.596680	323.308685
2442.522461	298.515137
2441.753906	281.729370
2441.667969	295.518433
2440.911133	346.906128
2440.813477	304.223999
2440.067383	296.444702
2439.958008	304.151794
2439.223633	323.063354
2439.103516	289.460327
2438.380859	257.808960
2438.248047	321.546112
2437.536133	331.828918
2437.392578	274.710419
2436.692383	316.954865
2436.537109	315.549591
2435.848633	254.700333
2435.680664	297.948090
2435.003906	310.912170
2434.825195	303.717804
2434.160156	325.655548
2433.968750	300.725677
2433.315430	301.914001
2433.112305	309.410828
2432.470703	295.937775
2432.255859	344.356201
2431.625000	328.428345
2431.398438	274.252106
2430.780273	278.075500
2430.541992	277.103394
2429.935547	301.683960
2429.684570	303.282715
2429.089844	298.669281
2428.827148	306.125580
2428.244141	313.395081
2427.968750	294.393097
2427.398438	328.115234
2427.111328	300.150665
2426.552734	331.007996
2426.252930	308.818787
2425.706055	304.350983
2425.394531	329.133453
2424.860352	289.521332
2424.536133	282.462616
2424.013672	289.465973
2423.677734	296.951111
2423.166992	298.270142
2422.818359	308.522034
2422.320313	283.450043
2421.959961	282.258789
2421.473633	292.251923
2421.100586	276.372406
2420.626953	321.710693
2420.240234	296.665161
2419.779297	274.434540
2419.380859	305.316925
2418.931641	274.381958
2418.520508	305.243225
2418.084961	289.078247
2417.661133	229.603714
2417.237305	289.022827
2416.799805	299.284363
2416.388672	315.505219
2415.939453	313.736847
2415.541016	333.133148
2415.079102	290.426758
2414.692383	280.013947
2414.217773	293.259949
2413.844727	279.960175
2413.356445	252.548828
2412.996094	356.512360
2412.147461	282.798431
2411.298828	270.963043
2410.449219	276.800323
2409.600586	309.132355
2408.750977	256.088959
2407.901367	270.754578
2407.051758	291.299347
2406.202148	317.719910
2405.352539	317.658661
2404.501953	299.953125
2403.651367	311.655884
2402.801758	314.535339
2401.950195	293.901550
2401.099609	285.029449
2400.249023	317.291107
2399.397461	326.041748
2398.546875	346.535950
2397.695313	314.171021
2396.843750	308.239044
2395.991211	325.789642
2395.139648	264.102661
2394.288086	325.663544
2393.435547	272.800415
2392.583008	369.528961
2391.730469	304.948914
2390.877930	293.163269
2390.024414	290.175385
2389.171875	254.953140
2388.318359	328.151855
2387.464844	298.794556
2386.611328	313.380493
2385.757813	322.104279
2384.903320	286.909882
2384.049805	345.395782
2383.195313	318.989990
2382.340820	304.298248
2381.486328	330.567413
2380.631836	283.706177
2379.776367	347.984161
2378.921875	333.298065
2378.066406	277.694275
2377.210938	315.633026
2376.355469	321.415405
2375.499023	309.667175
2374.643555	286.240234
2373.787109	294.945129
2372.930664	321.164673
2372.074219	326.940186
2371.217773	350.224640
2370.361328	361.828094
2369.503906	320.913788
2368.647461	350.019348
2367.790039	277.044464
2366.932617	303.231445
2366.075195	300.256989
2365.216797	306.027313
2364.359375	297.225464
2363.500977	314.647705
2362.642578	320.411713
2361.784180	302.875336
2360.925781	355.226410
2360.067383	337.690033
2359.208008	308.518311
2358.348633	317.187714
2357.490234	346.219513
2356.629883	340.333862
2355.770508	314.092651
2354.911133	302.400177
2354.050781	372.111664
2353.190430	325.533722
2352.330078	290.597961
2351.469727	354.459747
2350.609375	336.960999
2349.749023	339.798950
2348.887695	322.309906
2348.026367	325.149536
2347.165039	313.475311
2346.303711	293.099701
2345.442383	316.253174
2344.580078	342.298309
2343.717773	336.430267
2342.856445	368.260498
2341.994141	330.499298
2341.130859	362.318054
2340.268555	353.552582
2339.405273	373.764557
2338.542969	341.825623
2337.679688	353.343079
2336.816406	338.794830
2335.953125	364.783813
2335.088867	370.500732
2334.225586	358.851593
2333.361328	315.379700
2332.497070	358.709534
2331.632813	355.746246
2330.767578	277.600616
2329.903320	309.347717
2329.038086	335.301147
2328.172852	306.335144
2327.307617	332.278839
2326.442383	329.324097
2325.577148	352.364655
2324.710938	314.755096
2323.845703	332.015137
2322.979492	360.814362
2322.113281	343.427063
2321.246094	349.129547
2320.379883	337.520996
2319.512695	348.990753
2318.646484	360.455963
2317.779297	354.618103
2316.912109	366.077545
2316.043945	331.421570
2315.176758	363.050476
2314.308594	342.812744
2313.440430	391.707947
2312.572266	359.953949
2311.704102	394.430908
2310.835938	339.661072
2309.966797	362.616638
2309.098633	356.789642
2308.229492	365.348724
2307.360352	373.904388
2306.490234	356.576050
2305.621094	365.129974
2304.750977	344.935791
2303.881836	341.992981
2303.011719	318.938110
2302.141602	341.856293
2301.270508	341.787964
2300.400391	376.178711
2299.529297	353.135315
2298.658203	341.582855
2297.787109	364.473450
2296.916016	350.054016
2296.044922	327.034149
2295.172852	332.704926
2294.300781	361.313965
2293.428711	384.177521
2292.556641	326.772064
2291.684570	346.767456
2290.812500	335.236816
2289.939453	346.628357
2289.066406	335.102295
2288.193359	355.079865
2287.320313	334.967743
2286.447266	332.038086
2285.573242	380.622345
2284.699219	360.517151
2283.825195	360.444672
2282.951172	340.351532
2282.077148	331.704498
2281.203125	360.227234
2280.328125	314.420837
2279.453125	380.086853
2278.578125	342.866455
2277.703125	379.933807
2276.828125	379.857269
2275.952148	359.792297
2275.077148	334.025513
2274.201172	348.229889
2273.325195	390.966187
2272.448242	313.851166
2271.572266	410.776794
2270.695313	356.505127
2269.819336	384.947845
2268.942383	387.721008
2268.064453	361.989868
2267.187500	390.414154
2266.310547	353.296143
2265.432617	373.164856
2264.554688	341.761292
2263.676758	407.183197
2262.798828	358.704254
2261.919922	395.633362
2261.041992	378.479065
2260.163086	341.415741
2259.284180	398.237732
2258.405273	392.469116
2257.525391	375.329193
2256.646484	409.367065
2255.766602	324.016571
2254.886719	386.467743
2254.006836	372.183899
2253.126953	377.789459
2252.247070	389.072601
2251.366211	352.081818
2250.485352	352.010376
2249.604492	363.291779
2248.723633	388.756775
2247.842773	374.492462
2246.960938	394.271790
2246.080078	365.832550
2245.198242	447.982910
2244.316406	348.675262
2243.433594	371.277802
2242.551758	382.536713
2241.668945	373.959778
2240.786133	393.710815
2239.903320	387.966919
2239.020508	427.526093
2238.137695	418.946838
2237.253906	399.050476
2236.371094	390.480438
2235.487305	376.255890
2234.603516	398.806488
2233.718750	458.109772
2232.834961	359.062164
2231.950195	378.775696
2231.065430	392.828918
2230.180664	378.621063
2229.295898	341.819366
2228.411133	353.047058
2227.525391	426.393707
2226.639648	400.897583
2225.753906	392.347687
2224.868164	318.893707
2223.982422	375.258301
2223.095703	389.286102
2222.209961	346.901428
2221.323242	363.748962
2220.436523	397.504700
2219.549805	445.339600
2218.662109	394.523865
2217.775391	425.434998
2216.887695	354.925995
2216.000000	411.179169
2215.112305	366.043365
2214.223633	388.489441
2213.335938	374.336945
2212.447266	419.283905
2211.558594	340.422424
2210.669922	390.983490
2209.781250	396.527710
2208.891602	438.621429
2208.001953	399.175934
2207.113281	421.578094
2206.222656	384.962189
2205.333008	441.070343
2204.443359	370.759949
2203.552734	407.190399
2202.662109	423.952423
2201.771484	398.601685
2200.880859	373.261353
2199.990234	392.825806
2199.098633	409.576813
2198.208008	381.445007
2197.316406	381.366425
2196.424805	381.287811
2195.532227	381.209229
2194.640625	369.920898
2193.748047	378.250153
2192.855469	392.178467
2191.962891	386.496155
2191.070313	403.217102
2190.176758	389.136139
2189.284180	417.045380
2188.390625	397.370544
2187.497070	369.310394
2186.603516	408.395264
2185.708984	422.294067
2184.815430	357.897095
2183.920898	396.959991
2183.026367	371.723633
2182.131836	410.767395
2181.237305	379.951050
2180.341797	393.838287
2179.446289	421.682709
2178.551758	399.259186
2177.655273	427.090912
2176.759766	399.093719
2175.864258	418.542999
2174.967773	390.559143
2174.071289	393.267242
2173.174805	443.379578
2172.278320	393.104065
2171.381836	387.447693
2170.484375	381.793610
2169.586914	409.576660
2168.689453	406.705933
2167.791992	401.051270
2166.894531	403.752411
2165.996094	406.452393
2165.097656	414.717896
2164.199219	420.197144
2163.300781	381.159149
2162.402344	386.643036
2161.502930	355.971283
2160.604492	419.847412
2159.705078	419.759979
2158.805664	400.217529
2157.905273	439.036041
2157.005859	425.053894
2156.105469	419.410156
2155.205078	416.545715
2154.304688	360.931000
2153.404297	399.717041
2152.502930	399.633636
2151.602539	418.972778
2150.701172	432.755676
2149.799805	449.306244
2148.898438	432.574860
2147.996094	493.475861
2147.094727	429.622314
2146.192383	429.532471
2145.290039	390.654266
2144.387695	426.582764
2143.484375	429.262939
2142.582031	448.555084
2141.678711	442.924622
2140.775391	451.134949
2139.872070	437.204865
2138.968750	467.545166
2138.064453	495.106781
2137.160156	406.510803
2136.255859	447.897552
2135.351563	464.388916
2134.447266	453.236908
2133.542969	486.298523
2132.637695	411.609467
2131.732422	469.522919
2130.827148	466.662964
2129.921875	507.976013
2129.015625	452.666077
2128.109375	480.166687
2127.204102	463.511719
2126.296875	463.414246
2125.390625	521.231323
2124.484375	518.364380
2123.577148	501.715179
2122.669922	556.731445
2121.762695	457.415619
2120.855469	462.829132
2119.947266	495.783844
2119.040039	498.433105
2118.131836	520.353516
2117.223633	498.222870
2116.315430	522.886047
2115.406250	511.769897
2114.498047	489.654907
2113.588867	503.302948
2112.679688	508.696045
2111.770508	486.595551
2110.860352	475.498535
2109.951172	494.633789
2109.041016	497.276581
2108.130859	447.728912
2107.220703	491.573761
2106.309570	513.434814
2105.399414	414.503998
2104.488281	452.838928
2103.577148	466.462494
2102.666016	485.566864
2101.753906	510.148560
2100.842773	414.065063
2099.930664	457.842377
2099.018555	487.896149
2098.106445	457.648132
2097.194336	490.428925
2096.281250	410.886688
2095.368164	501.175323
2094.455078	465.473785
2093.541992	468.112366
2092.628906	489.908203
2091.714844	476.122375
2090.800781	413.098785
2089.887695	478.654999
2088.972656	478.553131
2088.058594	492.121307
2087.143555	434.614594
2086.229492	527.438660
2085.314453	486.342377
2084.399414	491.702087
2083.483398	488.866180
2082.568359	486.031403
2081.652344	455.898499
2080.736328	436.695770
2079.820313	515.736755
2078.903320	504.713928
2077.987305	485.512909
2077.070313	469.047089
2076.153320	463.493988
2075.236328	490.653412
2074.319336	452.394714
2073.401367	474.095459
2072.483398	506.683258
2071.565430	512.021851
2070.647461	473.791107
2069.729492	476.411987
2068.810547	462.701080
2067.892578	495.256165
2066.973633	476.105774
2066.053711	511.363953
2065.134766	505.815399
2064.215820	511.144562
2063.295898	489.288696
2062.375977	464.724457
2061.456055	489.078583
2060.535156	494.406555
2059.615234	472.572815
2058.694336	518.632202
2057.773438	496.802521
2056.852539	483.124756
2055.930664	499.302399
2055.009766	496.481903
2054.087891	526.211731
2053.166016	501.691772
2052.244141	501.583679
2051.321289	460.815399
2050.399414	449.875671
2049.476563	501.259338
2048.553711	487.606598
2047.630859	506.459747
2046.707031	514.473694
2045.783203	500.826721
2044.860352	514.251465
2043.936523	476.256317
2043.011719	505.912964
2042.087891	481.460083
2041.163086	521.919617
2040.238281	500.177429
2039.313477	491.959930
2038.388672	513.473328
2037.463867	489.044983
2036.538086	513.250916
2035.612305	545.548462
2034.686523	477.926483
2033.760742	534.513672
2032.833984	502.009949
2031.907227	464.123505
2031.056641	467.146393
2030.980469	488.303009
2030.130859	526.552307
2030.053711	552.930237
2029.204102	499.465210
2029.126953	555.506775
2028.278320	518.276245
2028.199219	523.033447
2027.351563	491.199524
2027.272461	541.787964
2026.425781	485.719421
2026.344727	555.144531
2025.499023	528.804810
2025.416992	476.889374
2024.572266	488.252167
2024.488281	538.740784
2023.645508	455.804413
2023.560547	538.623474
2022.717773	490.782806
2022.631836	527.736084
2021.791016	506.876190
2021.703125	562.616394
2020.863281	522.963989
2020.774414	522.123413
2019.935547	498.617767
2019.844727	546.226501
2019.007813	479.669281
2018.916016	521.895752
2018.080078	536.167908
2017.986328	532.540283
2017.152344	490.280792
2017.056641	497.466919
2016.223633	463.263000
2016.126953	524.242554
2015.295898	541.278625
2015.196289	505.313202
2014.367188	565.418030
2014.265625	521.326294
2013.438477	498.020905
2013.335938	542.705627
2012.509766	516.776184
2012.405273	534.528809
2011.581055	500.540924
2011.473633	529.040894
2010.651367	449.333130
2010.542969	488.651672
2009.722656	478.847473
2009.611328	523.440796
2008.792969	524.489746
2008.679688	577.000671
2007.863281	500.196228
2007.748047	568.824890
2006.933594	510.864990
2006.816406	507.001648
2006.002930	518.841614
2005.883789	531.028137
2005.073242	481.122284
2004.952148	538.955872
2004.142578	486.413788
2004.019531	512.029785
2003.212891	518.572388
2003.085938	506.557037
2002.282227	518.482544
2002.153320	549.319580
2001.351563	451.243317
2001.220703	503.655640
2000.419922	496.818573
2000.287109	557.113647
1999.489258	499.417297
1999.353516	511.467896
1998.557617	534.229919
1998.419922	554.191528
1997.625977	512.664124
1997.485352	556.746338
1996.695313	485.738464
1996.550781	556.623840
1995.762695	504.435974
1995.617188	529.746460
1994.831055	509.713379
1994.682617	537.654541
1993.899414	523.035583
1993.747070	537.536133
1992.966797	539.034790
1992.812500	550.786316
1992.034180	490.677185
1991.876953	553.338013
1991.101563	522.761230
1990.941406	529.163147
1990.168945	503.907196
1990.005859	574.469604
1989.236328	562.776428
1989.070313	526.258362
1988.303711	546.601196
1988.133789	486.080597
1987.370117	503.642059
1987.198242	534.036560
1986.436523	554.444641
1986.261719	536.588196
1985.502930	532.923096
1985.325195	555.152649
1984.569336	522.119202
1984.387695	581.714050
1983.635742	524.704285
1983.451172	560.242798
1982.702148	500.522491
1982.513672	522.777588
1981.767578	572.689453
1981.576172	519.995239
1980.833008	519.075378
1980.638672	533.210388
1979.898438	564.461670
1979.700195	543.754089
1978.963867	518.891968
1978.761719	567.617432
1978.029297	481.360962
1977.824219	564.827332
1977.093750	510.687042
1976.885742	551.383606
1976.159180	526.636230
1975.946289	527.293457
1975.223633	515.851624
1975.007813	567.114014
1974.288086	566.534363
1974.068359	561.664246
1973.352539	529.027771
1973.128906	516.296997
1972.416992	504.891296
1972.189453	596.004272
1971.480469	582.257813
1971.250000	542.668945
1970.543945	547.438599
1970.309570	585.101074
1969.608398	547.341064
1969.369141	590.288818
1968.671875	515.209717
1968.428711	571.548889
1967.734375	525.793823
1967.488281	571.421631
1966.797852	528.368530
1966.547852	581.923096
1965.861328	560.290710
1965.606445	603.046143
1964.923828	544.185120
1964.665039	517.919739
1963.986328	581.427124
1963.723633	570.912354
1963.048828	546.656982
1962.782227	584.059082
1962.111328	543.892883
1961.839844	528.190063
1961.173828	554.458008
1960.898438	557.262024
1960.235352	538.367432
1959.956055	565.096680
1959.296875	578.241394
1959.012695	562.317932
1958.358398	554.159424
1958.070313	567.495911
1957.419922	554.059753
1957.127930	593.881592
1956.481445	569.939697
1956.184570	577.844727
1955.542969	553.860352
1955.241211	511.463623
1954.603516	548.435913
1954.297852	535.194397
1953.664063	566.969849
1953.353516	614.540955
1952.725586	569.528870
1952.409180	561.437439
1951.785156	593.373901
1951.465820	630.151672
1950.845703	609.229004
1950.520508	569.126953
1949.906250	555.920715
1949.576172	518.715576
1948.965820	566.457825
1948.631836	568.871521
1948.025391	598.262573
1947.686523	603.132874
1947.084961	622.080383
1946.741211	613.576294
1946.144531	560.833984
1945.795898	563.199890
1945.204102	576.677246
1944.849609	652.953430
1944.262695	579.229553
1943.904297	602.590637
1943.322266	584.437378
1942.958008	597.170349
1942.380859	621.515869
1942.011719	578.543579
1941.439453	562.980286
1941.065430	596.901367
1940.498047	592.083740
1940.118164	609.969666
1939.555664	584.012085
1939.170898	617.752014
1938.614258	583.905640
1938.223633	601.776489
1937.671875	559.916443
1937.276367	567.336609
1936.729492	567.773682
1936.329102	588.313904
1935.787109	588.891296
1935.380859	633.019958
1934.844727	591.435852
1934.432617	566.952271
1933.901367	599.282776
1933.484375	580.006042
1932.958984	604.475525
1932.536133	632.590759
1932.015625	580.508301
1931.587891	590.284424
1931.072266	585.702393
1930.638672	634.939087
1930.128906	593.544250
1929.689453	605.821228
1929.185547	566.942749
1928.740234	655.718689
1928.241211	577.433777
1927.791016	650.304443
1927.297852	566.734497
1926.840820	629.099304
1926.353516	550.743469
1925.890625	623.693298
1925.409180	640.651001
1924.940430	663.017029
1924.464844	595.536987
1923.990234	583.953796
1923.519531	566.317505
1923.040039	662.715881
1922.575195	555.629700
1922.088867	591.576111
1921.629883	619.016052
1921.137695	628.242432
1920.684570	597.742798
1920.186523	622.843445
1919.739258	592.343689
1919.235352	667.368042
1918.793945	594.878174
1918.283203	598.918396
1917.847656	586.837952
1917.331055	619.791870
1916.902344	544.442566
1916.378906	582.891663
1915.956055	639.469482
1915.426758	627.384399
1915.009766	636.709106
1914.474609	645.612366
1914.063477	557.347412
1913.521484	640.217346
1913.116211	599.499573
1912.568359	679.419800
1912.169922	594.107361
1911.615234	616.321167
1911.222656	633.596863
1910.662109	647.644836
1910.275391	628.200195
1909.708008	621.282288
1909.328125	612.249390
1908.753906	631.623535
1908.380859	609.497009
1907.799805	589.555054
1907.432617	580.365295
1906.845703	626.095093
1906.485352	590.807373
1905.891602	615.475464
1905.537109	646.075195
1904.936523	623.189697
1904.588867	543.129272
1903.981445	609.957581
1903.640625	601.021240
1903.026367	615.052124
1902.692383	632.535889
1902.071289	685.560303
1901.743164	650.863281
1901.115234	669.706665
1900.793945	592.780884
1900.159180	638.167480
1899.845703	571.597290
1899.203125	606.642700
1898.895508	618.895142
1898.247070	619.574402
1897.946289	587.182007
1897.290039	692.613647
1896.997070	616.030762
1896.333984	653.258728
1896.046875	631.708008
1895.376953	621.759033
1895.096680	615.799866
1894.419922	608.556641
1894.146484	657.782410
1893.461914	637.139832
1893.196289	612.938110
1892.504883	676.152283
1892.246094	591.781860
1891.546875	662.946106
1891.294922	641.633911
1890.588867	607.995239
1890.344727	546.863770
1889.629883	594.810669
1889.393555	607.220032
1888.671875	625.971802
1888.442383	672.809814
1887.712891	628.434692
1887.491211	646.406433
1886.753906	675.215454
1886.539063	654.166138
1885.794922	604.686218
1885.587891	604.135925
1884.835938	685.326050
1884.635742	606.648132
1883.875977	682.562073
1883.683594	638.041809
1882.916016	614.684387
1882.731445	616.919800
1881.956055	664.017639
1881.778320	587.931580
1880.996094	656.053406
1880.826172	608.814026
1880.035156	635.078857
1879.873047	669.044006
1879.074219	640.135681
1878.919922	626.946106
1878.113281	686.815247
1877.966797	647.809021
1877.152344	658.044922
1877.013672	679.152832
1876.191406	639.689270
1876.059570	697.376038
1875.229492	636.940613
1875.106445	608.122375
1874.267578	667.982117
1874.152344	589.661987
1873.305664	649.636658
1873.198242	634.093750
1872.342773	597.526428
1872.244141	594.677429
1871.380859	633.749756
1871.289063	586.706726
1870.417969	654.375671
1870.334961	615.401184
1869.455078	651.626770
1869.379883	625.757019
1868.491211	620.328369
1868.424805	630.873352
1867.528320	638.347717
1867.469727	594.111877
1866.564453	661.547180
1866.513672	656.800293
1865.600586	669.173523
1865.558594	669.756226
1864.636719	687.168457
1864.602539	651.318359
1863.671875	629.972961
1863.646484	601.504517
1862.708008	629.825317
1862.690430	617.078064
1861.743164	676.320435
1861.734375	630.031372
1860.778320	629.910950
1860.778320	601.032654
1859.821289	653.309631
1859.812500	655.282654
1858.864258	645.346375
1858.847656	647.360474
1857.907227	655.671814
1857.881836	639.441833
1856.950195	663.381409
1856.916016	696.232422
1855.993164	652.809326
1855.949219	652.079224
1855.035156	621.355347
1854.983398	651.925720
1854.077148	647.338501
1854.016602	698.327393
1853.119141	652.433777
1853.049805	618.003418
1852.161133	644.480774
1852.083008	669.561340
1851.203125	660.009338
1851.115234	651.311401
1850.244141	652.057800
1850.147461	648.573730
1849.286133	638.893799
1849.179688	666.504028
1848.327148	667.450378
1848.211914	614.691833
1847.368164	638.647888
1847.244141	707.503113
1846.408203	677.618286
1846.275391	609.238098
1845.449219	646.219055
1845.306641	702.006592
1844.489258	664.331055
1844.337891	665.716248
1843.530273	672.017090
1843.369141	735.210022
1842.570313	648.449524
1842.399414	660.242615
1841.609375	713.417114
1841.429688	711.655273
1840.649414	656.008728
1840.459961	739.842712
1839.688477	671.498230
1839.490234	711.317444
1838.728516	692.186035
1838.519531	649.309448
1837.767578	715.467468
1837.549805	729.011475
1836.805664	707.525452
1836.579102	754.592102
1835.844727	702.187134
1835.607422	695.192444
1834.882813	668.248657
1834.636719	718.194458
1833.921875	678.517944
1833.665039	754.053223
1832.959961	688.783142
1832.693359	692.122742
1831.998047	686.050903
1831.721680	753.693665
1831.035156	636.552490
1830.749023	709.794556
1830.073242	703.968323
1829.777344	727.622803
1829.110352	732.400391
1828.804688	776.288269
1828.147461	698.501526
1827.832031	724.705139
1827.184570	654.231140
1826.858398	670.577332
1826.221680	750.142944
1825.885742	744.907593
1825.258789	737.021301
1824.912109	726.752930
1824.294922	672.011841
1823.938477	693.202393
1823.331055	703.010620
1822.963867	662.234558
1822.367188	682.124634
1821.990234	713.399414
1821.403320	692.364197
1821.015625	741.449402
1820.438477	648.154663
1820.041016	723.316650
1819.474609	684.317810
1819.066406	764.172241
1818.509766	720.466736
1818.090820	722.968933
1817.544922	704.779480
1817.115234	738.173584
1816.580078	696.870056
1816.139648	732.870911
1815.614258	727.814941
1815.164063	701.951965
1814.649414	719.903870
1814.187500	699.221497
1813.683594	657.625305
1813.211914	740.023010
1812.717773	719.622253
1812.235352	696.324158
1811.751953	657.367920
1811.257813	714.071777
1810.786133	654.651611
1810.281250	721.575562
1809.819336	734.721863
1809.303711	731.633789
1808.852539	716.472046
1808.326172	734.014343
1807.885742	700.815369
1807.348633	705.710510
1806.918945	762.730530
1806.371094	713.208496
1805.952148	718.635559
1805.392578	730.925415
1804.984375	697.818359
1804.414063	733.303223
1804.017578	684.761230
1803.435547	712.689758
1803.049805	744.047119
1802.456055	725.285828
1802.082031	718.070984
1801.477539	712.343628
1801.113281	736.007141
1800.498047	724.933350
1800.145508	735.862366
1799.518555	729.860962
1799.176758	678.925293
1798.538086	747.542725
1798.208008	676.210632
1797.558594	775.418518
1797.239258	748.329956
1796.578125	800.730530
1796.270508	763.662170
1795.597656	729.149963
1795.301758	727.399536
1794.616211	757.009460
1794.332031	747.887512
1793.635742	767.017578
1793.362305	747.739929
1792.654297	769.377808
1792.392578	786.260925
1791.672852	764.095764
1791.422852	788.683044
1790.690430	771.547913
1790.452148	757.604614
1789.708984	796.816467
1789.482422	752.302124
1788.726563	794.076172
1788.511719	731.546448
1787.744141	737.902771
1787.541016	754.580017
1786.760742	819.125610
1786.569336	772.454651
1785.778320	762.973206
1785.598633	795.470764
1784.794922	813.638306
1784.626953	808.182434
1783.811523	800.728394
1783.656250	813.168945
1782.828125	813.238403
1782.684570	854.172791
1781.843750	795.253113
1781.711914	835.997314
1780.859375	871.260925
1780.740234	858.977661
1779.875000	848.190857
1779.767578	840.808289
1778.890625	817.515381
1778.795898	850.924438
1777.905273	827.466736
1777.823242	845.614990
1776.919922	938.917542
1776.849609	824.889038
1775.934570	799.151306
1775.876953	778.478882
1774.949219	864.899231
1774.903320	847.679749
1773.962891	798.756287
1773.929688	893.739014
1772.977539	831.515015
1772.956055	878.155029
1771.991211	841.447021
1771.982422	872.845825
1771.008789	864.972046
1771.003906	823.501587
1770.034180	941.784912
1770.017578	825.830627
1769.060547	828.708191
1769.030273	840.821289
1768.085938	884.976318
1768.042969	843.144531
1767.110352	877.105957
1767.054688	825.215698
1766.135742	858.982117
1766.067383	825.010559
1765.160156	861.374329
1765.079102	847.576050
1764.185547	863.765503
1764.090820	900.483459
1763.209961	902.031860
1763.102539	859.798096
1762.233398	876.230896
1762.113281	836.830078
1761.257813	829.947632
1761.124023	846.731628
1760.281250	834.903809
1760.134766	861.681824
1759.305664	893.629333
1759.145508	856.414063
1758.329102	852.490051
1758.155273	883.982300
1757.351563	824.164795
1757.165039	876.186157
1756.375000	882.856934
1756.174805	830.527649
1755.397461	839.185730
1755.184570	916.127808
1754.420898	854.365479
1754.193359	865.435486
1753.443359	910.458557
1753.202148	797.110901
1752.464844	859.136902
1751.487305	871.746826
1750.509766	874.127869
1749.531250	871.396973
1748.552734	802.239624
1747.574219	855.720703
1746.594727	812.132874
1745.616211	842.610046
1744.636719	834.782043
1743.657227	849.928223
1742.677734	900.793640
1741.697266	872.547974
1740.717773	872.372314
1739.737305	890.048584
1738.756836	900.068298
1737.775391	884.591370
1736.794922	886.961792
1735.813477	846.011292
1734.833008	929.915100
1733.851563	932.274658
1732.869141	881.152771
1731.887695	901.344177
1730.905273	929.164307
1729.922852	880.618835
1728.940430	921.154846
1727.958008	931.144958
1726.975586	933.500244
1725.992188	938.397461
1725.008789	956.005493
1724.025391	899.886719
1723.041992	950.535217
1722.057617	940.178528
1721.074219	1000.960144
1720.089844	980.437256
1719.105469	952.304138
1718.120117	1005.429138
1717.135742	1022.994202
1716.150391	966.952026
1715.165039	981.980103
1714.179688	1007.149658
1713.194336	1029.772461
1712.208008	1004.204407
1711.222656	1004.000183
1710.236328	1067.166870
1709.250000	1061.881104
1708.262695	1043.928345
1707.276367	1104.514771
1706.289063	1091.625854
1705.301758	1068.613159
1704.314453	1106.371460
1703.327148	1088.427368
1702.338867	1179.310913
1701.350586	1087.983398
1700.362305	1115.587891
1699.374023	1171.001709
1698.385742	1097.431885
1697.396484	1137.657715
1696.407227	1162.701416
1695.417969	1132.138672
1694.428711	1131.907227
1693.439453	1141.780029
1692.449219	1156.699707
1691.458984	1161.513062
1690.468750	1201.667480
1689.478516	1158.513550
1688.487305	1122.947510
1687.497070	1205.975220
1686.505859	1099.785400
1685.514648	1155.042358
1684.522461	1129.591431
1683.531250	1134.401489
1682.539063	1136.689087
1681.546875	1035.661499
1680.554688	1123.625732
1679.562500	1133.470337
1678.569336	1070.279785
1677.576172	1135.522339
1676.583008	1107.598999
1675.589844	1099.820923
1674.596680	1092.046021
1673.602539	1089.305664
1672.608398	1106.687866
1671.614258	1141.665649
1670.620117	1126.345581
1669.625977	1143.709106
1668.630859	1120.855347
1667.635742	1128.162109
1666.640625	1107.832764
1665.645508	1074.953857
1664.649414	1145.041748
1663.654297	1107.147461
1662.658203	1066.758545
1661.662109	1053.990845
1660.665039	1071.336060
1659.668945	1138.843384
1658.671875	1100.988770
1657.674805	1123.328125
1656.677734	1128.109619
1655.679688	1135.395508
1654.682617	1140.172485
1653.684570	1109.872192
1652.686523	1097.118408
1651.688477	1086.873901
1650.689453	1064.114624
1649.691406	1101.443481
1648.692383	1131.248291
1647.693359	1068.457764
1646.693359	1140.786255
1645.694336	1128.043701
1644.694336	1117.806885
1643.694336	1175.078857
1642.694336	1114.843384
1641.694336	1117.111084
1640.693359	1099.388794
1639.692383	1141.627930
1638.691406	1153.878540
1637.690430	1128.668213
1636.689453	1210.819214
1635.687500	1168.135132
1634.685547	1167.892212
1633.683594	1200.083862
1632.681641	1169.900635
1631.678711	1209.560059
1630.676758	1191.854248
1629.673828	1181.634399
1628.670898	1248.682495
1627.666992	1223.503662
1626.664063	1163.456421
1625.660156	1235.447632
1624.656250	1162.971191
1623.652344	1207.544556
1622.647461	1135.104004
1621.643555	1226.950562
1620.638672	1259.041260
1619.633789	1216.487305
1618.628906	1166.489502
1617.623047	1183.652344
1616.617188	1168.488159
1615.611328	1210.499390
1614.605469	1192.850586
1613.599609	1254.715698
1612.592773	1251.968994
1611.586914	1264.124756
1610.580078	1268.826172
1609.572266	1211.462769
1608.565430	1248.438843
1607.557617	1310.213867
1606.549805	1312.420288
1605.541992	1344.390625
1604.534180	1339.148926
1603.526367	1348.785645
1602.517578	1331.150513
1601.508789	1400.264893
1600.500000	1375.192749
1599.490234	1392.245117
1598.481445	1409.290161
1597.471680	1446.138062
1596.461914	1344.328735
1595.452148	1353.947144
1594.441406	1343.763672
1593.430664	1321.213379
1592.420898	1380.303467
1591.409180	1320.657593
1590.398438	1384.667847
1589.387695	1386.848389
1588.375977	1319.823730
1587.364258	1393.677612
1586.352539	1385.972412
1585.339844	1353.570068
1584.328125	1340.937256
1583.315430	1432.006714
1582.302734	1397.146362
1581.289063	1317.877686
1580.276367	1364.480469
1579.262695	1297.586426
1578.249023	1275.115112
1577.235352	1316.765381
1576.220703	1348.536621
1575.207031	1326.068359
1574.192383	1355.359619
1573.177734	1303.333984
1572.163086	1243.940552
1571.147461	1379.127441
1570.131836	1324.667114
1569.117188	1351.465454
1568.100586	1410.247314
1567.084961	1355.814697
1566.068359	1451.472412
1565.052734	1389.674927
1564.036133	1384.462402
1563.018555	1462.842896
1562.001953	1383.875610
1560.984375	1388.497192
1559.966797	1366.089844
1558.949219	1397.734253
1557.931641	1387.613770
1556.913086	1360.309570
1555.894531	1342.836426
1554.875977	1318.007446
1553.857422	1280.919434
1552.837891	1292.914063
1551.819336	1334.337402
1550.799805	1302.173828
1549.780273	1247.957764
1548.759766	1272.204956
1547.740234	1269.483643
1546.719727	1308.416992
1545.699219	1268.943359
1544.678711	1276.020752
1543.657227	1295.338379
1542.636719	1307.303101
1541.615234	1280.100952
1540.593750	1287.169434
1539.571289	1255.089722
1538.549805	1198.562988
1537.527344	1237.435791
1536.504883	1239.616943
1535.481445	1124.461792
1534.458984	1231.756104
1533.435547	1219.276001
1532.412109	1204.358154
1531.388672	1196.773682
1530.365234	1238.029907
1529.340820	1210.910522
1528.316406	1235.060059
1527.291992	1195.751099
1526.267578	1219.893188
1525.243164	1170.847046
1524.217773	1202.300171
1523.192383	1243.492676
1522.166992	1201.785645
1521.140625	1233.211548
1520.115234	1198.834351
1519.088867	1210.758179
1518.062500	1234.854858
1517.036133	1222.414795
1516.008789	1219.718140
1514.981445	1263.269409
1513.954102	1250.830811
1512.926758	1323.552612
1511.899414	1262.456543
1510.871094	1327.848389
1509.842773	1317.837646
1508.814453	1261.643555
1507.786133	1222.486328
1506.756836	1261.101563
1505.727539	1328.852295
1504.698242	1296.991821
1503.668945	1367.133789
1502.639648	1357.128540
1501.609375	1327.709595
1500.579102	1409.932861
1499.548828	1351.400269
1498.518555	1358.386353
1497.487305	1324.141479
1496.456055	1413.568115
1495.424805	1379.325806
1494.393555	1412.958984
1493.361328	1393.269775
1492.330078	1501.984375
1491.297852	1603.385864
1490.264648	1612.725952
1489.232422	1573.642090
1488.199219	1595.086670
1487.166016	1652.820923
1486.132813	1715.368896
1485.099609	1722.255127
1484.065430	1874.240601
1483.032227	1883.506958
1481.998047	1849.257202
1480.962891	1836.773315
1479.928711	1923.362305
1478.893555	2053.397217
1477.858398	1968.419556
1476.823242	2047.679199
1475.788086	2006.194580
1474.751953	2003.346436
1473.715820	2014.978149
1472.679688	1918.036621
1471.643555	1883.851440
1470.606445	1827.976807
1469.569336	1960.188477
1468.532227	1889.857910
1467.495117	1899.087891
1466.458008	1720.373779
1465.419922	1852.493286
1464.381836	1852.091064
1463.343750	1803.530518
1462.305664	1754.990845
1461.266602	1737.761353
1460.227539	1795.135986
1459.188477	1777.905029
1458.149414	1662.063843
1457.109375	1745.869629
1456.069336	1663.744995
1455.029297	1817.221802
1453.989258	1699.068970
1452.949219	1790.001099
1451.908203	1804.024170
1450.867188	1830.049194
1449.826172	1805.639282
1448.784180	1771.637329
1447.743164	1754.450562
1446.701172	1847.650269
1445.659180	1799.266724
1444.617188	1748.505615
1443.574219	1724.144287
1442.531250	1790.896484
1441.488281	1725.788330
1440.445313	1687.068848
1439.401367	1751.389038
1438.358398	1683.936279
1437.314453	1626.092041
1436.269531	1637.708008
1435.225586	1649.318726
1434.180664	1615.452271
1433.135742	1639.026123
1432.090820	1641.059448
1431.045898	1545.032471
1430.000000	1702.511108
1428.954102	1704.528809
1427.908203	1783.029175
1426.862305	1734.846436
1425.816406	1794.192749
1424.769531	1777.079468
1423.722656	1769.525513
1422.674805	1826.437134
1421.627930	1830.810181
1420.580078	1830.408203
1419.532227	1822.848511
1418.484375	1810.520996
1417.436523	1838.741699
1416.387695	1852.643677
1415.338867	1861.771606
1414.290039	1868.512085
1413.241211	1899.077148
1412.191406	1955.833496
1411.141602	1955.402954
1410.091797	1928.779053
1409.041992	1906.928101
1407.991211	1996.954102
1406.940430	1939.402832
1405.889648	1896.151367
1404.838867	1845.782959
1403.788086	1781.168213
1402.736328	1863.989136
1401.684570	1873.085815
1400.632813	1758.600952
1399.580078	1717.821289
1398.528320	1774.452393
1397.475586	1681.438721
1396.421875	1730.929321
1395.369141	1711.555786
1394.315430	1699.310669
1393.261719	1689.443604
1392.208008	1634.507202
1391.154297	1650.747803
1390.099609	1681.208496
1389.045898	1645.275513
1387.990234	1564.324585
1386.935547	1691.939941
1385.880859	1629.967285
1384.825195	1648.554932
1383.769531	1669.502075
1382.712891	1664.396606
1381.657227	1701.899902
1380.600586	1680.223633
1379.543945	1694.046509
1378.487305	1610.879150
1377.429688	1674.374634
1376.373047	1782.765381
1375.315430	1813.099609
1374.257813	1741.795776
1373.199219	1710.691528
1372.140625	1677.238647
1371.082031	1648.523926
1370.023438	1648.156982
1368.964844	1685.561646
1367.905273	1623.820923
1366.845703	1536.151001
1365.786133	1514.576294
1364.726563	1582.638794
1363.666016	1516.259033
1362.605469	1624.369263
1361.544922	1593.365112
1360.484375	1682.557373
1359.422852	1496.057861
1358.361328	1693.583252
1357.299805	1622.556641
1356.238281	1638.674927
1355.176758	1600.646362
1354.114258	1694.422974
1353.051758	1670.515503
1351.988281	1719.540283
1350.925781	1759.135742
1349.862305	1761.093140
1348.798828	1857.078735
1347.735352	1887.215332
1346.670898	1839.798828
1345.607422	1898.115234
1344.542969	1902.386841
1343.477539	1998.232178
1342.413086	1979.003174
1341.347656	2027.846924
1340.282227	2053.203369
1339.216797	1970.632446
1338.150391	1909.207642
1337.084961	1976.781616
1336.018555	1929.449097
1334.952148	1900.888550
1333.884766	1933.267822
1332.817383	1862.547974
1331.750000	1944.109253
1330.682617	1840.633423
1329.615234	1999.423462
1328.546875	1865.552002
1327.478516	1895.553955
1326.410156	1869.390259
1325.341797	1880.664307
1324.272461	1889.594482
1323.203125	1842.406372
1322.133789	1900.429199
1321.063477	1888.314819
1319.994141	1957.983032
1318.923828	1892.133545
1317.853516	1844.996948
1316.782227	1891.277954
1315.711914	1855.834351
1314.640625	1792.400269
1313.569336	1766.327881
1312.497070	1838.244629
1311.425781	1807.508789
1311.421875	1757.812988
1310.353516	1711.497803
1310.349609	1774.132202
1309.281250	1827.670410
1309.277344	1699.226685
1308.208008	1692.076294
1308.204102	1726.888794
1307.135742	1768.587646
1307.130859	1635.707397
1306.062500	1691.308594
1306.057617	1675.018555
1304.988281	1660.646484
1304.984375	1691.023071
1303.915039	1664.926514
1303.911133	1616.197754
1302.840820	1697.140869
1302.837891	1615.907715
1301.767578	1615.292358
1301.763672	1599.321533
1300.692383	1645.175903
1300.689453	1668.860840
1299.618164	1575.008301
1299.615234	1626.671997
1298.542969	1583.953735
1298.541016	1617.072144
1297.468750	1571.966309
1297.465820	1581.886108
1296.392578	1594.857178
1296.391602	1590.904297
1295.317383	1571.250610
1295.316406	1539.456787
1294.241211	1419.845337
1294.241211	1569.404175
1293.166016	1569.120361
1293.165039	1531.039063
1292.089844	1503.758667
1292.088867	1535.335571
1291.013672	1554.609497
1291.012695	1546.596680
1289.938477	1535.740723
1289.935547	1553.208862
1288.862305	1537.784912
1288.858398	1518.037109
1287.785156	1546.795776
1287.781250	1584.988770
1286.708984	1583.668091
1286.704102	1570.706299
1285.631836	1574.093262
1285.625977	1605.140991
1284.554688	1569.164185
1284.547852	1616.369385
1283.477539	1561.915894
1283.469727	1493.119019
1282.400391	1487.378174
1282.391602	1578.542725
1281.323242	1491.746582
1281.312500	1538.785034
1280.245117	1595.854126
1280.233398	1485.143799
1279.166992	1530.626709
1279.154297	1459.323608
1278.088867	1541.940308
1278.075195	1516.885742
1277.010742	1472.109497
1276.995117	1523.484253
1275.931641	1481.111084
1275.915039	1502.302002
1274.853516	1605.980957
1274.834961	1548.242798
1273.774414	1517.639893
1273.753906	1464.593384
1272.695313	1533.577148
1272.673828	1566.038208
1271.615234	1500.869141
1271.592773	1524.050781
1270.536133	1482.067139
1270.510742	1491.330811
1269.456055	1592.928833
1269.429688	1497.923218
1268.375977	1525.503906
1268.347656	1469.846069
1267.295898	1495.134766
1267.265625	1471.818726
1266.215820	1538.825317
1266.183594	1515.370605
1265.134766	1538.541138
1265.101563	1475.760864
1264.054688	1480.427612
1264.018555	1440.786987
1262.973633	1482.466553
1262.935547	1475.081543
1261.892578	1456.756592
1261.852539	1486.281372
1260.810547	1468.046265
1260.768555	1481.324219
1259.729492	1463.151123
1259.684570	1441.766846
1258.647461	1451.324585
1258.600586	1473.722534
1257.565430	1432.570313
1257.516602	1466.465332
1256.483398	1448.475342
1256.432617	1496.095093
1255.401367	1529.046875
1255.347656	1454.265137
1254.318359	1528.762329
1254.262695	1500.012695
1253.235352	1496.153320
1253.177734	1548.042603
1252.152344	1569.744873
1252.091797	1570.715820
1251.069336	1629.460571
1251.005859	1577.260498
1249.986328	1555.313599
1249.919922	1558.479492
1248.902344	1605.780640
1248.833984	1611.053467
1247.818359	1672.375488
1247.747070	1730.331177
1246.734375	1669.756348
1246.660156	1679.320923
1245.650391	1720.172729
1245.573242	1741.029419
1244.566406	1706.017944
1244.486328	1788.912964
1243.481445	1790.983154
1243.398438	1825.279663
1242.396484	1827.520142
1242.311523	1850.137817
1241.311523	1748.836670
1241.222656	1755.499878
1240.226563	1764.634033
1240.134766	1835.495972
1239.141602	1805.761108
1239.045898	1814.399414
1238.055664	1750.153320
1237.958008	1765.758301
1236.969727	1835.012695
1236.868164	1783.713257
1235.883789	1793.231567
1235.779297	1707.560059
1234.797852	1684.721558
1234.689453	1707.162964
1233.710938	1739.630005
1233.599609	1619.592285
1232.624023	1626.569092
1232.509766	1630.682983
1231.537109	1594.058594
1231.419922	1584.443848
1230.450195	1596.057007
1230.329102	1584.074829
1229.363281	1579.659546
1229.238281	1579.121948
1228.275391	1542.577759
1228.147461	1510.012695
1227.188477	1468.733887
1227.055664	1479.879761
1226.100586	1440.878906
1225.964844	1513.889038
1225.011719	1440.605591
1224.872070	1447.132446
1223.923828	1451.817993
1223.780273	1428.480713
1222.834961	1405.607300
1222.688477	1405.260132
1221.747070	1432.895874
1221.595703	1409.508057
1220.657227	1416.552124
1220.502930	1384.014648
1219.568359	1386.441895
1219.409180	1479.748779
1218.479492	1360.932861
1218.316406	1362.788208
1217.389648	1461.634033
1217.222656	1403.617676
1216.299805	1381.061035
1216.128906	1430.714844
1215.209961	1445.020630
1215.035156	1409.815063
1214.120117	1421.812256
1213.940430	1450.604126
1213.029297	1433.004517
1212.845703	1445.696289
1211.938477	1512.963379
1211.750977	1440.790527
1210.847656	1517.257813
1210.655273	1454.149292
1209.756836	1567.380127
1209.560547	1485.759766
1208.666016	1555.624512
1208.464844	1583.525513
1207.574219	1585.104248
1207.369141	1615.090210
1206.482422	1713.049805
1206.272461	1628.394531
1205.390625	1589.075317
1205.175781	1598.369995
1204.298828	1668.895386
1204.079102	1641.306152
1203.207031	1574.731567
1202.982422	1552.036743
1202.114258	1604.178101
1201.885742	1620.026855
1201.021484	1560.397827
1200.788086	1596.865479
1199.928711	1592.122803
1199.690430	1607.876343
1198.835938	1550.648315
1198.591797	1489.098022
1197.742188	1541.202759
1197.494141	1518.339600
1196.648438	1536.332886
1196.395508	1499.774658
1195.554688	1513.178589
1195.296875	1513.072388
1194.460938	1483.177002
1194.197266	1442.197510
1193.367188	1421.198486
1193.098633	1373.630005
1192.272461	1443.767944
1191.999023	1450.610596
1191.177734	1466.328491
1190.899414	1400.258301
1190.083008	1463.760986
1189.798828	1409.017456
1188.988281	1383.568237
1188.698242	1413.228027
1187.893555	1438.084229
1187.597656	1358.376587
1186.797852	1348.798218
1186.497070	1348.970825
1185.702148	1321.154907
1185.396484	1323.676025
1184.606445	1307.210205
1184.294922	1284.773560
1183.509766	1313.798706
1183.193359	1250.428101
1182.414063	1327.225952
1182.090820	1252.400146
1181.317383	1290.487427
1180.989258	1240.761230
1180.220703	1240.085693
1179.886719	1217.788818
1179.124023	1233.006714
1178.784180	1197.094360
1178.026367	1216.815552
1177.680664	1210.409912
1176.929688	1196.073975
1176.578125	1185.194336
1175.832031	1198.118408
1175.474609	1150.928223
1174.734375	1186.497681
1174.371094	1254.847168
1173.635742	1215.865479
1173.266602	1168.496216
1172.538086	1220.180664
1172.162109	1188.593628
1171.439453	1192.629761
1171.057617	1197.364014
1170.340820	1128.680542
1169.953125	1167.660645
1169.242188	1192.162842
1168.848633	1140.233521
1168.142578	1178.281128
1167.743164	1234.958130
1167.043945	1182.598511
1166.637695	1132.905151
1165.944336	1116.426758
1165.531250	1207.239014
1164.844727	1193.500977
1164.425781	1118.802368
1163.744141	1193.266602
1163.319336	1240.556641
1162.644531	1179.397461
1162.211914	1140.858276
1161.543945	1204.157471
1161.105469	1140.585083
1160.443359	1092.614624
1159.998047	1167.408325
1159.342773	1115.110474
1158.890625	1234.853638
1158.241211	1126.244141
1157.783203	1184.904419
1157.140625	1212.289917
1156.675781	1198.158691
1156.039063	1148.497681
1155.567383	1175.312378
1154.937500	1134.655151
1154.458984	1231.413452
1153.835938	1170.733032
1153.349609	1197.295776
1152.733398	1143.280762
1152.241211	1183.482422
1151.630859	1208.825806
1151.131836	1149.392212
1150.528320	1190.446655
1150.022461	1203.191650
1149.425781	1210.614746
1148.912109	1243.449341
1148.323242	1194.508667
1147.801758	1202.612427
1147.219727	1203.336792
1146.691406	1251.856567
1146.116211	1264.272827
1145.581055	1240.299805
1145.012695	1264.022095
1144.470703	1276.007935
1143.909180	1259.241699
1143.359375	1253.200928
1142.804688	1249.934204
1142.248047	1207.911011
1141.700195	1190.823975
1141.135742	1284.079346
1140.595703	1165.689087
1140.024414	1256.789551
1139.491211	1244.663208
1138.912109	1222.769653
1138.386719	1242.153076
1137.798828	1249.440186
1137.281250	1305.245239
1136.686523	1192.971558
1136.175781	1246.181885
1135.573242	1212.897705
1135.070313	1207.492798
1134.459961	1212.603760
1133.963867	1284.118286
1133.346680	1241.495117
1132.858398	1207.011353
1132.232422	1214.260376
1131.751953	1272.306641
1131.118164	1256.600464
1130.645508	1287.868652
1130.003906	1256.295410
1129.539063	1323.754883
1128.889648	1244.776123
1128.431641	1233.149658
1127.774414	1242.231323
1127.325195	1298.386963
1126.659180	1235.204102
1126.217773	1255.232544
1125.543945	1284.210083
1125.109375	1239.181152
1124.428711	1259.250366
1124.001953	1317.917847
1123.312500	1245.503052
1122.893555	1288.322388
1122.196289	1305.667847
1121.786133	1335.436035
1121.079102	1372.520264
1120.677734	1287.805786
1119.962891	1394.570313
1119.568359	1337.155151
1118.845703	1407.657715
1118.459961	1409.028931
1117.728516	1398.364502
1117.350586	1347.888184
1116.610352	1447.233276
1116.241211	1376.913330
1115.492188	1411.098999
1115.131836	1412.685791
1114.374023	1399.575317
1114.021484	1365.096313
1113.255859	1426.055298
1112.912109	1486.439331
1112.136719	1416.767578
1111.801758	1393.819214
1111.018555	1391.845581
1110.691406	1380.030762
1109.898438	1302.162354
1109.580078	1427.019775
1108.779297	1283.979004
1108.469727	1300.711548
1107.659180	1270.269287
1107.358398	1311.698730
1106.539063	1278.885254
1106.247070	1234.952393
1105.418945	1182.622559
1105.134766	1149.240845
1104.297852	1153.331421
1104.023438	1151.257202
1103.177734	1175.350586
1102.911133	1103.814453
1102.055664	1157.223877
1101.798828	1049.647949
1100.934570	1076.688965
1100.686523	1098.873535
1099.812500	1105.395996
1099.574219	1127.858643
1098.690430	1078.386841
1098.460938	1132.122803
1097.568359	1149.401733
1097.347656	1154.351563
1096.446289	1126.848511
1096.234375	1111.455688
1095.323242	1106.532715
1095.121094	1115.720093
1094.200195	1164.132202
1094.006836	1039.182251
1093.076172	1097.084961
1092.892578	1077.119263
1091.953125	1154.657959
1091.778320	1150.937378
1090.829102	1181.063110
1090.664063	1152.946655
1089.704102	1136.297485
1089.548828	1094.403809
1088.580078	1111.561768
1088.434570	1078.486084
1087.455078	1117.954224
1087.319336	1053.607788
1086.330078	1113.233154
1086.203125	1051.151978
1085.204102	1139.614746
1085.087891	1129.366089
1084.079102	1112.680908
1083.971680	1086.569336
1082.953125	1063.556641
1082.855469	1131.145752
1081.827148	1072.171753
1081.739258	1052.534790
1080.700195	1125.167603
1080.623047	1020.974426
1079.573242	1051.670288
1079.505859	1027.481567
1078.446289	1073.590210
1078.388672	1087.699463
1077.319336	1048.929321
1077.271484	1051.675537
1076.191406	1037.582764
1076.154297	984.346130
1075.063477	1092.736816
1075.036133	977.434753
1073.935547	1034.849487
1073.918945	1010.778381
1072.806641	1016.868164
1072.800781	1010.571472
1071.681641	1008.129272
1071.677734	1034.333008
1070.563477	1003.453064
1070.548828	978.717407
1069.444336	1007.716248
1069.419922	1036.030029
1068.325195	1020.913330
1068.290039	993.720398
1067.206055	1040.805298
1067.160156	1062.063354
1066.086914	989.232056
1066.030273	1033.040405
1064.966797	1078.331909
1064.899414	1048.262329
1063.846680	966.504761
1063.768555	1045.788574
1062.726563	1086.815552
1062.637695	1091.944946
1061.606445	1088.823364
1061.506836	1038.634277
1060.485352	1048.446167
1060.375000	1104.652710
1059.364258	1119.599365
1059.243164	1102.166382
1058.243164	1079.232300
1058.111328	1079.807373
1057.122070	1061.175171
1056.978516	1152.387939
1056.000000	1067.643311
1055.845703	1116.784546
1054.877930	1036.225098
1054.712891	988.524597
1053.755859	1102.850952
1053.580078	1065.484619
1052.633789	1046.935425
1052.446289	1124.762207
1051.511719	1089.033691
1051.312500	1062.742310
1050.388672	1086.582275
1050.177734	1005.162170
1049.265625	1026.252075
1049.043945	1051.187012
1048.142578	1046.071167
1047.909180	1035.499023
1047.018555	1061.431519
1046.774414	1006.602905
1045.895508	1061.212158
1045.638672	1070.208374
1044.771484	1058.768311
1044.502930	1028.108521
1043.646484	1025.191650
1043.367188	968.422180
1042.522461	1036.096313
1042.231445	987.980347
1041.397461	1018.098389
1041.094727	974.530701
1040.273438	942.323792
1039.958008	1000.674744
1039.147461	971.014526
1038.821289	1029.004028
1038.022461	959.705505
1037.683594	989.175598
1036.896484	1008.370178
1036.545898	1043.864258
1035.771484	1041.470215
1035.408203	977.687195
1034.645508	974.649353
1034.269531	1023.564636
1033.518555	1049.916626
1033.131836	1062.830688
1032.392578	1031.944702
1031.992188	1031.824585
1031.265625	1016.198792
1030.853516	1027.171753
1030.138672	1020.424133
1029.713867	1083.960205
1029.011719	1035.736816
1028.574219	1009.097839
1027.883789	995.608337
1027.434570	1017.612549
1026.755859	1035.305786
1026.294922	1028.315186
1025.627930	1012.925598
1025.154297	1074.084229
1024.500000	1101.354736
1024.012695	1003.682983
1023.372070	1076.754272
1022.872070	1062.579834
1022.243164	1054.379028
1021.730469	1038.213867
1021.114258	1009.866760
1020.588867	1068.604248
1019.985352	1062.795898
1019.447266	1042.059570
1018.855469	1071.428833
1018.304688	1011.151062
1017.726563	1022.513977
1017.162109	1008.703186
1016.596680	1068.768555
1016.019531	1054.381592
1015.466797	1024.299072
1014.875977	1027.866821
1014.335938	1001.966553
1013.732422	1007.924744
1013.206055	990.700134
1012.588867	1009.850891
1012.075195	1036.922241
1011.445313	1055.481079
1010.944336	1105.229492
1010.300781	1087.979248
1009.812500	1116.048096
1009.156250	1076.777710
1008.681641	1076.042725
1008.010742	1107.069580
1007.549805	1071.399170
1006.866211	1170.090576
1006.417969	1080.009155
1005.720703	1104.314819
1005.285156	1148.235229
1004.574219	1197.849609
1004.153320	1203.186401
1003.428711	1132.100220
1003.020508	1238.249512
1002.282227	1203.771362
1001.887695	1213.715332
1001.135742	1188.197998
1000.753906	1173.747192
999.988281	1207.506226
999.621094	1175.706543
998.840820	1148.358398
998.487305	1177.664917
997.693359	1180.737305
997.353516	1221.515381
996.545898	1132.516235
996.219727	1203.623047
995.397461	1201.896729
995.084961	1119.618896
994.249023	1121.042969
993.950195	1143.621948
993.100586	1127.279541
992.815430	1176.426880
991.951172	1094.351074
991.680664	1143.140503
990.801758	1083.190186
990.545898	1134.091187
989.652344	1054.638794
989.410156	1107.432373
988.274414	1089.589478
987.138672	1058.549561
986.001953	1053.925659
984.865234	1020.706360
983.728516	989.700256
982.591797	1055.457397
981.455078	1050.837646
980.317383	1055.011475
979.179688	1026.221191
978.041992	1083.126587
976.903320	1023.590698
975.765625	1106.825195
974.626953	1071.461060
973.487305	1117.332397
972.348633	1150.016113
971.208984	1138.801270
970.069336	1199.985107
968.929688	1149.285034
967.790039	1151.234009
966.649414	1201.414185
965.508789	1234.037598
964.368164	1222.818481
963.226563	1237.895508
962.085938	1233.251465
960.944336	1263.649902
959.802734	1265.570801
958.660156	1232.465210
957.517578	1216.882568
956.375977	1185.989136
955.232422	1128.856323
954.089844	1157.050049
952.946289	1045.278198
951.802734	1106.272095
950.659180	990.186584
949.515625	1048.980591
948.371094	1040.017334
947.226563	1017.950928
946.082031	1057.045288
944.937500	1026.250488
943.791992	975.821289
942.646484	997.438599
941.500977	988.497009
940.354492	992.648987
939.208984	909.551880
938.062500	1018.393005
936.916016	1002.913391
935.768555	1037.575195
934.621094	985.049561
933.474609	960.871277
932.326172	1010.768188
931.178711	1075.888916
930.030273	1021.222168
928.881836	1023.180176
927.733398	1016.431152
926.584961	1048.853760
925.435547	1055.155396
924.286133	1067.979492
923.136719	1054.702271
921.986328	1074.043213
920.836914	1028.164551
919.686523	1043.156250
918.535156	1036.413574
917.384766	1116.566040
916.233398	1064.201660
915.082031	1042.258911
913.930664	998.616455
912.779297	1059.173584
911.626953	1006.866211
910.474609	1041.361328
909.322266	1019.446472
908.168945	1045.249512
907.015625	1068.873169
905.862305	1070.810181
904.708984	1040.238770
903.555664	1057.347778
902.401367	1072.283081
901.247070	1059.057007
900.091797	1017.687561
898.937500	1097.566162
897.782227	1116.808105
896.626953	1114.402710
895.471680	1179.064331
894.315430	1165.831421
893.159180	1165.579102
892.002930	1219.377197
890.846680	1253.697876
889.689453	1266.392822
888.532227	1250.994141
887.375000	1306.886719
886.217773	1308.763062
885.059570	1323.593628
883.901367	1418.291016
882.743164	1495.681030
881.584961	1460.831543
880.425781	1415.210327
879.266602	1393.334351
878.107422	1408.126465
876.948242	1371.169678
875.788086	1416.136230
874.627930	1336.093750
873.467773	1342.266724
872.307617	1238.580200
871.146484	1197.392578
869.985352	1227.275635
868.824219	1147.360474
867.662109	1149.262817
866.500000	1185.591431
865.337891	1041.200073
864.175781	1060.330078
863.013672	1133.209106
861.850586	1089.965332
860.687500	1102.623657
859.523438	1098.085327
858.360352	1009.760193
857.196289	1065.386597
856.032227	1095.218750
854.868164	1075.656372
853.703125	1023.904114
852.538086	1092.354858
851.373047	1083.533569
850.208008	1094.022339
849.041992	1057.323608
847.875977	1125.706787
846.709961	1121.172974
845.542969	1082.348755
844.376953	1157.109497
843.209961	1191.133301
842.041992	1178.021240
840.875000	1143.500854
839.707031	1209.618530
838.539063	1237.179199
837.371094	1339.626831
836.202148	1358.588501
835.034180	1362.568359
833.865234	1548.324951
832.695313	1719.033081
831.526367	1938.831543
830.356445	2263.254150
829.186523	2553.346924
828.015625	2601.918701
826.845703	2774.342773
825.674805	2724.621094
824.503906	2580.989258
823.332031	2433.151611
822.160156	2276.843262
820.988281	2043.801025
819.816406	1872.716187
818.644531	1761.415527
817.471680	1677.879639
816.298828	1556.012939
815.125977	1385.185547
813.952148	1372.096680
812.778320	1341.972412
811.604492	1271.398071
810.430664	1217.888184
809.255859	1213.361938
808.081055	1176.914063
806.906250	1229.848267
805.731445	1240.213013
804.555664	1135.724609
803.379883	1203.516968
802.204102	1160.733154
801.028320	1109.466553
799.851563	1134.720459
798.674805	1172.709961
797.498047	1123.598389
796.320313	1159.449707
795.142578	1180.423584
793.964844	1148.323242
792.787109	1198.999878
791.608398	1196.612549
790.429688	1166.650757
789.250977	1181.237061
788.072266	1195.816895
786.892578	1220.988892
785.712891	1208.002197
784.533203	1239.516602
783.353516	1218.057739
782.172852	1205.079956
780.992188	1204.812378
779.810547	1160.088745
778.629883	1204.276978
777.448242	1140.529053
776.266602	1203.741699
775.084961	1178.093140
773.902344	1150.341309
772.719727	1156.427856
771.537109	1204.784546
770.353516	1234.100952
769.170898	1185.233765
767.987305	1222.990112
766.803711	1250.170776
765.619141	1237.224365
764.434570	1258.057007
763.250000	1280.990479
762.065430	1407.298340
760.879883	1432.297607
759.694336	1520.553955
758.508789	1634.072632
757.323242	1791.808594
756.136719	1825.129150
754.950195	1824.721558
753.763672	1737.943359
752.576172	1653.309937
751.389648	1610.827271
750.202148	1507.312988
749.013672	1462.776978
747.826172	1468.762451
746.637695	1443.188599
745.449219	1497.551514
744.259766	1453.056885
743.071289	1404.377197
741.881836	1465.017456
740.691406	1475.196411
739.501953	1563.105713
738.311523	1501.841553
737.121094	1537.204956
735.930664	1578.850952
734.739258	1656.162231
733.547852	1657.889282
732.356445	1621.849121
731.165039	1573.239136
729.972656	1606.440796
728.780273	1614.466797
727.587891	1612.007935
726.394531	1626.316162
725.202148	1697.190674
724.008789	1652.817871
722.814453	1466.048584
721.621094	1545.286377
720.426758	1463.295654
719.232422	1446.222900
718.037109	1351.736084
716.841797	1313.775757
715.646484	1332.303711
714.451172	1227.450684
713.255859	1245.989502
712.059570	1228.987671
710.863281	1224.531372
709.666016	1199.185181
708.469727	1236.511353
707.272461	1184.026611
706.075195	1190.022705
704.876953	1244.023682
703.678711	1239.569092
702.480469	1210.080322
701.282227	1243.181030
700.083984	1330.487061
698.884766	1275.978149
697.685547	1344.476929
696.485352	1356.676880
695.285156	1352.203003
694.084961	1341.481812
692.884766	1386.994873
691.684570	1386.681030
690.483398	1421.754761
689.282227	1427.676270
688.080078	1485.612183
686.878906	1508.158081
685.676758	1534.852905
684.474609	1492.919556
683.271484	1475.950562
682.068359	1531.730835
680.865234	1548.006226
679.662109	1491.565430
678.458008	1505.765259
677.254883	1484.658936
676.049805	1446.954346
674.845703	1560.778320
673.640625	1487.797607
672.435547	1499.906738
671.230469	1453.935913
670.024414	1445.310791
668.819336	1478.152466
667.613281	1583.522461
666.406250	1566.584473
665.199219	1613.877686
663.992188	1667.363037
662.785156	1673.195679
661.578125	1699.728638
660.370117	1705.550903
659.162109	1732.063965
657.953125	1725.462402
656.745117	1714.726807
655.536133	1718.471680
654.327148	1747.024292
653.117188	1653.610107
651.907227	1704.896118
650.697266	1597.071289
649.487305	1524.410645
648.276367	1493.085571
647.065430	1455.580566
645.854492	1469.697144
644.643555	1355.857178
643.431641	1343.167603
642.219727	1254.161499
641.007813	1297.182739
639.794922	1292.762207
638.582031	1298.650269
637.369141	1279.805054
636.155273	1295.995117
634.942383	1349.256470
633.728516	1305.698608
632.513672	1354.815063
631.299805	1300.982910
630.084961	1370.658081
628.869141	1372.401245
627.654297	1444.084839
626.438477	1419.073853
625.222656	1511.275024
624.006836	1533.540527
622.790039	1453.034912
621.573242	1508.179077
620.356445	1497.561035
619.139648	1484.894043
617.921875	1490.712524
616.704102	1515.003784
615.486328	1516.707642
614.267578	1421.970947
613.048828	1392.923462
611.830078	1398.755615
610.610352	1384.079956
609.391602	1432.961548
608.171875	1477.721191
606.951172	1545.000000
605.731445	1604.053101
604.510742	1636.453125
603.289063	1572.598267
602.068359	1498.536865
600.846680	1426.556152
599.625000	1323.914917
598.403320	1241.778564
597.180664	1384.662109
595.958008	1220.756592
594.735352	1281.804810
593.511719	1277.420654
592.289063	1213.779785
591.064453	1340.160522
589.840820	1299.001221
588.616211	1308.910522
587.391602	1288.192383
586.166992	1251.155273
584.942383	1277.392822
583.716797	1264.856201
582.491211	1319.632690
581.264648	1364.187988
580.038086	1398.528931
578.811523	1418.586548
577.584961	1420.295044
576.358398	1450.524170
575.130859	1501.106812
573.902344	1519.084961
572.674805	1478.015381
571.446289	1493.954712
570.217773	1414.246826
568.989258	1420.021240
567.759766	1376.978149
566.530273	1354.289673
565.300781	1325.512573
564.070313	1241.870605
562.840820	1282.222412
561.610352	1259.576416
560.378906	1277.562866
559.147461	1214.315552
557.916016	1228.243652
556.684570	1229.986816
555.453125	1252.021240
554.220703	1207.096924
552.988281	1172.334717
551.754883	1163.949951
550.521484	1248.825195
549.288086	1212.050415
548.054688	1232.030762
546.820313	1241.872314
545.585938	1188.921021
544.351563	1283.815430
543.117188	1194.438232
541.881836	1269.046631
540.646484	1240.420288
539.410156	1215.853149
538.174805	1195.342651
536.938477	1253.703491
535.701172	1237.236694
534.464844	1216.734985
533.227539	1234.635864
531.990234	1193.942017
530.751953	1171.444824
529.513672	1185.304688
528.275391	1185.026367
527.037109	1206.949463
525.797852	1152.184326
524.558594	1212.434326
523.319336	1127.440063
522.079102	1169.519531
520.838867	1241.818237
519.598633	1175.015747
518.358398	1114.289429
517.117188	1166.404541
515.875977	1242.663330
514.634766	1143.705811
513.392578	1213.894531
512.150391	1181.406372
510.908203	1251.552856
509.665039	1223.094238
508.421875	1230.850342
507.178711	1232.570557
505.934570	1218.207886
504.691406	1254.095947
503.447266	1213.613770
502.202148	1233.415161
500.958008	1241.156860
499.712891	1246.886963
498.466797	1236.555054
497.221680	1254.324707
495.975586	1274.092163
494.729492	1263.760620
493.482422	1367.746948
492.235352	1321.307495
490.988281	1357.076050
489.741211	1344.729858
488.493164	1322.371338
487.245117	1336.079468
485.997070	1279.688354
484.748047	1325.434326
483.499023	1347.138184
482.250000	1344.816895
481.000977	1410.521729
479.750977	1424.188232
478.500977	1457.845947
477.250000	1455.499878
475.999023	1431.167480
474.748047	1478.787476
473.497070	1496.416260
472.245117	1456.111694
470.993164	1515.672729
469.741211	1543.261841
468.488281	1634.708984
467.236328	1626.337036
465.982422	1580.063232
464.729492	1737.255859
463.475586	1770.740356
462.221680	1824.144653
460.967773	1979.172485
459.712891	2050.434814
458.458008	2221.271240
457.203125	2463.726807
455.947266	2586.592773
454.691406	2723.334717
453.435547	2724.673096
452.178711	2642.439209
450.921875	2480.671631
449.665039	2231.472900
448.408203	2121.578125
447.150391	2037.578247
445.892578	1844.311157
444.633789	1732.600464
443.375000	1702.387695
442.116211	1652.329468
440.857422	1540.744751
439.597656	1542.359375
438.337891	1567.787598
437.078125	1573.362671
435.818359	1551.164673
434.557617	1540.875732
433.295898	1659.462646
432.035156	1575.812378
430.773438	1624.974609
429.511719	1610.714478
428.249023	1645.979004
426.987305	1639.641235
425.724609	1540.257324
424.460938	1640.829102
423.198242	1555.344116
421.934570	1574.751709
420.669922	1572.393188
419.406250	1605.628418
418.141602	1607.217041
416.875977	1531.724243
415.611328	1592.607666
414.345703	1602.099365
413.080078	1587.886475
411.813477	1603.297729
410.546875	1602.909058
409.280273	1636.070679
408.013672	1546.885742
406.746094	1511.003784
405.478516	1502.748535
404.209961	1476.752319
402.942383	1519.758911
401.673828	1554.861694
400.404297	1586.006714
399.134766	1630.924438
397.865234	1638.404541
396.595703	1531.692871
395.326172	1649.416504
394.055664	1582.109619
392.784180	1689.926514
391.513672	1671.812988
390.242188	1724.496948
388.970703	1678.860962
387.698242	1713.828369
386.425781	1766.462769
385.153320	1752.280151
383.880859	1751.851929
382.607422	1827.999390
381.333984	1843.256348
380.059570	1840.842773
378.785156	1787.417236
377.510742	1790.902710
376.236328	1776.736450
374.960938	1835.118896
373.685547	1775.865601
372.410156	1881.250366
371.133789	1853.360596
369.857422	1862.699097
368.581055	1750.624634
367.303711	1832.418457
366.026367	1810.438599
364.749023	1739.550537
363.470703	1874.105225
362.192383	1863.865112
360.914063	1791.060059
359.634766	1853.173340
358.356445	1848.808105
357.076172	1873.752563
355.796875	1793.202026
354.516602	1890.404541
353.236328	1876.271240
351.955078	1899.231201
350.673828	1848.024414
349.392578	1822.205200
348.111328	1936.833374
346.829102	1795.954102
345.546875	1820.853638
344.263672	1837.944214
342.981445	1816.055054
341.697266	1848.722412
340.414063	1809.312500
339.129883	1818.599365
337.845703	1779.215820
336.561523	1774.881958
335.276367	1813.354614
333.991211	1772.055542
332.705078	1822.177246
331.419922	1800.337891
330.133789	1784.340454
328.846680	1803.328857
327.560547	1837.849731
326.272461	1825.738403
324.985352	1887.420898
323.697266	1857.830811
322.409180	1878.716675
321.121094	1798.694092
319.832031	1823.463257
318.542969	1898.643433
317.253906	1913.680298
315.963867	1979.107666
314.673828	2003.805786
313.383789	2026.553711
312.092773	1979.559814
310.801758	2141.727051
309.510742	2263.157227
308.218750	2233.557617
306.926758	2422.628418
305.634766	2598.062256
304.341797	2601.278320
303.048828	2743.708008
301.755859	2915.061523
300.461914	3016.755859
299.167969	3141.583496
297.874023	3158.177734
296.579102	3404.566650
295.284180	3361.235596
293.989258	3377.760254
292.693359	3405.854004
291.397461	3350.978516
290.101563	3440.781738
288.804688	3380.139160
287.507813	3352.297852
286.210938	3231.962891
284.913086	3260.047119
283.615234	3317.010742
282.317383	3204.477051
281.018555	3167.085938
279.719727	3147.036133
278.420898	3084.661133
277.121094	3087.727051
275.821289	3050.400879
274.521484	3111.157959
273.220703	3114.213135
271.919922	3109.578613
270.619141	3172.194092
269.317383	3259.748535
268.015625	3439.437256
266.713867	3471.200684
265.411133	3595.079590
264.108398	3753.435547
262.804688	3815.788086
261.501953	3903.041260
260.198242	4059.278076
258.893555	4318.951172
257.588867	4208.608887
256.284180	4318.661621
254.979492	4373.107422
253.673828	4500.295898
252.368164	4610.187012
251.061523	4710.451172
249.755859	4609.740723
248.448242	4815.169922
247.141602	4869.399902
245.833984	4975.227539
244.526367	4941.453613
243.217773	5031.917969
241.909180	5038.267578
240.600586	5130.568359
239.291992	5272.471191
237.982422	5143.202637
236.671875	5090.345703
235.362305	4917.301270
234.051758	4937.018555
232.741211	4924.302734
231.429688	4812.445313
230.118164	4786.422852
228.806641	4731.827637
227.494141	4713.458496
226.181641	4594.148438
224.868164	4514.887695
223.555664	4420.437012
222.242188	4404.066895
220.927734	4431.467285
219.613281	4319.988770
218.298828	4284.636719
216.984375	4245.500000
215.668945	4213.985840
214.353516	4273.700195
213.037109	4244.092773
211.720703	4034.068604
210.404297	3983.650635
209.087891	4003.495117
207.770508	4021.430420
206.452148	4119.041992
205.134766	3983.294922
203.816406	4010.700439
202.497070	3947.091797
201.178711	3959.328125
199.859375	3816.181641
198.539063	3832.232910
197.218750	3950.541992
195.898438	3822.654297
194.578125	3814.081787
193.256836	3763.881348
191.935547	3791.272461
190.613281	3915.107422
189.291992	3813.864258
187.968750	3884.696533
186.646484	3747.605469
185.323242	3873.208008
183.999023	3851.411377
182.675781	3776.750977
181.351563	3853.159424
180.026367	3965.386963
178.702148	3862.449707
177.376953	3944.431641
176.050781	4035.799072
174.724609	3976.286133
173.398438	4007.278320
172.072266	4072.172607
170.745117	4146.450684
169.416992	4060.600342
168.089844	4202.625000
166.761719	4312.572754
165.433594	4270.027344
164.104492	4428.812988
162.775391	4367.448242
161.445313	4494.155273
160.116211	4547.478027
158.785156	4634.600098
157.455078	4952.779785
156.124023	5090.462402
154.792969	5216.803223
153.460938	5298.018066
152.128906	5698.260742
150.796875	5717.379883
149.463867	5869.676270
148.130859	5869.982910
146.797852	6249.016602
145.463867	6524.754395
144.129883	6547.368164
142.794922	6592.448730
141.460938	6762.987305
140.125000	6967.135254
138.790039	7034.524902
137.454102	6933.453125
136.117188	7090.614258
134.781250	7113.022461
133.444336	7101.759277
132.106445	7116.671875
130.768555	7051.213867
129.430664	7264.174316
128.092773	7213.650879
126.753906	6985.754883
125.414063	7135.083008
124.075195	7228.338379
122.735352	7142.421387
121.394531	7015.511719
120.053711	7080.746094
118.712891	7173.908691
117.372070	7121.641113
116.030273	7328.399902
114.688477	7458.670410
113.345703	7337.457520
112.002930	7476.959961
110.660156	7629.413574
109.316406	7519.412598
107.972656	7562.011719
106.627930	7372.115234
105.283203	6953.631348
103.938477	6583.701172
102.592773	6119.201172
101.247070	5625.229492
99.901367	5007.091309
98.554688	4264.890137
