#Wave		#Intensity
3199.956055	35.462082
3199.250977	39.008289
3198.545898	21.273951
3197.840820	56.721737
3197.134766	31.901022
3196.429688	53.160107
3195.724609	63.782204
3195.018555	49.600655
3194.312500	14.169407
3193.606445	49.585186
3192.901367	28.329966
3192.195313	17.703461
3191.488281	49.561935
3190.782227	70.791672
3190.076172	42.468346
3189.369141	67.230995
3188.663086	42.455013
3187.956055	10.612084
3187.249023	42.441658
3186.541992	63.652462
3185.834961	28.285524
3185.127930	38.886459
3184.420898	45.949467
3183.712891	28.272125
3183.005859	77.736046
3182.297852	31.796072
3181.590820	10.597011
3180.882813	35.317764
3180.174805	63.561886
3179.466797	10.591964
3178.757813	21.180557
3178.049805	38.824841
3177.341797	74.108337
3176.632813	3.528406
3175.924805	35.278423
3175.215820	49.381905
3174.506836	45.847294
3173.797852	42.313805
3173.088867	45.832611
3172.379883	38.775223
3171.669922	66.964638
3170.960938	-3.523889
3170.250977	59.896481
3169.541016	14.091022
3168.832031	31.699696
3168.122070	77.475662
3167.412109	28.168423
3166.701172	70.409691
3165.991211	28.159327
3165.281250	45.751507
3164.570313	45.744106
3163.860352	42.218491
3163.149414	7.035275
3162.438477	38.687733
3161.727539	56.263931
3161.016602	49.222942
3160.305664	77.337761
3159.593750	63.266052
3158.882813	38.656292
3158.170898	24.595448
3157.458984	77.287369
3156.748047	38.637375
3156.036133	31.607233
3155.324219	49.158768
3154.611328	77.236855
3153.899414	52.652866
3153.187500	59.663467
3152.474609	49.126560
3151.761719	45.610031
3151.049805	45.602539
3150.336914	35.073109
3149.624023	38.574074
3148.911133	49.086189
3148.197266	38.561363
3147.484375	28.040005
3146.770508	31.539799
3146.057617	31.534590
3145.343750	42.039169
3144.629883	28.021477
3143.916016	38.523155
3143.202148	35.015247
3142.488281	66.517944
3141.774414	38.503998
3141.059570	31.498041
3140.344727	59.486416
3139.630859	59.476524
3138.916016	59.466629
3138.201172	76.944000
3137.486328	27.974974
3136.771484	76.918350
3136.055664	38.452759
3135.340820	24.465851
3134.625000	45.428986
3133.910156	38.433483
3133.194336	59.387260
3132.478516	31.435049
3131.762695	45.398575
3131.046875	52.374184
3130.330078	73.311554
3129.614258	41.885281
3128.897461	48.857948
3128.181641	59.317535
3127.464844	41.864155
3126.748047	41.857105
3126.031250	45.337555
3125.314453	87.172905
3124.596680	13.945312
3123.879883	48.800346
3123.162109	55.762402
3122.445313	76.660339
3121.727539	41.807655
3121.009766	76.634392
3120.291992	45.276287
3119.574219	48.750813
3118.856445	55.705761
3118.137695	45.253246
3117.419922	41.765133
3116.701172	48.717705
3115.982422	73.064125
3115.263672	48.701130
3114.544922	48.692833
3113.826172	20.864801
3113.107422	59.106853
3112.387695	66.049332
3111.668945	45.183929
3110.949219	62.551674
3110.229492	86.862473
3109.509766	55.582474
3108.790039	24.313169
3108.070313	59.036156
3107.350586	59.026035
3106.629883	24.300671
3105.910156	62.476715
3105.189453	58.995651
3104.468750	65.924988
3103.748047	17.345699
3103.027344	69.370857
3102.306641	27.743567
3101.585938	62.412273
3100.864258	38.134258
3100.143555	31.195377
3099.421875	65.845543
3098.700195	58.904263
3097.978516	65.822800
3097.256836	51.956387
3096.535156	10.389480
3095.813477	55.400970
3095.090820	69.239220
3094.369141	55.381779
3093.646484	62.293697
3092.923828	69.203217
3092.201172	48.433842
3091.478516	48.425430
3090.755859	48.417015
3090.032227	69.155136
3089.309570	31.114397
3088.585938	72.587624
3087.863281	62.207123
3087.139648	72.562332
3086.416016	69.094933
3085.692383	65.628731
3084.967773	89.792061
3084.244141	31.076439
3083.519531	41.428009
3082.795898	48.324226
3082.071289	103.533798
3081.346680	34.505222
3080.622070	58.648605
3079.897461	44.841076
3079.171875	75.871590
3078.447266	44.825348
3077.721680	72.397469
3076.997070	75.831642
3076.271484	37.909157
3075.545898	89.587715
3074.820313	44.785976
3074.094727	68.889374
3073.368164	55.101795
3072.642578	75.751617
3071.916016	61.967670
3071.189453	34.420410
3070.463867	75.711540
3069.737305	61.934868
3069.009766	61.923927
3068.283203	75.671425
3067.556641	89.414047
3066.829102	44.699116
3066.102539	92.820190
3065.375000	54.994816
3064.647461	44.675369
3063.919922	58.411278
3063.192383	75.577660
3062.463867	85.868462
3061.736328	58.380184
3061.007813	65.236847
3060.279297	54.926529
3059.551758	48.052166
3058.823242	41.180244
3058.094727	54.897217
3057.365234	72.039764
3056.636719	72.026932
3055.907227	68.584846
3055.178711	37.714939
3054.449219	71.988396
3053.719727	51.411106
3052.990234	95.950256
3052.260742	85.654564
3051.530273	75.362534
3050.800781	71.924103
3050.070313	54.789509
3049.340820	95.864471
3048.610352	68.462357
3047.879883	75.295097
3047.149414	75.281593
3046.417969	75.268089
3045.687500	75.254585
3044.957031	85.501221
3044.225586	58.130383
3043.494141	75.214035
3042.762695	54.691280
3042.031250	58.099033
3041.299805	61.505554
3040.568359	71.743561
3039.835938	68.314896
3039.103516	85.378227
3038.372070	64.875755
3037.639648	105.830818
3036.907227	51.199223
3036.174805	51.189980
3035.441406	64.828926
3034.708984	54.582916
3033.975586	98.913651
3033.243164	109.126358
3032.509766	75.010796
3031.776367	68.179291
3031.042969	92.025375
3030.309570	64.746864
3029.575195	91.992020
3028.841797	74.942871
3028.107422	85.146904
3027.373047	57.889385
3026.638672	112.353111
3025.904297	54.464340
3025.169922	129.329300
3024.435547	74.861252
3023.700195	108.869286
3022.965820	64.629379
3022.230469	88.424103
3021.495117	57.805229
3020.759766	91.791580
3020.024414	74.779510
3019.289063	98.555016
3018.552734	95.139206
3017.817383	88.327431
3017.081055	108.690834
3016.344727	44.147587
3015.608398	98.465088
3014.872070	125.604904
3014.135742	84.852661
3013.398438	108.591537
3012.662109	88.214478
3011.924805	84.806084
3011.187500	91.573792
3010.451172	94.948013
3009.712891	122.053642
3008.975586	74.574661
3008.238281	74.560982
3007.500000	84.712837
3006.762695	111.800415
3006.024414	74.519920
3005.286133	125.305931
3004.547852	111.738800
3003.809570	115.103661
3003.071289	98.158592
3002.332031	101.524681
3001.592773	98.122459
3000.854492	74.424019
3000.115234	125.144608
2999.375977	98.068237
2998.636719	108.193275
2997.896484	84.510406
2997.157227	101.393776
2996.416992	97.995895
2995.677734	97.977798
2994.937500	118.227226
2994.197266	128.337265
2993.457031	121.560196
2992.715820	111.409576
2991.975586	114.764389
2991.234375	118.117943
2990.494141	151.837814
2989.752930	111.327110
2989.011719	131.544022
2988.270508	141.636536
2987.528320	121.380241
2986.787109	131.470871
2986.044922	141.557755
2985.303711	107.833504
2984.561523	158.351059
2983.819336	128.004730
2983.077148	154.924301
2982.334961	114.487984
2981.591797	114.466698
2980.849609	131.275620
2980.106445	148.078262
2979.363281	141.321121
2978.620117	137.930649
2977.876953	174.903839
2977.133789	144.605072
2976.389648	141.215836
2975.646484	178.167709
2974.902344	134.441116
2974.158203	194.903244
2973.414063	157.909363
2972.669922	161.239029
2971.925781	178.001495
2971.181641	144.389328
2970.436523	161.148666
2969.692383	214.824707
2968.947266	184.580460
2968.202148	208.033585
2967.457031	171.092361
2966.710938	167.706207
2965.965820	238.098221
2965.220703	187.760590
2964.474609	221.247803
2963.728516	191.041824
2962.982422	284.833496
2962.236328	221.123352
2961.490234	214.382401
2960.743164	244.484024
2959.997070	251.135056
2959.250000	187.478943
2958.502930	240.999069
2957.755859	230.914032
2957.008789	234.216568
2956.261719	234.172516
2955.514648	240.817841
2954.766602	250.804703
2954.018555	244.070618
2953.271484	297.509491
2952.523438	237.294327
2951.775391	227.224976
2951.026367	263.932190
2950.278320	287.264404
2949.529297	260.493011
2948.781250	253.765808
2948.032227	250.379517
2947.283203	277.034332
2946.534180	260.296356
2945.784180	303.621704
2945.035156	273.541473
2944.285156	270.154541
2943.536133	300.114960
2942.786133	323.396027
2942.036133	273.334595
2941.286133	279.948303
2940.535156	276.563232
2939.785156	276.510834
2939.034180	286.450928
2938.284180	276.406067
2937.533203	263.035431
2936.782227	239.683029
2936.031250	269.592255
2935.279297	196.332413
2934.528320	232.892548
2933.776367	249.480362
2933.025391	266.061859
2932.273438	256.035889
2931.521484	309.179382
2930.768555	222.699799
2930.016602	216.010971
2929.264648	285.744781
2928.511719	259.114563
2927.758789	215.887711
2927.005859	212.525894
2926.252930	258.966614
2925.500000	255.597839
2924.747070	302.012634
2923.993164	215.682190
2923.240234	255.451736
2922.486328	222.233795
2921.732422	261.986877
2920.978516	255.305588
2920.223633	245.311798
2919.469727	228.693008
2918.715820	268.414429
2917.960938	218.666275
2917.206055	225.249481
2916.451172	255.013168
2915.696289	241.719513
2914.941406	225.120316
2914.185547	251.556931
2913.430664	254.818130
2912.674805	244.843277
2911.918945	211.715805
2911.163086	241.442093
2910.407227	254.623016
2909.651367	297.554291
2908.894531	211.553604
2908.138672	261.086426
2907.381836	214.776749
2906.625000	218.039169
2905.868164	224.603317
2905.111328	194.839005
2904.353516	237.723984
2903.596680	250.882675
2902.838867	283.839020
2902.081055	267.285400
2901.323242	217.746246
2900.565430	244.092789
2899.807617	257.237518
2899.049805	211.026077
2898.291016	184.612289
2897.532227	230.720963
2896.773438	220.790405
2896.014648	243.811096
2895.255859	240.470032
2894.497070	237.130219
2893.738281	227.206009
2892.978516	250.207642
2892.218750	230.409973
2891.458984	240.238342
2890.699219	246.772598
2889.939453	246.724976
2889.179688	207.208969
2888.418945	246.629730
2887.659180	220.279999
2886.898438	210.376068
2886.137695	239.913834
2885.376953	269.440155
2884.616211	190.542786
2883.854492	269.335968
2883.093750	243.012283
2882.332031	226.548691
2881.570313	223.222168
2880.808594	272.409607
2880.046875	223.135742
2879.285156	239.496384
2878.522461	223.049301
2877.760742	259.080597
2876.998047	203.289658
2876.235352	229.476074
2875.472656	213.043594
2874.709961	252.325760
2873.946289	226.066223
2873.183594	203.092545
2872.419922	219.428360
2871.656250	219.385757
2870.892578	225.890701
2870.128906	225.846802
2869.365234	212.712891
2868.600586	202.855927
2867.836914	242.071289
2867.072266	235.483017
2866.307617	264.866852
2865.542969	219.044769
2864.778320	232.076889
2864.013672	218.959488
2863.248047	205.847183
2862.483398	264.609100
2861.717773	215.565414
2860.952148	179.602844
2860.186523	241.600342
2859.419922	215.439377
2858.654297	228.451736
2857.887695	231.670135
2857.122070	176.165436
2856.355469	264.196564
2855.588867	192.401901
2854.822266	244.530930
2854.054688	231.444061
2853.288086	234.657974
2852.520508	198.768600
2851.752930	224.792664
2850.985352	192.176437
2850.217773	263.783844
2849.450195	234.428650
2848.682617	260.425293
2847.914063	218.063507
2847.145508	231.036972
2846.377930	201.711090
2845.609375	204.924347
2844.839844	227.649109
2844.071289	234.107483
2843.302734	253.566727
2842.533203	273.018311
2841.763672	214.472321
2840.994141	204.683411
2840.224609	230.629700
2839.455078	217.593750
2838.684570	198.068848
2837.915039	224.001099
2837.144531	217.465591
2836.374023	220.667984
2835.603516	220.624619
2834.833008	191.386673
2834.062500	204.321869
2833.291016	207.524246
2832.520508	194.515717
2831.749023	213.925186
2830.977539	184.717209
2830.206055	210.600952
2829.433594	223.516998
2828.662109	268.815308
2827.889648	161.905029
2827.118164	213.672531
2826.345703	216.867233
2825.573242	216.824478
2824.799805	223.252823
2824.027344	184.389862
2823.254883	216.696198
2822.481445	219.887070
2821.708008	210.144669
2820.934570	219.800247
2820.161133	210.061691
2819.387695	235.868835
2818.613281	209.978699
2817.839844	206.707382
2817.065430	200.208191
2816.291016	200.168610
2815.516602	216.268448
2814.741211	196.862167
2813.966797	171.010330
2813.192383	193.558273
2812.416992	228.998611
2811.641602	177.358170
2810.866211	206.339523
2810.090820	170.841064
2809.314453	170.807205
2808.539063	196.550461
2807.762695	225.504974
2806.986328	196.472504
2806.209961	183.552643
2805.433594	202.833710
2804.657227	212.450287
2803.880859	193.098282
2803.103516	199.495270
2802.326172	212.323746
2801.548828	202.632401
2800.771484	157.571655
2799.994141	199.336746
2799.216797	205.726044
2798.438477	205.685135
2797.660156	186.365067
2796.881836	234.516266
2796.103516	205.562378
2795.325195	157.352356
2794.546875	192.638000
2793.767578	186.179642
2792.989258	205.398666
2792.209961	170.061874
2791.430664	230.981400
2790.651367	211.690735
2789.871094	166.753372
2789.091797	230.843231
2788.311523	163.481339
2787.531250	224.341354
2786.751953	169.824539
2785.970703	169.790634
2785.190430	179.365585
2784.410156	182.532074
2783.628906	153.680496
2782.847656	214.469498
2782.067383	204.825424
2781.285156	198.384933
2780.503906	211.141724
2779.722656	204.702530
2778.940430	223.848572
2778.159180	169.451416
2777.376953	172.614044
2776.594727	207.734543
2775.812500	204.497650
2775.029297	230.013748
2774.247070	204.415680
2773.463867	197.987991
2772.680664	194.755569
2771.897461	188.332352
2771.114258	185.103134
2770.331055	169.112015
2769.546875	200.979584
2768.763672	220.076294
2767.979492	245.543060
2767.195313	159.411514
2766.411133	239.069199
2765.626953	184.843018
2764.841797	207.110001
2764.056641	184.768677
2763.272461	187.916534
2762.487305	213.353806
2761.702148	171.922180
2760.916016	219.634125
2760.130859	187.765259
2759.344727	171.818344
2758.559570	197.233154
2757.773438	238.540405
2756.987305	162.174774
2756.201172	200.293152
2755.414063	216.145828
2754.627930	219.280182
2753.840820	219.235931
2753.053711	187.424759
2752.266602	219.147415
2751.479492	171.472031
2750.692383	219.058884
2749.904297	184.099243
2749.116211	187.235519
2748.328125	177.679138
2747.540039	196.676392
2746.751953	218.837524
2745.963867	199.767731
2745.174805	199.727295
2744.386719	177.499435
2743.597656	224.998352
2742.808594	177.427536
2742.019531	218.571777
2741.229492	205.859222
2740.440430	205.817474
2739.650391	221.604645
2738.861328	202.568863
2738.071289	186.705276
2737.280273	164.520401
2736.490234	180.303070
2735.700195	202.404434
2734.909180	192.877533
2734.118164	177.031921
2733.327148	167.514023
2732.536133	243.319946
2731.745117	230.633041
2730.953125	145.300858
2730.162109	186.326218
2729.370117	208.390289
2728.578125	202.034302
2727.786133	192.524734
2726.994141	217.729523
2726.201172	214.530289
2725.409180	151.402283
2724.616211	223.903564
2723.823242	217.552048
2723.030273	242.725952
2722.236328	217.463287
2721.443359	217.418900
2720.649414	201.622742
2719.856445	204.731277
2719.062500	204.689453
2718.268555	207.796066
2717.473633	204.605804
2716.679688	236.035355
2715.884766	173.057190
2715.089844	198.188599
2714.295898	182.422012
2713.500000	194.962921
2712.705078	207.498688
2711.910156	204.312912
2711.114258	185.415268
2710.318359	197.945221
2709.522461	169.632553
2708.726563	182.160568
2707.930664	219.803879
2707.134766	222.898193
2706.337891	172.632187
2705.541016	182.011108
2704.744141	232.173386
2703.947266	203.894196
2703.150391	194.443726
2702.352539	222.623672
2701.555664	216.308105
2700.757813	194.323837
2699.959961	209.951904
2699.162109	216.174637
2698.364258	256.850311
2697.565430	181.637207
2696.767578	219.172165
2695.968750	256.691650
2695.169922	197.173676
2694.371094	187.745743
2693.571289	212.734619
2692.772461	184.540497
2691.972656	212.646851
2691.173828	184.464340
2690.374023	178.174515
2689.573242	250.017853
2688.773438	234.343307
2687.973633	193.683762
2687.172852	190.520447
2686.372070	202.971603
2685.571289	206.051620
2684.770508	240.343811
2683.969727	187.242126
2683.167969	218.403931
2682.367188	187.164597
2681.565430	215.194687
2680.763672	236.976913
2679.961914	268.102509
2679.159180	180.775818
2678.357422	202.551559
2677.554688	205.625061
2676.751953	205.582382
2675.949219	236.682068
2675.146484	227.292145
2674.343750	214.793137
2673.540039	227.197678
2672.736328	186.699005
2671.932617	199.104187
2671.128906	227.055954
2670.325195	177.253372
2669.521484	245.615814
2668.716797	223.805771
2667.912109	248.621277
2667.107422	208.176926
2666.302734	201.920593
2665.498047	201.878494
2664.693359	242.203659
2663.887695	211.107849
2663.082031	192.440506
2662.276367	245.155258
2661.470703	189.257553
2660.665039	204.727692
2659.858398	223.292618
2659.052734	220.145294
2658.246094	192.199341
2657.439453	195.258469
2656.632813	241.697998
2655.826172	210.666962
2655.051758	201.772537
2655.018555	226.109802
2654.246094	220.397705
2654.210938	207.481964
2653.440430	226.569565
2653.404297	235.303345
2652.634766	242.048965
2652.596680	235.254013
2651.829102	179.956070
2651.788086	238.299469
2651.023438	226.459824
2650.980469	222.778732
2650.217773	241.931610
2650.171875	244.386475
2649.411133	235.690063
2649.364258	256.706573
2648.604492	248.054596
2648.555664	225.730652
2647.798828	201.511658
2647.747070	219.500122
2646.992188	182.880875
2646.938477	244.181213
2646.185547	213.842880
2646.128906	213.227356
2645.378906	210.709412
2645.320313	228.630524
2644.571289	179.693466
2644.510742	222.404526
2643.764648	238.519684
2643.701172	206.916199
2642.957031	229.189316
2642.891602	256.275055
2642.150391	226.055252
2642.081055	246.960083
2641.342773	204.345322
2641.271484	274.685211
2640.535156	219.790054
2640.460938	228.341812
2639.727539	266.181000
2639.651367	228.293671
2638.918945	191.866486
2638.840820	222.076721
2638.111328	198.023239
2638.029297	185.024887
2637.303711	244.394806
2637.218750	206.567520
2636.495117	244.354645
2636.408203	237.348373
2635.686523	179.370102
2635.596680	249.625427
2634.877930	228.813843
2634.785156	255.734970
2634.069336	247.325577
2633.973633	224.875977
2633.260742	244.193726
2633.162109	224.828430
2632.452148	281.240021
2632.349609	237.097641
2631.642578	253.383209
2631.538086	264.754303
2630.833984	234.804153
2630.725586	252.386719
2630.024414	194.608078
2629.913086	200.020279
2629.214844	194.575851
2629.100586	255.356400
2628.405273	259.391479
2628.288086	221.467041
2627.595703	250.085999
2627.474609	212.194260
2626.785156	253.131439
2626.662109	289.014923
2625.975586	203.706085
2625.848633	218.252197
2625.165039	240.703522
2625.035156	248.939102
2624.355469	200.552887
2624.221680	236.595566
2623.544922	252.963028
2623.407227	242.689346
2622.734375	259.089661
2622.593750	276.422791
2621.923828	237.459213
2621.779297	227.232651
2621.113281	225.086075
2620.964844	254.814865
2620.301758	252.794159
2620.150391	227.136017
2619.491211	280.492920
2619.335938	260.843964
2618.679688	261.955017
2618.521484	233.175537
2617.868164	261.911133
2617.706055	276.070099
2617.056641	227.978516
2616.890625	263.744141
2616.245117	227.940247
2616.076172	245.291092
2615.433594	215.582932
2615.259766	257.500732
2614.621094	264.814514
2614.444336	235.991989
2613.809570	203.195557
2613.628906	242.069992
2612.997070	203.161346
2612.812500	260.399445
2612.185547	227.748581
2611.996094	263.406708
2611.373047	276.944794
2611.179688	244.977158
2610.559570	184.598709
2610.363281	263.294159
2609.747070	261.470673
2609.546875	226.507004
2608.934570	246.048447
2608.729492	211.157303
2608.121094	264.457336
2607.912109	250.886871
2607.308594	224.443207
2607.095703	211.066940
2606.495117	227.479233
2606.277344	244.662888
2605.681641	261.249390
2605.459961	253.783371
2604.868164	233.548065
2604.642578	259.842926
2604.054688	258.088226
2603.824219	232.280350
2603.240234	202.749146
2603.005859	259.731506
2602.426758	248.786179
2602.187500	204.685608
2601.612305	254.885651
2601.369141	247.402618
2600.798828	239.490280
2600.550781	253.456894
2599.984375	236.379593
2599.731445	274.773743
2599.169922	224.061905
2598.913086	271.662292
2598.354492	224.023651
2598.093750	289.914276
2597.540039	217.848785
2597.274414	247.136887
2596.725586	223.947067
2596.455078	271.487030
2595.910156	254.581177
2595.634766	219.582687
2595.094727	263.737732
2594.815430	250.026428
2594.279297	217.699661
2593.995117	231.681885
2593.463867	263.647308
2593.174805	207.249634
2592.648438	211.494690
2592.354492	252.911926
2591.833008	257.427582
2591.533203	255.903839
2591.016602	257.383331
2590.712891	252.802795
2590.201172	245.084808
2589.891602	228.386948
2589.384766	245.042633
2589.070313	234.426620
2588.568359	226.625381
2588.249023	225.244431
2587.751953	257.206085
2587.427734	243.454849
2586.935547	293.899109
2586.606445	261.657379
2586.118164	223.447205
2585.784180	273.768219
2585.301758	220.348221
2584.961914	237.214447
2584.484375	241.729172
2584.139648	234.122528
2583.666992	253.924683
2583.317383	258.390961
2582.849609	272.233551
2582.495117	243.138779
2582.032227	238.545380
2581.671875	258.278961
2581.214844	259.908234
2580.849609	255.185013
2580.397461	226.233795
2580.026367	261.204132
2579.579102	235.364578
2579.203125	252.037643
2578.761719	271.997498
2578.379883	245.911026
2577.943359	232.227158
2577.555664	261.033997
2577.125000	299.398712
2576.732422	218.492569
2576.306641	183.273422
2575.908203	291.260071
2575.488281	293.186401
2575.083984	251.763809
2574.668945	259.546875
2574.259766	260.806915
2573.850586	235.077927
2573.434570	260.750122
2573.031250	247.246597
2572.610352	260.693329
2572.211914	256.359100
2571.785156	239.421906
2571.392578	262.417023
2570.959961	224.219711
2570.573242	259.320282
2570.134766	275.669495
2569.753906	262.325195
2569.309570	260.465942
2568.933594	231.781662
2568.484375	260.409088
2568.114258	222.593369
2567.658203	257.324860
2567.293945	243.895157
2566.832031	260.295288
2566.473633	243.852356
2566.005859	257.212341
2565.653320	231.619064
2565.179688	293.460480
2564.833008	249.860870
2564.353516	226.852768
2564.012695	283.328949
2563.526367	232.851181
2563.191406	261.957031
2562.699219	253.963837
2562.371094	246.683533
2561.872070	287.158051
2561.549805	270.999573
2561.044922	275.006897
2560.728516	249.640991
2560.217773	244.732651
2559.907227	234.377640
2559.389648	253.741135
2559.085938	283.029510
2558.562500	253.685425
2558.264648	240.380463
2557.734375	259.668488
2557.442383	285.971771
2556.906250	235.461533
2556.620117	261.587463
2556.078125	250.500137
2555.798828	285.870605
2555.249023	295.706177
2554.976563	215.885300
2554.420898	235.306183
2554.154297	243.207947
2553.591797	304.624268
2553.331055	270.520874
2552.762695	235.202560
2552.508789	340.370361
2551.933594	283.386780
2551.686523	255.232468
2551.103516	259.211578
2550.863281	252.149185
2550.274414	253.127548
2550.040039	294.627991
2549.444336	274.161011
2549.216797	276.354431
2548.614258	277.112549
2548.393555	245.942047
2547.784180	189.719940
2547.570313	273.220276
2546.954102	252.904007
2546.746094	273.171600
2546.123047	237.797607
2545.922852	260.984100
2545.292969	246.773285
2545.098633	260.937561
2544.461914	273.797546
2544.274414	260.890991
2543.630859	255.688339
2543.450195	276.009766
2542.799805	312.772888
2542.625977	260.797791
2541.967773	258.581787
2541.801758	257.719147
2541.136719	285.579315
2540.976563	275.861725
2540.304688	225.407333
2540.151367	303.090485
2539.472656	270.428772
2539.327148	287.884399
2538.640625	267.364594
2538.501953	272.683716
2537.807617	288.329193
2537.676758	284.751923
2536.975586	306.281677
2536.850586	272.585876
2536.142578	273.190521
2536.025391	260.424194
2535.309570	297.141113
2535.199219	269.460327
2534.476563	237.059830
2534.374023	257.303497
2533.643555	291.008606
2533.547852	302.655579
2532.809570	272.947235
2532.721680	260.236938
2531.976563	287.880127
2531.895508	305.572083
2531.142578	266.829346
2531.068359	257.118286
2530.308594	272.764587
2530.242188	287.315704
2529.473633	278.697174
2529.415039	287.263885
2528.639648	275.638824
2528.588867	299.305176
2527.804688	257.604797
2527.761719	269.023743
2526.969727	293.483978
2526.934570	259.908569
2526.134766	296.412384
2526.106445	253.818283
2525.299805	350.227112
2525.279297	314.194366
2524.464844	248.396057
2524.452148	274.870331
2523.628906	275.268860
2523.624023	286.900574
2522.795898	295.906982
2522.792969	314.095093
2521.967773	286.796600
2521.957031	278.136108
2521.139648	289.762970
2521.121094	304.984009
2520.311523	232.371857
2520.285156	304.915527
2519.482422	271.554169
2519.448242	310.824402
2518.654297	301.672028
2518.612305	283.862305
2517.825195	277.487823
2517.775391	292.760498
2516.996094	322.671722
2516.937500	232.961029
2516.166992	301.507477
2516.100586	283.670685
2515.337891	313.510681
2515.263672	277.636108
2514.507813	280.299835
2514.425781	283.542847
2513.678711	271.208466
2513.587891	310.334808
2512.848633	274.171906
2512.750000	277.448303
2512.018555	283.158875
2511.912109	319.142639
2511.188477	283.107178
2511.073242	298.196777
2510.358398	267.999329
2510.234375	274.279022
2509.528320	304.078491
2509.395508	318.926300
2508.697266	307.033051
2508.556641	274.154968
2507.867188	285.909851
2507.717773	345.595398
2507.036133	288.866547
2506.878906	285.945190
2506.205078	315.889923
2506.039063	288.858307
2505.374023	279.736969
2505.199219	270.929352
2504.542969	246.604584
2504.359375	309.563293
2503.710938	306.695801
2503.519531	270.806396
2502.879883	318.664612
2502.678711	312.397949
2502.047852	327.623260
2501.838867	279.606995
2501.215820	282.485596
2500.998047	321.177521
2500.383789	276.424469
2500.157227	321.104462
2499.551758	276.373627
2499.316406	294.278748
2498.719727	294.343872
2498.474609	309.070923
2497.886719	267.263092
2497.633789	282.260071
2497.053711	318.254730
2496.791992	308.930023
2496.221680	300.184998
2495.950195	279.161530
2495.388672	267.115417
2495.108398	314.727295
2494.554688	321.079529
2494.265625	314.655426
2493.721680	318.020111
2493.423828	281.938049
2492.888672	326.960327
2492.581055	272.972321
2492.054688	299.908203
2491.738281	305.540405
2491.220703	296.854279
2490.895508	326.230591
2490.387695	290.803436
2490.051758	299.470398
2489.552734	323.721283
2489.208984	334.974243
2488.718750	320.664520
2488.365234	299.333099
2487.884766	344.575653
2487.521484	266.671295
2487.049805	302.571259
2486.677734	305.120422
2486.215820	293.529602
2485.833008	319.858582
2485.380859	296.469818
2484.989258	299.058258
2484.545898	320.367554
2484.144531	296.029205
2483.710938	350.243439
2483.299805	254.526535
2482.875000	311.269714
2482.455078	284.057251
2482.040039	317.196747
2481.609375	298.783051
2481.204102	281.235413
2480.764648	346.035248
2480.368164	275.200531
2479.918945	334.127899
2479.532227	337.955170
2479.073242	363.612793
2478.696289	319.951080
2478.227539	333.973663
2477.860352	325.870819
2477.381836	313.212646
2477.023438	301.897461
2476.535156	319.048553
2476.187500	316.783844
2475.688477	310.114349
2475.350586	286.845093
2474.841797	339.570435
2474.513672	325.627960
2473.995117	304.066559
2473.676758	352.448883
2473.148438	327.607452
2472.839844	340.437927
2472.300781	306.876343
2472.001953	313.502686
2471.453125	327.455505
2471.165039	298.518188
2470.605469	303.784576
2470.327148	328.308655
2469.757813	333.200806
2469.489258	304.374725
2468.910156	330.175385
2468.651367	337.136353
2468.061523	335.993225
2467.813477	298.294922
2467.212891	315.288666
2466.975586	339.992554
2466.364258	294.593689
2466.136719	319.056030
2465.515625	356.375336
2465.297852	283.220947
2464.666992	309.179230
2464.458984	307.013550
2463.817383	323.826508
2463.620117	357.618622
2462.967773	347.296417
2462.781250	297.959595
2462.118164	306.020294
2461.942383	300.882690
2461.268555	329.483276
2461.102539	309.761597
2460.418945	332.347382
2460.263672	333.526733
2459.568359	308.746094
2459.423828	336.441406
2458.717773	341.011078
2458.583984	318.517334
2457.867188	337.992126
2457.744141	330.362366
2457.016602	276.207062
2456.903320	294.592072
2456.166016	381.898895
2456.063477	309.412170
2455.314453	343.628326
2455.222656	309.353882
2454.462891	346.483917
2454.382813	309.295593
2453.611328	290.625824
2453.541992	276.529480
2452.759766	267.078094
2452.701172	297.287445
2451.907227	319.831451
2451.859375	255.618958
2451.055664	346.158051
2451.018555	338.779785
2450.203125	302.083710
2450.176758	326.831024
2449.350586	313.741150
2449.334961	350.534332
2448.497070	278.489502
2448.493164	326.707520
2447.651367	311.798218
2447.644531	298.939209
2446.809570	273.142944
2446.791016	328.169434
2445.967773	314.648621
2445.937500	281.221619
2445.125000	281.943024
2445.083984	316.299500
2444.282227	332.333038
2444.230469	322.080658
2443.439453	308.536469
2443.375977	283.949341
2442.596680	305.511871
2442.522461	251.689240
2441.753906	323.247375
2441.667969	301.370270
2440.911133	275.745880
2440.813477	336.401550
2440.067383	320.160278
2439.958008	286.604553
2439.223633	299.352295
2439.103516	304.079529
2438.380859	349.671906
2438.248047	330.315552
2437.536133	308.126862
2437.392578	318.547180
2436.692383	305.106079
2436.537109	280.488525
2435.848633	299.124817
2435.680664	292.105957
2435.003906	313.873260
2434.825195	280.354889
2434.160156	322.695038
2433.968750	268.609344
2433.315430	307.833893
2433.112305	288.978027
2432.470703	319.612793
2432.255859	283.072479
2431.625000	316.593079
2431.398438	297.592712
2430.780273	263.284241
2430.541992	303.355286
2429.935547	322.387756
2429.684570	317.863617
2429.089844	266.140961
2428.827148	311.956543
2428.244141	331.134430
2427.968750	317.711334
2427.398438	298.555298
2427.111328	259.353485
2426.552734	274.854858
2426.252930	317.558960
2425.706055	295.486389
2425.394531	273.792419
2424.860352	310.201416
2424.536133	270.814667
2424.013672	310.142120
2423.677734	358.088104
2423.166992	315.989166
2422.818359	288.147919
2422.320313	295.260468
2421.959961	293.898315
2421.473633	283.395782
2421.100586	288.009155
2420.626953	306.953339
2420.240234	354.834808
2419.779297	327.550903
2419.380859	267.515808
2418.931641	327.488159
2418.520508	313.964478
2418.084961	306.776917
2417.661133	249.948349
2417.237305	330.311798
2416.799805	276.039001
2416.388672	297.813324
2415.939453	264.352325
2415.541016	309.548523
2415.079102	302.043823
2414.692383	285.908966
2414.217773	290.356384
2413.844727	291.747955
2413.356445	304.800323
2412.996094	321.155762
2412.147461	318.148224
2411.298828	253.291550
2410.449219	285.634369
2409.600586	309.132355
2408.750977	329.677734
2407.901367	320.785309
2407.051758	279.529694
2406.202148	270.650299
2405.352539	297.069672
2404.501953	285.249542
2403.651367	288.134674
2402.801758	305.716614
2401.950195	299.779572
2401.099609	367.306000
2400.249023	320.228973
2399.397461	284.919373
2398.546875	284.864288
2397.695313	325.915710
2396.843750	325.852692
2395.991211	308.179413
2395.139648	319.857666
2394.288086	272.853241
2393.435547	328.533813
2392.583008	319.671875
2391.730469	284.423523
2390.877930	325.411255
2390.024414	331.210266
2389.171875	293.049591
2388.318359	336.941620
2387.464844	292.935852
2386.611328	289.950165
2385.757813	304.534973
2384.903320	301.548157
2384.049805	324.906189
2383.195313	298.504395
2382.340820	295.520416
2381.486328	283.761414
2380.631836	312.954254
2379.776367	283.650940
2378.921875	280.672058
2378.066406	312.771454
2377.210938	347.780823
2376.355469	327.259338
2375.499023	300.903015
2374.643555	280.398590
2373.787109	315.386871
2372.930664	312.405640
2372.074219	297.749084
2371.217773	358.980255
2370.361328	297.632782
2369.503906	335.500793
2368.647461	271.264984
2367.790039	303.290771
2366.932617	309.062836
2366.075195	338.153503
2365.216797	329.343689
2364.359375	338.021118
2363.500977	358.348755
2362.642578	291.283386
2361.784180	334.910248
2360.925781	273.699036
2360.067383	352.245636
2359.208008	288.144440
2358.348633	311.367737
2357.490234	340.400696
2356.629883	296.701324
2355.770508	317.000916
2354.911133	328.569397
2354.050781	302.340729
2353.190430	357.505768
2352.330078	278.974030
2351.469727	299.257019
2350.609375	293.388458
2349.749023	339.798950
2348.887695	348.443146
2348.026367	325.149536
2347.165039	307.670197
2346.303711	322.119476
2345.442383	368.478455
2344.580078	353.901642
2343.717773	284.225586
2342.856445	295.768250
2341.994141	298.609009
2341.130859	362.318054
2340.268555	324.572876
2339.405273	365.072357
2338.542969	347.619263
2337.679688	321.484283
2336.816406	353.273224
2335.953125	335.832733
2335.088867	327.082672
2334.225586	335.699860
2333.361328	329.846649
2332.497070	361.602356
2331.632813	349.961761
2330.767578	344.109100
2329.903320	338.258728
2329.038086	335.301147
2328.172852	358.354309
2327.307617	343.836334
2326.442383	329.324097
2325.577148	369.694061
2324.710938	349.407043
2323.845703	352.224762
2322.979492	340.608765
2322.113281	331.883270
2321.246094	366.441772
2320.379883	320.212219
2319.512695	369.180328
2318.646484	343.154083
2317.779297	328.670441
2316.912109	351.665039
2316.043945	371.768555
2315.176758	293.898010
2314.308594	337.051178
2313.440430	325.463226
2312.572266	313.879852
2311.704102	371.398438
2310.835938	319.511688
2309.966797	353.982910
2309.098633	336.648285
2308.229492	330.827606
2307.360352	325.009186
2306.490234	353.700439
2305.621094	330.629517
2304.750977	339.186859
2303.881836	362.110229
2303.011719	336.178009
2302.141602	373.456482
2301.270508	341.787964
2300.400391	321.618439
2299.529297	401.942627
2298.658203	390.380432
2297.787109	307.076050
2296.916016	335.707520
2296.044922	318.427979
2295.172852	369.990814
2294.300781	332.638245
2293.428711	318.236603
2292.556641	349.703430
2291.684570	369.694244
2290.812500	375.350647
2289.939453	363.816528
2289.066406	329.374054
2288.193359	395.169525
2287.320313	323.515869
2286.447266	303.414124
2285.573242	340.556854
2284.699219	363.378387
2283.825195	374.748016
2282.951172	386.113068
2282.077148	346.002106
2281.203125	360.227234
2280.328125	374.446625
2279.453125	322.930939
2278.578125	365.724213
2277.703125	399.930328
2276.828125	328.448029
2275.952148	374.069763
2275.077148	339.735352
2274.201172	353.938568
2273.325195	405.235046
2272.448242	333.823486
2271.572266	356.577087
2270.695313	365.061249
2269.819336	345.027313
2268.942383	367.764771
2268.064453	376.241455
2267.187500	359.067017
2266.310547	387.486084
2265.432617	370.316254
2264.554688	381.633453
2263.676758	375.861420
2262.798828	372.938538
2261.919922	372.863098
2261.041992	355.713409
2260.163086	378.402435
2259.284180	395.393158
2258.405273	341.277496
2257.525391	386.702820
2256.646484	372.410309
2255.766602	392.230591
2254.886719	380.784393
2254.006836	392.071564
2253.126953	332.341095
2252.247070	354.993225
2251.366211	363.439301
2250.485352	371.881927
2249.604492	366.129974
2248.723633	368.893280
2247.842773	397.188995
2246.960938	385.762329
2246.080078	377.176208
2245.198242	351.581512
2244.316406	345.840515
2243.433594	379.780365
2242.551758	365.535065
2241.668945	382.458862
2240.786133	393.710815
2239.903320	336.993164
2239.020508	399.213104
2238.137695	373.655304
2237.253906	396.220337
2236.371094	390.480438
2235.487305	359.281952
2234.603516	404.463318
2233.718750	390.241638
2232.834961	387.334778
2231.950195	440.962738
2231.065430	387.176697
2230.180664	384.272125
2229.295898	387.018616
2228.411133	409.534576
2227.525391	381.212921
2226.639648	431.953033
2225.753906	412.106201
2224.868164	403.555756
2223.982422	448.617065
2223.095703	355.435150
2222.209961	420.230164
2221.323242	372.208252
2220.436523	383.408783
2219.549805	391.786102
2218.662109	394.523865
2217.775391	397.260498
2216.887695	402.812836
2216.000000	394.281403
2215.112305	394.200562
2214.223633	413.825714
2213.335938	410.926270
2212.447266	402.399994
2211.558594	399.503998
2210.669922	379.732178
2209.781250	374.029694
2208.891602	407.692993
2208.001953	371.064972
2207.113281	401.904449
2206.222656	407.441711
2205.333008	427.023499
2204.443359	384.803894
2203.552734	435.272522
2202.662109	393.068481
2201.771484	429.479279
2200.880859	362.035461
2199.990234	415.272980
2199.098633	409.576813
2198.208008	409.492432
2197.316406	420.624725
2196.424805	350.448364
2195.532227	384.012238
2194.640625	406.352478
2193.748047	378.250153
2192.855469	389.377197
2191.962891	386.496155
2191.070313	378.016022
2190.176758	405.933380
2189.284180	419.844360
2188.390625	349.798035
2187.497070	321.747681
2186.603516	369.234070
2185.708984	413.904114
2184.815430	399.838165
2183.920898	413.732941
2183.026367	388.493103
2182.131836	382.824036
2181.237305	413.476135
2180.341797	402.217804
2179.446289	430.060516
2178.551758	402.051208
2177.655273	401.967896
2176.759766	410.257202
2175.864258	396.220703
2174.967773	401.717957
2174.071289	426.736816
2173.174805	387.608551
2172.278320	398.680023
2171.381836	434.833374
2170.484375	379.006805
2169.586914	387.286774
2168.689453	406.705933
2167.791992	392.696045
2166.894531	392.614410
2165.996094	417.588074
2165.097656	406.367859
2164.199219	453.590302
2163.300781	411.763184
2162.402344	397.769470
2161.502930	394.905640
2160.604492	369.799377
2159.705078	397.521057
2158.805664	433.568970
2157.905273	433.478638
2157.005859	397.272583
2156.105469	405.522400
2155.205078	441.538452
2154.304688	438.669983
2153.404297	416.371948
2152.502930	432.936432
2151.602539	443.944672
2150.701172	399.466766
2149.799805	416.024292
2148.898438	454.758209
2147.996094	426.939789
2147.094727	393.589478
2146.192383	404.591888
2145.290039	398.966064
2144.387695	415.502686
2143.484375	387.721375
2142.582031	401.484497
2141.678711	409.705261
2140.775391	404.084076
2139.872070	395.698059
2138.968750	431.580170
2138.064453	459.149292
2137.160156	445.226135
2136.255859	447.897552
2135.351563	475.445801
2134.447266	447.709656
2133.542969	453.141785
2132.637695	436.471771
2131.732422	469.522919
2130.827148	466.662964
2129.921875	472.086395
2129.015625	466.466858
2128.109375	458.090057
2127.204102	491.101715
2126.296875	493.756836
2125.390625	523.989136
2124.484375	490.791809
2123.577148	543.065308
2122.669922	520.902222
2121.762695	490.481812
2120.855469	528.947571
2119.947266	476.503357
2119.040039	503.940643
2118.131836	523.106750
2117.223633	498.222870
2116.315430	492.613708
2115.406250	506.266998
2114.498047	459.395325
2113.588867	484.050934
2112.679688	536.193115
2111.770508	525.083374
2110.860352	508.481110
2109.951172	522.113403
2109.041016	439.581482
2108.130859	524.639404
2107.220703	508.051086
2106.309570	480.487152
2105.399414	455.679901
2104.488281	499.495056
2103.577148	463.718597
2102.666016	499.283447
2101.753906	463.522064
2100.842773	534.719788
2099.930664	430.426666
2099.018555	498.860107
2098.106445	443.946106
2097.194336	460.290833
2096.281250	473.889313
2095.368164	495.697998
2094.455078	470.949951
2093.541992	498.224854
2092.628906	492.645142
2091.714844	426.868347
2090.800781	481.492615
2089.887695	486.860535
2088.972656	418.392181
2088.058594	481.185272
2087.143555	489.283081
2086.229492	442.720551
2085.314453	505.468201
2084.399414	464.385315
2083.483398	491.597260
2082.568359	537.911133
2081.652344	496.847443
2080.736328	491.282745
2079.820313	477.534027
2078.903320	488.344818
2077.987305	450.054108
2077.070313	515.406372
2076.153320	515.296265
2075.236328	487.927551
2074.319336	525.976990
2073.401367	460.472015
2072.483398	473.994019
2071.565430	484.786652
2070.647461	449.284668
2069.729492	509.080231
2068.810547	503.527618
2067.892578	484.371399
2066.973633	448.899719
2066.053711	456.963531
2065.134766	494.937622
2064.215820	440.454346
2063.295898	456.669434
2062.375977	467.442139
2061.456055	483.644379
2060.535156	467.241364
2059.615234	486.152496
2058.694336	472.471222
2057.773438	513.091125
2056.852539	526.551697
2055.930664	480.307190
2055.009766	510.046967
2054.087891	515.362000
2053.166016	471.861450
2052.244141	490.738647
2051.321289	458.104736
2050.399414	498.657379
2049.476563	498.549835
2048.553711	490.315521
2047.630859	460.417938
2046.707031	468.441833
2045.783203	487.290863
2044.860352	487.185608
2043.936523	530.376343
2043.011719	514.029236
2042.087891	462.526245
2041.163086	511.102661
2040.238281	456.918823
2039.313477	497.366089
2038.388672	508.068359
2037.463867	532.275452
2036.538086	526.757507
2035.612305	464.526428
2034.686523	475.226318
2033.760742	510.217590
2032.833984	472.321198
2031.907227	534.281738
2031.056641	426.642365
2030.980469	536.863525
2030.130859	540.053650
2030.053711	544.838623
2029.204102	526.463318
2029.126953	493.484161
2028.278320	512.877502
2028.199219	504.161102
2027.351563	501.995117
2027.272461	563.351685
2026.425781	507.306946
2026.344727	506.636780
2025.499023	496.428986
2025.416992	560.412354
2024.572266	569.177917
2024.488281	536.047058
2023.645508	528.625244
2023.560547	576.327148
2022.717773	515.052307
2022.631836	514.273376
2021.791016	512.268494
2021.703125	538.388855
2020.863281	520.268311
2020.774414	511.357971
2019.935547	495.922516
2019.844727	567.752686
2019.007813	487.753601
2018.916016	527.276123
2018.080078	444.561310
2017.986328	527.161072
2017.152344	501.056183
2017.056641	545.869080
2016.223633	474.036560
2016.126953	532.307800
2015.295898	479.341248
2015.196289	513.376709
2014.367188	506.183746
2014.265625	510.577301
2013.438477	508.788940
2013.335938	518.525696
2012.509766	600.214050
2012.405273	529.156616
2011.581055	473.630127
2011.473633	545.153809
2010.651367	513.907959
2010.542969	561.143982
2009.722656	519.199768
2009.611328	518.072144
2008.792969	505.661896
2008.679688	574.316956
2007.863281	502.885468
2007.748047	493.697052
2006.933594	516.242493
2006.816406	528.462036
2006.002930	572.607605
2005.883789	539.074036
2005.073242	585.947815
2004.952148	592.583313
2004.142578	494.475891
2004.019531	533.476074
2003.212891	526.633118
2003.085938	530.678833
2002.282227	523.855408
2002.153320	541.280762
2001.351563	529.136475
2001.220703	541.161926
2000.419922	566.641724
2000.287109	554.435181
1999.489258	523.582642
1999.353516	522.179260
1998.557617	609.397949
1998.419922	556.868774
1997.625977	526.084656
1997.485352	559.422974
1996.695313	534.043945
1996.550781	545.919556
1995.762695	568.832092
1995.617188	508.342560
1994.831055	574.098267
1994.682617	543.004333
1993.899414	528.400024
1993.747070	537.536133
1992.966797	536.353027
1992.812500	545.438843
1992.034180	546.984436
1991.876953	505.221680
1991.101563	554.931152
1990.941406	491.747589
1990.168945	538.751831
1990.005859	542.406189
1989.236328	509.178650
1989.070313	531.601074
1988.303711	533.204102
1988.133789	568.874573
1987.370117	527.752563
1987.198242	496.653992
1986.436523	541.052246
1986.261719	499.213867
1985.502930	527.567078
1985.325195	579.173645
1984.569336	527.474243
1984.387695	541.687805
1983.635742	497.933655
1983.451172	501.550690
1982.702148	527.288391
1982.513672	517.443115
1981.767578	570.013306
1981.576172	559.994873
1980.833008	516.399780
1980.638672	543.874573
1979.898438	553.760986
1979.700195	498.441254
1978.963867	513.542542
1978.761719	556.957947
1978.029297	550.890869
1977.824219	559.498779
1977.093750	526.729553
1976.885742	556.710999
1976.159180	561.388855
1975.946289	532.619629
1975.223633	553.270935
1975.007813	559.126465
1974.288086	598.602356
1974.068359	519.073608
1973.352539	534.371460
1973.128906	588.152771
1972.416992	593.046936
1972.189453	529.485962
1971.480469	507.472412
1971.250000	563.950073
1970.543945	579.483765
1970.309570	553.186462
1969.608398	571.370667
1969.369141	614.219421
1968.671875	571.268799
1968.428711	563.573792
1967.734375	549.814880
1967.488281	560.790527
1966.797852	557.722290
1966.547852	542.065308
1965.861328	509.597748
1965.606445	568.510437
1964.923828	533.514832
1964.665039	618.847717
1963.986328	546.754883
1963.723633	578.878601
1963.048828	565.323303
1962.782227	618.571655
1962.111328	597.215698
1961.839844	578.620300
1961.173828	583.780334
1960.898438	559.915649
1960.235352	557.023743
1959.956055	591.627014
1959.296875	538.270752
1959.012695	594.147278
1958.358398	583.465942
1958.070313	601.969971
1957.419922	556.723511
1957.127930	543.507690
1956.481445	564.613159
1956.184570	612.303345
1955.542969	559.185913
1955.241211	567.115112
1954.603516	577.721313
1954.297852	574.936523
1953.664063	545.675232
1953.353516	577.456604
1952.725586	556.222168
1952.409180	553.492554
1951.785156	569.426086
1951.465820	566.606934
1950.845703	603.908203
1950.520508	611.480591
1949.906250	611.778748
1949.576172	584.878296
1948.965820	587.733215
1948.631836	566.225586
1948.025391	563.696289
1947.686523	624.295471
1947.084961	587.520325
1946.741211	587.129028
1946.144531	637.915466
1945.795898	565.843994
1945.204102	568.704773
1944.849609	547.211975
1944.262695	552.659424
1943.904297	597.304749
1943.322266	626.941956
1942.958008	623.593811
1942.380859	616.203735
1942.011719	565.334839
1941.439453	645.302917
1941.065430	586.336731
1940.498047	560.222717
1940.118164	625.813049
1939.555664	576.048279
1939.170898	601.912231
1938.614258	565.326843
1938.223633	578.022095
1937.671875	597.067261
1937.276367	577.891663
1936.729492	543.895325
1936.329102	627.886597
1935.787109	612.765259
1935.380859	619.832031
1934.844727	649.783752
1934.432617	590.685120
1933.901367	580.720886
1933.484375	614.279114
1932.958984	596.521851
1932.536133	564.060120
1932.015625	622.919861
1931.587891	621.906860
1931.072266	625.455994
1930.638672	637.573669
1930.128906	646.539307
1929.689453	640.063293
1929.185547	654.368469
1928.740234	597.783752
1928.241211	633.058105
1927.791016	681.898193
1927.297852	595.865723
1926.840820	594.880493
1926.353516	624.882019
1925.890625	636.851379
1925.409180	598.293884
1924.940430	628.813782
1924.464844	624.652100
1923.990234	628.671021
1923.519531	632.476074
1923.040039	681.124695
1922.575195	590.025818
1922.088867	609.980713
1921.629883	611.079956
1921.137695	625.613831
1920.684570	613.612122
1920.186523	607.075256
1919.739258	602.921265
1919.235352	599.054810
1918.793945	653.044006
1918.283203	588.411072
1917.847656	615.915466
1917.331055	625.044312
1916.902344	589.372314
1916.378906	638.030029
1915.956055	631.542175
1915.426758	664.134949
1915.009766	615.573547
1914.474609	561.630249
1914.063477	649.798401
1913.521484	624.474304
1913.116211	625.909241
1912.568359	579.736572
1912.169922	652.197876
1911.615234	671.396667
1911.222656	638.876831
1910.662109	574.227600
1910.275391	628.200195
1909.708008	652.739624
1909.328125	628.083435
1908.753906	644.727722
1908.380859	625.328125
1907.799805	707.466064
1907.432617	643.677917
1906.845703	615.616516
1906.485352	622.457764
1905.891602	623.332581
1905.537109	643.438171
1904.936523	688.650818
1904.588867	645.954712
1903.981445	594.250549
1903.640625	632.653931
1903.026367	646.459045
1902.692383	672.069397
1902.071289	641.077393
1901.743164	632.417725
1901.115234	667.090576
1900.793945	619.126648
1900.159180	640.782898
1899.845703	640.083618
1899.203125	611.872375
1898.895508	690.002197
1898.247070	648.330994
1897.946289	595.081360
1897.290039	648.181824
1896.997070	608.132935
1896.333984	650.645691
1896.046875	629.075928
1895.376953	645.270935
1895.096680	665.800659
1894.419922	660.793274
1894.146484	631.471069
1893.461914	634.528625
1893.196289	665.550842
1892.504883	668.320435
1892.246094	649.644958
1891.546875	683.826355
1891.294922	636.374634
1890.588867	600.166931
1890.344727	596.817688
1889.629883	605.245972
1889.393555	649.278564
1888.671875	654.662170
1888.442383	659.669006
1887.712891	636.257507
1887.491211	677.938416
1886.753906	649.145386
1886.539063	672.556335
1885.794922	612.505432
1885.587891	677.682861
1884.835938	648.844849
1884.635742	604.021912
1883.875977	591.380127
1883.683594	635.416138
1882.916016	630.311951
1882.731445	669.423645
1881.956055	640.581726
1881.778320	595.805664
1880.996094	630.019592
1880.826172	637.680176
1880.035156	679.326172
1879.873047	655.925476
1879.074219	616.716125
1878.919922	600.714050
1878.113281	655.596375
1877.966797	634.695496
1877.152344	642.439087
1877.013672	631.953003
1876.191406	652.691101
1876.059570	605.616089
1875.229492	639.540405
1875.106445	605.501160
1874.267578	678.378723
1874.152344	587.041260
1873.305664	667.826477
1873.198242	615.752197
1872.342773	667.670837
1872.244141	623.494385
1871.380859	654.528442
1871.289063	631.233582
1870.417969	631.005127
1870.334961	628.494812
1869.455078	641.242310
1869.379883	633.611694
1868.491211	687.811768
1868.424805	609.931458
1867.528320	659.106995
1867.469727	635.987610
1866.564453	612.255432
1866.513672	625.399475
1865.600586	645.830261
1865.558594	604.350342
1864.636719	687.168457
1864.602539	656.549805
1863.671875	692.192505
1863.646484	648.578796
1862.708008	588.355347
1862.690430	656.299133
1861.743164	629.677612
1861.734375	614.345947
1860.778320	622.069702
1860.778320	689.115051
1859.821289	629.790466
1859.812500	621.612000
1858.864258	674.086487
1858.847656	644.770996
1857.907227	660.896301
1857.881836	649.797180
1856.950195	652.934448
1856.916016	680.703125
1855.993164	660.643066
1855.949219	709.006775
1855.035156	650.073425
1854.983398	693.317871
1854.077148	683.881836
1854.016602	677.636230
1853.119141	678.531128
1853.049805	672.304993
1852.161133	652.308472
1852.083008	648.879883
1851.203125	610.443420
1851.115234	690.079956
1850.244141	699.005981
1850.147461	638.237915
1849.286133	659.755615
1849.179688	632.920532
1848.327148	638.770874
1848.211914	681.843018
1847.368164	693.389160
1847.244141	717.831665
1846.408203	641.131165
1846.275391	673.776062
1845.449219	711.362122
1845.306641	738.139282
1844.489258	635.673645
1844.337891	642.493591
1843.530273	651.179321
1843.369141	691.355347
1842.570313	591.156799
1842.399414	701.507751
1841.609375	692.587402
1841.429688	631.722961
1840.649414	663.818359
1840.459961	634.150879
1839.688477	653.279297
1839.490234	716.471924
1838.728516	689.583862
1838.519531	685.382202
1837.767578	684.247070
1837.549805	682.643250
1836.805664	634.691956
1836.579102	687.631714
1835.844727	751.600281
1835.607422	653.995850
1834.882813	676.049255
1834.636719	713.046143
1833.921875	722.712585
1833.665039	705.155579
1832.959961	722.572510
1832.693359	707.560425
1831.998047	701.642944
1831.721680	727.970337
1831.035156	737.881226
1830.749023	671.218750
1830.073242	714.359009
1829.777344	740.478333
1829.110352	688.248596
1828.804688	748.012878
1828.147461	672.534912
1827.832031	714.425659
1827.184570	703.558105
1826.858398	685.992859
1826.221680	773.503845
1825.885742	732.064331
1825.258789	711.069824
1824.912109	677.960327
1824.294922	695.363586
1823.938477	713.741699
1823.331055	692.634094
1822.963867	746.939026
1822.367188	721.029053
1821.990234	731.362671
1821.403320	661.246704
1821.015625	708.097046
1820.438477	689.636536
1820.041016	713.056824
1819.474609	728.383728
1819.066406	712.885498
1818.509766	710.100342
1818.090820	738.351257
1817.544922	697.006165
1817.115234	692.037781
1816.580078	665.782898
1816.139648	663.683777
1815.614258	720.044678
1815.164063	730.132507
1814.649414	743.210144
1814.187500	755.569031
1813.683594	699.050476
1813.211914	701.613464
1812.717773	706.679443
1812.235352	691.204102
1811.751953	706.541077
1811.257813	731.987549
1810.786133	719.340515
1810.281250	719.016785
1809.819336	726.960693
1809.303711	634.423706
1808.852539	698.366272
1808.326172	703.323853
1807.885742	703.401428
1807.348633	738.950500
1806.918945	744.631836
1806.371094	695.314392
1805.952148	630.744873
1805.392578	690.034485
1804.984375	736.586060
1804.414063	682.201965
1804.017578	718.353333
1803.435547	710.135315
1803.049805	705.294678
1802.456055	727.839661
1802.082031	692.241089
1801.477539	732.769226
1801.113281	766.996887
1800.498047	666.223999
1800.145508	704.878662
1799.518555	717.101135
1799.176758	709.902832
1798.538086	691.413208
1798.208008	717.505920
1797.558594	698.896973
1797.239258	709.623230
1796.578125	734.428040
1796.270508	717.223267
1795.597656	736.798401
1795.301758	748.035034
1794.616211	739.167480
1794.332031	716.940430
1793.635742	817.982178
1793.362305	716.798950
1792.654297	708.235168
1792.392578	770.793457
1791.672852	708.062073
1791.422852	752.599487
1790.690430	707.888855
1790.452148	775.642822
1789.708984	761.176147
1789.482422	796.100525
1788.726563	758.444580
1788.511719	826.853577
1787.744141	745.536255
1787.541016	759.730713
1786.760742	775.879822
1786.569336	813.652222
1785.778320	788.405640
1785.598633	772.301758
1784.794922	742.444946
1784.626953	813.330078
1783.811523	737.178528
1783.656250	779.715820
1782.828125	777.659180
1782.684570	753.833191
1781.843750	769.845642
1781.711914	833.425049
1780.859375	840.779480
1780.740234	748.390686
1779.875000	799.940491
1779.767578	794.525269
1778.890625	766.738037
1778.795898	778.942932
1777.905273	791.931335
1777.823242	791.639587
1776.919922	789.198242
1776.849609	783.773071
1775.934570	773.781433
1775.876953	863.263672
1774.949219	783.735657
1774.903320	804.011353
1773.962891	786.077576
1773.929688	737.077881
1772.977539	752.926697
1772.956055	801.123840
1771.991211	816.102234
1771.982422	852.308289
1771.008789	841.871887
1771.003906	813.366150
1770.034180	834.005676
1770.017578	825.830627
1769.060547	915.940674
1769.030273	780.039063
1768.085938	802.891541
1768.042969	833.016663
1767.110352	836.071777
1767.054688	850.529053
1766.135742	825.648499
1766.067383	819.949158
1765.160156	830.610962
1765.079102	794.444397
1764.185547	825.318970
1764.090820	791.717224
1763.209961	840.529724
1763.102539	831.981079
1762.233398	807.054810
1762.113281	829.245544
1761.257813	829.947632
1761.124023	801.235596
1760.281250	873.319641
1760.134766	826.304871
1759.305664	821.934143
1759.145508	821.045898
1758.329102	862.730164
1758.155273	823.366394
1757.351563	867.676575
1757.165039	835.785645
1756.375000	831.676819
1756.174805	787.612854
1755.397461	823.834778
1755.184570	815.177063
1754.420898	867.155396
1754.193359	792.264587
1753.443359	874.653992
1753.202148	809.723389
1752.464844	815.668701
1751.487305	802.722900
1750.509766	784.670349
1749.531250	845.842834
1748.552734	792.020020
1747.574219	840.394409
1746.594727	883.641479
1745.616211	758.349060
1744.636719	873.074829
1743.657227	839.718872
1742.677734	821.687134
1741.697266	818.970459
1740.717773	859.618286
1739.737305	816.090393
1738.756836	836.324097
1737.775391	838.704834
1736.794922	802.853333
1735.813477	909.716980
1734.833008	896.794861
1733.851563	896.613892
1732.869141	835.312439
1731.887695	827.505249
1730.905273	855.340271
1729.922852	906.070251
1728.940430	903.342407
1727.958008	880.262756
1726.975586	869.910278
1725.992188	948.569824
1725.008789	940.750122
1724.025391	935.475464
1723.041992	912.412170
1722.057617	940.178528
1721.074219	937.447449
1720.089844	962.657288
1719.105469	942.146240
1718.120117	931.799194
1717.135742	982.379028
1716.150391	928.883057
1715.165039	913.469910
1714.179688	1027.444824
1713.194336	1017.090515
1712.208008	1014.347839
1711.222656	981.182007
1710.236328	1029.144287
1709.250000	1011.194641
1708.262695	1000.853577
1707.276367	1084.248413
1706.289063	1081.494751
1705.301758	1055.951904
1704.314453	1124.093750
1703.327148	1022.615479
1702.338867	1126.166016
1701.350586	1062.681519
1700.362305	1082.702026
1699.374023	1138.122559
1698.385742	1097.431885
1697.396484	1125.017090
1696.407227	1099.511108
1695.417969	1079.069702
1694.428711	1099.061646
1693.439453	1154.410278
1692.449219	1199.633911
1691.458984	1037.786621
1690.468750	1130.981201
1689.478516	1140.845581
1688.487305	1052.290161
1687.497070	1069.735352
1686.505859	1059.426270
1685.514648	1089.472290
1684.522461	1071.598999
1683.531250	1051.212036
1682.539063	1081.240845
1681.546875	1040.701172
1680.554688	1085.835693
1679.562500	1073.018555
1678.569336	1067.761475
1677.576172	1049.917603
1676.583008	1049.701782
1675.589844	963.916321
1674.596680	1021.591492
1673.602539	1011.318420
1672.608398	1016.140686
1671.614258	1046.107666
1670.620117	1020.750671
1669.625977	1098.463501
1668.630859	1042.948364
1667.635742	977.405518
1666.640625	1032.470093
1665.645508	1002.118225
1664.649414	1019.488892
1663.654297	1031.831299
1662.658203	1046.678467
1661.662109	1041.443359
1660.665039	1063.809082
1659.668945	1066.097778
1658.671875	1015.718567
1657.674805	1050.612671
1656.677734	1123.095825
1655.679688	1077.748535
1654.682617	1085.043213
1653.684570	1017.174133
1652.686523	1021.973267
1651.688477	1026.770264
1650.689453	1056.603271
1649.691406	1006.318787
1648.692383	1058.668213
1647.693359	995.892761
1646.693359	1065.734497
1645.694336	1088.024414
1644.694336	1062.791748
1643.694336	1012.567932
1642.694336	1072.349365
1641.694336	1107.114502
1640.693359	1129.372070
1639.692383	1034.209961
1638.691406	1041.487793
1637.690430	1098.703613
1636.689453	1113.454346
1635.687500	1075.782593
1634.685547	1100.513794
1633.683594	1075.335083
1632.681641	1082.594604
1631.678711	1099.826782
1630.676758	1171.906860
1629.673828	1106.847412
1628.670898	1131.540649
1627.666992	1108.878052
1626.664063	1048.854736
1625.660156	1100.943237
1624.656250	1150.519653
1623.652344	1107.953247
1622.647461	1142.571777
1621.643555	1147.310791
1620.638672	1097.306763
1619.633789	1094.589844
1618.628906	1099.335571
1617.623047	1086.672485
1616.617188	1138.654419
1615.611328	1096.160645
1614.605469	1093.446289
1613.599609	1110.609741
1612.592773	1167.510864
1611.586914	1174.717041
1610.580078	1204.267456
1609.572266	1248.700317
1608.565430	1198.799072
1607.557617	1253.140137
1606.549805	1208.220459
1605.541992	1247.654053
1604.534180	1316.829834
1603.526367	1276.883423
1602.517578	1246.869141
1601.508789	1316.001099
1600.500000	1320.680542
1599.490234	1315.448730
1598.481445	1263.159912
1597.471680	1300.038574
1596.461914	1292.338135
1595.452148	1309.393066
1594.441406	1249.724976
1593.430664	1313.790894
1592.420898	1367.935059
1591.409180	1246.463379
1590.398438	1352.523804
1589.387695	1292.908569
1588.375977	1327.238525
1587.364258	1265.182495
1586.352539	1343.973145
1585.339844	1360.980103
1584.328125	1256.974365
1583.315430	1318.433716
1582.302734	1305.813477
1581.289063	1295.666260
1580.276367	1243.577148
1579.262695	1275.384399
1578.249023	1287.447021
1577.235352	1282.243408
1576.220703	1217.874023
1575.207031	1220.081543
1574.192383	1278.966675
1573.177734	1286.087646
1572.163086	1305.521729
1571.147461	1315.096558
1570.131836	1295.120728
1569.117188	1302.231689
1568.100586	1304.417236
1567.084961	1267.231445
1566.068359	1328.466187
1565.052734	1325.725220
1564.036133	1379.544189
1563.018555	1362.041992
1562.001953	1324.882690
1560.984375	1354.091919
1559.966797	1299.750854
1558.949219	1269.997559
1557.931641	1223.064941
1556.913086	1200.706421
1555.894531	1234.820313
1554.875977	1237.012573
1553.857422	1165.587646
1552.837891	1150.619873
1551.819336	1221.507324
1550.799805	1285.007690
1549.780273	1181.759521
1548.759766	1225.630981
1547.740234	1252.328369
1546.719727	1183.455811
1545.699219	1232.197876
1544.678711	1222.138916
1543.657227	1170.456909
1542.636719	1268.133057
1541.615234	1162.615601
1540.593750	1201.521240
1539.571289	1213.498047
1538.549805	1142.303955
1537.527344	1139.614868
1536.504883	1195.606812
1535.481445	1148.906616
1534.458984	1187.764771
1533.435547	1211.945679
1532.412109	1148.171021
1531.388672	1182.119385
1530.365234	1123.261841
1529.340820	1159.642090
1528.316406	1139.867676
1527.291992	1215.273560
1526.267578	1146.699585
1525.243164	1122.061768
1524.217773	1155.964111
1523.192383	1109.390503
1522.166992	1172.533203
1521.140625	1186.905273
1520.115234	1179.341064
1519.088867	1169.343872
1518.062500	1239.726074
1517.036133	1144.491943
1516.008789	1209.979858
1514.981445	1197.550171
1513.954102	1192.426270
1512.926758	1162.974487
1511.899414	1298.943726
1510.871094	1152.747559
1509.842773	1227.874512
1508.814453	1268.936401
1507.786133	1241.929443
1506.756836	1234.373047
1505.727539	1297.270752
1504.698242	1236.271240
1503.668945	1221.435669
1502.639648	1357.128540
1501.609375	1257.319092
1500.579102	1371.105103
1499.548828	1278.613892
1498.518555	1319.575317
1497.487305	1261.087158
1496.456055	1251.116943
1495.424805	1364.781128
1494.393555	1362.063354
1493.361328	1342.385132
1492.330078	1455.955811
1491.297852	1499.238403
1490.264648	1523.130127
1489.232422	1503.433472
1488.199219	1522.472778
1487.166016	1621.361694
1486.132813	1671.819336
1485.099609	1739.187378
1484.065430	1755.740234
1483.032227	1837.567749
1481.998047	1873.430420
1480.962891	1923.778320
1479.928711	1916.113403
1478.893555	1848.057495
1477.858398	1891.131958
1476.823242	1953.505249
1475.788086	1982.052612
1474.751953	1923.695313
1473.715820	1903.973389
1472.679688	1990.415283
1471.643555	1886.263550
1470.606445	1881.031494
1469.569336	1883.034668
1468.532227	1841.647217
1467.495117	1819.557617
1466.458008	1768.563477
1465.419922	1782.633423
1464.381836	1789.471680
1463.343750	1820.385986
1462.305664	1817.583130
1461.266602	1744.981934
1460.227539	1725.351929
1459.188477	1763.470093
1458.149414	1734.222900
1457.109375	1700.178833
1456.069336	1774.340820
1455.029297	1757.128540
1453.989258	1756.745972
1452.949219	1734.739258
1451.908203	1794.415527
1450.867188	1822.844238
1449.826172	1894.480591
1448.784180	1810.046875
1447.743164	1814.452271
1446.701172	1876.444824
1445.659180	1801.665771
1444.617188	1815.663574
1443.574219	1805.675415
1442.531250	1740.550049
1441.488281	1718.597534
1440.445313	1701.447266
1439.401367	1691.491943
1438.358398	1604.889404
1437.314453	1760.202759
1436.269531	1632.919434
1435.225586	1608.624390
1434.180664	1639.384888
1433.135742	1536.138306
1432.090820	1583.646362
1431.045898	1609.608154
1430.000000	1630.776123
1428.954102	1687.794312
1427.908203	1651.572632
1426.862305	1713.340088
1425.816406	1696.240845
1424.769531	1688.703247
1423.722656	1659.676392
1422.674805	1757.199707
1421.627930	1742.492188
1420.580078	1720.631470
1419.532227	1751.270630
1418.484375	1772.354492
1417.436523	1786.274292
1416.387695	1847.874878
1415.338867	1778.337524
1414.290039	1851.828857
1413.241211	1844.273193
1412.191406	1841.485107
1411.141602	1862.515381
1410.091797	1881.154907
1409.041992	1854.553101
1407.991211	1849.384277
1406.940430	1789.485840
1405.889648	1820.019775
1404.838867	1726.853638
1403.788086	1766.899902
1402.736328	1711.826660
1401.684570	1723.333984
1400.632813	1756.224487
1399.580078	1720.197266
1398.528320	1601.045410
1397.475586	1593.566895
1396.421875	1624.081787
1395.369141	1637.966064
1394.315430	1594.883789
1393.261719	1568.430054
1392.208008	1487.425171
1391.154297	1525.044312
1390.099609	1602.957520
1389.045898	1503.032593
1387.990234	1569.065063
1386.935547	1592.414063
1385.880859	1513.879517
1384.825195	1565.653442
1383.769531	1577.146729
1382.712891	1555.488770
1381.657227	1619.053589
1380.600586	1552.432007
1379.543945	1672.752686
1378.487305	1620.340942
1377.429688	1660.184937
1376.373047	1640.900757
1375.315430	1690.177612
1374.257813	1609.447632
1373.199219	1620.903809
1372.140625	1535.500122
1371.082031	1596.564819
1370.023438	1525.371704
1368.964844	1584.050293
1367.905273	1553.014771
1366.845703	1500.755859
1365.786133	1512.217163
1364.726563	1516.597290
1363.666016	1459.664551
1362.605469	1511.205688
1361.544922	1529.724854
1360.484375	1569.444214
1359.422852	1510.193848
1358.361328	1554.610596
1357.299805	1535.423706
1356.238281	1617.485107
1355.176758	1610.061890
1354.114258	1649.708984
1353.051758	1717.572388
1351.988281	1691.312622
1350.925781	1679.175049
1349.862305	1742.283081
1348.798828	1779.504639
1347.735352	1781.456177
1346.670898	1860.945923
1345.607422	1862.877930
1344.542969	1925.873047
1343.477539	1869.086670
1342.413086	1920.313843
1341.347656	1941.006226
1340.282227	1895.986572
1339.216797	1853.332886
1338.150391	1827.116333
1337.084961	1812.636108
1336.018555	1819.261841
1334.952148	1793.069946
1333.884766	1771.576416
1332.817383	1729.006836
1331.750000	1700.510010
1330.682617	1803.165039
1329.615234	1807.441406
1328.546875	1828.100586
1327.478516	1778.544434
1326.410156	1820.257446
1325.341797	1836.220825
1324.272461	1758.632446
1323.203125	1774.602051
1322.133789	1708.750000
1321.063477	1752.767456
1319.994141	1754.708008
1318.923828	1765.991211
1317.853516	1889.370361
1316.782227	1674.131226
1315.711914	1722.774536
1314.640625	1731.720093
1313.569336	1651.994995
1312.497070	1705.275146
1311.425781	1609.265869
1311.421875	1620.265381
1310.353516	1662.531250
1310.349609	1673.885620
1309.281250	1561.912231
1309.277344	1605.990601
1308.208008	1601.179688
1308.204102	1615.025635
1307.135742	1554.213379
1307.130859	1551.824951
1306.062500	1605.112427
1306.057617	1509.613403
1304.988281	1572.140747
1304.984375	1569.902954
1303.915039	1522.883789
1303.911133	1490.441772
1302.840820	1503.913574
1302.837891	1478.532227
1301.767578	1501.244385
1301.763672	1475.938721
1300.692383	1493.922119
1300.689453	1489.638672
1299.618164	1481.950195
1299.615234	1459.117798
1298.542969	1521.153809
1298.541016	1463.508423
1297.468750	1476.625244
1297.465820	1405.087036
1296.392578	1455.365234
1296.391602	1407.159546
1295.317383	1445.736572
1295.316406	1458.065674
1294.241211	1496.531006
1294.241211	1436.876709
1293.166016	1457.538452
1293.165039	1461.340820
1292.089844	1447.977783
1292.088867	1437.780273
1291.013672	1454.686890
1291.012695	1400.296997
1289.938477	1417.249390
1289.935547	1446.411255
1288.862305	1491.326172
1288.858398	1457.687012
1287.785156	1479.442749
1287.781250	1487.522461
1286.708984	1546.514526
1286.704102	1570.706299
1285.631836	1467.296387
1285.625977	1431.173462
1284.554688	1462.386841
1284.547852	1481.865234
1283.477539	1517.820190
1283.469727	1432.837769
1282.400391	1475.776123
1282.391602	1488.141602
1281.323242	1466.226807
1281.312500	1490.118652
1280.245117	1482.195923
1280.233398	1489.777710
1279.166992	1440.180664
1279.154297	1484.803833
1278.088867	1414.411377
1278.075195	1523.833374
1277.010742	1411.834106
1276.995117	1419.294556
1275.931641	1476.475464
1275.915039	1416.654541
1274.853516	1425.221191
1274.834961	1478.814941
1273.774414	1413.374512
1273.753906	1404.436279
1272.695313	1454.813354
1272.673828	1522.087402
1271.615234	1426.752075
1271.592773	1440.794556
1270.536133	1502.908691
1270.510742	1431.215210
1269.456055	1403.073975
1269.429688	1456.314209
1268.375977	1444.483276
1268.347656	1428.246582
1267.295898	1469.675903
1267.265625	1388.639038
1266.215820	1393.041870
1266.183594	1425.280029
1265.134766	1418.234131
1265.101563	1404.166748
1264.054688	1362.456055
1264.018555	1406.152588
1262.973633	1339.076660
1262.935547	1378.127930
1261.892578	1366.576538
1261.852539	1377.810547
1260.810547	1352.452026
1260.768555	1419.025635
1259.729492	1359.135620
1259.684570	1365.641479
1258.647461	1372.749634
1258.600586	1402.227417
1257.565430	1360.941772
1257.516602	1360.400269
1256.483398	1409.202515
1256.432617	1355.475952
1255.401367	1388.152832
1255.347656	1426.608765
1254.318359	1401.750366
1254.262695	1479.275146
1253.235352	1461.520142
1253.177734	1437.468140
1252.152344	1470.481567
1252.091797	1494.713501
1251.069336	1417.122925
1251.005859	1524.301392
1249.986328	1499.931519
1249.919922	1461.793823
1248.902344	1511.187256
1248.833984	1461.455688
1247.818359	1513.211426
1247.747070	1550.855347
1246.734375	1607.486450
1246.660156	1585.002930
1245.650391	1630.244141
1245.573242	1612.234741
1244.566406	1646.076782
1244.486328	1616.459839
1243.481445	1687.258179
1243.398438	1687.349243
1242.396484	1680.027954
1242.311523	1657.079956
1241.311523	1661.279541
1241.222656	1702.651001
1240.226563	1736.989624
1240.134766	1711.444824
1239.141602	1681.384644
1239.045898	1717.937622
1238.055664	1729.427856
1237.958008	1719.834839
1236.969727	1717.590332
1236.868164	1749.278564
1235.883789	1698.850952
1235.779297	1723.625854
1234.797852	1670.912354
1234.689453	1631.442017
1233.710938	1631.478394
1233.599609	1610.416138
1232.624023	1603.562500
1232.509766	1577.932251
1231.537109	1571.056274
1231.419922	1540.877319
1230.450195	1494.866089
1230.329102	1531.348755
1229.363281	1368.118530
1229.238281	1448.483398
1228.275391	1436.827271
1228.147461	1487.098999
1227.188477	1457.241455
1227.055664	1360.756226
1226.100586	1411.004150
1225.964844	1321.503662
1225.011719	1424.522217
1224.872070	1323.485107
1223.923828	1387.496948
1223.780273	1316.308350
1222.834961	1299.957153
1222.688477	1384.661865
1221.747070	1327.265747
1221.595703	1272.218262
1220.657227	1308.646240
1220.502930	1397.740356
1219.568359	1303.806274
1219.409180	1308.216919
1218.479492	1264.543091
1218.316406	1314.770508
1217.389648	1383.619141
1217.222656	1264.170288
1216.299805	1309.943359
1216.128906	1316.440430
1215.209961	1350.979614
1215.035156	1370.970947
1214.120117	1323.202637
1213.940430	1302.117065
1213.029297	1368.805908
1212.845703	1379.463745
1211.938477	1370.836548
1211.750977	1360.873413
1210.847656	1370.574219
1210.655273	1381.099365
1209.756836	1404.684204
1209.560547	1481.195190
1208.666016	1422.743530
1208.464844	1458.029907
1207.574219	1465.992310
1207.369141	1487.343018
1206.482422	1582.510010
1206.272461	1594.184570
1205.390625	1618.841919
1205.175781	1475.243042
1204.298828	1497.198364
1204.079102	1538.724609
1203.207031	1581.598145
1202.982422	1609.013184
1202.114258	1549.256104
1201.885742	1597.241699
1201.021484	1496.334595
1200.788086	1476.132324
1199.928711	1537.222046
1199.690430	1500.836426
1198.835938	1530.064453
1198.591797	1468.605835
1197.742188	1440.590088
1197.494141	1461.430298
1196.648438	1392.301758
1196.395508	1431.499634
1195.554688	1394.318726
1195.296875	1442.538208
1194.460938	1378.052002
1194.197266	1435.373169
1193.367188	1348.082153
1193.098633	1371.355835
1192.272461	1391.225830
1191.999023	1359.663208
1191.177734	1363.548462
1190.899414	1393.438843
1190.083008	1303.911865
1189.798828	1356.747437
1188.988281	1408.682617
1188.698242	1356.426270
1187.893555	1291.993042
1187.597656	1335.661255
1186.797852	1300.871338
1186.497070	1280.840942
1185.702148	1323.436646
1185.396484	1294.160156
1184.606445	1234.207153
1184.294922	1223.485718
1183.509766	1293.270630
1183.193359	1252.697510
1182.414063	1240.568604
1182.090820	1200.216797
1181.317383	1176.486816
1180.989258	1320.151855
1180.220703	1192.214722
1179.886719	1183.772461
1179.124023	1128.166870
1178.784180	1210.697754
1178.026367	1164.405884
1177.680664	1169.609497
1176.929688	1157.343994
1176.578125	1210.121948
1175.832031	1100.173340
1175.474609	1144.131348
1174.734375	1102.235840
1174.371094	1134.798706
1173.635742	1168.050537
1173.266602	1134.528320
1172.538086	1131.398926
1172.162109	1184.065674
1171.439453	1135.729492
1171.057617	1102.299194
1170.340820	1115.027100
1169.953125	1163.134766
1169.242188	1089.782349
1168.848633	1126.659302
1168.142578	1116.864868
1167.743164	1090.201050
1167.043945	1087.080933
1166.637695	1119.337402
1165.944336	1136.890869
1165.531250	1085.158691
1164.844727	1063.920898
1164.425781	1125.582886
1163.744141	1102.351074
1163.319336	1114.015381
1162.644531	1058.958008
1162.211914	1073.084473
1161.543945	1106.461670
1161.105469	1054.758911
1160.443359	1074.442261
1159.998047	1061.280396
1159.342773	1087.857300
1158.890625	1101.661011
1158.241211	1089.913696
1157.783203	1139.765137
1157.140625	1126.022095
1156.675781	1112.414795
1156.039063	1089.484009
1155.567383	1166.288818
1154.937500	1109.692749
1154.458984	1125.412720
1153.835938	1141.237793
1153.349609	1154.454712
1152.733398	1129.670288
1152.241211	1131.634644
1151.630859	1140.786865
1151.131836	1097.556885
1150.528320	1129.223633
1150.022461	1137.849854
1149.425781	1065.522339
1148.912109	1148.839111
1148.323242	1189.975464
1147.801758	1139.554077
1147.219727	1146.682495
1146.691406	1157.291870
1146.116211	1137.392334
1145.581055	1161.514893
1145.012695	1148.493164
1144.470703	1091.470581
1143.909180	1193.561768
1143.359375	1151.954834
1142.804688	1193.324951
1142.248047	1210.160400
1141.700195	1145.545532
1141.135742	1149.149780
1140.595703	1147.581299
1140.024414	1220.817139
1139.491211	1169.983398
1138.912109	1162.080688
1138.386719	1174.275879
1137.798828	1193.260376
1137.281250	1180.828491
1136.686523	1183.984985
1136.175781	1182.854980
1135.573242	1179.206055
1135.070313	1187.141846
1134.459961	1226.077148
1133.963867	1162.036621
1133.346680	1126.999268
1132.858398	1152.763672
1132.232422	1167.126465
1131.751953	1102.816406
1131.118164	1166.843262
1130.645508	1118.412231
1130.003906	1168.803345
1129.539063	1206.288574
1128.889648	1114.691406
1128.431641	1154.101563
1127.774414	1197.385376
1127.325195	1144.838501
1126.659180	1228.478760
1126.217773	1210.080322
1125.543945	1230.421143
1125.109375	1144.380371
1124.428711	1171.864624
1124.001953	1178.001831
1123.312500	1196.220459
1122.893555	1175.509521
1122.196289	1254.157837
1121.786133	1231.669067
1121.079102	1303.110596
1120.677734	1278.784424
1119.962891	1222.207764
1119.568359	1244.704346
1118.845703	1262.192261
1118.459961	1271.507690
1117.728516	1308.869141
1117.350586	1309.570190
1116.610352	1337.628296
1116.241211	1325.081787
1115.492188	1408.862671
1115.131836	1365.370972
1114.374023	1352.624634
1114.021484	1358.338379
1113.255859	1354.528931
1112.912109	1328.786743
1112.136719	1311.739136
1111.801758	1351.036377
1111.018555	1358.333984
1110.691406	1371.025635
1109.898438	1259.724731
1109.580078	1287.468994
1108.779297	1241.551880
1108.469727	1260.204956
1107.659180	1256.874634
1107.358398	1194.703247
1106.539063	1191.840698
1106.247070	1201.210449
1105.418945	1135.763916
1105.134766	1149.240845
1104.297852	1081.945435
1104.023438	1079.303589
1103.177734	1090.600464
1102.911133	1106.062622
1102.055664	1045.737915
1101.798828	1056.390869
1100.934570	1105.668213
1100.686523	1085.390503
1099.812500	1036.308716
1099.574219	1031.249268
1098.690430	1111.807861
1098.460938	1055.749390
1097.568359	1066.983398
1097.347656	1064.518799
1096.446289	1068.947266
1096.234375	1066.548340
1095.323242	1093.174194
1095.121094	1007.964417
1094.200195	1090.678345
1094.006836	1010.004333
1093.076172	1117.112915
1092.892578	1081.607300
1091.953125	1107.937744
1091.778320	1043.247314
1090.829102	1100.991089
1090.664063	1043.035400
1089.704102	1127.402710
1089.548828	1022.639648
1088.580078	1073.768677
1088.434570	1071.759521
1087.455078	1071.280151
1087.319336	1035.673950
1086.330078	993.243896
1086.203125	1015.291809
1085.204102	1086.299438
1085.087891	1010.603394
1084.079102	1039.390625
1083.971680	1046.243164
1082.953125	1023.589966
1082.855469	1003.471863
1081.827148	1014.456482
1081.739258	1032.379883
1080.700195	1043.054810
1080.623047	998.584595
1079.573242	978.452759
1079.505859	942.417725
1078.446289	969.336670
1078.388672	995.938843
1077.319336	1000.141907
1077.271484	975.596924
1076.191406	991.024536
1076.154297	975.397522
1075.063477	1030.674683
1075.036133	941.647705
1073.935547	986.098572
1073.918945	1046.558105
1072.806641	939.329163
1072.800781	943.498169
1071.681641	981.305420
1071.677734	987.821289
1070.563477	907.354004
1070.548828	983.145935
1069.444336	996.544189
1069.419922	965.190308
1068.325195	953.894958
1068.290039	976.014893
1067.206055	935.831421
1067.160156	973.558044
1066.086914	989.232056
1066.030273	951.193542
1064.966797	991.261597
1064.899414	937.686096
1063.846680	984.361694
1063.768555	1030.311768
1062.726563	1004.244324
1062.637695	1021.211731
1061.606445	983.957153
1061.506836	1003.276550
1060.485352	1023.908081
1060.375000	1038.373535
1059.364258	1061.612183
1059.243164	1084.496460
1058.243164	1108.219849
1058.111328	1037.851685
1057.122070	1034.422852
1056.978516	1035.382935
1056.000000	1034.209839
1055.845703	1050.572021
1054.877930	987.199402
1054.712891	1116.503296
1053.755859	1047.151367
1053.580078	1076.514404
1052.633789	1006.840088
1052.446289	1069.626709
1051.511719	1006.632324
1051.312500	1003.211121
1050.388672	1035.370361
1050.177734	1013.979370
1049.265625	968.372314
1049.043945	1004.908325
1048.142578	1012.685913
1047.909180	964.996948
1047.018555	954.620850
1046.774414	973.563416
1045.895508	981.120667
1045.638672	1041.581421
1044.771484	987.590637
1044.502930	977.473694
1043.646484	902.880249
1043.367188	988.230835
1042.522461	936.044128
1042.231445	954.974304
1041.397461	1000.315002
1041.094727	970.130981
1040.273438	922.321655
1039.958008	987.479065
1039.147461	953.238525
1038.821289	980.632080
1038.022461	957.483948
1037.683594	969.392090
1036.896484	970.611877
1036.545898	991.121643
1035.771484	954.866150
1035.408203	957.913757
1034.645508	954.667908
1034.269531	955.473389
1033.518555	956.689392
1033.131836	985.973083
1032.392578	1011.971497
1031.992188	1031.824585
1031.265625	994.011047
1030.853516	1009.613281
1030.138672	967.184631
1029.713867	1024.715332
1029.011719	1053.479614
1028.574219	1004.710449
1027.883789	1022.217041
1027.434570	982.522461
1026.755859	1055.258179
1026.294922	991.041504
1025.627930	1050.605469
1025.154297	984.211914
1024.500000	1034.874634
1024.012695	1010.257324
1023.372070	1028.012329
1022.872070	1009.998535
1022.243164	1010.077393
1021.730469	972.504150
1021.114258	1001.008240
1020.588867	1016.049988
1019.985352	1022.940979
1019.447266	969.815979
1018.855469	969.598816
1018.304688	1011.151062
1017.726563	991.528687
1017.162109	978.070068
1016.596680	949.278931
1016.019531	1032.506470
1015.466797	988.902161
1014.875977	968.819214
1014.335938	1010.813904
1013.732422	1023.229492
1013.206055	986.277344
1012.588867	1071.053955
1012.075195	1008.180237
1011.445313	994.293762
1010.944336	988.075134
1010.300781	1066.132324
1009.812500	1007.758301
1009.156250	1098.619141
1008.681641	1038.480713
1008.010742	1115.803833
1007.549805	1066.981079
1006.866211	1104.600464
1006.417969	1106.512451
1005.720703	1104.314819
1005.285156	1132.778198
1004.574219	1106.210938
1004.153320	1163.448120
1003.428711	1160.457153
1003.020508	1163.204102
1002.282227	1186.325439
1001.887695	1125.445068
1001.135742	1159.855713
1000.753906	1140.652832
999.988281	1157.375122
999.621094	1136.001587
998.840820	1117.851807
998.487305	1135.762939
997.693359	1091.419556
997.353516	1192.851685
996.545898	1134.694092
996.219727	1124.263306
995.397461	1149.640381
995.084961	1115.210938
994.249023	1060.093018
993.950195	1141.418457
993.100586	1094.636353
992.815430	1108.132446
991.951172	1029.081543
991.680664	1088.075928
990.801758	1048.388916
990.545898	1059.219116
989.652344	1045.940674
989.410156	1085.415771
988.274414	1021.352539
987.138672	1058.549561
986.001953	1064.927002
984.865234	1022.906128
983.728516	1007.294922
982.591797	985.093506
981.455078	956.306152
980.317383	1013.250549
979.179688	982.271729
978.041992	1026.004272
976.903320	1032.376831
975.765625	1032.158447
974.626953	1095.612915
973.487305	1073.429321
972.348633	1031.502930
971.208984	1031.284424
970.069336	1063.972168
968.929688	1107.612427
967.790039	1142.462769
966.649414	1133.450928
965.508789	1170.472656
964.368164	1196.521240
963.226563	1235.704590
962.085938	1169.727051
960.944336	1230.799438
959.802734	1162.661133
958.660156	1166.792114
957.517578	1129.337036
956.375977	1113.779541
955.232422	1126.668579
954.089844	1130.803223
952.946289	1019.036865
951.802734	1055.986938
950.659180	1060.133545
949.515625	970.307129
948.371094	1024.722900
947.226563	969.893188
946.082031	1015.549744
944.937500	914.891357
943.791992	1002.017822
942.646484	984.343140
941.500977	968.857971
940.354492	949.016052
939.208984	940.088440
938.062500	979.140198
936.916016	913.523254
935.768555	917.687317
934.621094	948.001221
933.474609	960.871277
932.326172	941.059998
931.178711	999.661987
930.030273	955.898804
928.881836	986.171509
927.733398	1033.843262
926.584961	1035.797485
925.435547	996.414734
924.286133	996.200806
923.136719	1032.955811
921.986328	1028.385620
920.836914	993.385193
919.686523	1032.290039
918.535156	1034.240845
917.384766	1020.984558
916.233398	946.922302
915.082031	1003.174194
913.930664	1000.787354
912.779297	1030.958008
911.626953	1004.696228
910.474609	1004.479736
909.322266	1032.460693
908.168945	1051.755127
907.015625	956.131958
905.862305	1012.284119
904.708984	973.056702
903.555664	1009.680542
902.401367	1031.124756
901.247070	1063.388428
900.091797	1058.828125
898.937500	1078.082764
897.782227	1051.877441
896.626953	1120.894409
895.471680	1103.344604
894.315430	1146.364868
893.159180	1124.491943
892.002930	1145.868652
890.846680	1162.912842
889.689453	1093.506470
888.532227	1231.548584
887.375000	1250.723022
886.217773	1218.056641
885.059570	1310.638428
883.901367	1290.925415
882.743164	1364.026489
881.584961	1296.838623
880.425781	1305.186401
879.266602	1261.765625
878.107422	1214.050781
876.948242	1304.335938
875.788086	1288.964233
874.627930	1219.724243
873.467773	1204.377441
872.307617	1176.112671
871.146484	1158.628052
869.985352	1119.619873
868.824219	1119.376099
867.662109	1082.545288
866.500000	1118.888428
865.337891	991.721497
864.175781	1060.330078
863.013672	982.687988
861.850586	976.024170
860.687500	1027.395996
859.523438	1040.065186
858.360352	1044.135010
857.196289	970.876465
856.032227	1050.121460
854.868164	1062.774170
853.703125	1000.292053
852.538086	1060.163696
851.373047	1042.766968
850.208008	1051.119507
849.041992	1076.625732
847.875977	1054.948120
846.709961	1001.123840
845.542969	1084.491943
844.376953	1060.683716
843.209961	1049.739746
842.041992	1148.035156
840.875000	1074.976440
839.707031	1149.672852
838.539063	1222.196045
837.371094	1234.767822
836.202148	1258.031494
835.034180	1403.210205
833.865234	1499.137817
832.695313	1689.099609
831.526367	1945.244385
830.356445	2197.002197
829.186523	2463.605713
828.015625	2655.324219
826.845703	2750.849365
825.674805	2690.456543
824.503906	2457.169922
823.332031	2275.210205
822.160156	1967.431519
820.988281	1809.126587
819.816406	1712.746094
818.644531	1592.950806
817.471680	1466.812256
816.298828	1330.071411
815.125977	1361.744019
813.952148	1254.914429
812.778320	1280.199097
811.604492	1150.008301
810.430664	1215.758911
809.255859	1151.629517
808.081055	1174.785767
806.906250	1136.226563
805.731445	1110.447998
804.555664	1116.583130
803.379883	1080.188354
802.204102	1116.089600
801.028320	1049.954956
799.851563	1141.095337
798.674805	1094.104370
797.498047	1025.894165
796.320313	1125.473145
795.142578	1084.885742
793.964844	1088.890625
792.787109	1122.603394
791.608398	1075.678345
790.429688	1130.590698
789.250977	1113.374268
788.072266	1183.095337
786.892578	1161.635254
785.712891	1182.570557
784.533203	1173.832764
783.353516	1131.204956
782.172852	1114.010620
780.992188	1158.229126
779.810547	1111.398926
778.629883	1130.200195
777.448242	1180.733276
776.266602	1167.777466
775.084961	1091.375366
773.902344	1124.966187
772.719727	1088.775757
771.537109	1143.488525
770.353516	1086.177856
769.170898	1161.993896
767.987305	1172.296265
766.803711	1226.941284
765.619141	1203.443481
764.434570	1192.621094
763.250000	1211.348511
762.065430	1293.364136
760.879883	1373.233765
759.694336	1480.483887
758.508789	1560.275757
757.323242	1574.683472
756.136719	1732.397339
754.950195	1763.616455
753.763672	1649.466187
752.576172	1604.869019
751.389648	1446.586060
750.202148	1435.736694
749.013672	1416.473267
747.826172	1378.280029
746.637695	1346.415039
745.449219	1350.320313
744.259766	1366.840698
743.071289	1334.999268
741.881836	1397.756958
740.691406	1391.139648
739.501953	1464.361084
738.311523	1424.123901
737.121094	1493.104858
735.930664	1562.054688
734.739258	1591.091187
733.547852	1510.987671
732.356445	1567.297974
731.165039	1636.168701
729.972656	1491.095825
728.780273	1538.985229
727.587891	1511.388428
726.394531	1630.507690
725.202148	1519.090454
724.008789	1491.516235
722.814453	1520.501831
721.621094	1428.028931
720.426758	1421.427368
719.232422	1343.668701
718.037109	1240.835205
716.841797	1282.395874
715.646484	1219.361206
714.451172	1242.088135
713.255859	1151.913086
712.059570	1137.022705
710.863281	1149.304199
709.666016	1151.134277
708.469727	1180.116455
707.272461	1115.114990
706.075195	1152.443115
704.876953	1104.175293
703.678711	1199.919678
702.480469	1201.734985
701.282227	1228.579956
700.083984	1276.266602
698.884766	1203.005493
697.685547	1279.858643
696.485352	1314.997070
695.285156	1325.117188
694.084961	1318.568359
692.884766	1355.756348
691.684570	1361.695801
690.483398	1388.448730
689.282227	1369.403809
688.080078	1441.917725
686.878906	1414.548218
685.676758	1430.865601
684.474609	1553.218506
683.271484	1490.502197
682.068359	1496.399170
680.865234	1523.071899
679.662109	1535.190552
678.458008	1416.457886
677.254883	1438.977173
676.049805	1494.701660
674.845703	1442.474609
673.640625	1467.047241
672.435547	1448.042847
671.230469	1474.676758
670.024414	1470.194214
668.819336	1515.468994
667.613281	1432.217285
666.406250	1529.284912
665.199219	1605.590820
663.992188	1663.220459
662.785156	1664.912476
661.578125	1666.603516
660.370117	1693.131836
659.162109	1680.329712
657.953125	1710.980103
656.745117	1731.274292
655.536133	1703.995972
654.327148	1693.269775
653.117188	1661.878174
651.907227	1609.835327
650.697266	1557.816040
649.487305	1468.639526
648.276367	1521.997314
647.065430	1420.481445
645.854492	1366.488159
644.643555	1432.214355
643.431641	1320.472046
642.219727	1313.981689
641.007813	1253.874512
639.794922	1270.082153
638.582031	1282.159546
637.369141	1217.978638
636.155273	1242.424561
634.942383	1345.136597
633.728516	1264.509399
632.513672	1295.104370
631.299805	1290.690308
630.084961	1331.555176
628.869141	1320.961914
627.654297	1392.657349
626.438477	1408.790649
625.222656	1457.814941
624.006836	1434.867676
622.790039	1487.973633
621.573242	1532.835938
620.356445	1466.747070
619.139648	1560.884399
617.921875	1511.245728
616.704102	1467.788330
615.486328	1533.126709
614.267578	1483.528076
613.048828	1419.592163
611.830078	1413.112305
610.610352	1427.140259
609.391602	1430.911499
608.171875	1442.879028
606.951172	1481.478760
605.731445	1587.664307
604.510742	1677.415649
603.289063	1578.741211
602.068359	1494.442505
600.846680	1375.388428
599.625000	1346.423462
598.403320	1229.504028
597.180664	1241.491699
595.958008	1222.801392
594.735352	1216.385742
593.511719	1216.104492
592.289063	1221.953369
591.064453	1221.670654
589.840820	1282.661621
588.616211	1280.322754
587.391602	1302.482910
586.166992	1310.345337
584.942383	1356.974731
583.716797	1426.023438
582.491211	1464.445557
581.264648	1492.654053
580.038086	1461.727783
578.811523	1508.267212
577.584961	1485.502197
576.358398	1527.939697
575.130859	1525.548218
573.902344	1543.520630
572.674805	1478.015381
571.446289	1471.565796
570.217773	1432.560791
568.989258	1460.709473
567.759766	1407.487305
566.530273	1331.921509
565.300781	1376.337402
564.070313	1378.049561
562.840820	1304.574951
561.610352	1243.323853
560.378906	1210.536499
559.147461	1214.315552
557.916016	1260.726074
556.684570	1169.096436
555.453125	1207.378662
554.220703	1265.930176
552.988281	1245.352173
551.754883	1257.228149
550.521484	1305.589966
549.288086	1289.070313
548.054688	1298.900879
546.820313	1383.684814
545.585938	1286.141113
544.351563	1241.291504
543.117188	1236.952148
541.881836	1273.094604
540.646484	1244.467285
539.410156	1250.244995
538.174805	1247.929565
536.938477	1201.128906
535.701172	1239.258301
534.464844	1186.417725
533.227539	1178.056763
531.990234	1208.083496
530.751953	1185.583008
529.513672	1203.478027
528.275391	1201.176636
527.037109	1142.363525
525.797852	1194.558838
524.558594	1153.930908
523.319336	1139.541382
522.079102	1147.338989
520.838867	1128.925659
519.598633	1148.814697
518.358398	1126.379395
517.117188	1224.825439
515.875977	1188.284180
514.634766	1218.207764
513.392578	1133.370850
512.150391	1112.977417
510.908203	1152.957886
509.665039	1221.082520
508.421875	1174.536987
507.178711	1186.324097
505.934570	1200.115601
504.691406	1229.978760
503.447266	1155.344238
502.202148	1209.309326
500.958008	1164.839844
499.712891	1268.973511
498.466797	1206.444092
497.221680	1196.124023
495.975586	1276.098633
494.729492	1209.599487
493.482422	1223.351440
492.235352	1239.101685
490.988281	1242.817017
489.741211	1228.493896
488.493164	1254.249268
487.245117	1273.982788
485.997070	1293.706909
484.748047	1271.375854
483.499023	1287.087402
482.250000	1282.779297
481.000977	1348.498779
479.750977	1314.173706
478.500977	1313.861206
477.250000	1369.529419
475.999023	1323.230225
474.748047	1342.898926
473.497070	1418.498779
472.245117	1444.127197
470.993164	1411.832153
469.741211	1497.343262
468.488281	1485.010376
467.236328	1512.593140
465.982422	1594.028442
464.729492	1653.484619
463.475586	1700.947632
462.221680	1748.387817
460.967773	1815.736206
459.712891	1936.853760
458.458008	2155.529541
457.203125	2274.515625
455.947266	2423.312744
454.691406	2568.056885
453.435547	2491.812012
452.178711	2529.021240
450.921875	2399.109863
449.665039	2217.551025
448.408203	2004.264893
447.150391	1844.753662
445.892578	1649.545532
444.633789	1635.241089
443.375000	1597.105835
442.116211	1527.213257
440.857422	1536.773804
439.597656	1522.509277
438.337891	1563.818481
437.078125	1557.490234
435.818359	1553.148193
434.557617	1540.875732
433.295898	1512.747925
432.035156	1554.008667
430.773438	1603.176147
429.511719	1565.146973
428.249023	1638.056152
426.987305	1639.641235
425.724609	1597.670532
424.460938	1488.424072
423.198242	1486.085815
421.934570	1485.726807
420.669922	1509.101929
419.406250	1532.465576
418.141602	1561.748413
416.875977	1547.535645
415.611328	1509.618164
414.345703	1572.467407
413.080078	1528.636963
411.813477	1508.521484
410.546875	1514.077881
409.280273	1527.525635
408.013672	1432.447754
406.746094	1483.387451
405.478516	1451.473633
404.209961	1417.603394
402.942383	1472.451294
401.673828	1476.034668
400.404297	1404.748779
399.134766	1453.650024
397.865234	1417.850098
396.595703	1521.849121
395.326172	1454.557007
394.055664	1481.751953
392.784180	1412.534668
391.513672	1441.692871
390.242188	1510.163818
388.970703	1553.044678
387.698242	1503.530640
386.425781	1564.076050
385.153320	1581.373901
383.880859	1590.807251
382.607422	1541.331421
381.333984	1590.029419
380.059570	1654.403564
378.785156	1663.808716
377.510742	1632.016479
376.236328	1698.293335
374.960938	1686.113525
373.685547	1658.258545
372.410156	1693.125244
371.133789	1631.976074
369.857422	1606.112793
368.581055	1686.004272
367.303711	1716.913452
366.026367	1687.133057
364.749023	1671.064331
363.470703	1643.265503
362.192383	1678.065430
360.914063	1652.233276
359.634766	1653.781250
358.356445	1659.236816
357.076172	1717.443726
355.796875	1705.300049
354.516602	1650.198242
353.236328	1661.505493
351.955078	1663.047241
350.673828	1732.888794
349.392578	1744.166382
348.111328	1702.775024
346.829102	1721.854004
345.546875	1723.377441
344.263672	1719.052856
342.981445	1800.466553
341.697266	1766.903320
340.414063	1733.356323
339.129883	1692.037354
337.845703	1701.350830
336.561523	1679.520996
335.276367	1716.071655
333.991211	1637.838379
332.705078	1672.435913
331.419922	1683.685425
330.133789	1675.491821
328.846680	1731.428955
327.560547	1775.681396
326.272461	1691.721436
324.985352	1716.543213
323.697266	1756.882813
322.409180	1740.918213
321.121094	1707.498169
319.832031	1796.305298
318.542969	1755.130005
317.253906	1801.224854
315.963867	1800.774780
314.673828	1903.034058
313.383789	2001.367065
312.092773	1991.181519
310.801758	2058.459229
309.510742	2141.190674
308.218750	2295.493408
306.926758	2349.098145
305.634766	2452.973145
304.341797	2489.104248
303.048828	2759.176270
301.755859	2802.943848
300.461914	2958.778320
299.167969	3077.824463
297.874023	3248.963379
296.579102	3255.870117
295.284180	3311.039063
293.989258	3460.756592
292.693359	3374.979492
291.397461	3435.862305
290.101563	3340.489746
288.804688	3304.939209
287.507813	3236.634766
286.210938	3287.852539
284.913086	3188.757813
283.615234	3101.270020
282.317383	3063.895996
281.018555	3047.718506
279.719727	3008.450928
278.420898	2892.230713
277.121094	3010.774414
275.821289	2886.917725
274.521484	2766.969238
273.220703	2785.490479
271.919922	2738.658447
270.619141	2945.471436
269.317383	2800.656250
268.015625	2968.939209
266.713867	3000.822266
265.411133	3190.081299
264.108398	3248.755859
262.804688	3328.502930
261.501953	3373.685303
260.198242	3501.295166
258.893555	3494.650635
257.588867	3796.563721
256.284180	3856.905762
254.979492	3821.440918
253.673828	3916.214844
252.368164	4060.717285
251.061523	4115.185059
249.755859	4161.969727
248.448242	4325.426758
247.141602	4341.531250
245.833984	4349.978027
244.526367	4540.020508
243.217773	4437.566895
241.909180	4543.420898
240.600586	4540.342773
239.291992	4485.706055
237.982422	4387.186035
236.671875	4374.604980
235.362305	4295.244629
234.051758	4362.813477
232.741211	4275.866211
231.429688	4263.323242
230.118164	4233.630371
228.806641	4196.329102
227.494141	4098.079590
226.181641	4114.162598
224.868164	3968.378662
223.555664	3971.159180
222.242188	3960.614990
220.927734	3811.175781
219.613281	3891.984375
218.298828	3736.933594
216.984375	3749.272949
215.668945	3778.711914
214.353516	3768.229004
213.037109	3664.662109
211.720703	3642.817139
210.404297	3624.780273
209.087891	3583.972656
207.770508	3653.257813
206.452148	3570.721924
205.134766	3579.274902
203.816406	3468.355225
202.497070	3509.157959
201.178711	3523.404053
199.859375	3590.697266
198.539063	3476.098633
197.218750	3503.596680
195.898438	3476.173096
194.578125	3509.333984
193.256836	3410.012207
191.935547	3533.980469
190.613281	3459.290527
189.291992	3460.273438
187.968750	3500.952881
186.646484	3414.988770
185.323242	3370.635498
183.999023	3443.414795
182.675781	3436.843506
181.351563	3464.256592
180.026367	3469.005859
178.702148	3466.204346
177.376953	3499.244873
176.050781	3470.032715
174.724609	3604.864258
173.398438	3596.372070
172.072266	3708.484863
170.745117	3675.477295
169.416992	3580.334717
168.089844	3831.694336
166.761719	3683.851807
165.433594	3816.489746
164.104492	3905.784180
162.775391	3979.983154
161.445313	4007.131836
160.116211	4109.460938
158.785156	4320.740234
157.455078	4244.434570
156.124023	4581.416016
154.792969	4687.235840
153.460938	4916.906250
152.128906	5050.730957
150.796875	5017.483887
149.463867	5199.981934
148.130859	5380.505371
146.797852	5440.937988
145.463867	5679.404297
144.129883	5565.450195
142.794922	5946.130371
141.460938	5785.341309
140.125000	6002.858398
138.790039	6149.125977
137.454102	6095.075684
136.117188	6157.047852
134.781250	6271.355469
133.444336	6264.058594
132.106445	6320.322754
130.768555	6232.652344
129.430664	6350.547363
128.092773	6221.820313
126.753906	6253.753906
125.414063	6315.537598
124.075195	6362.355957
122.735352	6274.807129
121.394531	6196.631348
120.053711	6204.277832
118.712891	6133.617188
117.372070	6217.689941
116.030273	6260.723145
114.688477	6421.087891
113.345703	6307.606445
112.002930	6343.127930
110.660156	6587.093262
109.316406	6514.591309
107.972656	6537.000977
106.627930	6364.121582
105.283203	6137.416016
103.938477	5875.516602
102.592773	5435.367188
101.247070	4828.259766
99.901367	4416.492676
98.554688	3733.867676
