#Wave		#Intensity
3199.956055	53.193123
3199.250977	56.739330
3198.545898	21.273951
3197.840820	24.815760
3197.134766	35.445580
3196.429688	53.160107
3195.724609	17.717279
3195.018555	31.886135
3194.312500	67.304680
3193.606445	49.585186
3192.901367	35.412457
3192.195313	56.651073
3191.488281	24.780968
3190.782227	63.712505
3190.076172	56.624462
3189.369141	24.769314
3188.663086	56.606686
3187.956055	35.373615
3187.249023	74.272903
3186.541992	56.579967
3185.834961	42.428288
3185.127930	24.745928
3184.420898	74.226059
3183.712891	35.340157
3183.005859	45.934933
3182.297852	35.328968
3181.590820	70.646736
3180.882813	35.317764
3180.174805	14.124864
3179.466797	60.021130
3178.757813	52.951393
3178.049805	45.883904
3177.341797	42.347622
3176.632813	28.227245
3175.924805	59.973324
3175.215820	42.327347
3174.506836	77.587723
3173.797852	35.261505
3173.088867	45.832611
3172.379883	10.575061
3171.669922	45.817913
3170.960938	45.810555
3170.250977	31.709902
3169.541016	70.455109
3168.832031	14.088754
3168.122070	66.910797
3167.412109	35.210529
3166.701172	17.602423
3165.991211	70.398315
3165.281250	42.232162
3164.570313	24.631441
3163.860352	59.809528
3163.149414	42.211647
3162.438477	49.238934
3161.727539	49.230942
3161.016602	42.191093
3160.305664	45.699585
3159.593750	77.325172
3158.882813	35.142082
3158.170898	42.163624
3157.458984	66.748184
3156.748047	28.099909
3156.036133	73.750214
3155.324219	35.113407
3154.611328	56.172256
3153.899414	38.612103
3153.187500	31.586540
3152.474609	31.581360
3151.761719	24.559248
3151.049805	35.078876
3150.336914	31.565798
3149.624023	31.560604
3148.911133	63.110817
3148.197266	45.572521
3147.484375	42.060005
3146.770508	38.548641
3146.057617	24.526903
3145.343750	38.535904
3144.629883	35.026848
3143.916016	24.514734
3143.202148	49.021347
3142.488281	70.018883
3141.774414	17.501818
3141.059570	13.999129
3140.344727	41.990410
3139.630859	38.484810
3138.916016	17.490185
3138.201172	62.954182
3137.486328	38.465588
3136.771484	34.962887
3136.055664	34.957050
3135.340820	48.931702
3134.625000	27.956299
3133.910156	73.373016
3133.194336	24.453579
3132.478516	55.884533
3131.762695	52.382969
3131.046875	55.865799
3130.330078	34.910263
3129.614258	62.827923
3128.897461	76.776779
3128.181641	45.360466
3127.464844	66.284912
3126.748047	48.833290
3126.031250	45.337555
3125.314453	59.277576
3124.596680	59.267574
3123.879883	59.257565
3123.162109	38.336651
3122.445313	59.237534
3121.727539	55.743542
3121.009766	48.767338
3120.291992	34.827911
3119.574219	73.126213
3118.856445	66.150589
3118.137695	48.734264
3117.419922	34.804276
3116.701172	48.717705
3115.982422	27.833954
3115.263672	69.573044
3114.544922	52.170895
3113.826172	55.639469
3113.107422	55.629982
3112.387695	48.667927
3111.668945	52.135303
3110.949219	55.601490
3110.229492	69.489983
3109.509766	72.951996
3108.790039	76.412819
3108.070313	69.454300
3107.350586	62.498154
3106.629883	17.357622
3105.910156	34.709286
3105.189453	62.465984
3104.468750	34.697361
3103.748047	76.321075
3103.027344	97.119202
3102.306641	31.211512
3101.585938	72.814316
3100.864258	76.268517
3100.143555	51.992294
3099.421875	69.311096
3098.700195	69.299133
3097.978516	62.358444
3097.256836	69.275185
3096.535156	45.021080
3095.813477	38.088165
3095.090820	55.391376
3094.369141	48.459057
3093.646484	58.832939
3092.923828	65.743050
3092.201172	65.731644
3091.478516	41.507511
3090.755859	55.333729
3090.032227	55.324108
3089.309570	58.771637
3088.585938	31.108980
3087.863281	44.927368
3087.139648	58.740932
3086.416016	48.366451
3085.692383	37.995583
3084.967773	86.338524
3084.244141	55.247002
3083.519531	55.237347
3082.795898	37.969036
3082.071289	41.413517
3081.346680	62.109402
3080.622070	65.548439
3079.897461	44.841076
3079.171875	37.935795
3078.447266	48.273449
3077.721680	48.264977
3076.997070	62.044071
3076.271484	44.801731
3075.545898	65.467941
3074.820313	75.791649
3074.094727	44.778095
3073.368164	51.657932
3072.642578	92.967896
3071.916016	51.639725
3071.189453	89.493073
3070.463867	65.387238
3069.737305	44.730740
3069.009766	44.722836
3068.283203	61.912983
3067.556641	68.780037
3066.829102	89.398232
3066.102539	34.377850
3065.375000	58.431992
3064.647461	48.111935
3063.919922	99.642769
3063.192383	58.400917
3062.463867	13.738954
3061.736328	61.814312
3061.007813	65.236847
3060.279297	75.523979
3059.551758	58.349060
3058.823242	65.202057
3058.094727	68.621521
3057.365234	72.039764
3056.636719	65.167221
3055.907227	75.443336
3055.178711	30.857677
3054.449219	75.416420
3053.719727	47.983700
3052.990234	44.548332
3052.260742	68.523651
3051.530273	61.660259
3050.800781	113.023582
3050.070313	51.365162
3049.340820	68.474625
3048.610352	89.001060
3047.879883	58.182575
3047.149414	44.484581
3046.417969	65.004257
3045.687500	64.992592
3044.957031	85.501221
3044.225586	71.808121
3043.494141	85.470497
3042.762695	64.945900
3042.031250	41.011082
3041.299805	68.339500
3040.568359	88.825363
3039.835938	68.314896
3039.103516	37.566422
3038.372070	75.119293
3037.639648	75.105743
3036.907227	61.439064
3036.174805	75.078636
3035.441406	75.065071
3034.708984	51.171482
3033.975586	98.913651
3033.243164	75.024368
3032.509766	61.372471
3031.776367	68.179291
3031.042969	74.983635
3030.309570	71.562325
3029.575195	74.956467
3028.841797	91.975342
3028.107422	57.899895
3027.373047	68.105164
3026.638672	85.115997
3025.904297	71.484451
3025.169922	74.874863
3024.435547	71.458466
3023.700195	74.847633
3022.965820	95.243294
3022.230469	71.419464
3021.495117	47.604305
3020.759766	105.390335
3020.024414	47.586960
3019.289063	108.750359
3018.552734	74.752235
3017.817383	98.519058
3017.081055	67.931770
3016.344727	74.711304
3015.608398	84.883698
3014.872070	74.683998
3014.135742	122.187828
3013.398438	95.017593
3012.662109	84.821609
3011.924805	111.944031
3011.187500	94.965416
3010.451172	98.339020
3009.712891	101.711372
3008.975586	108.472237
3008.238281	98.284927
3007.500000	84.712837
3006.762695	64.369934
3006.024414	101.618073
3005.286133	91.439461
3004.547852	101.580727
3003.809570	88.020447
3003.071289	104.928146
3002.332031	115.061310
3001.592773	74.437729
3000.854492	108.253120
3000.115234	108.233177
2999.375977	101.449905
2998.636719	114.955360
2997.896484	135.216660
2997.157227	60.836266
2996.416992	108.133400
2995.677734	108.113434
2994.937500	108.093460
2994.197266	87.809708
2993.457031	121.560196
2992.715820	91.153290
2991.975586	114.764389
2991.234375	87.744759
2990.494141	84.354340
2989.752930	134.941956
2989.011719	134.916946
2988.270508	128.147354
2987.528320	118.008568
2986.787109	138.212967
2986.044922	144.928177
2985.303711	148.271072
2984.561523	148.243546
2983.819336	144.847458
2983.077148	168.395981
2982.334961	107.753395
2981.591797	124.566704
2980.849609	154.837906
2980.106445	117.789528
2979.363281	141.321121
2978.620117	154.751465
2977.876953	134.541412
2977.133789	124.427628
2976.389648	184.925507
2975.646484	147.912827
2974.902344	184.856537
2974.158203	144.497238
2973.414063	151.189819
2972.669922	178.034760
2971.925781	117.548164
2971.181641	204.831375
2970.436523	191.364029
2969.692383	140.978714
2968.947266	191.292465
2968.202148	208.033585
2967.457031	207.994644
2966.710938	214.663956
2965.965820	211.270248
2965.220703	170.996262
2964.474609	254.770203
2963.728516	211.151489
2962.982422	221.164841
2962.236328	221.123352
2961.490234	174.185699
2960.743164	251.182220
2959.997070	197.559570
2959.250000	177.435440
2958.502930	220.915817
2957.755859	277.766144
2957.008789	230.870605
2956.261719	224.136551
2955.514648	237.473145
2954.766602	220.708130
2954.018555	234.040314
2953.271484	277.452698
2952.523438	257.347382
2951.775391	243.932693
2951.026367	267.273102
2950.278320	287.264404
2949.529297	247.134384
2948.781250	250.426773
2948.032227	270.409882
2947.283203	273.696594
2946.534180	286.993408
2945.784180	256.910675
2945.035156	246.854507
2944.285156	296.836456
2943.536133	303.449554
2942.786133	260.050415
2942.036133	286.667999
2941.286133	223.292099
2940.535156	249.906525
2939.785156	276.510834
2939.034180	273.127625
2938.284180	309.708008
2937.533203	302.990173
2936.782227	236.354095
2936.031250	302.875244
2935.279297	299.490112
2934.528320	269.489960
2933.776367	239.501144
2933.025391	269.387634
2932.273438	206.158768
2931.521484	242.689194
2930.768555	275.881836
2930.016602	229.303955
2929.264648	239.228180
2928.511719	245.826630
2927.758789	249.101212
2927.005859	249.053787
2926.252930	235.726028
2925.500000	268.875641
2924.747070	255.549149
2923.993164	262.136810
2923.240234	242.181519
2922.486328	208.966110
2921.732422	242.089157
2920.978516	255.305588
2920.223633	218.791595
2919.469727	314.867188
2918.715820	268.414429
2917.960938	235.231903
2917.206055	225.249481
2916.451172	228.518295
2915.696289	248.341965
2914.941406	241.673279
2914.185547	235.007141
2913.430664	284.602051
2912.674805	172.052032
2911.918945	251.412521
2911.163086	185.215851
2910.407227	214.941513
2909.651367	244.655746
2908.894531	228.081238
2908.138672	237.952179
2907.381836	247.819321
2906.625000	247.771790
2905.868164	184.967438
2905.111328	221.257843
2904.353516	260.836029
2903.596680	260.785950
2902.838867	224.430862
2902.081055	270.585205
2901.323242	214.447052
2900.565430	250.689896
2899.807617	260.535431
2899.049805	240.701630
2898.291016	240.655304
2897.532227	240.608994
2896.773438	280.107239
2896.014648	204.274170
2895.255859	237.175919
2894.497070	237.130219
2893.738281	253.548721
2892.978516	204.116760
2892.218750	253.450974
2891.458984	263.274902
2890.699219	220.450180
2889.939453	263.173309
2889.179688	200.630905
2888.418945	217.034164
2887.659180	223.567764
2886.898438	213.663193
2886.137695	213.621902
2885.376953	226.724045
2884.616211	226.680206
2883.854492	213.498032
2883.093750	233.160431
2882.332031	216.698746
2881.570313	213.374130
2880.808594	246.153259
2880.046875	216.572922
2879.285156	242.777145
2878.522461	232.889709
2877.760742	186.931564
2876.998047	200.010788
2876.235352	252.423676
2875.472656	186.822845
2874.709961	252.325760
2873.946289	216.237259
2873.183594	206.368225
2872.419922	252.178864
2871.656250	193.190445
2870.892578	225.890701
2870.128906	245.485657
2869.365234	222.530411
2868.600586	271.565186
2867.836914	176.646622
2867.072266	215.859436
2866.307617	206.007553
2865.542969	192.890167
2864.778320	235.345566
2864.013672	218.959488
2863.248047	280.997742
2862.483398	231.941315
2861.717773	228.629990
2860.952148	254.709473
2860.186523	231.805740
2859.419922	293.780975
2858.654297	231.715332
2857.887695	212.092377
2857.122070	208.788666
2856.355469	212.009598
2855.588867	231.534500
2854.822266	251.051758
2854.054688	267.301605
2853.288086	221.621429
2852.520508	234.612122
2851.752930	231.308395
2850.985352	231.263168
2850.217773	240.987701
2849.450195	198.613159
2848.682617	260.425293
2847.914063	224.572861
2847.145508	227.782944
2846.377930	227.738327
2845.609375	224.440948
2844.839844	256.918274
2844.071289	182.083603
2843.302734	201.553040
2842.533203	201.513519
2841.763672	188.475677
2840.994141	224.177078
2840.224609	198.146637
2839.455078	243.575104
2838.684570	198.068848
2837.915039	214.261917
2837.144531	220.711349
2836.374023	171.991226
2835.603516	220.624619
2834.833008	230.312775
2834.062500	181.619431
2833.291016	239.949905
2832.520508	213.967285
2831.749023	233.372925
2830.977539	207.401764
2830.206055	223.561020
2829.433594	223.516998
2828.662109	191.085587
2827.889648	236.381348
2827.118164	249.284622
2826.345703	200.683121
2825.573242	220.060669
2824.799805	249.137207
2824.027344	216.738968
2823.254883	213.461929
2822.481445	206.952530
2821.708008	181.047714
2820.934570	223.032608
2820.161133	200.366531
2819.387695	190.633713
2818.613281	222.900452
2817.839844	180.868958
2817.065430	216.354019
2816.291016	261.510590
2815.516602	180.761688
2814.741211	258.179901
2813.966797	203.276428
2813.192383	193.558273
2812.416992	209.646622
2811.641602	170.908783
2810.866211	203.115479
2810.090820	222.415726
2809.314453	199.812210
2808.539063	212.661148
2807.762695	196.511475
2806.986328	193.251648
2806.209961	212.534637
2805.433594	199.614136
2804.657227	196.355560
2803.880859	205.971497
2803.103516	225.236588
2802.326172	215.540771
2801.548828	196.199615
2800.771484	199.376373
2799.994141	205.766968
2799.216797	183.224762
2798.438477	205.685135
2797.660156	183.151886
2796.881836	186.327988
2796.103516	205.562378
2795.325195	179.831268
2794.546875	227.954956
2793.767578	160.499680
2792.989258	221.445435
2792.209961	189.314163
2791.430664	192.484497
2790.651367	182.823822
2789.871094	141.099014
2789.091797	176.338577
2788.311523	182.714432
2787.531250	185.882843
2786.751953	189.049973
2785.970703	192.215805
2785.190430	201.786285
2784.410156	182.532074
2783.628906	201.705658
2782.847656	195.263260
2782.067383	208.025818
2781.285156	204.784454
2780.503906	191.947021
2779.722656	188.710144
2778.940430	217.452896
2778.159180	198.226181
2777.376953	172.614044
2776.594727	198.146805
2775.812500	169.349609
2775.029297	178.899582
2774.247070	191.639709
2773.463867	172.441147
2772.680664	185.177429
2771.897461	191.524429
2771.114258	165.954529
2770.331055	201.019943
2769.546875	194.599274
2768.763672	197.749710
2767.979492	184.954514
2767.195313	156.223282
2766.411133	191.255371
2765.626953	165.721329
2764.841797	191.178467
2764.056641	140.169342
2763.272461	210.211716
2762.487305	191.063110
2761.702148	229.229584
2760.916016	178.253784
2760.130859	200.495117
2759.344727	194.091080
2758.559570	162.240173
2757.773438	216.276642
2756.987305	178.074265
2756.201172	203.472412
2755.414063	187.538284
2754.627930	225.636139
2753.840820	190.639938
2753.053711	203.308228
2752.266602	200.091125
2751.479492	171.472031
2750.692383	209.534592
2749.904297	184.099243
2749.116211	206.276413
2748.328125	199.889023
2747.540039	215.709595
2746.751953	212.494400
2745.963867	202.938660
2745.174805	190.216476
2744.386719	167.990540
2743.597656	212.322388
2742.808594	180.595886
2742.019531	164.720764
2741.229492	186.856827
2740.440430	180.486099
2739.650391	205.775742
2738.861328	208.899139
2738.071289	196.198761
2737.280273	189.831238
2736.490234	167.650223
2735.700195	189.754150
2734.909180	186.553680
2734.118164	164.386795
2733.327148	208.602371
2732.536133	230.679962
2731.745117	186.402054
2730.953125	221.109985
2730.162109	217.906937
2729.370117	211.547729
2728.578125	214.661438
2727.786133	233.554596
2726.994141	195.641006
2726.201172	195.601151
2725.409180	186.098648
2724.616211	173.446426
2723.823242	195.481552
2723.030273	189.137100
2722.236328	195.401794
2721.443359	204.814911
2720.649414	223.675232
2719.856445	166.934738
2719.062500	201.540390
2718.268555	214.092911
2717.473633	201.458023
2716.679688	236.035355
2715.884766	173.057190
2715.089844	213.917862
2714.295898	188.712433
2713.500000	223.263992
2712.705078	204.354767
2711.910156	169.736893
2711.114258	210.556320
2710.318359	207.371185
2709.522461	191.621964
2708.726563	207.286179
2707.930664	194.683441
2707.134766	160.109970
2706.337891	207.158615
2705.541016	200.839844
2704.744141	216.485992
2703.947266	188.210022
2703.150391	181.898972
2702.352539	222.623672
2701.555664	200.633606
2700.757813	194.323837
2699.959961	203.684692
2699.162109	166.047180
2698.364258	191.071579
2697.565430	203.558945
2696.767578	231.696289
2695.968750	194.083923
2695.169922	219.081848
2694.371094	206.520309
2693.571289	209.606171
2692.772461	184.540497
2691.972656	215.774017
2691.173828	212.602966
2690.374023	196.929733
2689.573242	215.640396
2688.773438	249.966202
2687.973633	231.170944
2687.172852	224.876587
2686.372070	196.726334
2685.571289	184.197662
2684.770508	181.038193
2683.969727	218.449158
2683.167969	187.203369
2682.367188	230.836334
2681.565430	196.482101
2680.763672	202.677628
2679.961914	227.575378
2679.159180	239.995483
2678.357422	193.203033
2677.554688	230.549316
2676.751953	199.352615
2675.949219	221.110886
2675.146484	186.815460
2674.343750	189.889587
2673.540039	202.299301
2672.736328	245.820343
2671.932617	205.326187
2671.128906	236.387024
2670.325195	239.447540
2669.521484	192.761780
2668.716797	226.914185
2667.912109	214.435852
2667.107422	223.712524
2666.302734	208.133545
2665.498047	214.301788
2664.693359	183.205338
2663.887695	226.630478
2663.082031	242.102585
2662.276367	204.813248
2661.470703	214.078217
2660.665039	198.523819
2659.858398	238.799057
2659.052734	229.447205
2658.246094	179.799393
2657.439453	244.847931
2656.632813	226.204529
2655.826172	238.549347
2655.051758	207.980927
2655.018555	201.330643
2654.246094	229.710281
2654.210938	182.707993
2653.440430	180.014175
2653.404297	253.879929
2652.634766	189.294708
2652.596680	235.254013
2651.829102	192.366837
2651.788086	219.730682
2651.023438	161.313843
2650.980469	232.061188
2650.217773	201.609680
2650.171875	182.516479
2649.411133	213.981766
2649.364258	194.849564
2648.604492	204.645035
2648.555664	200.993042
2647.798828	179.810410
2647.747070	238.049438
2646.992188	210.777969
2646.938477	234.908508
2646.185547	220.041214
2646.128906	216.317612
2645.378906	210.709412
2645.320313	222.451324
2644.571289	210.675110
2644.510742	222.404526
2643.764648	167.273544
2643.701172	222.357712
2642.957031	179.634872
2642.891602	185.259079
2642.150391	241.538483
2642.081055	231.525085
2641.342773	213.633743
2641.271484	234.562653
2640.535156	195.024979
2640.460938	215.999008
2639.727539	207.373566
2639.651367	246.803970
2638.918945	259.948120
2638.840820	188.148331
2638.111328	207.305573
2638.029297	243.616104
2637.303711	201.084335
2637.218750	212.733719
2636.495117	191.772003
2636.408203	184.946777
2635.686523	235.036697
2635.596680	194.153107
2634.877930	250.458405
2634.785156	218.761230
2634.069336	188.585739
2633.973633	184.829575
2633.260742	216.374191
2633.162109	240.227646
2632.452148	256.515625
2632.349609	212.464111
2631.642578	225.572861
2631.538086	249.361618
2630.833984	234.804153
2630.725586	236.997284
2630.024414	213.142181
2629.913086	230.792633
2629.214844	228.549423
2629.100586	206.131073
2628.405273	216.159561
2628.288086	227.618912
2627.595703	203.773773
2627.474609	255.248169
2626.785156	203.739944
2626.662109	218.298508
2625.975586	197.533173
2625.848633	242.843994
2625.165039	259.219177
2625.035156	202.839264
2624.355469	175.869446
2624.221680	218.159546
2623.544922	240.623367
2623.407227	273.409515
2622.734375	188.148438
2622.593750	221.138229
2621.923828	218.955902
2621.779297	205.737671
2621.113281	265.169891
2620.964844	221.044220
2620.301758	237.379868
2620.150391	254.760666
2619.491211	240.422501
2619.335938	214.812668
2618.679688	224.973129
2618.521484	236.243637
2617.868164	224.935440
2617.706055	257.665436
2617.056641	249.544052
2616.890625	205.475082
2616.245117	231.020523
2616.076172	236.092667
2615.433594	215.582932
2615.259766	248.304276
2614.621094	221.705170
2614.444336	208.408508
2613.809570	280.163574
2613.628906	260.455048
2612.997070	227.786957
2612.812500	223.637177
2612.185547	215.437851
2611.996094	248.092377
2611.373047	246.173157
2611.179688	229.666092
2610.559570	227.671738
2610.363281	287.786652
2609.747070	239.937790
2609.546875	244.872437
2608.934570	215.292389
2608.729492	232.579071
2608.121094	202.955627
2607.912109	241.708084
2607.308594	236.741470
2607.095703	263.068939
2606.495117	304.330322
2606.277344	211.021744
2605.681641	202.852478
2605.459961	290.474945
2604.868164	248.913071
2604.642578	253.728989
2604.054688	221.218491
2603.824219	241.449310
2603.240234	242.684586
2603.005859	213.896530
2602.426758	205.786087
2602.187500	271.895813
2601.612305	282.523865
2601.369141	235.185211
2600.798828	208.786407
2600.550781	259.564301
2599.984375	224.100128
2599.731445	283.932861
2599.169922	248.616638
2598.913086	225.876511
2598.354492	199.473114
2598.093750	234.983139
2597.540039	263.873169
2597.274414	201.370804
2596.725586	236.218140
2596.455078	262.335785
2595.910156	254.581177
2595.634766	262.279327
2595.094727	263.737732
2594.815430	253.075531
2594.279297	223.832047
2593.995117	280.457001
2593.463867	242.187653
2593.174805	246.870895
2592.648438	248.276367
2592.354492	240.723389
2591.833008	220.652206
2591.533203	261.996796
2591.016602	257.383331
2590.712891	252.802795
2590.201172	229.767014
2589.891602	234.477264
2589.384766	229.727463
2589.070313	225.293106
2588.568359	238.875412
2588.249023	252.639023
2587.751953	244.958191
2587.427734	273.886719
2586.935547	229.608688
2586.606445	252.529785
2586.118164	198.959839
2585.784180	255.517014
2585.301758	229.529388
2584.961914	258.502930
2584.484375	244.789032
2584.139648	243.244186
2583.666992	229.450012
2583.317383	234.071808
2582.849609	241.645508
2582.495117	276.570374
2582.032227	223.254013
2581.671875	230.931763
2581.214844	253.792740
2580.849609	230.881668
2580.397461	241.519867
2580.026367	239.943344
2579.579102	287.328186
2579.203125	218.635056
2578.761719	226.155228
2578.379883	248.946960
2577.943359	210.837814
2577.555664	261.033997
2577.125000	235.241852
2576.732422	254.908005
2576.306641	271.855591
2575.908203	239.682770
2575.488281	262.646149
2575.083984	203.231033
2574.668945	241.225922
2574.259766	260.806915
2573.850586	235.077927
2573.434570	248.622223
2573.031250	225.879608
2572.610352	297.069122
2572.211914	253.307205
2571.785156	260.636505
2571.392578	277.673798
2570.959961	290.879639
2570.573242	250.167801
2570.134766	272.640167
2569.753906	237.922852
2569.309570	248.351257
2568.933594	256.179718
2568.484375	245.269028
2568.114258	262.233276
2567.658203	248.242798
2567.293945	231.700409
2566.832031	269.375366
2566.473633	295.670990
2566.005859	269.316467
2565.653320	280.380981
2565.179688	232.953156
2564.833008	310.802551
2564.353516	254.075104
2564.012695	262.003113
2563.526367	260.067566
2563.191406	261.957031
2562.699219	229.776810
2562.371094	258.865448
2561.872070	259.953613
2561.549805	252.729950
2561.044922	232.698135
2560.728516	267.907410
2560.217773	256.818207
2559.907227	255.684692
2559.389648	256.761871
2559.085938	261.726227
2558.562500	259.725555
2558.264648	270.808350
2557.734375	229.474487
2557.442383	200.788681
2556.906250	229.424057
2556.620117	276.796051
2556.078125	277.662811
2555.798828	246.335312
2555.249023	277.601715
2554.976563	273.657440
2554.420898	286.590881
2554.154297	261.448547
2553.591797	289.543854
2553.331055	255.323074
2552.762695	244.248810
2552.508789	255.277786
2551.933594	274.342499
2551.686523	285.617279
2551.103516	247.155228
2550.863281	270.376831
2550.274414	274.221527
2550.040039	267.291382
2549.444336	280.186523
2549.216797	261.170135
2548.614258	250.003723
2548.393555	261.123657
2547.784180	277.051331
2547.570313	291.434967
2546.954102	270.968597
2546.746094	273.171600
2546.123047	270.908661
2545.922852	273.122894
2545.292969	258.811005
2545.098633	270.040039
2544.461914	258.753723
2544.274414	260.890991
2543.630859	282.761200
2543.450195	257.811310
2542.799805	252.624252
2542.625977	285.058044
2541.967773	267.602081
2541.801758	269.847107
2541.136719	279.567139
2540.976563	257.673065
2540.304688	303.548553
2540.151367	248.534210
2539.472656	258.409698
2539.327148	269.702209
2538.640625	267.364594
2538.501953	260.564423
2537.807617	243.277756
2537.676758	254.459152
2536.975586	255.234726
2536.850586	278.643341
2536.142578	270.188416
2536.025391	260.424194
2535.309570	282.134003
2535.199219	305.792084
2534.476563	288.072693
2534.374023	275.466095
2533.643555	327.009674
2533.547852	260.283783
2532.809570	224.956512
2532.721680	290.497070
2531.976563	296.876373
2531.895508	311.623016
2531.142578	302.806335
2531.068359	287.367493
2530.308594	254.780121
2530.242188	269.169434
2529.473633	284.690674
2529.415039	299.359192
2528.639648	293.615265
2528.588867	293.258606
2527.804688	284.563416
2527.761719	293.205658
2526.969727	257.547180
2526.934570	241.775406
2526.134766	284.436127
2526.106445	296.121338
2525.299805	278.385651
2525.279297	277.941193
2524.464844	272.337830
2524.452148	308.096405
2523.628906	251.332428
2523.624023	235.560471
2522.795898	253.634552
2522.792969	311.103699
2521.967773	259.626404
2521.957031	287.108215
2521.139648	244.487488
2521.121094	257.143402
2520.311523	259.532196
2520.285156	340.787933
2519.482422	292.675049
2519.448242	289.903534
2518.654297	259.437958
2518.612305	283.862305
2517.825195	292.568695
2517.775391	328.608734
2516.996094	325.687347
2516.937500	298.667969
2516.166992	310.552704
2516.100586	268.740662
2515.337891	310.496155
2515.263672	307.489471
2514.507813	298.383698
2514.425781	289.512177
2513.678711	274.221893
2513.587891	316.302765
2512.848633	289.236298
2512.750000	289.381561
2512.018555	292.195862
2511.912109	283.350952
2511.188477	271.060059
2511.073242	322.052521
2510.358398	277.033020
2510.234375	265.335144
2509.528320	313.110535
2509.395508	327.868164
2508.697266	273.921631
2508.556641	315.874207
2507.867188	258.823639
2507.717773	268.134369
2507.036133	249.749191
2506.878906	256.159241
2506.205078	351.991638
2506.039063	268.012878
2505.374023	252.665649
2505.199219	300.701782
2504.542969	300.737305
2504.359375	309.563293
2503.710938	291.661682
2503.519531	309.493011
2502.879883	273.570557
2502.678711	282.645752
2502.047852	276.526062
2501.838867	294.479706
2501.215820	309.532104
2500.998047	336.046875
2500.383789	285.438293
2500.157227	332.997223
2499.551758	297.402069
2499.316406	279.416199
2498.719727	273.319305
2498.474609	243.690521
2497.886719	315.310394
2497.633789	270.375427
2497.053711	321.257141
2496.791992	347.546295
2496.221680	279.172058
2495.950195	291.040741
2495.388672	312.134857
2495.108398	308.789063
2494.554688	300.074341
2494.265625	305.750092
2493.721680	342.021637
2493.423828	302.712433
2492.888672	311.962128
2492.581055	311.544495
2492.054688	284.912781
2491.738281	287.741943
2491.220703	287.858673
2490.895508	290.641815
2490.387695	308.791290
2490.051758	281.680084
2489.552734	335.710968
2489.208984	337.938629
2488.718750	341.642578
2488.365234	302.296814
2487.884766	317.608856
2487.521484	317.042511
2487.049805	332.528809
2486.677734	308.082733
2486.215820	326.476807
2485.833008	316.896942
2485.380859	311.443054
2484.989258	281.292419
2484.545898	293.420746
2484.144531	334.513000
2483.710938	299.353363
2483.299805	248.607315
2482.875000	356.164398
2482.455078	322.523315
2482.040039	368.067932
2481.609375	298.783051
2481.204102	251.316757
2480.764648	331.247406
2480.368164	281.183136
2479.918945	331.171021
2479.532227	290.103088
2479.073242	313.357391
2478.696289	325.931488
2478.227539	283.729828
2477.860352	349.787933
2477.381836	286.619110
2477.023438	298.908386
2476.535156	333.819305
2476.187500	319.772369
2475.688477	363.276794
2475.350586	322.700714
2474.841797	307.089783
2474.513672	286.791595
2473.995117	307.018677
2473.676758	310.632935
2473.148438	318.753204
2472.839844	331.479034
2472.300781	312.777832
2472.001953	340.374329
2471.453125	321.555420
2471.165039	325.384827
2470.605469	353.923767
2470.327148	310.400909
2469.757813	362.687622
2469.489258	328.247253
2468.910156	294.799438
2468.651367	319.235321
2468.061523	294.730896
2467.813477	301.277863
2467.212891	303.502167
2466.975586	289.291901
2466.364258	338.782745
2466.136719	354.838013
2465.515625	353.430084
2465.297852	295.146057
2464.666992	306.234650
2464.458984	354.704987
2463.817383	317.938751
2463.620117	321.856750
2462.967773	288.432617
2462.781250	348.612701
2462.118164	353.100342
2461.942383	288.966553
2461.268555	305.948761
2461.102539	357.417236
2460.418945	314.700623
2460.263672	297.791718
2459.568359	317.567413
2459.423828	300.713104
2458.717773	343.950836
2458.583984	321.494141
2457.867188	288.028076
2457.744141	354.172272
2457.016602	320.282654
2456.903320	354.105591
2456.166016	290.830688
2456.063477	357.014038
2455.314453	311.321381
2455.222656	318.277557
2454.462891	299.503052
2454.382813	344.983551
2453.611328	311.175140
2453.541992	288.423218
2452.759766	308.167023
2452.701172	300.260315
2451.907227	299.291840
2451.859375	309.120605
2451.055664	343.224487
2451.018555	276.372986
2450.203125	325.546539
2450.176758	338.715790
2449.350586	310.808990
2449.334961	320.828033
2448.497070	342.981812
2448.493164	320.767395
2447.651367	305.859192
2447.644531	281.354553
2446.809570	285.018738
2446.791016	319.379181
2445.967773	326.522156
2445.937500	304.656738
2445.125000	323.492523
2445.083984	304.584717
2444.282227	255.184280
2444.230469	330.864685
2443.439453	311.503174
2443.375977	281.022003
2442.596680	278.816650
2442.522461	292.661896
2441.753906	308.419495
2441.667969	307.222137
2440.911133	314.291016
2440.813477	301.298767
2440.067383	278.658020
2439.958008	353.868896
2439.223633	308.243958
2439.103516	330.394104
2438.380859	305.222076
2438.248047	266.006348
2437.536133	337.754425
2437.392578	324.392090
2436.692383	313.992676
2436.537109	283.410278
2435.848633	275.431763
2435.680664	309.632324
2435.003906	296.106842
2434.825195	330.001068
2434.160156	266.445435
2433.968750	312.404358
2433.315430	298.954071
2433.112305	271.464203
2432.470703	254.506470
2432.255859	283.072479
2431.625000	301.799011
2431.398438	355.944214
2430.780273	304.699738
2430.541992	312.105927
2429.935547	283.937836
2429.684570	294.534180
2429.089844	328.240509
2428.827148	285.717194
2428.244141	301.568848
2427.968750	314.796570
2427.398438	310.379272
2427.111328	311.807007
2426.552734	310.320007
2426.252930	262.204651
2425.706055	301.396118
2425.394531	291.268555
2424.860352	324.972931
2424.536133	305.758484
2424.013672	336.725739
2423.677734	299.862396
2423.166992	310.082825
2422.818359	296.879669
2422.320313	286.402649
2421.959961	302.627960
2421.473633	333.580475
2421.100586	299.645874
2420.626953	289.244476
2420.240234	290.848206
2419.779297	348.207275
2419.380859	261.700226
2418.931641	312.736420
2418.520508	299.429077
2418.084961	286.128479
2417.661133	287.731232
2417.237305	300.819672
2416.799805	302.190063
2416.388672	283.070099
2415.939453	342.786530
2415.541016	333.133148
2415.079102	281.713959
2414.692383	321.279144
2414.217773	264.224304
2413.844727	291.747955
2413.356445	269.966003
2412.996094	321.155762
2412.147461	318.148224
2411.298828	247.401047
2410.449219	338.638672
2409.600586	320.908844
2408.750977	309.072876
2407.901367	294.298462
2407.051758	326.608368
2406.202148	303.010651
2405.352539	335.306366
2404.501953	335.241730
2403.651367	291.074829
2402.801758	314.535339
2401.950195	279.206451
2401.099609	279.152557
2400.249023	279.098663
2399.397461	340.728302
2398.546875	343.599213
2397.695313	281.873047
2396.843750	287.689758
2395.991211	314.049500
2395.139648	305.185303
2394.288086	252.315903
2393.435547	308.000458
2392.583008	278.613098
2391.730469	296.152313
2390.877930	316.616333
2390.024414	307.761749
2389.171875	310.632568
2388.318359	316.432129
2387.464844	336.876221
2386.611328	287.021393
2385.757813	339.673615
2384.903320	275.199280
2384.049805	336.614532
2383.195313	330.696045
2382.340820	295.520416
2381.486328	307.164398
2380.631836	310.029449
2379.776367	330.438751
2378.921875	295.290375
2378.066406	306.925232
2377.210938	315.633026
2376.355469	318.493439
2375.499023	303.824402
2374.643555	297.923492
2373.787109	303.705872
2372.930664	327.004028
2372.074219	361.969482
2371.217773	321.039246
2370.361328	355.992157
2369.503906	315.079010
2368.647461	317.934235
2367.790039	347.034637
2366.932617	326.556946
2366.075195	326.493042
2365.216797	329.343689
2364.359375	268.085724
2363.500977	364.175568
2362.642578	288.370544
2361.784180	302.875336
2360.925781	291.169189
2360.067383	352.245636
2359.208008	299.786652
2358.348633	352.107452
2357.490234	340.400696
2356.629883	311.245514
2355.770508	317.000916
2354.911133	279.138611
2354.050781	299.433624
2353.190430	340.066467
2352.330078	345.811554
2351.469727	305.067841
2350.609375	322.436829
2349.749023	293.330719
2348.887695	331.020966
2348.026367	348.374512
2347.165039	322.182953
2346.303711	310.511566
2345.442383	307.548950
2344.580078	345.199127
2343.717773	310.327942
2342.856445	304.467316
2341.994141	336.297546
2341.130859	336.231140
2340.268555	350.654633
2339.405273	356.380157
2338.542969	280.992249
2337.679688	370.720612
2336.816406	315.629364
2335.953125	341.622955
2335.088867	274.981018
2334.225586	318.336090
2333.361328	344.313599
2332.497070	347.138275
2331.632813	341.285034
2330.767578	355.675781
2329.903320	352.714233
2329.038086	280.381134
2328.172852	398.813660
2327.307617	381.398315
2326.442383	343.768158
2325.577148	346.588165
2324.710938	346.519379
2323.845703	360.886047
2322.979492	349.268311
2322.113281	375.172394
2321.246094	375.097870
2320.379883	400.986481
2319.512695	348.990753
2318.646484	351.805023
2317.779297	354.618103
2316.912109	334.370056
2316.043945	374.650482
2315.176758	314.067474
2314.308594	368.739746
2313.440430	365.786102
2312.572266	308.120575
2311.704102	305.180115
2310.835938	342.539551
2309.966797	356.860809
2309.098633	313.629608
2308.229492	356.718445
2307.360352	365.275818
2306.490234	299.063782
2305.621094	373.755096
2304.750977	342.061340
2303.881836	405.218597
2303.011719	330.431396
2302.141602	341.856293
2301.270508	361.893127
2300.400391	390.536682
2299.529297	324.425110
2298.658203	315.748871
2297.787109	355.863861
2296.916016	350.054016
2296.044922	335.640289
2295.172852	372.858948
2294.300781	355.578827
2293.428711	318.236603
2292.556641	341.104187
2291.684570	392.621033
2290.812500	335.236816
2289.939453	406.786987
2289.066406	355.151154
2288.193359	329.307922
2287.320313	360.734497
2286.447266	392.148438
2285.573242	366.313232
2284.699219	366.239624
2283.825195	366.166016
2282.951172	360.372192
2282.077148	343.142609
2281.203125	343.073578
2280.328125	363.013123
2279.453125	368.655670
2278.578125	362.867004
2277.703125	357.080658
2276.828125	396.993683
2275.952148	365.503265
2275.077148	354.009949
2274.201172	379.627655
2273.325195	388.112427
2272.448242	328.117126
2271.572266	345.166626
2270.695313	359.357178
2269.819336	382.096375
2268.942383	364.913879
2268.064453	379.091766
2267.187500	356.217285
2266.310547	356.145325
2265.432617	384.559204
2264.554688	412.961578
2263.676758	367.319122
2262.798828	355.857391
2261.919922	372.863098
2261.041992	384.170471
2260.163086	324.344940
2259.284180	361.258514
2258.405273	344.121460
2257.525391	372.485779
2256.646484	375.253143
2255.766602	389.388367
2254.886719	332.475922
2254.006836	357.978394
2253.126953	338.022125
2252.247070	397.592438
2251.366211	403.190491
2250.485352	377.559509
2249.604492	377.482849
2248.723633	402.944977
2247.842773	346.121826
2246.960938	380.089355
2246.080078	345.981171
2245.198242	348.746185
2244.316406	360.014313
2243.433594	419.458893
2242.551758	376.869507
2241.668945	373.959778
2240.786133	365.386322
2239.903320	413.453796
2239.020508	351.081024
2238.137695	376.486023
2237.253906	362.258575
2236.371094	413.117004
2235.487305	390.400848
2234.603516	379.007599
2233.718750	370.446777
2232.834961	381.680267
2231.950195	387.255737
2231.065430	455.003296
2230.180664	381.446594
2229.295898	375.718811
2228.411133	389.763947
2227.525391	381.212921
2226.639648	372.665344
2225.753906	406.460907
2224.868164	403.555756
2223.982422	383.722778
2223.095703	417.495239
2222.209961	400.487823
2221.323242	377.847778
2220.436523	366.493683
2219.549805	374.874451
2218.662109	380.433746
2217.775391	405.712860
2216.887695	397.179108
2216.000000	413.995453
2215.112305	422.357727
2214.223633	382.859161
2213.335938	410.926270
2212.447266	402.399994
2211.558594	444.518524
2210.669922	421.924622
2209.781250	365.592926
2208.891602	455.491486
2208.001953	362.631653
2207.113281	396.283386
2206.222656	384.962189
2205.333008	401.739227
2204.443359	452.214783
2203.552734	401.574005
2202.662109	437.990601
2201.771484	471.585114
2200.880859	404.132599
2199.990234	373.184509
2199.098633	406.771484
2198.208008	437.539886
2197.316406	420.624725
2196.424805	384.091400
2195.532227	384.012238
2194.640625	420.364655
2193.748047	361.439026
2192.855469	392.178467
2191.962891	420.104523
2191.070313	431.218262
2190.176758	403.133850
2189.284180	389.055756
2188.390625	397.370544
2187.497070	428.064301
2186.603516	411.192474
2185.708984	444.667267
2184.815430	405.430328
2183.920898	424.914917
2183.026367	388.493103
2182.131836	410.767395
2181.237305	393.919830
2180.341797	410.597351
2179.446289	379.793701
2178.551758	382.507050
2177.655273	354.513367
2176.759766	346.067291
2175.864258	429.704163
2174.967773	418.456207
2174.071289	396.056396
2173.174805	435.013916
2172.278320	418.195831
2171.381836	426.471191
2170.484375	384.580414
2169.586914	454.156464
2168.689453	381.635010
2167.791992	392.696045
2166.894531	389.829926
2165.996094	417.588074
2165.097656	414.717896
2164.199219	439.676483
2163.300781	389.505707
2162.402344	425.585510
2161.502930	408.810760
2160.604492	392.042969
2159.705078	416.980103
2158.805664	441.906830
2157.905273	411.248962
2157.005859	472.282104
2156.105469	408.299957
2155.205078	458.200287
2154.304688	408.129669
2153.404297	405.268677
2152.502930	405.184113
2151.602539	413.423462
2150.701172	438.303802
2149.799805	443.759247
2148.898438	396.526978
2147.996094	388.127075
2147.094727	415.763519
2146.192383	446.159546
2145.290039	415.589630
2144.387695	451.512939
2143.484375	401.568542
2142.582031	443.017365
2141.678711	476.143982
2140.775391	473.276550
2139.872070	445.506195
2138.968750	414.980927
2138.064453	442.553528
2137.160156	450.756897
2136.255859	434.073547
2135.351563	400.811859
2134.447266	444.946014
2133.542969	469.720154
2132.637695	458.571625
2131.732422	463.999115
2130.827148	477.708252
2129.921875	494.172302
2129.015625	538.231018
2128.109375	524.319946
2127.204102	463.511719
2126.296875	474.447906
2125.390625	551.567566
2124.484375	507.335327
2123.577148	537.552002
2122.669922	534.682678
2121.762695	540.081116
2120.855469	515.172913
2119.947266	515.064331
2119.040039	542.493469
2118.131836	514.847168
2117.223633	506.480713
2116.315430	495.365723
2115.406250	453.989410
2114.498047	486.904022
2113.588867	470.299469
2112.679688	514.195496
2111.770508	437.111267
2110.860352	448.013062
2109.951172	467.154114
2109.041016	478.044861
2108.130859	513.652222
2107.220703	502.558624
2106.309570	494.215363
2105.399414	483.130493
2104.488281	463.816833
2103.577148	463.718597
2102.666016	463.620331
2101.753906	485.463928
2100.842773	463.423798
2099.930664	479.774963
2099.018555	444.040314
2098.106445	454.907715
2097.194336	446.591705
2096.281250	468.410828
2095.368164	503.913971
2094.455078	449.045288
2093.541992	514.649841
2092.628906	481.697449
2091.714844	506.222046
2090.800781	437.720551
2089.887695	451.303284
2088.972656	451.207245
2088.058594	527.663391
2087.143555	505.683655
2086.229492	483.713196
2085.314453	459.019775
2084.399414	447.995239
2083.483398	488.866180
2082.568359	499.683960
2081.652344	450.438629
2080.736328	494.012085
2079.820313	466.618988
2078.903320	499.257538
2077.987305	480.057709
2077.070313	490.863220
2076.153320	458.041107
2075.236328	485.201721
2074.319336	463.295807
2073.401367	504.066986
2072.483398	473.994019
2071.565430	492.957214
2070.647461	490.128723
2069.729492	470.967285
2068.810547	454.535767
2067.892578	446.274780
2066.973633	514.194214
2066.053711	467.843597
2065.134766	484.059875
2064.215820	481.237183
2063.295898	524.626221
2062.375977	489.183655
2061.456055	513.532532
2060.535156	469.957886
2059.615234	488.868439
2058.694336	448.033051
2057.773438	461.510559
2056.852539	499.409851
2055.930664	461.311981
2055.009766	496.481903
2054.087891	523.499329
2053.166016	461.014069
2052.244141	512.428772
2051.321289	534.003723
2050.399414	476.976624
2049.476563	520.225891
2048.553711	509.277985
2047.630859	465.834625
2046.707031	498.227142
2045.783203	549.555786
2044.860352	460.119751
2043.936523	511.434357
2043.011719	503.207550
2042.087891	516.622925
2041.163086	532.736633
2040.238281	513.695740
2039.313477	529.802979
2038.388672	556.713196
2037.463867	516.064026
2036.538086	497.042969
2035.612305	478.030121
2034.686523	496.827515
2033.760742	499.419342
2032.833984	534.397705
2031.907227	545.075256
2031.056641	534.653076
2030.980469	553.050354
2030.130859	513.050964
2030.053711	501.683075
2029.204102	488.665955
2029.126953	547.416870
2028.278320	480.485260
2028.199219	493.376923
2027.351563	448.017151
2027.272461	482.487823
2026.425781	453.338135
2026.344727	549.754822
2025.499023	501.824951
2025.416992	514.609436
2024.572266	480.159576
2024.488281	544.128174
2023.645508	498.957489
2023.560547	533.237244
2022.717773	496.176025
2022.631836	514.273376
2021.791016	474.522400
2021.703125	516.853333
2020.863281	501.398468
2020.774414	524.814758
2019.935547	482.446381
2019.844727	586.588074
2019.007813	517.396057
2018.916016	521.895752
2018.080078	517.307739
2017.986328	500.265106
2017.152344	509.137726
2017.056641	540.491089
2016.223633	498.277069
2016.126953	543.061523
2015.295898	530.506897
2015.196289	567.133423
2014.367188	503.491302
2014.265625	572.384033
2013.438477	519.556946
2013.335938	540.018982
2012.509766	549.074707
2012.405273	523.784485
2011.581055	476.321198
2011.473633	520.984436
2010.651367	516.598572
2010.542969	528.925171
2009.722656	505.749023
2009.611328	528.809387
2008.792969	524.489746
2008.679688	550.163391
2007.863281	519.020813
2007.748047	558.092346
2006.933594	508.176208
2006.816406	547.239868
2006.002930	505.400146
2005.883789	565.893616
2005.073242	499.937103
2004.952148	533.593079
2004.142578	534.786438
2004.019531	544.199219
2003.212891	515.885498
2003.085938	565.521362
2002.282227	539.974060
2002.153320	525.203125
2001.351563	542.566345
2001.220703	543.840942
2000.419922	534.415649
2000.287109	538.364624
1999.489258	558.488159
1999.353516	594.481018
1998.557617	515.437927
1998.419922	535.450745
1997.625977	582.450867
1997.485352	503.213013
1996.695313	499.156647
1996.550781	543.243469
1995.762695	533.950867
1995.617188	535.097412
1994.831055	515.078796
1994.682617	561.728638
1993.899414	571.315796
1993.747070	591.022339
1992.966797	552.443604
1992.812500	572.176086
1992.034180	533.577942
1991.876953	545.318665
1991.101563	552.250366
1990.941406	547.870972
1990.168945	528.030396
1990.005859	534.390381
1989.236328	525.257996
1989.070313	547.629272
1988.303711	557.318848
1988.133789	496.763702
1987.370117	546.505188
1987.198242	595.450745
1986.436523	511.588989
1986.261719	555.275330
1985.502930	546.313110
1985.325195	525.793579
1984.569336	495.343842
1984.387695	557.698303
1983.635742	530.058411
1983.451172	578.917542
1982.702148	572.790466
1982.513672	549.449890
1981.767578	500.434204
1981.576172	477.328949
1980.833008	551.183167
1980.638672	589.197449
1979.898438	609.939636
1979.700195	535.757690
1978.963867	534.940186
1978.761719	556.957947
1978.029297	518.800171
1977.824219	612.784363
1977.093750	558.814636
1976.885742	570.029480
1976.159180	521.289673
1975.946289	532.619629
1975.223633	604.054260
1975.007813	524.513916
1974.288086	569.206726
1974.068359	582.959595
1973.352539	531.699646
1973.128906	598.798035
1972.416992	523.591003
1972.189453	558.754028
1971.480469	555.548767
1971.250000	555.969666
1970.543945	518.063843
1970.309570	569.143738
1969.608398	558.020874
1969.369141	561.040283
1968.671875	581.946716
1968.428711	542.306824
1967.734375	536.469849
1967.488281	579.394958
1966.797852	544.379700
1966.547852	621.780823
1965.861328	544.282410
1965.606445	579.136841
1964.923828	565.525696
1964.665039	549.791748
1963.986328	605.430969
1963.723633	613.398865
1963.048828	567.989929
1962.782227	568.130188
1962.111328	493.236206
1961.839844	557.386475
1961.173828	565.120667
1960.898438	565.222900
1960.235352	599.666687
1959.956055	525.301147
1959.296875	578.241394
1959.012695	575.580139
1958.358398	578.137451
1958.070313	625.836670
1957.419922	583.361023
1957.127930	559.415222
1956.481445	567.276428
1956.184570	567.242065
1955.542969	535.220825
1955.241211	564.465027
1954.603516	551.098206
1954.297852	590.833374
1953.664063	593.588135
1953.353516	609.243225
1952.725586	529.608643
1952.409180	601.161804
1951.785156	590.713013
1951.465820	606.322388
1950.845703	540.058899
1950.520508	587.656677
1949.906250	555.920715
1949.576172	542.534180
1948.965820	521.247559
1948.631836	590.038818
1948.025391	582.308899
1947.686523	653.393982
1947.084961	630.055725
1946.741211	576.550110
1946.144531	582.097839
1945.795898	544.690979
1945.204102	595.279724
1944.849609	600.082703
1944.262695	584.543579
1943.904297	631.663025
1943.322266	608.346191
1942.958008	607.739746
1942.380859	544.490417
1942.011719	620.811646
1941.439453	536.424622
1941.065430	588.977905
1940.498047	645.185425
1940.118164	604.688538
1939.555664	610.558105
1939.170898	623.031982
1938.614258	636.987976
1938.223633	617.612671
1937.671875	565.223694
1937.276367	657.054932
1936.729492	588.998840
1936.329102	601.504822
1935.787109	567.669983
1935.380859	633.019958
1934.844727	617.957642
1934.432617	646.061890
1933.901367	628.451416
1933.484375	632.733887
1932.958984	596.521851
1932.536133	614.140198
1932.015625	620.269165
1931.587891	616.636414
1931.072266	646.657837
1930.638672	598.054626
1930.128906	567.046753
1929.689453	634.795288
1929.185547	627.875793
1928.740234	595.150330
1928.241211	619.814209
1927.791016	637.140381
1927.297852	593.217407
1926.840820	665.950256
1926.353516	606.347412
1925.890625	663.167603
1925.409180	616.825134
1924.940430	641.968872
1924.464844	606.124268
1923.990234	623.410156
1923.519531	584.841919
1923.040039	602.229919
1922.575195	627.067810
1922.088867	631.014526
1921.629883	637.533630
1921.137695	630.871094
1920.684570	642.705750
1920.186523	638.611633
1919.739258	584.410522
1919.235352	648.976013
1918.793945	639.824524
1918.283203	612.052551
1917.847656	584.194519
1917.331055	672.316589
1916.902344	602.586914
1916.378906	630.153137
1915.956055	613.045166
1915.426758	666.760010
1915.009766	605.005798
1914.474609	650.861267
1914.063477	641.874084
1913.521484	648.088867
1913.116211	596.858582
1912.568359	700.405701
1912.169922	641.635986
1911.615234	653.038147
1911.222656	659.996765
1910.662109	631.912537
1910.275391	636.118713
1909.708008	608.175049
1909.328125	604.332397
1908.753906	647.348572
1908.380859	641.159180
1907.799805	676.023132
1907.432617	575.089294
1906.845703	641.812927
1906.485352	627.732849
1905.891602	612.856384
1905.537109	630.252930
1904.936523	641.518860
1904.588867	635.408569
1903.981445	651.843079
1903.640625	630.017883
1903.026367	638.607361
1902.692383	608.815796
1902.071289	607.061035
1901.743164	613.972229
1901.115234	664.474548
1900.793945	642.837891
1900.159180	604.166748
1899.845703	645.351807
1899.203125	593.568542
1898.895508	653.131897
1898.247070	671.859131
1897.946289	618.779297
1897.290039	635.113647
1896.997070	616.030762
1896.333984	674.162964
1896.046875	594.858398
1895.376953	663.557983
1895.096680	586.851990
1894.419922	637.286743
1894.146484	631.471069
1893.461914	686.753174
1893.196289	639.244446
1892.504883	660.488525
1892.246094	557.590027
1891.546875	615.965698
1891.294922	636.374634
1890.588867	594.948120
1890.344727	657.288208
1889.629883	600.028320
1889.393555	594.076721
1888.671875	649.445740
1888.442383	670.181641
1887.712891	670.156494
1887.491211	599.108398
1886.753906	633.503296
1886.539063	633.148743
1885.794922	609.899048
1885.587891	619.895996
1884.835938	656.662231
1884.635742	627.657593
1883.875977	651.299683
1883.683594	648.544556
1882.916016	612.079834
1882.731445	627.420593
1881.956055	653.601685
1881.778320	643.050171
1880.996094	643.036499
1880.826172	635.056030
1880.035156	624.667725
1879.873047	629.688477
1879.074219	694.781433
1878.919922	645.308533
1878.113281	624.377502
1877.966797	605.845703
1877.152344	658.044922
1877.013672	637.197449
1876.191406	621.486755
1876.059570	626.589783
1875.229492	642.140137
1875.106445	615.986084
1874.267578	654.986389
1874.152344	634.214172
1873.305664	660.030884
1873.198242	607.891541
1872.342773	654.681091
1872.244141	639.212769
1871.380859	615.568420
1871.289063	704.571899
1870.417969	664.762573
1870.334961	659.919556
1869.455078	682.780273
1869.379883	646.702820
1868.491211	620.328369
1868.424805	659.668396
1867.528320	651.322266
1867.469727	638.604858
1866.564453	664.141479
1866.513672	667.267212
1865.600586	656.205017
1865.558594	638.361450
1864.636719	653.458313
1864.602539	630.392456
1863.671875	694.784973
1863.646484	606.734985
1862.708008	650.560303
1862.690430	643.225464
1861.743164	658.181580
1861.734375	643.102539
1860.778320	572.408691
1860.778320	642.483215
1859.821289	640.243408
1859.812500	683.773193
1858.864258	684.537476
1858.847656	639.592102
1857.907227	647.835083
1857.881836	654.974854
1856.950195	665.993164
1856.916016	659.997314
1855.993164	694.589172
1855.949219	706.419128
1855.035156	639.630493
1854.983398	690.730835
1854.077148	610.795227
1854.016602	708.672974
1853.119141	631.555847
1853.049805	661.961853
1852.161133	610.560730
1852.083008	705.753845
1851.203125	636.530762
1851.115234	682.326233
1850.244141	644.233093
1850.147461	671.829407
1849.286133	706.694763
1849.179688	679.420776
1848.327148	646.592529
1848.211914	668.929321
1847.368164	649.074829
1847.244141	681.681824
1846.408203	716.711670
1846.275391	598.912048
1845.449219	674.882019
1845.306641	673.616638
1844.489258	679.962341
1844.337891	714.741882
1843.530273	604.294434
1843.369141	714.572510
1842.570313	690.116943
1842.399414	773.721802
1841.609375	653.531738
1841.429688	714.233704
1840.649414	702.866516
1840.459961	716.642090
1839.688477	707.936096
1839.490234	749.976013
1838.728516	653.153015
1838.519531	711.148438
1837.767578	705.060669
1837.549805	729.011475
1836.805664	645.096741
1836.579102	667.028503
1835.844727	673.579529
1835.607422	672.019348
1834.882813	689.050171
1834.636719	741.362000
1833.921875	696.715759
1833.665039	728.317627
1832.959961	748.564331
1832.693359	715.279236
1831.998047	649.669373
1831.721680	704.819336
1831.035156	706.703186
1830.749023	714.937988
1830.073242	688.382324
1829.777344	704.482849
1829.110352	696.040100
1828.804688	730.019409
1828.147461	649.164978
1827.832031	722.135254
1827.184570	698.365784
1826.858398	632.038391
1826.221680	656.699585
1825.885742	734.632996
1825.258789	692.903809
1824.912109	698.504578
1824.294922	708.336792
1823.938477	690.634949
1823.331055	721.169556
1822.963867	636.566589
1822.367188	695.092773
1821.990234	713.399414
1821.403320	720.888550
1821.015625	700.400330
1820.438477	700.007019
1820.041016	702.797058
1819.474609	718.015259
1819.066406	728.271484
1818.509766	720.466736
1818.090820	671.694519
1817.544922	650.366333
1817.115234	763.804626
1816.580078	696.870056
1816.139648	712.371033
1815.614258	701.914063
1815.164063	701.951965
1814.649414	649.985168
1814.187500	727.395264
1813.683594	719.763123
1813.211914	673.446533
1812.717773	665.262329
1812.235352	727.044312
1811.751953	737.597839
1811.257813	739.665771
1810.786133	680.527161
1810.281250	711.340454
1809.819336	729.547791
1809.303711	698.377686
1808.852539	750.097107
1808.326172	757.032166
1807.885742	674.955017
1807.348633	749.178162
1806.918945	685.164734
1806.371094	741.327820
1805.952148	672.105164
1805.392578	679.811768
1804.984375	708.156372
1804.414063	717.972839
1804.017578	702.849304
1803.435547	720.353088
1803.049805	718.212158
1802.456055	717.624390
1802.082031	718.070984
1801.477539	737.875671
1801.113281	717.929749
1800.498047	709.617859
1800.145508	697.132751
1799.518555	719.653137
1799.176758	761.532166
1798.538086	750.094055
1798.208008	753.639343
1797.558594	793.273560
1797.239258	763.812683
1796.578125	719.127441
1796.270508	768.822021
1795.597656	757.194214
1795.301758	727.399536
1794.616211	782.497986
1794.332031	755.624268
1793.635742	774.662231
1793.362305	760.632019
1792.654297	810.139526
1792.392578	734.702820
1791.672852	769.189697
1791.422852	742.289917
1790.690430	740.991577
1790.452148	801.411682
1789.708984	753.538879
1789.482422	716.232849
1788.726563	720.267822
1788.511719	757.305115
1787.744141	770.981140
1787.541016	757.155334
1786.760742	803.862366
1786.569336	818.801941
1785.778320	762.973206
1785.598633	764.578735
1784.794922	808.553040
1784.626953	782.444153
1783.811523	744.804504
1783.656250	805.449036
1782.828125	767.493713
1782.684570	764.124451
1781.843750	800.334595
1781.711914	812.846619
1780.859375	807.757935
1780.740234	794.682922
1779.875000	825.335449
1779.767578	797.096497
1778.890625	809.898804
1778.795898	773.801392
1777.905273	771.625427
1777.823242	768.507263
1776.919922	847.563416
1776.849609	842.877258
1775.934570	791.540344
1775.876953	773.340393
1774.949219	796.417480
1774.903320	780.892822
1773.962891	813.970642
1773.929688	798.715027
1772.977539	770.672424
1772.956055	803.691589
1771.991211	841.447021
1771.982422	824.069153
1771.008789	844.438599
1771.003906	813.366150
1770.034180	785.248474
1770.017578	780.232605
1769.060547	808.182922
1769.030273	825.625732
1768.085938	754.153748
1768.042969	817.824890
1767.110352	823.248596
1767.054688	830.278381
1766.135742	812.827881
1766.067383	865.501892
1765.160156	820.356506
1765.079102	824.805359
1764.185547	809.940369
1764.090820	852.423950
1763.209961	868.718201
1763.102539	804.164124
1762.233398	855.734253
1762.113281	831.773743
1761.257813	824.824463
1761.124023	859.369385
1760.281250	791.365906
1760.134766	849.047180
1759.305664	786.086548
1759.145508	813.467041
1758.329102	834.569885
1758.155273	820.840698
1757.351563	844.640930
1757.165039	815.585388
1756.375000	864.943848
1756.174805	792.661682
1755.397461	816.159302
1755.184570	782.368103
1754.420898	787.857971
1754.193359	736.755554
1753.443359	828.619568
1753.202148	812.245911
1752.464844	820.782593
1751.487305	828.287292
1750.509766	833.232971
1749.531250	822.844055
1748.552734	873.776978
1747.574219	827.622437
1746.594727	835.117798
1745.616211	855.376831
1744.636719	837.334900
1743.657227	834.614197
1742.677734	791.065247
1741.697266	818.970459
1740.717773	849.415100
1739.737305	833.942383
1738.756836	838.873901
1737.775391	838.704834
1736.794922	835.987000
1735.813477	830.721924
1734.833008	850.936035
1733.851563	911.897034
1732.869141	820.032349
1731.887695	898.797974
1730.905273	929.164307
1729.922852	852.622253
1728.940430	923.699463
1727.958008	895.527405
1726.975586	892.802673
1725.992188	859.561951
1725.008789	948.377808
1724.025391	897.344727
1723.041992	869.205994
1722.057617	973.211853
1721.074219	995.879150
1720.089844	934.717407
1719.105469	937.067261
1718.120117	1018.123962
1717.135742	974.763733
1716.150391	997.407166
1715.165039	992.129761
1714.179688	986.854431
1713.194336	963.826416
1712.208008	983.917419
1711.222656	1077.525391
1710.236328	1036.748901
1709.250000	1006.126038
1708.262695	1112.341064
1707.276367	1076.648560
1706.289063	1056.167114
1705.301758	1040.758301
1704.314453	1075.990601
1703.327148	1078.302490
1702.338867	1108.451050
1701.350586	1085.453247
1700.362305	1120.647217
1699.374023	1130.535156
1698.385742	1140.418823
1697.396484	1076.982666
1696.407227	1117.204468
1695.417969	1116.976074
1694.428711	1126.854126
1693.439453	1121.571533
1692.449219	1020.320251
1691.458984	1093.337280
1690.468750	1123.407593
1689.478516	1085.317749
1688.487305	1039.672852
1687.497070	1072.258301
1686.505859	1036.724365
1685.514648	1054.165283
1684.522461	1046.384888
1683.531250	983.147949
1682.539063	1073.679688
1681.546875	1096.138062
1680.554688	1035.448853
1679.562500	1042.792725
1678.569336	1065.243164
1677.576172	994.526245
1676.583008	1059.770874
1675.589844	1029.351929
1674.596680	983.847961
1673.602539	991.192688
1672.608398	1084.051147
1671.614258	1031.019653
1670.620117	983.038208
1669.625977	955.185608
1668.630859	1010.277649
1667.635742	1005.044189
1666.640625	1050.054688
1665.645508	1037.280273
1664.649414	1016.977844
1663.654297	1019.278564
1662.658203	996.478027
1661.662109	1089.123901
1660.665039	1086.390015
1659.668945	1038.504761
1658.671875	1033.274170
1657.674805	1055.627563
1656.677734	1030.340210
1655.679688	1000.050415
1654.682617	1024.902222
1653.684570	1032.206299
1652.686523	1069.565186
1651.688477	1014.248718
1650.689453	1036.572876
1649.691406	1041.364746
1648.692383	1073.684814
1647.693359	1068.457764
1646.693359	1118.270752
1645.694336	1065.513550
1644.694336	1105.303467
1643.694336	1062.571289
1642.694336	1124.841919
1641.694336	1024.643188
1640.693359	1069.405396
1639.692383	1101.658447
1638.691406	1086.444092
1637.690430	1083.721313
1636.689453	1031.068726
1635.687500	1093.254761
1634.685547	1073.063354
1633.683594	1147.689331
1632.681641	1137.472656
1631.678711	1102.320679
1630.676758	1009.834656
1629.673828	1109.340332
1628.670898	1084.185425
1627.666992	1071.500122
1626.664063	1098.681519
1625.660156	1081.016602
1624.656250	1080.791138
1623.652344	1145.300049
1622.647461	1142.571777
1621.643555	1055.227295
1620.638672	1102.283203
1619.633789	1079.663574
1618.628906	1111.771484
1617.623047	1099.105835
1616.617188	1091.417603
1615.611328	1116.045654
1614.605469	1113.327148
1613.599609	1137.940186
1612.592773	1140.186035
1611.586914	1144.914551
1610.580078	1164.539063
1609.572266	1191.602783
1608.565430	1193.835083
1607.557617	1166.288818
1606.549805	1275.206055
1605.541992	1163.319580
1604.534180	1232.512939
1603.526367	1269.445313
1602.517578	1266.700073
1601.508789	1206.953979
1600.500000	1320.680542
1599.490234	1345.176270
1598.481445	1243.345703
1597.471680	1307.467285
1596.461914	1250.250488
1595.452148	1299.492188
1594.441406	1299.218994
1593.430664	1318.739258
1592.420898	1229.410034
1591.409180	1286.033569
1590.398438	1350.051147
1589.387695	1307.741211
1588.375977	1327.238525
1587.364258	1319.545776
1586.352539	1279.739136
1585.339844	1301.699707
1584.328125	1279.199829
1583.315430	1271.523193
1582.302734	1281.128906
1581.289063	1283.326538
1580.276367	1265.783936
1579.262695	1233.447144
1578.249023	1260.316895
1577.235352	1220.597168
1576.220703	1222.804688
1575.207031	1185.574097
1574.192383	1234.609375
1573.177734	1194.928101
1572.163086	1283.352417
1571.147461	1275.692871
1570.131836	1238.489990
1569.117188	1265.306396
1568.100586	1348.718262
1567.084961	1294.298584
1566.068359	1306.325073
1565.052734	1298.669678
1564.036133	1337.739868
1563.018555	1357.124756
1562.001953	1305.218384
1560.984375	1263.163818
1559.966797	1248.153931
1558.949219	1282.279907
1557.931641	1230.432739
1556.913086	1198.250977
1555.894531	1207.816284
1554.875977	1212.468628
1553.857422	1222.026611
1552.837891	1221.766968
1551.819336	1263.205444
1550.799805	1182.010864
1549.780273	1216.084473
1548.759766	1213.374634
1547.740234	1186.158447
1546.719727	1225.109619
1545.699219	1175.854858
1544.678711	1180.502930
1543.657227	1145.970459
1542.636719	1187.344604
1541.615234	1162.615601
1540.593750	1169.709106
1539.571289	1198.818604
1538.549805	1205.901123
1537.527344	1193.416382
1536.504883	1136.926758
1535.481445	1190.462769
1534.458984	1165.769165
1533.435547	1209.502197
1532.412109	1219.015625
1531.388672	1143.041016
1530.365234	1186.750610
1529.340820	1147.435425
1528.316406	1142.308472
1527.291992	1122.541748
1526.267578	1144.259888
1525.243164	1131.818726
1524.217773	1087.679321
1523.192383	1216.672241
1522.166992	1157.906982
1521.140625	1186.905273
1520.115234	1084.311523
1519.088867	1201.013672
1518.062500	1166.657715
1517.036133	1168.842773
1516.008789	1195.372437
1514.981445	1231.626831
1513.954102	1112.119995
1512.926758	1194.603516
1511.899414	1230.834351
1510.871094	1208.682495
1509.842773	1325.131958
1508.814453	1244.627197
1507.786133	1241.929443
1506.756836	1207.644531
1505.727539	1263.259888
1504.698242	1248.415405
1503.668945	1296.713013
1502.639648	1279.439697
1501.609375	1206.346680
1500.579102	1257.048584
1499.548828	1268.909058
1498.518555	1336.555176
1497.487305	1348.393188
1496.456055	1403.869507
1495.424805	1335.691650
1494.393555	1325.709351
1493.361328	1359.346680
1492.330078	1366.321289
1491.297852	1416.889282
1490.264648	1484.385864
1489.232422	1501.012451
1488.199219	1556.359253
1487.166016	1587.482422
1486.132813	1621.011597
1485.099609	1698.066162
1484.065430	1787.179077
1483.032227	1866.582031
1481.998047	1791.241211
1480.962891	1802.937988
1479.928711	1882.285400
1478.893555	1835.978760
1477.858398	1932.191040
1476.823242	1914.869751
1475.788086	1899.969971
1474.751953	1822.321167
1473.715820	1833.992065
1472.679688	1816.706421
1471.643555	1864.554688
1470.606445	1811.095703
1469.569336	1784.181396
1468.532227	1774.152222
1467.495117	1780.997437
1466.458008	1725.192749
1465.419922	1756.134766
1464.381836	1765.387207
1463.343750	1774.635498
1462.305664	1788.694336
1461.266602	1689.623901
1460.227539	1667.599609
1459.188477	1717.759399
1458.149414	1722.196411
1457.109375	1692.964478
1456.069336	1642.106689
1455.029297	1764.339722
1453.989258	1737.520386
1452.949219	1806.819946
1451.908203	1772.796143
1450.867188	1801.229492
1449.826172	1817.644775
1448.784180	1778.839111
1447.743164	1869.653931
1446.701172	1864.447021
1445.659180	1801.665771
1444.617188	1770.092163
1443.574219	1692.970581
1442.531250	1740.550049
1441.488281	1704.215942
1440.445313	1675.086792
1439.401367	1732.221924
1438.358398	1554.586914
1437.314453	1539.878052
1436.269531	1592.216187
1435.225586	1596.655518
1434.180664	1577.160034
1433.135742	1603.135010
1432.090820	1552.547485
1431.045898	1571.341064
1430.000000	1547.085205
1428.954102	1671.059814
1427.908203	1603.770264
1426.862305	1605.808228
1425.816406	1705.797119
1424.769531	1671.983398
1423.722656	1685.944702
1422.674805	1721.387207
1421.627930	1704.300537
1420.580078	1796.997925
1419.532227	1713.095825
1418.484375	1796.208618
1417.436523	1729.037231
1416.387695	1697.660522
1415.338867	1759.266846
1414.290039	1704.063965
1413.241211	1865.718262
1412.191406	1767.635132
1411.141602	1769.627808
1410.091797	1866.867676
1409.041992	1830.746216
1407.991211	1811.301636
1406.940430	1834.698853
1405.889648	1820.019775
1404.838867	1774.425415
1403.788086	1790.680420
1402.736328	1671.408569
1401.684570	1704.317871
1400.632813	1665.917969
1399.580078	1660.798218
1398.528320	1579.666504
1397.475586	1567.442871
1396.421875	1545.727051
1395.369141	1540.637573
1394.315430	1499.950195
1393.261719	1611.140747
1392.208008	1634.507202
1391.154297	1534.531372
1390.099609	1546.047852
1389.045898	1545.705444
1387.990234	1538.252563
1386.935547	1526.063477
1385.880859	1558.893188
1384.825195	1428.273804
1383.769531	1541.625366
1382.712891	1607.575195
1381.657227	1566.978882
1380.600586	1561.898071
1379.543945	1630.164917
1378.487305	1539.915283
1377.429688	1565.587524
1376.373047	1617.256714
1375.315430	1616.897217
1374.257813	1680.348389
1373.199219	1609.089722
1372.140625	1552.036255
1371.082031	1537.520264
1370.023438	1499.397827
1368.964844	1499.063965
1367.905273	1531.772949
1366.845703	1496.036499
1365.786133	1488.625610
1364.726563	1438.762573
1363.666016	1440.799805
1362.605469	1499.417725
1361.544922	1475.512695
1360.484375	1527.026855
1359.422852	1496.057861
1358.361328	1448.614380
1357.299805	1547.198364
1356.238281	1516.245117
1355.176758	1626.539063
1354.114258	1546.161011
1353.051758	1623.458740
1351.988281	1616.038574
1350.925781	1625.083984
1349.862305	1641.178955
1348.798828	1645.512817
1347.735352	1734.452026
1346.670898	1785.756226
1345.607422	1813.545776
1344.542969	1878.900513
1343.477539	1777.510864
1342.413086	1812.325562
1341.347656	1786.101196
1340.282227	1834.977051
1339.216797	1789.991089
1338.150391	1834.152710
1337.084961	1697.734131
1336.018555	1666.875122
1334.952148	1722.753540
1333.884766	1677.842163
1332.817383	1719.635498
1331.750000	1761.409790
1330.682617	1709.494141
1329.615234	1695.061646
1328.546875	1734.471802
1327.478516	1682.596680
1326.410156	1733.689941
1325.341797	1691.194458
1324.272461	1725.891968
1323.203125	1657.698120
1322.133789	1722.775269
1321.063477	1759.778564
1319.994141	1635.546753
1318.923828	1740.295654
1317.853516	1681.516235
1316.782227	1660.121704
1315.711914	1643.405518
1314.640625	1638.365845
1313.569336	1661.328247
1312.497070	1651.620850
1311.425781	1634.920776
1311.421875	1552.657104
1310.353516	1585.583740
1310.349609	1536.337891
1309.281250	1624.854980
1309.277344	1587.343384
1308.208008	1584.864868
1308.204102	1622.017090
1307.135742	1530.911865
1307.130859	1582.115845
1306.062500	1556.190308
1306.057617	1493.305908
1304.988281	1497.609619
1304.984375	1493.038330
1303.915039	1492.612427
1303.911133	1483.455322
1302.840820	1459.680786
1302.837891	1455.248291
1301.767578	1464.004150
1301.763672	1468.954712
1300.692383	1475.306274
1300.689453	1515.241821
1299.618164	1456.359253
1299.615234	1487.043457
1298.542969	1460.679810
1298.541016	1482.122192
1297.468750	1485.926758
1297.465820	1430.676392
1296.392578	1411.192871
1296.391602	1386.226563
1295.317383	1389.952515
1295.316406	1409.230835
1294.241211	1419.845337
1294.241211	1429.901611
1293.166016	1383.150513
1293.165039	1433.461548
1292.089844	1468.895630
1292.088867	1337.902100
1291.013672	1410.535034
1291.012695	1439.774658
1289.938477	1410.279297
1289.935547	1427.837769
1288.862305	1472.742676
1288.858398	1471.614014
1287.785156	1398.154663
1287.781250	1473.598633
1286.708984	1418.799438
1286.704102	1440.780762
1285.631836	1420.863037
1285.625977	1433.493042
1284.554688	1374.179321
1284.547852	1412.294067
1283.477539	1473.724487
1283.469727	1472.252441
1282.400391	1399.202881
1282.391602	1444.100098
1281.323242	1452.307007
1281.312500	1436.817383
1280.245117	1414.928833
1280.233398	1424.903931
1279.166992	1430.904053
1279.154297	1452.374390
1278.088867	1386.586914
1278.075195	1403.408813
1277.010742	1458.199707
1276.995117	1444.763184
1275.931641	1353.628906
1275.915039	1428.228516
1274.853516	1499.379028
1274.834961	1481.129150
1273.774414	1462.031738
1273.753906	1434.514771
1272.695313	1408.481812
1272.673828	1464.257324
1271.615234	1385.061279
1271.592773	1456.983276
1270.536133	1384.806519
1270.510742	1435.839478
1269.456055	1500.316772
1269.429688	1454.002563
1268.375977	1446.798096
1268.347656	1358.914307
1267.295898	1372.468994
1267.265625	1360.912476
1266.215820	1423.124146
1266.183594	1422.969971
1265.134766	1381.216675
1265.101563	1374.143433
1264.054688	1427.224731
1264.018555	1302.249756
1262.973633	1283.570801
1262.935547	1389.670044
1261.892578	1315.705566
1261.852539	1380.118408
1260.810547	1350.140137
1260.768555	1400.566650
1259.729492	1333.709717
1259.684570	1319.505005
1258.647461	1381.993774
1258.600586	1307.669312
1257.565430	1416.396118
1257.516602	1408.821289
1256.483398	1349.138062
1256.432617	1300.150391
1255.401367	1346.577515
1255.347656	1362.077148
1254.318359	1447.936523
1254.262695	1334.112671
1253.235352	1357.620605
1253.177734	1442.075317
1252.152344	1368.909790
1252.091797	1384.164551
1251.069336	1426.354980
1251.005859	1464.434570
1249.986328	1479.163330
1249.919922	1457.189819
1248.902344	1476.579834
1248.833984	1454.551147
1247.818359	1527.051758
1247.747070	1537.049561
1246.734375	1561.360596
1246.660156	1603.406372
1245.650391	1634.855957
1245.573242	1561.636719
1244.566406	1646.076782
1244.486328	1657.848633
1243.481445	1608.888306
1243.398438	1609.188599
1242.396484	1610.891113
1242.311523	1675.466431
1241.311523	1654.367188
1241.222656	1707.246582
1240.226563	1720.863647
1240.134766	1656.311035
1239.141602	1651.442139
1239.045898	1715.640991
1238.055664	1667.251343
1237.958008	1650.949585
1236.969727	1733.707031
1236.868164	1556.444702
1235.883789	1737.984375
1235.779297	1595.099731
1234.797852	1601.866333
1234.689453	1571.783081
1233.710938	1564.746582
1233.599609	1569.123413
1232.624023	1495.431274
1232.509766	1486.192017
1231.537109	1499.749268
1231.419922	1497.310913
1230.450195	1446.570435
1230.329102	1457.990723
1229.363281	1398.010254
1229.238281	1356.807251
1228.275391	1411.539185
1228.147461	1427.523438
1227.188477	1353.809570
1227.055664	1360.756226
1226.100586	1388.023682
1225.964844	1342.116455
1225.011719	1328.022339
1224.872070	1316.615723
1223.923828	1394.388428
1223.780273	1288.837524
1222.834961	1389.530151
1222.688477	1219.875610
1221.747070	1304.302612
1221.595703	1263.065674
1220.657227	1267.320557
1220.502930	1265.057983
1219.568359	1264.783936
1219.409180	1303.642700
1218.479492	1349.457886
1218.316406	1246.173828
1217.389648	1232.178223
1217.222656	1261.884277
1216.299805	1264.060913
1216.128906	1279.872681
1215.209961	1275.288086
1215.035156	1311.562134
1214.120117	1318.616211
1213.940430	1272.419678
1213.029297	1332.121094
1212.845703	1299.527954
1211.938477	1377.713623
1211.750977	1372.290161
1210.847656	1361.406494
1210.655273	1429.038330
1209.756836	1406.975708
1209.560547	1394.468750
1208.666016	1463.982422
1208.464844	1416.958618
1207.574219	1369.786621
1207.369141	1528.404541
1206.482422	1495.483398
1206.272461	1455.064087
1205.390625	1488.327026
1205.175781	1534.526367
1204.298828	1483.462524
1204.079102	1520.487793
1203.207031	1531.243408
1202.982422	1515.571899
1202.114258	1530.948853
1201.885742	1517.493530
1201.021484	1450.575073
1200.788086	1451.074585
1199.928711	1397.682495
1199.690430	1391.519043
1198.835938	1450.016235
1198.591797	1404.852417
1197.742188	1392.570435
1197.494141	1381.757324
1196.648438	1348.863770
1196.395508	1404.189575
1195.554688	1302.887939
1195.296875	1331.048584
1194.460938	1327.774780
1194.197266	1294.338135
1193.367188	1357.221680
1193.098633	1321.322876
1192.272461	1302.132568
1191.999023	1341.473755
1191.177734	1331.572510
1190.899414	1329.790771
1190.083008	1381.552856
1189.798828	1311.295288
1188.988281	1303.659180
1188.698242	1320.073120
1187.893555	1278.296997
1187.597656	1274.329834
1186.797852	1236.968872
1186.497070	1314.905884
1185.702148	1250.419434
1185.396484	1235.128296
1184.606445	1165.766846
1184.294922	1232.565430
1183.509766	1176.944702
1183.193359	1157.383545
1182.414063	1181.276733
1182.090820	1163.915283
1181.317383	1133.166626
1180.989258	1161.370728
1180.220703	1110.150269
1179.886719	1129.346069
1179.124023	1082.584473
1178.784180	1122.276001
1178.026367	1105.160156
1177.680664	1146.942749
1176.929688	1120.892212
1176.578125	1114.943848
1175.832031	1134.340210
1175.474609	1146.396973
1174.734375	1113.622559
1174.371094	1087.232300
1173.635742	1088.359009
1173.266602	1102.824951
1172.538086	1069.934570
1172.162109	1129.729980
1171.439453	1163.041626
1171.057617	1088.718506
1170.340820	1051.311279
1169.953125	1054.515259
1169.242188	1060.205811
1168.848633	1124.396973
1168.142578	1119.139526
1167.743164	1119.604858
1167.043945	1107.548950
1166.637695	1083.156860
1165.944336	1105.057861
1165.531250	1058.029663
1164.844727	1111.661011
1164.425781	1057.776733
1163.744141	1018.254150
1163.319336	1041.706055
1162.644531	1102.134399
1162.211914	1109.230469
1161.543945	1115.549561
1161.105469	1068.310425
1160.443359	1040.369019
1159.998047	1088.376831
1159.342773	1108.297241
1158.890625	1049.738525
1158.241211	1117.161499
1157.783203	1112.681641
1157.140625	1078.347778
1156.675781	1130.466064
1156.039063	1082.674683
1155.567383	1071.541992
1154.937500	1025.728271
1154.458984	1093.838013
1153.835938	1082.247314
1153.349609	1093.575195
1152.733398	1118.328247
1152.241211	1030.193359
1151.630859	1027.388550
1151.131836	1151.645874
1150.528320	1158.701416
1150.022461	1160.381470
1149.425781	1138.068481
1148.912109	1065.491943
1148.323242	1106.110474
1147.801758	1123.789429
1147.219727	1180.675049
1146.691406	1157.291870
1146.116211	1150.986694
1145.581055	1150.259888
1145.012695	1121.309937
1144.470703	1170.236572
1143.909180	1141.470825
1143.359375	1120.456055
1142.804688	1150.301758
1142.248047	1115.686890
1141.700195	1150.073364
1141.135742	1189.628662
1140.595703	1167.952637
1140.024414	1139.878906
1139.491211	1226.558960
1138.912109	1137.355591
1138.386719	1147.125000
1137.798828	1141.574829
1137.281250	1124.275391
1136.686523	1109.845459
1136.175781	1207.733398
1135.573242	1188.190430
1135.070313	1083.125610
1134.459961	1100.325684
1133.963867	1100.995850
1133.346680	1140.469360
1132.858398	1121.119141
1132.232422	1178.348755
1131.751953	1152.533569
1131.118164	1148.891846
1130.645508	1118.412231
1130.003906	1168.803345
1129.539063	1197.252686
1128.889648	1184.219360
1128.431641	1178.945313
1127.774414	1179.447021
1127.325195	1201.290161
1126.659180	1259.863281
1126.217773	1158.155151
1125.543945	1205.767944
1125.109375	1151.151855
1124.428711	1169.623901
1124.001953	1229.906128
1123.312500	1189.500122
1122.893555	1159.715820
1122.196289	1218.324829
1121.786133	1170.762329
1121.079102	1244.896118
1120.677734	1217.889893
1119.962891	1195.346069
1119.568359	1231.174927
1118.845703	1338.281860
1118.459961	1165.548828
1117.728516	1304.394409
1117.350586	1223.918457
1116.610352	1290.654785
1116.241211	1280.010986
1115.492188	1355.191772
1115.131836	1291.019043
1114.374023	1366.039185
1114.021484	1295.264648
1113.255859	1309.825073
1112.912109	1340.047607
1112.136719	1307.269775
1111.801758	1344.281250
1111.018555	1353.865845
1110.691406	1307.989990
1109.898438	1266.425415
1109.580078	1298.723145
1108.779297	1281.745972
1108.469727	1201.695435
1107.659180	1192.133301
1107.358398	1093.457275
1106.539063	1089.172729
1106.247070	1113.481689
1105.418945	1100.062134
1105.134766	1081.770752
1104.297852	1073.022095
1104.023438	1072.557983
1103.177734	1048.225464
1102.911133	1076.837402
1102.055664	1070.264771
1101.798828	1105.838867
1100.934570	1072.230591
1100.686523	988.761536
1099.812500	1100.938721
1099.574219	1033.495972
1098.690430	1065.018311
1098.460938	1064.734497
1097.568359	1040.253174
1097.347656	1015.110718
1096.446289	1068.947266
1096.234375	996.942017
1095.323242	1084.268433
1095.121094	976.535645
1094.200195	1041.709229
1094.006836	1023.471069
1093.076172	1072.606445
1092.892578	1054.679321
1091.953125	1063.442261
1091.778320	1027.542603
1090.829102	1103.215332
1090.664063	1009.389099
1089.704102	1071.810913
1089.548828	1054.036499
1088.580078	1013.744385
1088.434570	1047.095581
1087.455078	1029.051270
1087.319336	990.839600
1086.330078	1039.906372
1086.203125	1051.151978
1085.204102	1064.084717
1085.087891	1015.085022
1084.079102	1037.169678
1083.971680	956.629150
1082.953125	1036.912231
1082.855469	990.032532
1081.827148	1054.413208
1081.739258	994.309509
1080.700195	963.161255
1080.623047	1005.301575
1079.573242	1009.514709
1079.505859	964.802979
1078.446289	991.518250
1078.388672	935.511108
1077.319336	1033.406006
1077.271484	937.557617
1076.191406	988.807495
1076.154297	961.974609
1075.063477	968.612549
1075.036133	999.801697
1073.935547	1010.474060
1073.918945	948.163757
1072.806641	899.452026
1072.800781	903.254150
1071.681641	943.304993
1071.677734	934.664978
1070.563477	974.399841
1070.548828	941.074402
1069.444336	947.387329
1069.419922	962.976563
1068.325195	965.064636
1068.290039	984.867615
1067.206055	955.932800
1067.160156	980.195923
1066.086914	984.765991
1066.030273	973.314270
1064.966797	901.958740
1064.899414	946.532166
1063.846680	993.290100
1063.768555	988.303345
1062.726563	1008.707642
1062.637695	1005.738831
1061.606445	950.489197
1061.506836	996.646973
1060.485352	992.677795
1060.375000	1029.536255
1059.364258	1019.236877
1059.243164	1011.607666
1058.243164	1030.176270
1058.111328	1066.558228
1057.122070	1027.734741
1056.978516	1011.098938
1056.000000	1020.836365
1055.845703	918.146973
1054.877930	940.402161
1054.712891	1003.970337
1053.755859	1029.327515
1053.580078	1014.747192
1052.633789	986.792358
1052.446289	972.588440
1051.511719	1008.859375
1051.312500	961.318787
1050.388672	964.119080
1050.177734	919.194397
1049.265625	975.050720
1049.043945	938.795898
1048.142578	965.946594
1047.909180	971.606506
1047.018555	932.368591
1046.774414	927.308167
1045.895508	967.772095
1045.638672	964.508789
1044.771484	929.758789
1044.502930	935.644836
1043.646484	934.014099
1043.367188	979.427002
1042.522461	982.735168
1042.231445	981.379150
1041.397461	951.410767
1041.094727	1005.328491
1040.273438	940.101318
1039.958008	923.699768
1039.147461	984.346558
1038.821289	952.048645
1038.022461	975.256287
1037.683594	989.175598
1036.896484	948.401062
1036.545898	951.564697
1035.771484	972.631104
1035.408203	966.701965
1034.645508	890.283325
1034.269531	1023.564636
1033.518555	978.886353
1033.131836	999.148621
1032.392578	943.175232
1031.992188	902.297607
1031.265625	1016.198792
1030.853516	965.717041
1030.138672	989.367737
1029.713867	956.693542
1029.011719	929.279968
1028.574219	998.129395
1027.883789	1013.347473
1027.434570	991.294983
1026.755859	953.279419
1026.294922	1012.967224
1025.627930	1004.059692
1025.154297	1003.940002
1024.500000	970.610474
1024.012695	977.385620
1023.372070	981.485901
1022.872070	953.035522
1022.243164	990.141663
1021.730469	961.552551
1021.114258	976.647461
1020.588867	972.254700
1019.985352	976.443665
1019.447266	965.437561
1018.855469	974.026184
1018.304688	1000.207886
1017.726563	976.036072
1017.162109	999.950867
1016.596680	982.470520
1016.019531	1028.131348
1015.466797	1013.237549
1014.875977	1027.866821
1014.335938	1008.602112
1013.732422	1025.415894
1013.206055	1006.179810
1012.588867	1027.337524
1012.075195	972.805481
1011.445313	1024.887451
1010.944336	988.075134
1010.300781	1046.469971
1009.812500	1038.698242
1009.156250	1059.304688
1008.681641	1027.432983
1008.010742	1063.398193
1007.549805	1051.517578
1006.866211	1098.051514
1006.417969	1029.211182
1005.720703	1041.024048
1005.285156	1057.701294
1004.574219	1097.483398
1004.153320	1132.540649
1003.428711	1097.199219
1003.020508	1110.230835
1002.282227	1136.168335
1001.887695	1076.896484
1001.135742	1138.053833
1000.753906	1134.033936
999.988281	1144.297485
999.621094	1133.795776
998.840820	1126.567993
998.487305	1157.816528
997.693359	1102.312012
997.353516	1115.680054
996.545898	1108.559082
996.219727	1100.014526
995.397461	1086.497314
995.084961	1130.638794
994.249023	1073.153687
993.950195	1137.011353
993.100586	1066.345581
992.815430	1055.259277
991.951172	1044.311157
991.680664	1035.213867
990.801758	1004.887268
990.545898	1068.027588
989.652344	1024.195557
989.410156	1043.584351
988.274414	981.731079
987.138672	974.921875
986.001953	965.915222
984.865234	983.309753
983.728516	976.504211
982.591797	980.695801
981.455078	1004.671082
980.317383	962.697937
979.179688	944.914612
978.041992	1032.595337
976.903320	1056.538940
975.765625	1038.746704
974.626953	1078.047974
973.487305	1080.014771
972.348633	1011.750793
971.208984	1116.859131
970.069336	1140.753662
968.929688	1087.872803
967.790039	1094.220581
966.649414	1137.835693
965.508789	1141.977905
964.368164	1170.224121
963.226563	1233.513550
962.085938	1222.299072
960.944336	1147.578125
959.802734	1204.262939
958.660156	1125.199097
957.517578	1140.280151
956.375977	1083.145142
955.232422	1082.914551
954.089844	1060.811523
952.946289	1058.398804
951.802734	1016.633423
950.659180	1001.115845
949.515625	979.048584
948.371094	1002.873779
947.226563	976.446533
946.082031	956.582336
944.937500	1000.048340
943.791992	886.316406
942.646484	964.699890
941.500977	918.669373
940.354492	935.926208
939.208984	927.001343
938.062500	933.345215
936.916016	987.651672
935.768555	900.249084
934.621094	924.028809
933.474609	936.903992
932.326172	962.843811
931.178711	927.790894
930.030273	964.608582
928.881836	968.755676
927.733398	951.135803
926.584961	1000.980774
925.435547	1031.223999
924.286133	978.799927
923.136719	982.939026
921.986328	982.727844
920.836914	1030.338257
919.686523	982.305481
918.535156	1032.068115
917.384766	988.399963
916.233398	990.359131
915.082031	961.918152
913.930664	944.343811
912.779297	944.140442
911.626953	972.146667
910.474609	974.106689
909.322266	982.572876
908.168945	967.181030
907.015625	999.493958
905.862305	962.428589
904.708984	1016.400024
903.555664	981.513489
902.401367	976.969055
901.247070	972.426514
900.091797	1099.968750
898.937500	1028.291748
897.782227	1069.192261
896.626953	1010.536072
895.471680	1077.383545
894.315430	1085.802246
893.159180	1111.516968
892.002930	1148.030640
890.846680	1128.328125
889.689453	1104.311768
888.532227	1175.372681
887.375000	1177.278076
886.217773	1300.124390
885.059570	1338.708130
883.901367	1334.100220
882.743164	1234.530273
881.584961	1305.469849
880.425781	1296.557007
879.266602	1214.314575
878.107422	1186.017700
876.948242	1289.244507
875.788086	1211.367676
874.627930	1172.314575
873.467773	1236.695190
872.307617	1087.796509
871.146484	1130.631470
869.985352	1111.007324
868.824219	1091.391602
867.662109	1099.762695
866.500000	1056.488892
865.337891	1094.981079
864.175781	1030.219238
863.013672	1006.341309
861.850586	1029.770020
860.687500	1029.545288
859.523438	1009.980652
858.360352	990.424316
857.196289	981.616272
856.032227	1022.204163
854.868164	1019.833862
853.703125	983.119690
852.538086	1017.242065
851.373047	1025.602173
850.208008	1008.216675
849.041992	1033.732178
847.875977	1042.082886
846.709961	1007.555054
845.542969	1028.767090
844.376953	1052.112549
843.209961	1088.301636
842.041992	1122.332886
840.875000	1111.380005
839.707031	1153.954712
838.539063	1168.684814
837.371094	1183.408325
836.202148	1260.171021
835.034180	1371.124634
833.865234	1434.980713
832.695313	1689.099609
831.526367	1938.831543
830.356445	2220.510986
829.186523	2587.533936
828.015625	2725.819580
826.845703	2652.604736
825.674805	2594.368652
824.503906	2431.552246
823.332031	2151.418213
822.160156	1978.100952
820.988281	1907.263062
819.816406	1601.833496
818.644531	1522.579468
817.471680	1332.496582
816.298828	1315.150757
815.125977	1229.618652
813.952148	1248.522705
812.778320	1165.172852
811.604492	1135.100830
810.430664	1173.175415
809.255859	1177.173950
808.081055	1061.989380
806.906250	1095.799072
805.731445	1093.429688
804.555664	1069.792969
803.379883	1007.892273
802.204102	1075.697754
801.028320	1037.202393
799.851563	1058.222412
798.674805	1070.735229
797.498047	1072.622192
796.320313	1051.149414
795.142578	1059.408936
793.964844	1048.561401
792.787109	1063.183960
791.608398	1088.408203
790.429688	1064.833984
789.250977	1121.857178
788.072266	1193.696655
786.892578	1167.994507
785.712891	1144.423096
784.533203	1144.169067
783.353516	1131.204956
782.172852	1147.896973
780.992188	1090.471680
779.810547	1151.620972
778.629883	1138.666138
777.448242	1060.120728
776.266602	1057.769531
775.084961	1055.419189
773.902344	1076.330444
772.719727	1128.944092
771.537109	1086.419800
770.353516	1058.706543
769.170898	1113.401367
767.987305	1087.806396
766.803711	1172.035156
765.619141	1167.551392
764.434570	1201.064453
763.250000	1177.582642
762.065430	1272.265259
760.879883	1295.185181
759.694336	1412.997437
758.508789	1526.540039
757.323242	1627.383789
756.136719	1635.450562
754.950195	1599.265137
753.763672	1617.867310
752.576172	1524.836182
751.389648	1431.846436
750.202148	1353.634521
749.013672	1321.761108
747.826172	1380.384277
746.637695	1356.933960
745.449219	1341.907104
744.259766	1326.886963
743.071289	1351.818115
741.881836	1334.700317
740.691406	1372.226807
739.501953	1390.827881
738.311523	1356.908569
737.121094	1533.004883
735.930664	1501.168091
734.739258	1570.100586
733.547852	1508.889038
732.356445	1540.022339
731.165039	1522.895386
729.972656	1528.845093
728.780273	1478.180664
727.587891	1578.468140
726.394531	1540.389648
725.202148	1514.899902
724.008789	1514.559326
722.814453	1415.784058
721.621094	1430.122803
720.426758	1362.811890
719.232422	1318.553345
718.037109	1251.297485
716.841797	1286.579834
715.646484	1167.072998
714.451172	1219.086548
713.255859	1166.547119
712.059570	1132.842407
710.863281	1151.393799
709.666016	1165.758423
708.469727	1115.366699
707.272461	1102.585693
706.075195	1144.092041
704.876953	1091.651611
703.678711	1193.659180
702.480469	1147.489990
701.282227	1147.230835
700.083984	1222.046143
698.884766	1207.175415
697.685547	1213.155884
696.485352	1196.209717
695.285156	1245.943604
694.084961	1258.160034
692.884766	1339.095703
691.684570	1288.822144
690.483398	1307.265015
689.282227	1392.296631
688.080078	1377.416382
686.878906	1408.307617
685.676758	1487.018799
684.474609	1447.175415
683.271484	1463.477783
682.068359	1558.749146
680.865234	1489.826050
679.662109	1462.481934
678.458008	1520.303711
677.254883	1434.824219
676.049805	1432.422485
674.845703	1351.152466
673.640625	1473.272339
672.435547	1460.490112
671.230469	1456.010010
670.024414	1463.973389
668.819336	1397.299805
667.613281	1484.034180
666.406250	1425.674805
665.199219	1462.641479
663.992188	1553.443848
662.785156	1615.213623
661.578125	1635.548828
660.370117	1626.896851
659.162109	1763.104492
657.953125	1688.222168
656.745117	1654.742432
655.536133	1712.267700
654.327148	1676.729858
653.117188	1579.197632
651.907227	1628.434082
650.697266	1485.503540
649.487305	1592.575317
648.276367	1480.694824
647.065430	1432.869385
645.854492	1366.488159
644.643555	1304.264404
643.431641	1326.661743
642.219727	1299.542358
641.007813	1274.497437
639.794922	1259.773071
638.582031	1280.098145
637.369141	1217.978638
636.155273	1240.364136
634.942383	1238.020020
633.728516	1301.579712
632.513672	1315.694214
631.299805	1333.919189
630.084961	1337.729370
628.869141	1362.113403
627.654297	1330.944336
626.438477	1402.620850
625.222656	1429.028809
624.006836	1459.535889
622.790039	1506.470459
621.573242	1502.014893
620.356445	1487.289795
619.139648	1548.561646
617.921875	1535.885620
616.704102	1562.219360
615.486328	1481.817261
614.267578	1506.098999
613.048828	1472.929443
611.830078	1435.672852
610.610352	1416.887817
609.391602	1402.211304
608.171875	1453.126709
606.951172	1456.889893
605.731445	1556.935303
604.510742	1609.827515
603.289063	1545.978760
602.068359	1441.215698
600.846680	1340.594360
599.625000	1266.620239
598.403320	1264.281982
597.180664	1169.906494
595.958008	1216.666992
594.735352	1245.006592
593.511719	1222.236084
592.289063	1205.606201
591.064453	1186.940918
589.840820	1292.873901
588.616211	1272.154785
587.391602	1339.230103
586.166992	1300.140259
584.942383	1346.771973
583.716797	1415.822998
582.491211	1460.366333
581.264648	1533.437012
580.038086	1522.887939
578.811523	1508.267212
577.584961	1542.558594
576.358398	1546.275024
575.130859	1492.959717
573.902344	1535.375366
572.674805	1504.481201
571.446289	1453.247559
570.217773	1428.491089
568.989258	1450.537476
567.759766	1346.468994
566.530273	1303.453003
565.300781	1323.479614
564.070313	1250.000732
562.840820	1237.517334
561.610352	1243.323853
560.378906	1287.718384
559.147461	1279.295654
557.916016	1240.424561
556.684570	1227.957153
555.453125	1241.875122
554.220703	1211.154419
552.988281	1208.843384
551.754883	1301.839478
550.521484	1265.043701
549.288086	1167.459839
548.054688	1288.769043
546.820313	1268.208862
545.585938	1249.683594
544.351563	1219.017090
543.117188	1238.976685
541.881836	1240.710693
540.646484	1234.349731
539.410156	1223.945435
538.174805	1245.906982
536.938477	1219.327759
535.701172	1156.371460
534.464844	1206.629272
533.227539	1169.973999
531.990234	1173.739990
530.751953	1096.714722
529.513672	1159.054321
528.275391	1116.387695
527.037109	1170.619873
525.797852	1121.916748
524.558594	1178.139160
523.319336	1042.730835
522.079102	1195.732910
520.838867	1120.861938
519.598633	1175.015747
518.358398	1094.139526
517.117188	1128.128662
515.875977	1148.003418
514.634766	1137.665161
513.392578	1153.501709
512.150391	1219.646118
510.908203	1171.067139
509.665039	1227.117554
508.421875	1084.033325
507.178711	1168.227539
505.934570	1202.125854
504.691406	1151.597656
503.447266	1155.344238
502.202148	1209.309326
500.958008	1223.081787
499.712891	1228.816162
498.466797	1228.525391
497.221680	1220.207031
495.975586	1290.143677
494.729492	1153.432373
493.482422	1235.384399
492.235352	1261.156860
490.988281	1234.798828
489.741211	1198.432861
488.493164	1242.227661
487.245117	1245.939209
485.997070	1255.656616
484.748047	1275.380249
483.499023	1273.075562
482.250000	1330.808472
481.000977	1264.467773
479.750977	1284.169800
478.500977	1347.857666
477.250000	1291.556274
475.999023	1317.233765
474.748047	1342.898926
473.497070	1396.521973
472.245117	1422.155640
470.993164	1321.970093
469.741211	1449.428345
468.488281	1582.813477
467.236328	1548.512329
465.982422	1568.093140
464.729492	1605.615356
463.475586	1627.166748
462.221680	1724.464600
460.967773	1765.908081
459.712891	1924.897827
458.458008	2047.952271
457.203125	2248.623535
455.947266	2262.024170
454.691406	2490.417969
453.435547	2533.607666
452.178711	2423.562256
450.921875	2293.676514
449.665039	2128.053467
448.408203	1972.451172
447.150391	1789.093018
445.892578	1691.281006
444.633789	1621.332642
443.375000	1569.295532
442.116211	1558.988770
440.857422	1518.904297
439.597656	1415.318237
438.337891	1500.313232
437.078125	1490.031982
435.818359	1523.394409
434.557617	1523.027710
433.295898	1502.834717
432.035156	1510.401367
430.773438	1624.974609
429.511719	1575.052856
428.249023	1628.152588
426.987305	1558.451294
425.724609	1474.925049
424.460938	1512.175537
423.198242	1446.509644
421.934570	1477.813477
420.669922	1493.279053
419.406250	1538.397705
418.141602	1518.256714
416.875977	1525.795044
415.611328	1491.834717
414.345703	1540.860107
413.080078	1465.437500
411.813477	1514.445068
410.546875	1470.649414
409.280273	1501.869507
408.013672	1432.447754
406.746094	1514.948975
405.478516	1467.250488
404.209961	1474.780640
402.942383	1482.307007
401.673828	1403.119751
400.404297	1513.109497
399.134766	1443.801514
397.865234	1392.250000
396.595703	1429.317505
395.326172	1460.461914
394.055664	1383.361938
392.784180	1467.619507
391.513672	1465.294922
390.242188	1466.903931
388.970703	1492.102417
387.698242	1497.634399
386.425781	1536.567139
385.153320	1481.187500
383.880859	1525.996582
382.607422	1559.002686
381.333984	1533.102417
380.059570	1587.677856
378.785156	1565.706787
377.510742	1655.555176
376.236328	1623.772339
374.960938	1576.320068
373.685547	1611.215698
372.410156	1632.376587
371.133789	1594.752197
369.857422	1651.162231
368.581055	1672.296875
367.303711	1642.520386
366.026367	1587.314331
364.749023	1631.929321
363.470703	1635.440430
362.192383	1605.701294
360.914063	1706.981934
359.634766	1616.639648
358.356445	1610.378296
357.076172	1686.182007
355.796875	1683.812866
354.516602	1595.517090
353.236328	1698.601440
351.955078	1663.047241
350.673828	1664.587891
349.392578	1703.196045
348.111328	1671.567261
346.829102	1714.053955
345.546875	1690.235596
344.263672	1697.613403
342.981445	1697.193115
341.697266	1716.253418
340.414063	1663.243042
339.129883	1643.359619
337.845703	1676.044678
336.561523	1669.790283
335.276367	1659.647461
333.991211	1692.303223
332.705078	1715.219116
331.419922	1648.689575
330.133789	1739.634766
328.846680	1708.109985
327.560547	1701.856567
326.272461	1650.933594
324.985352	1759.262695
323.697266	1776.295898
322.409180	1756.444824
321.121094	1732.722534
319.832031	1765.267700
318.542969	1708.585205
317.253906	1739.180542
315.963867	1802.713135
314.673828	1877.841187
313.383789	1935.494385
312.092773	2055.100830
310.801758	2046.840454
309.510742	2116.022949
308.218750	2235.493164
306.926758	2289.112793
305.634766	2526.484863
304.341797	2622.552734
303.048828	2712.771240
301.755859	2816.475342
300.461914	2964.576172
299.167969	3070.095947
297.874023	3115.682373
296.579102	3194.074463
295.284180	3228.021729
293.989258	3275.462402
292.693359	3313.230225
291.397461	3364.482666
290.101563	3271.056885
288.804688	3133.329102
287.507813	3149.887695
286.210938	3245.453369
284.913086	3028.838135
283.615234	3026.146240
282.317383	3044.638428
281.018555	2889.845459
279.719727	2917.985840
278.420898	2901.852051
277.121094	2879.954834
275.821289	2750.361328
274.521484	2726.589600
273.220703	2725.897705
271.919922	2757.877197
270.619141	2734.119873
269.317383	2764.159180
268.015625	2874.839600
266.713867	3002.742188
265.411133	3120.982178
264.108398	3087.565430
262.804688	3138.576660
261.501953	3281.623291
260.198242	3428.431396
258.893555	3456.311035
257.588867	3541.670654
256.284180	3638.481934
254.979492	3771.637695
253.673828	3841.529053
252.368164	3880.751465
251.061523	4027.139160
249.755859	4058.638184
248.448242	4256.556641
247.141602	4159.836914
245.833984	4185.539063
244.526367	4312.541504
243.217773	4384.056152
241.909180	4489.923828
240.600586	4387.533691
239.291992	4394.043945
237.982422	4333.730469
236.671875	4267.721191
235.362305	4211.285645
234.051758	4130.079102
232.741211	4115.664063
231.429688	4032.615723
230.118164	4084.947998
228.806641	3813.285156
227.494141	4037.113525
226.181641	3956.072266
224.868164	3878.880615
223.555664	3786.498535
222.242188	3802.647217
220.927734	3841.619629
219.613281	3686.542480
218.298828	3645.649902
216.984375	3735.964111
215.668945	3702.681396
214.353516	3696.018799
213.037109	3552.575439
211.720703	3559.248779
210.404297	3624.780273
209.087891	3449.194092
207.770508	3535.594482
206.452148	3472.062256
205.134766	3440.808105
203.816406	3384.917480
202.497070	3374.554932
201.178711	3392.626709
199.859375	3357.633545
198.539063	3413.585693
197.218750	3325.576172
195.898438	3406.119385
194.578125	3320.049316
193.256836	3343.780029
191.935547	3310.741943
190.613281	3309.873535
189.291992	3309.004639
187.968750	3319.478027
186.646484	3348.843506
185.323242	3319.622559
183.999023	3263.971924
182.675781	3246.117432
181.351563	3322.665527
180.026367	3325.564941
178.702148	3307.706055
177.376953	3361.538574
176.050781	3266.356934
174.724609	3493.626465
173.398438	3522.861328
172.072266	3454.091797
170.745117	3377.822021
169.416992	3606.702148
168.089844	3603.864014
166.761719	3661.263184
165.433594	3735.568115
164.104492	3785.374512
162.775391	3848.320068
161.445313	3877.384277
160.116211	4071.863281
158.785156	4006.880615
157.455078	4255.708008
156.124023	4359.765137
154.792969	4441.230957
153.460938	4582.729004
152.128906	4735.412109
150.796875	4850.484863
149.463867	4972.998535
148.130859	5082.317871
146.797852	5262.823242
145.463867	5411.366211
144.129883	5359.322754
142.794922	5535.858398
141.460938	5656.112305
140.125000	5755.703613
138.790039	5791.596680
137.454102	5973.436523
136.117188	5936.284668
134.781250	6022.596191
133.444336	5910.653320
132.106445	6004.399902
130.768555	5978.487305
129.430664	6017.979492
128.092773	6091.070801
126.753906	6093.161621
125.414063	5917.899414
124.075195	5987.221680
122.735352	5901.640137
121.394531	5941.080566
120.053711	5823.853027
118.712891	6047.858398
117.372070	6053.674316
116.030273	6024.082520
114.688477	5947.935547
113.345703	6091.579590
112.002930	6181.152344
110.660156	6296.732422
109.316406	6112.662598
107.972656	6105.417480
106.627930	6018.205078
105.283203	5945.912598
103.938477	5602.279785
102.592773	5230.959961
101.247070	4731.657715
99.901367	4254.913574
98.554688	3600.183594
