#Wave		#Intensity
3199.956055	28.369665
3199.250977	35.462082
3198.545898	31.910927
3197.840820	0.000000
3197.134766	21.267347
3196.429688	14.176028
3195.724609	24.804190
3195.018555	28.343231
3194.312500	14.169407
3193.606445	7.083598
3192.901367	24.788721
3192.195313	21.244154
3191.488281	31.861244
3190.782227	24.777086
3190.076172	31.851259
3189.369141	21.230841
3188.663086	21.227507
3187.956055	21.224169
3187.249023	21.220829
3186.541992	24.753736
3185.834961	14.142762
3185.127930	28.281061
3184.420898	28.276594
3183.712891	35.340157
3183.005859	-10.600369
3182.297852	28.263176
3181.590820	14.129348
3180.882813	-7.063553
3180.174805	28.249727
3179.466797	35.306545
3178.757813	45.891209
3178.049805	14.118124
3177.341797	21.173811
3176.632813	-10.585217
3175.924805	21.167055
3175.215820	28.218231
3174.506836	35.267147
3173.797852	31.735353
3173.088867	14.102343
3172.379883	28.200163
3171.669922	21.146729
3170.960938	31.714998
3170.250977	-3.523322
3169.541016	28.182045
3168.832031	28.177507
3168.122070	17.608105
3167.412109	38.731583
3166.701172	24.643393
3165.991211	31.679243
3165.281250	28.154774
3164.570313	14.075109
3163.860352	14.072830
3163.149414	14.070549
3162.438477	38.687733
3161.727539	28.131966
3161.016602	56.254791
3160.305664	28.122822
3159.593750	7.029561
3158.882813	31.627874
3158.170898	28.109083
3157.458984	0.000000
3156.748047	38.637375
3156.036133	31.607233
3155.324219	24.579384
3154.611328	45.639957
3153.899414	17.550955
3153.187500	70.192314
3152.474609	28.072321
3151.761719	-7.016928
3151.049805	45.602539
3150.336914	31.565798
3149.624023	-10.520202
3148.911133	45.580032
3148.197266	7.011157
3147.484375	14.020002
3146.770508	24.530954
3146.057617	24.526903
3145.343750	0.000000
3144.629883	17.513424
3143.916016	24.514734
3143.202148	21.009148
3142.488281	52.514164
3141.774414	10.501090
3141.059570	48.996952
3140.344727	38.491211
3139.630859	20.991714
3138.916016	10.494111
3138.201172	10.492363
3137.486328	24.478102
3136.771484	6.992577
3136.055664	45.444168
3135.340820	34.951214
3134.625000	13.978149
3133.910156	38.433483
3133.194336	24.453579
3132.478516	31.435049
3131.762695	17.460989
3131.046875	45.390961
3130.330078	6.982053
3129.614258	17.452200
3128.897461	41.878242
3128.181641	59.317535
3127.464844	31.398115
3126.748047	27.904736
3126.031250	34.875042
3125.314453	38.356079
3124.596680	20.917967
3123.879883	20.914434
3123.162109	27.881201
3122.445313	34.845608
3121.727539	27.871771
3121.009766	48.767338
3120.291992	24.379539
3119.574219	20.893206
3118.856445	38.297710
3118.137695	27.848152
3117.419922	27.843422
3116.701172	48.717705
3115.982422	20.875465
3115.263672	3.478652
3114.544922	13.912238
3113.826172	13.909867
3113.107422	20.861242
3112.387695	52.144207
3111.668945	31.281183
3110.949219	13.900373
3110.229492	13.897996
3109.509766	66.004189
3108.790039	6.946620
3108.070313	31.254435
3107.350586	20.832718
3106.629883	20.829145
3105.910156	24.296499
3105.189453	24.292328
3104.468750	24.288153
3103.748047	13.876558
3103.027344	58.965229
3102.306641	24.275621
3101.585938	24.271439
3100.864258	24.267256
3100.143555	17.330765
3099.421875	38.121105
3098.700195	24.254696
3097.978516	27.714863
3097.256836	38.101349
3096.535156	65.800041
3095.813477	31.163046
3095.090820	41.543533
3094.369141	31.152250
3093.646484	20.764566
3092.923828	44.982090
3092.201172	17.297800
3091.478516	13.835836
3090.755859	27.666864
3090.032227	93.359436
3089.309570	3.457155
3088.585938	44.935196
3087.863281	48.383320
3087.139648	10.366047
3086.416016	44.911705
3085.692383	41.449726
3084.967773	41.442490
3084.244141	41.435249
3083.519531	41.428009
3082.795898	44.872498
3082.071289	0.000000
3081.346680	44.856792
3080.622070	51.748772
3079.897461	31.043821
3079.171875	68.974174
3078.447266	34.481037
3077.721680	48.264977
3076.997070	13.787571
3076.271484	51.694305
3075.545898	6.891363
3074.820313	24.115526
3074.094727	27.555750
3073.368164	48.214069
3072.642578	27.546043
3071.916016	37.869133
3071.189453	30.978371
3070.463867	20.648602
3069.737305	61.934868
3069.009766	27.521746
3068.283203	0.000000
3067.556641	24.073013
3066.829102	51.575901
3066.102539	10.313354
3065.375000	20.623056
3064.647461	48.111935
3063.919922	30.923618
3063.192383	54.965569
3062.463867	30.912645
3061.736328	13.736514
3061.007813	44.635738
3060.279297	27.463264
3059.551758	51.484467
3058.823242	48.043617
3058.094727	20.586456
3057.365234	37.735115
3056.636719	30.868685
3055.907227	24.004698
3055.178711	20.571785
3054.449219	47.992268
3053.719727	54.838512
3052.990234	41.121536
3052.260742	37.688007
3051.530273	23.978989
3050.800781	37.674530
3050.070313	30.819098
3049.340820	41.084774
3048.610352	54.769886
3047.879883	61.605080
3047.149414	3.421891
3046.417969	30.791492
3045.687500	51.309944
3044.957031	27.360390
3044.225586	44.452648
3043.494141	58.119938
3042.762695	20.509232
3042.031250	17.087952
3041.299805	54.671604
3040.568359	10.249080
3039.835938	23.910212
3039.103516	34.151291
3038.372070	37.559647
3037.639648	47.794563
3036.907227	27.306252
3036.174805	27.301321
3035.441406	34.120487
3034.708984	34.114323
3033.975586	51.162231
3033.243164	40.922382
3032.509766	40.914978
3031.776367	51.134468
3031.042969	51.125206
3030.309570	23.854107
3029.575195	40.885342
3028.841797	40.877930
3028.107422	71.523399
3027.373047	40.863098
3026.638672	34.046398
3025.904297	44.252277
3025.169922	40.840832
3024.435547	64.652893
3023.700195	71.445465
3022.965820	13.606184
3022.230469	37.410194
3021.495117	34.003075
3020.759766	50.995323
3020.024414	27.192549
3019.289063	50.976730
3018.552734	50.967434
3017.817383	40.766506
3017.081055	57.742004
3016.344727	33.959682
3015.608398	47.534870
3014.872070	50.920906
3014.135742	61.093914
3013.398438	44.115311
3012.662109	67.857292
3011.924805	54.275894
3011.187500	88.182175
3010.451172	23.737003
3009.712891	47.465305
3008.975586	64.405388
3008.238281	57.615303
3007.500000	81.324326
3006.762695	60.982044
3006.024414	71.132652
3005.286133	27.093174
3004.547852	67.720490
3003.809570	101.562050
3003.071289	33.847790
3002.332031	33.841560
3001.592773	40.602398
3000.854492	71.041107
3000.115234	67.645737
2999.375977	71.014931
2998.636719	40.572479
2997.896484	23.662914
2997.157227	87.874603
2996.416992	40.550026
2995.677734	101.356346
2994.937500	60.802570
2994.197266	64.168633
2993.457031	70.910118
2992.715820	60.768860
2991.975586	84.385582
2991.234375	84.369965
2990.494141	107.973557
2989.752930	70.844521
2989.011719	53.966782
2988.270508	70.818268
2987.528320	94.406853
2986.787109	84.276199
2986.044922	53.926762
2985.303711	60.656345
2984.561523	84.229286
2983.819336	67.370911
2983.077148	70.726311
2982.334961	111.120689
2981.591797	111.100029
2980.849609	87.517075
2980.106445	53.846642
2979.363281	94.214081
2978.620117	87.468216
2977.876953	63.907173
2977.133789	100.887260
2976.389648	67.245636
2975.646484	84.041374
2974.902344	84.025696
2974.158203	104.172424
2973.414063	114.232300
2972.669922	87.337807
2971.925781	87.321487
2971.181641	90.663063
2970.436523	97.360649
2969.692383	97.342445
2968.947266	130.884323
2968.202148	120.793694
2967.457031	130.835342
2966.710938	130.810852
2965.965820	140.846832
2965.220703	134.114716
2964.474609	174.316452
2963.728516	140.767654
2962.982422	160.847153
2962.236328	127.313446
2961.490234	100.491753
2960.743164	164.105713
2959.997070	170.771835
2959.250000	133.913528
2958.502930	143.929993
2957.755859	163.982422
2957.008789	170.643494
2956.261719	183.992691
2955.514648	170.579300
2954.766602	153.826889
2954.018555	127.050453
2953.271484	197.225403
2952.523438	150.397812
2951.775391	207.175720
2951.026367	143.659302
2950.278320	190.396179
2949.529297	183.680969
2948.781250	146.917038
2948.032227	180.273254
2947.283203	180.239212
2946.534180	186.879440
2945.784180	190.180634
2945.035156	163.457718
2944.285156	186.773514
2943.536133	153.392090
2942.786133	193.370819
2942.036133	183.334183
2941.286133	179.966766
2940.535156	219.917740
2939.785156	186.561539
2939.034180	189.857010
2938.284180	183.160645
2937.533203	179.796371
2936.782227	183.091202
2936.031250	146.445175
2935.279297	202.987747
2934.528320	182.987000
2933.776367	186.278671
2933.025391	196.220612
2932.273438	216.134186
2931.521484	179.523514
2930.768555	172.841644
2930.016602	189.425003
2929.264648	215.969894
2928.511719	189.352951
2927.758789	166.067474
2927.005859	192.601593
2926.252930	209.165344
2925.500000	159.333725
2924.747070	195.810379
2923.993164	209.045822
2923.240234	179.147964
2922.486328	162.529205
2921.732422	198.977386
2920.978516	185.676788
2920.223633	172.381256
2919.469727	255.208130
2918.715820	172.315445
2917.960938	188.848145
2917.206055	195.437057
2916.451172	202.023422
2915.696289	185.428665
2914.941406	201.946167
2914.185547	225.077255
2913.430664	182.012955
2912.674805	251.460663
2911.918945	191.867447
2911.163086	155.449020
2910.407227	214.941513
2909.651367	178.532578
2908.894531	218.164658
2908.138672	251.171753
2907.381836	198.255463
2906.625000	198.217422
2905.868164	171.755478
2905.111328	188.234283
2904.353516	204.706757
2903.596680	178.258743
2902.838867	194.726776
2902.081055	164.990982
2901.323242	197.951126
2900.565430	148.434799
2899.807617	187.981262
2899.049805	194.539673
2898.291016	168.129059
2897.532227	181.280746
2896.773438	177.950470
2896.014648	158.147736
2895.255859	181.176041
2894.497070	158.086807
2893.738281	171.227707
2892.978516	197.532349
2892.218750	138.245987
2891.458984	161.255875
2890.699219	194.127777
2889.939453	177.641983
2889.179688	180.896729
2888.418945	115.093872
2887.659180	161.100296
2886.898438	164.356308
2886.137695	144.605606
2885.376953	164.292786
2884.616211	167.546249
2883.854492	134.667984
2883.093750	124.790092
2882.332031	134.615891
2881.570313	98.480370
2880.808594	164.102173
2880.046875	141.100540
2879.285156	187.004028
2878.522461	101.684235
2877.760742	144.298050
2876.998047	144.270081
2876.235352	127.850952
2875.472656	150.769318
2874.709961	163.847900
2873.946289	157.263458
2873.183594	150.681564
2872.419922	134.277054
2871.656250	121.153328
2870.892578	144.046234
2870.128906	94.921120
2869.365234	101.447685
2868.600586	137.418533
2867.836914	107.950714
2867.072266	189.694656
2866.307617	117.718597
2865.542969	153.658264
2864.778320	134.016220
2864.013672	150.330399
2863.248047	137.231461
2862.483398	124.137611
2861.717773	107.782707
2860.952148	127.354736
2860.186523	124.065041
2859.419922	124.040848
2858.654297	150.125427
2857.887695	94.625824
2857.122070	133.755234
2856.355469	133.729126
2855.588867	123.919868
2854.822266	117.374847
2854.054688	146.689896
2853.288086	107.551575
2852.520508	127.081566
2851.752930	143.346039
2850.985352	120.517426
2850.217773	94.441124
2849.450195	110.702415
2848.682617	126.957336
2847.914063	113.913773
2847.145508	146.431885
2846.377930	126.882782
2845.609375	107.341324
2844.839844	97.563904
2844.071289	139.814194
2843.302734	113.779938
2842.533203	104.006973
2841.763672	123.484062
2840.994141	116.961952
2840.224609	155.918671
2839.455078	107.173042
2838.684570	123.387154
2837.915039	110.377357
2837.144531	94.126900
2836.374023	120.069344
2835.603516	136.268143
2834.833008	120.022156
2834.062500	110.268944
2833.291016	126.460091
2832.520508	100.499786
2831.749023	103.721298
2830.977539	113.422844
2830.206055	110.160500
2829.433594	123.096313
2828.662109	80.968468
2827.889648	119.809723
2827.118164	110.073730
2826.345703	110.052032
2825.573242	100.321777
2824.799805	145.599670
2824.027344	129.396393
2823.254883	97.028145
2822.481445	84.074463
2821.708008	135.785797
2820.934570	126.061913
2820.161133	126.037010
2819.387695	100.163475
2818.613281	109.835007
2817.839844	100.123894
2817.065430	129.166580
2816.291016	106.541351
2815.516602	116.203941
2814.741211	125.862701
2813.966797	122.611183
2813.192383	109.683029
2812.416992	106.435974
2811.641602	87.066734
2810.866211	109.617874
2810.090820	103.149323
2809.314453	77.346657
2808.539063	90.219879
2807.762695	138.524490
2806.986328	112.730125
2806.209961	90.166206
2805.433594	112.685394
2804.657227	99.787254
2803.880859	125.513878
2803.103516	86.876968
2802.326172	112.595924
2801.548828	106.140778
2800.771484	83.609451
2799.994141	112.528809
2799.216797	109.291962
2798.438477	115.697891
2797.660156	93.182533
2796.881836	80.313789
2796.103516	138.112228
2795.325195	105.972000
2794.546875	109.161530
2793.767578	67.409866
2792.989258	99.489983
2792.209961	109.096298
2791.430664	67.369576
2790.651367	118.675110
2789.871094	83.376686
2789.091797	86.566216
2788.311523	102.576523
2787.531250	67.302406
2786.751953	64.084732
2785.970703	92.904312
2785.190430	86.479836
2784.410156	80.057930
2783.628906	76.840248
2782.847656	115.237335
2782.067383	80.009926
2781.285156	89.593201
2780.503906	111.969093
2779.722656	86.358879
2778.940430	115.122124
2778.159180	83.127113
2777.376953	83.110466
2776.594727	105.465233
2775.812500	83.077171
2775.029297	86.255157
2774.247070	83.043869
2773.463867	108.574059
2772.680664	67.046997
2771.897461	102.146362
2771.114258	67.020096
2770.331055	86.151405
2769.546875	63.803043
2768.763672	82.927299
2767.979492	117.988220
2767.195313	92.458672
2766.411133	66.939377
2765.626953	105.169304
2764.841797	86.030312
2764.056641	76.456009
2763.272461	114.660942
2762.487305	54.134548
2761.702148	108.247299
2760.916016	111.408607
2760.130859	89.108940
2759.344727	114.545555
2758.559570	82.710678
2757.773438	92.235626
2756.987305	66.777847
2756.201172	79.481407
2755.414063	92.179832
2754.627930	57.203526
2753.840820	98.497307
2753.053711	92.124039
2752.266602	53.992840
2751.479492	101.613060
2750.692383	85.718697
2749.904297	101.571999
2749.116211	111.071915
2748.328125	60.283993
2747.540039	66.616196
2746.751953	107.832977
2745.963867	66.589249
2745.174805	104.619064
2744.386719	88.749718
2743.597656	91.900734
2742.808594	98.218819
2742.019531	85.528084
2741.229492	66.508362
2740.440430	88.659836
2739.650391	79.144516
2738.861328	82.293602
2738.071289	88.605896
2737.280273	88.587914
2736.490234	56.937809
2735.700195	82.226799
2734.909180	98.019737
2734.118164	104.322388
2733.327148	63.212837
2732.536133	85.319984
2731.745117	85.302635
2730.953125	97.920135
2730.162109	113.690575
2729.370117	116.824860
2728.578125	66.292503
2727.786133	97.840439
2726.994141	66.265503
2726.201172	107.265144
2725.409180	66.238503
2724.616211	75.685707
2723.823242	97.740776
2723.030273	97.720833
2722.236328	91.397614
2721.443359	97.680954
2720.649414	88.209946
2719.856445	85.042221
2719.062500	91.322990
2718.268555	53.523228
2717.473633	88.137886
2716.679688	78.678452
2715.884766	103.834320
2715.089844	113.250633
2714.295898	66.049347
2713.500000	103.770592
2712.705078	75.454071
2711.910156	113.157921
2711.114258	78.565796
2710.318359	100.543610
2709.522461	113.088371
2708.726563	103.643089
2707.930664	78.501389
2707.134766	94.182335
2706.337891	84.746704
2705.541016	81.591187
2704.744141	62.749565
2703.947266	106.652344
2703.150391	112.902809
2702.352539	75.253075
2701.555664	81.507401
2700.757813	109.698936
2699.959961	115.943588
2699.162109	65.792282
2698.364258	87.704987
2697.565430	109.608658
2696.767578	137.765366
2695.968750	62.607719
2695.169922	75.113777
2694.371094	97.001961
2693.571289	84.468163
2692.772461	112.600983
2691.972656	96.941948
2691.173828	112.554512
2690.374023	106.279533
2689.573242	93.756691
2688.773438	109.360214
2687.973633	124.957268
2687.172852	59.342434
2686.372070	96.801842
2685.571289	93.659828
2684.770508	115.489883
2683.969727	106.103874
2683.167969	96.721741
2682.367188	99.821114
2681.565430	65.494034
2680.763672	84.189163
2679.961914	99.759071
2679.159180	118.439323
2678.357422	84.136803
2677.554688	90.350403
2676.751953	96.561424
2675.949219	96.541374
2675.146484	115.202866
2674.343750	102.727150
2673.540039	102.705803
2672.736328	105.796097
2671.932617	118.218109
2671.128906	111.972801
2670.325195	87.071831
2669.521484	105.708076
2668.716797	108.794472
2667.912109	96.340744
2667.107422	65.249489
2666.302734	86.981178
2665.498047	99.386337
2664.693359	96.260429
2663.887695	99.344872
2663.082031	111.739655
2662.276367	86.890472
2661.470703	96.180069
2660.665039	74.446434
2659.858398	96.139877
2659.052734	96.119774
2658.246094	55.799809
2657.439453	86.781548
2656.632813	96.059456
2655.826172	105.333481
2655.051758	90.021599
2655.018555	111.506203
2654.246094	68.292244
2654.210938	83.612137
2653.440430	105.525551
2653.404297	99.075096
2652.634766	68.270226
2652.596680	74.290741
2651.829102	99.286110
2651.788086	99.033546
2651.023438	49.635029
2650.980469	77.353729
2650.217773	108.559059
2650.171875	102.085495
2649.411133	99.237923
2649.364258	120.621162
2648.604492	83.718430
2648.555664	89.673820
2647.798828	108.506279
2647.747070	64.922577
2646.992188	105.388985
2646.938477	55.636227
2646.185547	102.272682
2646.128906	55.624527
2645.378906	80.565369
2645.320313	86.508850
2644.571289	117.730202
2644.510742	92.668549
2643.764648	123.906334
2643.701172	108.090553
2642.957031	92.914589
2642.891602	86.454239
2642.150391	68.126236
2642.081055	83.349030
2641.342773	108.364937
2641.271484	83.331467
2640.535156	68.103966
2640.460938	95.656708
2639.727539	114.519730
2639.651367	89.466438
2638.918945	108.311722
2638.840820	95.616371
2638.111328	95.917503
2638.029297	86.344948
2637.303711	105.182571
2637.218750	107.908409
2636.495117	83.513611
2636.408203	110.968071
2635.686523	92.777641
2635.596680	117.108223
2634.877930	129.867325
2634.785156	95.515472
2634.069336	80.380814
2633.973633	110.897743
2633.260742	102.004974
2633.162109	95.475090
2632.452148	67.992096
2632.349609	123.167603
2631.642578	89.611137
2631.538086	101.591774
2630.833984	89.596321
2630.725586	76.947174
2630.024414	126.649704
2629.913086	101.548759
2629.214844	83.389648
2629.100586	104.603828
2628.405273	101.903793
2628.288086	119.961319
2627.595703	92.624443
2627.474609	83.032539
2626.785156	120.391785
2626.662109	129.134338
2625.975586	111.112411
2625.848633	95.293213
2625.165039	126.523643
2625.035156	116.786247
2624.355469	95.648300
2624.221680	95.252762
2623.544922	111.056938
2623.407227	86.016479
2622.734375	104.869621
2622.593750	89.069565
2621.923828	104.852119
2621.779297	110.545616
2621.113281	104.834610
2620.964844	113.592171
2620.301758	101.734230
2620.150391	95.151573
2619.491211	95.552536
2619.335938	79.787560
2618.679688	110.945656
2618.521484	104.315369
2617.868164	117.089684
2617.706055	85.888481
2617.056641	135.554794
2616.890625	110.404518
2616.245117	110.889854
2616.076172	79.719604
2615.433594	113.950981
2615.259766	131.815842
2614.621094	120.090302
2614.444336	88.880096
2613.809570	95.440338
2613.628906	91.925308
2612.997070	104.658875
2612.812500	122.540916
2612.185547	95.408188
2611.996094	101.074669
2611.373047	110.777924
2611.179688	104.115295
2610.559570	83.069420
2610.363281	159.201126
2609.747070	89.207642
2609.546875	82.644447
2608.934570	129.175430
2608.729492	79.566521
2608.121094	123.003410
2607.912109	116.264648
2607.308594	104.535194
2607.095703	116.239761
2606.495117	126.035789
2606.277344	94.806870
2605.681641	129.087936
2605.459961	110.074715
2604.868164	98.336029
2604.642578	94.766251
2604.054688	86.029411
2603.824219	91.689613
2603.240234	107.518486
2603.005859	113.059601
2602.426758	119.785934
2602.187500	100.815300
2601.612305	150.474655
2601.369141	125.228493
2600.798828	92.111649
2600.550781	88.557228
2599.984375	95.165810
2599.731445	128.227737
2599.169922	116.634964
2598.913086	94.623947
2598.354492	101.270966
2598.093750	112.913979
2597.540039	122.731712
2597.274414	125.093979
2596.725586	110.439651
2596.455078	103.714149
2595.910156	98.151779
2595.634766	109.791344
2595.094727	82.801384
2594.815430	128.062317
2594.279297	119.581497
2593.995117	112.792496
2593.463867	125.692329
2593.174805	85.338081
2592.648438	110.345055
2592.354492	76.178291
2591.833008	88.873802
2591.533203	115.766022
2591.016602	122.563484
2590.712891	121.832672
2590.201172	88.843246
2589.891602	100.490257
2589.384766	104.143120
2589.070313	100.468552
2588.568359	107.187683
2588.249023	112.622215
2587.751953	110.231186
2587.427734	121.727425
2586.935547	97.966370
2586.606445	103.445938
2586.118164	91.827621
2585.784180	146.009720
2585.301758	113.234497
2584.961914	91.236328
2584.484375	82.616295
2584.139648	100.338226
2583.666992	137.670013
2583.317383	115.515961
2582.849609	103.999336
2582.495117	88.137810
2582.032227	107.039589
2581.671875	88.118698
2581.214844	110.078781
2580.849609	136.706253
2580.397461	134.517395
2580.026367	100.229500
2579.579102	110.040581
2579.203125	115.390724
2578.761719	110.021461
2578.379883	121.437546
2577.943359	116.113579
2577.555664	94.093643
2577.125000	106.928116
2576.732422	112.280907
2576.306641	122.182281
2575.908203	142.596069
2575.488281	116.052948
2575.083984	94.032265
2574.668945	112.979225
2574.259766	136.468735
2573.850586	112.959518
2573.434570	112.183197
2573.031250	106.834953
2572.610352	103.064804
2572.211914	112.920074
2571.785156	109.103653
2571.392578	106.797623
2570.959961	106.049866
2570.573242	91.524803
2570.134766	118.144066
2569.753906	112.860840
2569.309570	106.003586
2568.933594	100.642036
2568.484375	105.980438
2568.114258	121.968971
2567.658203	78.711128
2567.293945	118.898888
2566.832031	111.987511
2566.473633	118.878029
2566.005859	130.119186
2565.653320	137.142868
2565.179688	117.989265
2564.833008	106.647934
2564.353516	117.963440
2564.012695	134.048111
2563.526367	87.697197
2563.191406	121.840477
2562.699219	120.935158
2562.371094	146.182831
2561.872070	63.477043
2561.549805	109.617813
2561.044922	105.771881
2560.728516	94.376472
2560.217773	108.770065
2559.907227	115.666885
2559.389648	99.684013
2559.085938	106.516487
2558.562500	114.762451
2558.264648	79.112556
2557.734375	96.620834
2557.442383	85.183083
2556.906250	120.749504
2556.620117	100.376587
2556.078125	123.741028
2555.798828	112.523537
2555.249023	96.557121
2554.976563	103.381699
2554.420898	99.552620
2554.154297	145.924774
2553.591797	120.643272
2553.331055	100.305496
2552.762695	102.524193
2552.508789	145.873016
2551.933594	108.531105
2551.686523	127.616234
2551.103516	108.507172
2550.863281	145.821213
2550.274414	135.604050
2550.040039	118.458679
2549.444336	120.510330
2549.216797	112.363892
2548.614258	141.568375
2548.393555	145.743439
2547.784180	96.365685
2547.570313	112.323891
2546.954102	126.452003
2546.746094	133.550568
2546.123047	84.282700
2545.922852	136.561447
2545.292969	150.471512
2545.098633	154.742035
2544.461914	129.376862
2544.274414	112.243797
2543.630859	129.348221
2543.450195	81.893005
2542.799805	135.334427
2542.625977	139.496490
2541.967773	126.284126
2541.801758	127.343582
2541.136719	138.280518
2540.976563	136.415146
2540.304688	144.260696
2540.151367	151.545242
2539.472656	87.138153
2539.327148	106.062675
2538.640625	141.192551
2538.501953	127.252396
2537.807617	108.123451
2537.676758	136.317398
2536.975586	108.099411
2536.850586	112.063087
2536.142578	150.104675
2536.025391	136.268478
2535.309570	153.072708
2535.199219	136.243988
2534.476563	111.028015
2534.374023	133.192398
2533.643555	123.003639
2533.547852	148.301224
2532.809570	158.969269
2532.721680	136.170502
2531.976563	113.952553
2531.895508	90.763985
2531.142578	125.919456
2531.068359	124.021767
2530.308594	119.896530
2530.242188	154.243164
2529.473633	98.892548
2529.415039	120.953217
2528.639648	77.897934
2528.588867	151.164230
2527.804688	152.765625
2527.761719	99.750381
2526.969727	119.789383
2526.934570	139.020859
2526.134766	164.673538
2526.106445	129.930786
2525.299805	113.748970
2525.279297	99.696289
2524.464844	128.687119
2524.452148	144.986542
2523.628906	140.626480
2523.624023	154.020309
2522.795898	166.070251
2522.792969	116.663895
2521.967773	169.059052
2521.957031	140.563400
2521.139648	153.936569
2521.121094	158.472092
2520.311523	147.873001
2520.285156	158.436493
2519.482422	129.742538
2519.448242	146.446106
2518.654297	129.718979
2518.612305	110.556900
2517.825195	126.679222
2517.775391	140.405548
2516.996094	150.781174
2516.937500	110.507149
2516.166992	156.783890
2516.100586	107.496262
2515.337891	159.769867
2515.263672	119.413383
2514.507813	144.670883
2514.425781	161.171722
2513.678711	168.751938
2513.587891	122.343529
2512.848633	156.669662
2512.750000	158.115707
2512.018555	123.505463
2511.912109	113.340378
2511.188477	123.482918
2511.073242	155.062332
2510.358398	132.494049
2510.234375	158.008575
2509.528320	147.523239
2509.395508	143.069748
2508.697266	177.597549
2508.556641	154.957153
2507.867188	150.478867
2507.717773	148.963531
2507.036133	132.397171
2506.878906	145.951187
2506.205078	171.483109
2506.039063	154.851883
2505.374023	132.348679
2505.199219	154.816772
2504.542969	159.390778
2504.359375	142.875366
2503.710938	195.443405
2503.519531	124.987564
2502.879883	192.401276
2502.678711	160.661804
2502.047852	111.211563
2501.838867	142.778030
2501.215820	171.294464
2500.998047	145.719437
2500.383789	123.189163
2500.157227	148.659470
2499.551758	138.186813
2499.316406	127.818047
2498.719727	171.199997
2498.474609	142.648117
2497.886719	144.141891
2497.633789	109.932861
2497.053711	153.122559
2496.791992	163.376465
2496.221680	147.090652
2495.950195	160.369385
2495.388672	159.068726
2495.108398	118.765022
2494.554688	186.046082
2494.265625	175.138397
2493.721680	162.010239
2493.423828	166.195068
2492.888672	146.982162
2492.581055	166.157074
2492.054688	200.938492
2491.738281	186.883942
2491.220703	137.932281
2490.895508	130.492233
2490.387695	173.882477
2490.051758	177.903198
2489.552734	158.863220
2489.208984	186.755554
2488.718750	185.805603
2488.365234	106.692993
2487.884766	167.793350
2487.521484	136.298660
2487.049805	161.770767
2486.677734	189.589386
2486.215820	176.716797
2485.833008	148.082687
2485.380859	170.694748
2484.989258	168.775452
2484.545898	191.621719
2484.144531	186.498398
2483.710938	176.618484
2483.299805	180.536270
2482.875000	179.578690
2482.455078	177.535782
2482.040039	185.530182
2481.609375	165.661880
2481.204102	179.511963
2480.764648	150.835876
2480.368164	182.469910
2479.918945	159.671738
2479.532227	212.343506
2479.073242	156.678696
2478.696289	194.362808
2478.227539	156.642517
2477.860352	149.482025
2477.381836	138.877304
2477.023438	167.388687
2476.535156	200.882416
2476.187500	191.265717
2475.688477	180.161667
2475.350586	161.350357
2474.841797	197.836685
2474.513672	173.269928
2473.995117	165.317749
2473.676758	203.106140
2473.148438	138.716675
2472.839844	152.301178
2472.300781	162.290375
2472.001953	194.073090
2471.453125	191.753220
2471.165039	152.244278
2470.605469	197.607437
2470.327148	173.108200
2469.757813	185.766830
2469.489258	196.948349
2468.910156	150.347717
2468.651367	217.796051
2468.061523	141.470825
2467.813477	181.959900
2467.212891	141.437912
2466.975586	161.049103
2466.364258	170.864349
2466.136719	155.055267
2465.515625	182.605545
2465.297852	152.044937
2464.666992	156.061890
2464.458984	181.823563
2463.817383	156.025497
2463.620117	131.126831
2462.967773	135.386749
2462.781250	169.836960
2462.118164	158.895142
2461.942383	166.826050
2461.268555	155.916199
2461.102539	163.816238
2460.418945	158.820862
2460.263672	145.917953
2459.568359	188.188095
2459.423828	178.641449
2458.717773	170.505539
2458.583984	172.654266
2457.867188	129.318726
2457.744141	154.764359
2457.016602	152.795395
2456.903320	175.564957
2456.166016	158.634918
2456.063477	157.681198
2455.314453	123.353760
2455.222656	172.524277
2454.462891	138.006317
2454.382813	154.647797
2453.611328	187.879318
2453.541992	169.485809
2452.759766	111.527115
2452.701172	160.535217
2451.907227	123.237808
2451.859375	193.200378
2451.055664	137.876511
2451.018555	166.418137
2450.203125	158.373993
2450.176758	154.501938
2449.350586	170.065292
2449.334961	121.795822
2448.497070	167.093704
2448.493164	169.293900
2447.651367	139.566818
2447.644531	120.161842
2446.809570	163.291977
2446.791016	172.874985
2445.967773	172.166229
2445.937500	140.610809
2445.125000	130.584137
2445.083984	140.577560
2444.282227	130.559402
2444.230469	161.040329
2443.439453	133.501358
2443.375977	137.583694
2442.596680	103.814713
2442.522461	149.257568
2441.753906	180.899902
2441.667969	152.148102
2440.911133	142.320465
2440.813477	146.261551
2440.067383	148.222351
2439.958008	119.905991
2439.223633	148.194199
2439.103516	140.344391
2438.380859	162.982666
2438.248047	105.233276
2437.536133	171.839981
2437.392578	178.269531
2436.692383	88.865852
2436.537109	116.870224
2435.848633	124.388535
2435.680664	128.526627
2435.003906	145.092346
2434.825195	148.938538
2434.160156	127.301712
2433.968750	154.742340
2433.315430	159.836838
2433.112305	145.948502
2432.470703	124.293861
2432.255859	116.730919
2431.625000	144.981873
2431.398438	122.538177
2430.780273	144.954239
2430.541992	137.093262
2429.935547	141.968918
2429.684570	99.150116
2429.089844	109.413506
2428.827148	137.027634
2428.244141	150.784424
2427.968750	99.102623
2427.398438	141.887665
2427.111328	110.735199
2426.552734	132.994293
2426.252930	134.015701
2425.706055	138.878601
2425.394531	142.721588
2424.860352	129.989166
2424.536133	128.127365
2424.013672	144.732986
2423.677734	101.894989
2423.166992	144.705307
2422.818359	128.065750
2422.320313	144.677628
2421.959961	148.404099
2421.473633	100.369347
2421.100586	101.821419
2420.626953	135.767822
2420.240234	136.698654
2419.779297	156.398178
2419.380859	136.665680
2418.931641	147.517181
2418.520508	127.911453
2418.084961	141.589355
2417.661133	110.442291
2417.237305	141.562195
2416.799805	87.170204
2416.388672	120.894524
2415.939453	119.103798
2415.541016	117.923241
2415.079102	101.649361
2414.692383	126.743149
2414.217773	145.178192
2413.844727	150.294403
2413.356445	104.502960
2412.996094	120.801704
2412.147461	114.886856
2411.298828	97.193268
2410.449219	132.510788
2409.600586	123.652946
2408.750977	158.951767
2407.901367	129.491318
2407.051758	138.293640
2406.202148	141.208847
2405.352539	150.005478
2404.501953	102.925095
2403.651367	144.067337
2402.801758	132.281219
2401.950195	152.828796
2401.099609	117.537918
2400.249023	143.956146
2399.397461	146.865646
2398.546875	140.963776
2397.695313	149.745056
2396.843750	114.488785
2395.991211	123.271759
2395.139648	134.985809
2394.288086	120.290138
2393.435547	123.200188
2392.583008	143.705704
2391.730469	158.338867
2390.877930	140.718369
2390.024414	149.484283
2389.171875	117.219833
2388.318359	96.687599
2387.464844	120.103699
2386.611328	161.083435
2385.757813	122.985275
2384.903320	155.165543
2384.049805	120.010399
2383.195313	140.472656
2382.340820	108.259949
2381.486328	117.015015
2380.631836	166.713943
2379.776367	143.287598
2378.921875	116.946686
2378.066406	119.847000
2377.210938	146.126404
2376.355469	143.175949
2375.499023	131.462479
2374.643555	110.991112
2373.787109	146.012436
2372.930664	157.662659
2372.074219	140.117218
2371.217773	145.926926
2370.361328	148.816391
2369.503906	148.787308
2368.647461	116.673119
2367.790039	137.064102
2366.932617	113.711792
2366.075195	145.755829
2365.216797	148.641846
2364.359375	116.559013
2363.500977	128.189804
2362.642578	154.380188
2361.784180	136.876358
2360.925781	131.026138
2360.067383	148.467178
2359.208008	130.974747
2358.348633	136.769012
2357.490234	96.010452
2356.629883	125.079971
2355.770508	98.881020
2354.911133	136.661606
2354.050781	119.192024
2353.190430	116.262039
2352.330078	148.204956
2351.469727	148.175797
2350.609375	153.956314
2349.749023	113.266319
2348.887695	130.666168
2348.026367	156.768524
2347.165039	130.614716
2346.303711	139.294907
2345.442383	159.577286
2344.580078	133.438324
2343.717773	156.614090
2342.856445	156.583191
2341.994141	133.359360
2341.130859	139.130127
2340.268555	127.510773
2339.405273	159.356979
2338.542969	133.254059
2337.679688	141.916489
2336.816406	133.201385
2335.953125	150.545700
2335.088867	153.410461
2334.225586	124.440468
2333.361328	133.096008
2332.497070	135.962479
2331.632813	138.827805
2330.767578	156.150345
2329.903320	115.644005
2329.038086	147.416885
2328.172852	167.617340
2327.307617	115.575241
2326.442383	127.107552
2325.577148	147.299973
2324.710938	153.046066
2323.845703	141.467331
2322.979492	176.077408
2322.113281	150.068970
2321.246094	178.892822
2320.379883	164.433304
2319.512695	152.863724
2318.646484	184.553452
2317.779297	129.738327
2316.912109	164.302521
2316.043945	138.332489
2315.176758	146.949005
2314.308594	118.111946
2313.440430	152.650894
2312.572266	138.222321
2311.704102	126.678535
2310.835938	152.559631
2309.966797	120.872208
2309.098633	120.848099
2308.229492	146.714844
2307.360352	140.933197
2306.490234	143.780670
2305.621094	146.626999
2304.750977	166.718964
2303.881836	155.190094
2303.011719	129.299240
2302.141602	120.655167
2301.270508	198.179565
2300.400391	157.937622
2299.529297	111.969734
2298.658203	160.744873
2297.787109	129.144135
2296.916016	146.334045
2296.044922	137.698578
2295.172852	149.143585
2294.300781	146.246124
2293.428711	151.950806
2292.556641	166.252457
2291.684570	149.024033
2290.812500	180.512131
2289.939453	169.017136
2289.066406	143.206116
2288.193359	143.177368
2287.320313	168.915359
2286.447266	131.670273
2285.573242	174.571152
2284.699219	143.062363
2283.825195	123.008896
2282.951172	163.025513
2282.077148	191.587952
2281.203125	137.229431
2280.328125	142.918564
2279.453125	168.609955
2278.578125	148.575470
2277.703125	139.975616
2276.828125	125.667068
2275.952148	151.341202
2275.077148	182.714813
2274.201172	148.425858
2273.325195	159.811005
2272.448242	139.806427
2271.572266	145.483444
2270.695313	148.306137
2269.819336	165.384995
2268.942383	145.395370
2268.064453	165.318207
2267.187500	128.238220
2266.310547	153.854767
2265.432617	162.369446
2264.554688	170.880646
2263.676758	148.066620
2262.798828	162.270966
2261.919922	142.314163
2261.041992	190.662384
2260.163086	170.707870
2259.284180	167.828751
2258.405273	156.418854
2257.525391	164.917374
2256.646484	179.098099
2255.766602	176.219543
2254.886719	133.558701
2254.006836	156.260406
2253.126953	164.750290
2252.247070	153.357086
2251.366211	161.844070
2250.485352	161.811218
2249.604492	187.322327
2248.723633	158.907867
2247.842773	130.504959
2246.960938	141.824387
2246.080078	204.185608
2245.198242	153.108078
2244.316406	172.920258
2243.433594	144.543274
2242.551758	161.515503
2241.668945	113.321144
2240.786133	150.119949
2239.903320	164.248764
2239.020508	169.877914
2238.137695	141.536102
2237.253906	175.469009
2236.371094	147.137558
2235.487305	181.055466
2234.603516	155.562820
2233.718750	195.120819
2232.834961	152.672104
2231.950195	169.601059
2231.065430	141.305374
2230.180664	175.182892
2229.295898	135.597763
2228.411133	163.813828
2227.525391	158.132767
2226.639648	160.923676
2225.753906	160.890778
2224.868164	177.790298
2223.982422	158.003494
2223.095703	169.254837
2222.209961	152.298187
2221.323242	183.284363
2220.436523	152.235840
2219.549805	200.120956
2218.662109	149.355469
2217.775391	177.499374
2216.887695	166.195511
2216.000000	166.161438
2215.112305	163.311661
2214.223633	166.093307
2213.335938	151.986420
2212.447266	163.211182
2211.558594	140.670425
2210.669922	182.834015
2209.781250	177.171967
2208.891602	165.888870
2208.001953	134.932709
2207.113281	168.631226
2206.222656	171.406509
2205.333008	171.371277
2204.443359	151.674530
2203.552734	190.958267
2202.662109	157.227386
2201.771484	140.352707
2200.880859	188.033920
2199.990234	159.936218
2199.098633	182.345840
2198.208008	154.260849
2197.316406	140.208237
2196.424805	176.625977
2195.532227	165.377533
2194.640625	190.565308
2193.748047	190.526001
2192.855469	198.890518
2191.962891	159.639709
2191.070313	165.207001
2190.176758	165.172897
2189.284180	156.741898
2188.390625	173.499817
2187.497070	170.666168
2186.603516	190.211487
2185.708984	162.205673
2184.815430	206.909271
2183.920898	139.774643
2183.026367	190.054184
2182.131836	156.482819
2181.237305	159.244186
2180.341797	167.590759
2179.446289	187.104248
2178.551758	192.649536
2177.655273	209.358292
2176.759766	178.615372
2175.864258	189.739502
2174.967773	178.541321
2174.071289	158.980377
2173.174805	181.255798
2172.278320	142.186584
2171.381836	167.243607
2170.484375	178.356140
2169.586914	172.746628
2168.689453	203.352966
2167.791992	169.889771
2166.894531	180.992462
2165.996094	161.467392
2165.097656	150.300446
2164.199219	194.793381
2163.300781	155.802292
2162.402344	164.114670
2161.502930	203.014862
2160.604492	194.631256
2159.705078	172.351776
2158.805664	161.198715
2157.905273	208.403183
2157.005859	175.022186
2156.105469	169.430588
2155.205078	172.172226
2154.304688	197.123840
2153.404297	180.427841
2152.502930	208.142517
2151.602539	185.901825
2150.701172	180.314865
2149.799805	169.183212
2148.898438	155.283295
2147.996094	180.201859
2147.094727	191.251221
2146.192383	199.524765
2145.290039	166.235855
2144.387695	182.821182
2143.484375	232.632813
2142.582031	138.442932
2141.678711	168.865005
2140.775391	188.203537
2139.872070	179.862762
2138.968750	190.891220
2138.064453	196.383133
2137.160156	176.984299
2136.255859	188.006378
2135.351563	165.853180
2134.447266	190.691147
2133.542969	201.703354
2132.637695	196.136047
2131.732422	190.571060
2130.827148	237.473465
2129.921875	190.490997
2129.015625	212.532242
2128.109375	226.285446
2127.204102	209.683884
2126.296875	231.707123
2125.390625	234.416199
2124.484375	204.037033
2123.577148	195.724060
2122.669922	228.755997
2121.762695	261.774017
2120.855469	206.620148
2119.947266	198.313538
2119.040039	234.070786
2118.131836	231.268234
2117.223633	236.724686
2116.315430	211.906448
2115.406250	236.624786
2114.498047	222.820496
2113.588867	217.272858
2112.679688	222.726379
2111.770508	211.682816
2110.860352	225.380814
2109.951172	241.820953
2109.041016	200.559052
2108.130859	236.225082
2107.220703	197.727982
2106.309570	172.975372
2105.399414	222.349823
2104.488281	186.624527
2103.577148	214.023956
2102.666016	194.775406
2101.753906	186.505920
2100.842773	216.630066
2099.930664	186.426834
2099.018555	186.387299
2098.106445	221.973053
2097.194336	197.267502
2096.281250	194.486374
2095.368164	232.786346
2094.455078	197.141846
2093.541992	232.687439
2092.628906	229.901062
2091.714844	210.697830
2090.800781	188.766983
2089.887695	251.635773
2088.972656	246.113052
2088.058594	196.848526
2087.143555	191.339752
2086.229492	218.627426
2085.314453	221.313110
2084.399414	183.022446
2083.483398	207.563293
2082.568359	215.710571
2081.652344	171.985657
2080.736328	204.701141
2079.820313	210.114975
2078.903320	193.701019
2077.987305	210.025253
2077.070313	212.707397
2076.153320	204.482635
2075.236328	198.987213
2074.319336	179.867783
2073.401367	250.671158
2072.483398	209.755966
2071.565430	201.540512
2070.647461	212.389114
2069.729492	225.955399
2068.810547	160.584488
2067.892578	201.367889
2066.973633	220.368958
2066.053711	212.161636
2065.134766	212.116135
2064.215820	241.978012
2063.295898	228.334717
2062.375977	198.391144
2061.456055	233.670883
2060.535156	220.038086
2059.615234	219.990799
2058.694336	230.804901
2057.773438	184.604218
2056.852539	222.563080
2055.930664	233.369598
2055.009766	181.772064
2054.087891	179.020493
2053.166016	197.964859
2052.244141	214.189789
2051.321289	222.275665
2050.399414	189.706619
2049.476563	243.855896
2048.553711	178.789078
2047.630859	230.208969
2046.707031	205.789474
2045.783203	243.645432
2044.860352	221.940109
2043.936523	213.774139
2043.011719	208.317108
2042.087891	254.254196
2041.163086	208.227005
2040.238281	191.959991
2039.313477	232.464584
2038.388672	256.736664
2037.463867	189.133423
2036.538086	243.118851
2035.612305	202.555130
2034.686523	202.511215
2033.760742	232.162491
2032.833984	183.530518
2031.907227	242.855331
2031.056641	232.223053
2030.980469	232.011368
2030.130859	256.525482
2030.053711	213.080444
2029.204102	232.183823
2029.126953	231.910599
2028.278320	207.850357
2028.199219	231.860199
2027.351563	213.212982
2027.272461	261.459869
2026.425781	232.065948
2026.344727	231.759369
2025.499023	229.328613
2025.416992	229.014664
2024.572266	188.826797
2024.488281	226.271118
2023.645508	231.947800
2023.560547	210.063156
2022.717773	229.211761
2022.631836	231.557663
2021.791016	223.780441
2021.703125	231.507217
2020.863281	239.916473
2020.774414	191.086395
2019.935547	226.399414
2019.844727	271.767853
2019.007813	223.666016
2018.916016	231.355835
2018.080078	223.627808
2017.986328	199.030197
2017.152344	239.752686
2017.056641	220.498840
2016.223633	218.164551
2016.126953	255.400208
2015.295898	228.898911
2015.196289	215.026886
2014.367188	223.474747
2014.265625	260.663147
2013.438477	223.436417
2013.335938	217.619598
2012.509766	218.014969
2012.405273	217.572021
2011.581055	231.432907
2011.473633	255.121246
2010.651367	217.940018
2010.542969	244.325836
2009.722656	199.071426
2009.611328	230.850800
2008.792969	244.761871
2008.679688	230.800262
2007.863281	228.584305
2007.748047	252.214798
2006.933594	258.121246
2006.816406	257.524628
2006.002930	276.894775
2005.883789	308.425446
2005.073242	225.778046
2004.952148	214.509796
2004.142578	231.113724
2004.019531	238.589798
2003.212891	239.134415
2003.085938	219.776077
2002.282227	231.033661
2002.153320	251.883133
2001.351563	263.225250
2001.220703	275.938995
2000.419922	247.066544
2000.287109	254.450928
1999.489258	230.913376
1999.353516	230.294434
1998.557617	220.134933
1998.419922	265.048126
1997.625977	228.148956
1997.485352	273.019836
1996.695313	284.465607
1996.550781	270.283691
1995.762695	246.851654
1995.617188	267.548706
1994.831055	219.981567
1994.682617	227.366348
1993.899414	219.943161
1993.747070	296.848297
1992.966797	230.631790
1992.812500	270.045715
1992.034180	241.316650
1991.876953	248.601151
1991.101563	230.551117
1990.941406	261.909058
1990.168945	230.510742
1990.005859	256.507385
1989.236328	251.909439
1989.070313	237.751236
1988.303711	230.429901
1988.133789	240.369537
1987.370117	241.105240
1987.198242	256.337555
1986.436523	214.278122
1986.261719	248.272141
1985.502930	230.308472
1985.325195	226.865250
1984.569336	214.202744
1984.387695	277.514954
1983.635742	256.998016
1983.451172	229.432770
1982.702148	251.599548
1982.513672	277.392181
1981.767578	195.356674
1981.576172	242.664444
1980.833008	227.429947
1980.638672	271.937286
1979.898438	243.440811
1979.700195	258.549744
1978.963867	230.024277
1978.761719	229.178879
1978.029297	240.680481
1977.824219	250.442307
1977.093750	264.701660
1976.885742	226.413574
1976.159180	229.902115
1975.946289	242.341934
1975.223633	256.589417
1975.007813	247.613159
1974.288086	245.854538
1974.068359	244.896271
1973.352539	285.888733
1973.128906	276.777771
1972.416992	248.438583
1972.189453	255.430405
1971.480469	251.065308
1971.250000	228.772202
1970.543945	251.020615
1970.309570	228.721329
1969.608398	248.305939
1969.369141	255.260025
1968.671875	264.278564
1968.428711	284.445251
1967.734375	274.907440
1967.488281	255.146393
1966.797852	229.493393
1966.547852	302.918854
1965.861328	240.124603
1965.606445	270.972260
1964.923828	266.757416
1964.665039	278.879852
1963.986328	272.043884
1963.723633	270.851440
1963.048828	258.662079
1962.782227	265.481384
1962.111328	271.946442
1961.839844	260.113708
1961.173828	226.581406
1960.898438	246.787476
1960.235352	290.505188
1959.956055	228.161102
1959.296875	287.788330
1959.012695	236.067444
1958.358398	245.108978
1958.070313	275.792419
1957.419922	242.401154
1957.127930	251.869415
1956.481445	218.388107
1956.184570	257.114380
1955.542969	279.592957
1955.241211	254.406769
1954.603516	239.607925
1954.297852	270.246674
1953.664063	260.859375
1953.353516	309.919373
1952.725586	271.457703
1952.409180	275.422150
1951.785156	242.139114
1951.465820	299.189667
1950.845703	287.321960
1950.520508	272.651520
1949.906250	236.731781
1949.576172	283.176361
1948.965820	281.899200
1948.631836	269.883240
1948.025391	281.848145
1947.686523	214.270905
1947.084961	276.480164
1946.741211	272.406708
1946.144531	276.430023
1945.795898	248.548294
1945.204102	279.037384
1944.849609	306.650208
1944.262695	263.044617
1943.904297	319.795929
1943.322266	265.653351
1942.958008	290.658142
1942.380859	270.917175
1942.011719	274.742157
1941.439453	284.145721
1941.065430	256.192169
1940.498047	278.783813
1940.118164	330.070160
1939.555664	276.078430
1939.170898	258.716675
1938.614258	262.757538
1938.223633	266.576416
1937.671875	283.938660
1937.276367	316.652985
1936.729492	289.193146
1936.329102	290.199707
1935.787109	328.930267
1935.380859	319.147583
1934.844727	320.913605
1934.432617	276.883667
1933.901367	302.293060
1933.484375	263.639099
1932.958984	251.864792
1932.536133	284.665833
1932.015625	246.517227
1931.587891	260.884644
1931.072266	296.826569
1930.638672	302.979218
1930.128906	278.223877
1929.689453	292.374573
1929.185547	344.404449
1928.740234	302.841980
1928.241211	304.609558
1927.791016	271.179596
1927.297852	283.367249
1926.840820	279.014740
1926.353516	280.667358
1925.890625	276.319824
1925.409180	320.325500
1924.940430	315.722412
1924.464844	296.445068
1923.990234	302.498596
1923.519531	296.390472
1923.040039	312.949188
1922.575195	330.731964
1922.088867	281.327332
1921.629883	267.182159
1921.137695	262.862946
1920.684570	264.487976
1920.186523	325.875885
1919.739258	275.016693
1919.235352	333.684021
1918.793945	296.117126
1918.283203	320.473877
1917.847656	296.062378
1917.331055	325.653351
1916.902344	314.508087
1916.378906	267.815094
1915.956055	298.595276
1915.426758	299.254486
1915.009766	274.762451
1914.474609	346.426147
1914.063477	272.070068
1913.521484	272.879517
1913.116211	327.479950
1912.568359	278.063690
1912.169922	271.969147
1911.615234	283.245453
1911.222656	282.478607
1910.662109	314.645264
1910.275391	292.984131
1909.708008	317.194733
1909.328125	300.846680
1908.753906	327.605560
1908.380859	313.983307
1907.799805	301.328125
1907.432617	292.820679
1906.845703	301.259125
1906.485352	271.665894
1905.891602	332.618652
1905.537109	284.800476
1904.936523	314.213318
1904.588867	282.110840
1903.981445	298.434204
1903.640625	297.874573
1903.026367	332.389893
1902.692383	316.267944
1902.071289	300.913879
1901.743164	308.303650
1901.115234	327.005188
1900.793945	284.534821
1900.159180	319.083740
1899.845703	266.042999
1899.203125	292.862000
1898.895508	316.031555
1898.247070	326.779755
1897.946289	302.806885
1897.290039	318.863647
1896.997070	286.954498
1896.333984	276.981689
1896.046875	318.486145
1895.376953	282.142761
1895.096680	307.899933
1894.419922	289.913239
1894.146484	284.161987
1893.461914	336.848511
1893.196289	268.324829
1892.504883	300.222046
1892.246094	278.795013
1891.546875	378.453491
1891.294922	331.335571
1890.588867	297.474060
1890.344727	304.981720
1889.629883	302.622986
1889.393555	328.582275
1888.671875	266.038025
1888.442383	320.635925
1887.712891	331.166809
1887.491211	291.671204
1886.753906	310.234131
1886.539063	338.905334
1885.794922	323.194366
1885.587891	288.934570
1884.835938	325.725311
1884.635742	330.898956
1883.875977	317.834259
1883.683594	286.199829
1882.916016	302.133026
1882.731445	283.520599
1881.956055	307.270935
1881.778320	299.215179
1880.996094	294.182678
1880.826172	293.910217
1880.035156	317.539429
1879.873047	335.833862
1879.074219	327.874390
1878.919922	299.045410
1878.113281	288.774597
1877.966797	327.838562
1877.152344	312.116150
1877.013672	312.043182
1876.191406	364.050812
1876.059570	309.362305
1875.229492	345.767761
1875.106445	314.546082
1874.267578	340.488953
1874.152344	293.520630
1873.305664	322.219788
1873.198242	330.148010
1872.342773	324.742615
1872.244141	314.366943
1871.380859	311.680206
1871.289063	330.022522
1870.417969	324.591125
1870.334961	366.621979
1869.455078	311.534729
1869.379883	319.424072
1868.491211	324.439514
1868.424805	293.185944
1867.528320	339.933136
1867.469727	303.599030
1866.564453	295.750519
1866.513672	366.342804
1865.600586	319.024567
1865.558594	350.575531
1864.636719	318.949890
1864.602539	347.892914
1863.671875	334.430084
1863.646484	305.982727
1862.708008	277.330475
1862.690430	318.997986
1861.743164	323.908264
1861.734375	324.165527
1860.778320	284.897491
1860.778320	308.288330
1859.821289	329.268036
1859.812500	303.035858
1858.864258	329.205048
1858.847656	365.111298
1857.907227	321.305298
1857.881836	336.548340
1856.950195	305.573334
1856.916016	305.410522
1855.993164	331.627136
1855.949219	331.214844
1855.035156	308.066925
1854.983398	313.027832
1854.077148	349.771606
1854.016602	346.577301
1853.119141	315.777924
1853.049805	284.436707
1852.161133	305.280365
1852.083008	354.169495
1851.203125	349.570190
1851.115234	323.071136
1850.244141	326.028900
1850.147461	335.914703
1849.286133	299.888916
1849.179688	343.585419
1848.327148	302.438446
1848.211914	307.345917
1847.368164	310.200409
1847.244141	325.348145
1846.408203	336.202911
1846.275391	314.945129
1845.449219	330.926697
1845.306641	330.356049
1844.489258	328.257690
1844.337891	356.080780
1843.530273	312.566101
1843.369141	348.257355
1842.570313	325.526855
1842.399414	373.965546
1841.609375	338.482574
1841.429688	355.827637
1840.649414	320.194733
1840.459961	386.677368
1839.688477	361.776184
1839.490234	301.536743
1838.728516	317.468781
1838.519531	358.150848
1837.767578	343.424408
1837.549805	337.457611
1836.805664	364.167511
1836.579102	401.762360
1835.844727	319.885254
1835.607422	360.470154
1834.882813	330.224060
1834.636719	342.365112
1833.921875	332.759766
1833.665039	326.842163
1832.959961	337.893616
1832.693359	342.201935
1831.998047	340.426758
1831.721680	342.120331
1831.035156	353.351593
1830.749023	360.040710
1830.073242	348.087646
1829.777344	375.381378
1829.110352	389.574677
1828.804688	339.304810
1828.147461	329.775818
1827.832031	403.470612
1827.184570	363.461731
1826.858398	354.558105
1826.221680	353.008453
1825.885742	369.885132
1825.258789	381.486389
1824.912109	333.844116
1824.294922	326.924683
1823.938477	382.545013
1823.331055	339.831696
1822.963867	369.619293
1822.367188	319.016449
1821.990234	351.567322
1821.403320	329.326782
1821.015625	351.482941
1820.438477	326.669952
1820.041016	330.878906
1819.474609	383.632721
1819.066406	353.878418
1818.509766	355.050171
1818.090820	407.631409
1817.544922	375.709656
1817.115234	376.776123
1816.580078	329.005554
1816.139648	361.310486
1815.614258	334.121429
1815.164063	348.414093
1814.649414	352.183197
1814.187500	350.891388
1813.683594	323.634491
1813.211914	343.124847
1812.717773	349.456848
1812.235352	325.121948
1811.751953	328.683960
1811.257813	355.756195
1810.786133	380.370697
1810.281250	383.816803
1809.819336	336.316345
1809.303711	350.467926
1808.852539	336.250427
1808.326172	370.843475
1807.885742	328.426392
1807.348633	355.412170
1806.918945	354.217255
1806.371094	375.776520
1805.952148	385.167969
1805.392578	347.572937
1804.984375	385.092346
1804.414063	329.603210
1804.017578	341.088623
1803.435547	334.632111
1803.049805	361.689575
1802.456055	357.535278
1802.082031	343.537567
1801.477539	354.895203
1801.113281	356.382416
1800.498047	357.361511
1800.145508	340.820465
1799.518555	352.170685
1799.176758	353.660706
1798.538086	336.776917
1798.208008	330.362457
1797.558594	367.303528
1797.239258	325.136475
1796.578125	364.663910
1796.270508	363.771484
1795.597656	367.124481
1795.301758	317.270020
1794.616211	338.997498
1794.332031	337.838837
1793.635742	356.752350
1793.362305	342.928986
1792.654297	351.569977
1792.392578	384.107788
1791.672852	361.671997
1791.422852	358.257996
1790.690430	338.666260
1790.452148	322.110809
1789.708984	389.498138
1789.482422	360.692810
1788.726563	363.951599
1788.511719	340.014557
1787.744141	333.328491
1787.541016	376.002319
1786.760742	401.931183
1786.569336	355.329132
1785.778320	406.919067
1785.598633	347.535797
1784.794922	381.392944
1784.626953	378.352905
1783.811523	416.887177
1783.656250	362.838043
1782.828125	378.664124
1782.684570	385.921448
1781.843750	370.948730
1781.711914	393.561829
1780.859375	396.258606
1780.740234	375.481232
1779.875000	370.766052
1779.767578	385.691864
1778.890625	352.902618
1778.795898	352.195313
1777.905273	408.656860
1777.823242	393.249512
1776.919922	400.943176
1776.849609	421.438629
1775.934570	416.066071
1775.876953	434.201080
1774.949219	377.917847
1774.903320	390.446411
1773.962891	405.717468
1773.929688	395.505188
1772.977539	372.660675
1772.956055	405.697327
1771.991211	326.947784
1771.982422	400.482208
1771.008789	385.002380
1771.003906	405.416168
1770.034180	420.852112
1770.017578	395.182739
1769.060547	436.162231
1769.030273	390.019531
1768.085938	443.770721
1768.042969	405.114502
1767.110352	402.648041
1767.054688	389.825836
1766.135742	433.337250
1766.067383	442.873779
1765.160156	417.869110
1765.079102	379.511658
1764.185547	412.659485
1764.090820	407.241119
1763.209961	410.014496
1763.102539	379.322693
1762.233398	427.867126
1762.113281	371.643585
1761.257813	376.550293
1761.124023	371.550873
1760.281250	402.085571
1760.134766	429.577454
1759.305664	407.126251
1759.145508	414.312408
1758.329102	378.884491
1758.155273	388.952209
1757.351563	396.725281
1757.165039	409.055206
1756.375000	427.353912
1756.174805	388.757629
1755.397461	427.268341
1755.184570	393.707794
1754.420898	401.602936
1754.193359	408.747955
1753.443359	473.131531
1753.202148	416.212952
1752.464844	416.783691
1751.487305	375.797028
1750.509766	365.497894
1749.531250	424.199127
1748.552734	416.449249
1747.574219	380.604156
1746.594727	413.728088
1745.616211	408.538208
1744.636719	403.350372
1743.657227	433.897278
1742.677734	400.636292
1741.697266	413.312195
1740.717773	425.982971
1739.737305	405.494904
1738.756836	448.759277
1737.775391	382.388214
1736.794922	405.249786
1735.813477	420.457428
1734.833008	382.156891
1733.851563	453.401337
1732.869141	397.282745
1731.887695	407.387177
1730.905273	445.489716
1729.922852	445.399689
1728.940430	455.488159
1727.958008	460.484283
1726.975586	422.237152
1725.992188	467.927216
1725.008789	434.779083
1724.025391	388.934113
1723.041992	454.935303
1722.057617	431.973907
1721.074219	467.453461
1720.089844	439.418762
1719.105469	441.869110
1718.120117	418.928802
1717.135742	477.228058
1716.150391	477.131165
1715.165039	449.122681
1714.179688	474.400452
1713.194336	502.204285
1712.208008	453.920685
1711.222656	474.111206
1710.236328	466.410248
1709.250000	466.315338
1708.262695	468.754211
1707.276367	471.192078
1706.289063	516.686035
1705.301758	483.661407
1704.314453	458.245422
1703.327148	453.089539
1702.338867	496.019196
1701.350586	511.099182
1700.362305	523.643250
1699.374023	475.482330
1698.385742	498.143036
1697.396484	485.400665
1696.407227	518.160400
1695.417969	507.946136
1694.428711	497.735992
1693.439453	515.316650
1692.449219	517.736755
1691.458984	527.730957
1690.468750	527.622925
1689.478516	509.846924
1688.487305	497.125092
1687.497070	509.638062
1686.505859	519.623413
1685.514648	574.999268
1684.522461	476.546356
1683.531250	491.573975
1682.539063	529.278748
1681.546875	486.332520
1680.554688	559.293518
1679.562500	526.433960
1678.569336	503.661072
1677.576172	493.486420
1676.583008	528.626770
1675.589844	478.183044
1674.596680	493.182098
1673.602539	483.017761
1672.608398	538.252747
1671.614258	475.274902
1670.620117	487.747864
1669.625977	535.406677
1668.630859	522.730713
1667.635742	477.395996
1666.640625	502.418518
1665.645508	512.361206
1664.649414	534.855042
1663.654297	527.213074
1662.658203	514.554138
1661.662109	506.919403
1660.665039	454.126068
1659.668945	509.218475
1658.671875	536.700684
1657.674805	536.589783
1656.677734	559.041016
1655.679688	536.367859
1654.682617	553.798035
1653.684570	578.737000
1652.686523	576.112366
1651.688477	558.462891
1650.689453	550.835815
1649.691406	525.688904
1648.692383	520.574463
1647.693359	552.995728
1646.693359	572.894836
1645.694336	510.245911
1644.694336	552.651733
1643.694336	567.538086
1642.694336	582.418152
1641.694336	602.290283
1640.693359	524.708252
1639.692383	557.074463
1638.691406	519.495117
1637.690430	546.854736
1636.689453	544.244507
1635.687500	569.091492
1634.685547	558.991150
1633.683594	571.349731
1632.681641	561.252991
1631.678711	596.051270
1630.676758	561.019287
1629.673828	560.902405
1628.670898	558.293152
1627.666992	523.290771
1626.664063	647.748718
1625.660156	545.489990
1624.656250	557.827698
1623.652344	552.731750
1622.647461	532.702332
1621.643555	607.253418
1620.638672	542.432800
1619.633789	567.196533
1618.628906	609.360168
1617.623047	589.339539
1616.617188	621.536255
1615.611328	554.294373
1614.605469	574.059326
1613.599609	606.238831
1612.592773	655.793274
1611.586914	593.567383
1610.580078	588.477112
1609.572266	598.283875
1608.565430	605.604492
1607.557617	588.107361
1606.549805	563.174683
1605.541992	630.028076
1604.534180	612.536621
1603.526367	602.490601
1602.517578	567.660095
1601.508789	597.281128
1600.500000	634.323120
1599.490234	609.416870
1598.481445	604.335327
1597.471680	636.399841
1596.461914	574.372498
1595.452148	628.706726
1594.441406	626.099792
1593.430664	633.390686
1592.420898	640.678467
1591.409180	625.704834
1590.398438	620.627869
1589.387695	652.634583
1588.375977	645.082397
1587.364258	640.004395
1586.352539	654.692810
1585.339844	694.075134
1584.328125	637.130432
1583.315430	661.685852
1582.302734	654.140930
1581.289063	629.323608
1580.276367	671.136902
1579.262695	621.657349
1578.249023	643.723511
1577.235352	653.450989
1576.220703	633.590332
1575.207031	638.386108
1574.192383	603.751099
1573.177734	675.072815
1572.163086	633.054871
1571.147461	637.846436
1570.131836	669.720215
1569.117188	627.729858
1568.100586	620.213501
1567.084961	597.936401
1566.068359	639.631897
1565.052734	619.819580
1564.036133	629.524597
1563.018555	624.474121
1562.001953	619.425659
1560.984375	626.666870
1559.966797	678.130920
1558.949219	552.706848
1557.931641	596.796753
1556.913086	635.957031
1555.894531	606.363098
1554.875977	593.962341
1553.857422	593.836243
1552.837891	593.710083
1551.819336	613.206482
1550.799805	625.337708
1549.780273	566.361938
1548.759766	593.205383
1547.740234	580.825500
1546.719727	602.753906
1545.699219	609.974731
1544.678711	624.539917
1543.657227	602.369080
1542.636719	587.552002
1541.615234	631.483826
1540.593750	601.984192
1539.571289	638.554382
1538.549805	572.375000
1537.527344	601.599243
1536.504883	643.036011
1535.481445	596.453613
1534.458984	581.662598
1533.435547	586.425293
1532.412109	588.743042
1531.388672	608.156433
1530.365234	559.189087
1529.340820	600.572571
1528.316406	619.970825
1527.291992	602.756165
1526.267578	548.951965
1525.243164	604.937622
1524.217773	573.104553
1523.192383	585.173035
1522.166992	638.677124
1521.140625	609.294250
1520.115234	594.543823
1519.088867	655.319824
1518.062500	569.933044
1517.036133	625.817932
1516.008789	620.814636
1514.981445	615.813416
1513.954102	627.848938
1512.926758	600.951233
1511.899414	625.147095
1510.871094	712.563354
1509.842773	634.604431
1508.814453	634.468201
1507.786133	595.445618
1506.756836	614.756653
1505.727539	653.494080
1504.698242	609.634766
1503.668945	636.214966
1502.639648	604.517029
1501.609375	550.987305
1500.579102	587.269775
1499.548828	618.684143
1498.518555	642.807861
1497.487305	645.094604
1496.456055	620.709167
1495.424805	603.606567
1494.393555	656.795715
1493.361328	642.115662
1492.330078	641.977173
1491.297852	627.306519
1490.264648	636.857239
1489.232422	648.824768
1488.199219	653.525635
1487.166016	658.224426
1486.132813	624.210388
1485.099609	628.913391
1484.065430	580.409973
1483.032227	660.073669
1481.998047	630.923035
1480.962891	587.284119
1479.928711	625.817627
1478.893555	620.850708
1477.858398	642.453491
1476.823242	656.802734
1475.788086	649.417969
1474.751953	620.313293
1473.715820	637.070923
1472.679688	680.360168
1471.643555	629.558533
1470.606445	622.187317
1469.569336	691.973083
1468.532227	670.128174
1467.495117	684.442871
1466.458008	705.979675
1465.419922	643.193359
1464.381836	683.997253
1463.343750	666.993286
1462.305664	683.700134
1461.266602	678.737793
1460.227539	717.091858
1459.188477	716.935974
1458.149414	740.833069
1457.109375	745.481506
1456.069336	709.255493
1455.029297	658.622742
1453.989258	711.349976
1452.949219	711.195068
1451.908203	737.463928
1450.867188	732.500000
1449.826172	679.515808
1448.784180	708.174805
1447.743164	732.021118
1446.701172	705.466431
1445.659180	736.499878
1444.617188	685.970642
1443.574219	700.208801
1442.531250	688.068665
1441.488281	695.109192
1440.445313	718.921387
1439.401367	800.224243
1438.358398	713.816528
1437.314453	754.372620
1436.269531	775.756470
1435.225586	804.312195
1434.180664	782.596863
1433.135742	787.211060
1432.090820	796.607605
1431.045898	796.433167
1430.000000	803.432251
1428.954102	846.287781
1427.908203	824.591248
1426.862305	929.552673
1425.816406	852.898560
1424.769531	859.877136
1423.722656	857.300476
1422.674805	904.862366
1421.627930	816.345642
1420.580078	866.281860
1419.532227	868.477539
1418.484375	856.359741
1417.436523	877.635437
1416.387695	855.983337
1415.338867	872.481934
1414.290039	869.906738
1413.241211	867.332581
1412.191406	848.083679
1411.141602	826.461426
1410.091797	876.284851
1409.041992	883.233887
1407.991211	885.419495
1406.940430	866.187256
1405.889648	856.479919
1404.838867	839.640991
1403.788086	887.017029
1402.736328	829.760437
1401.684570	946.050964
1400.632813	855.535583
1399.580078	843.466858
1398.528320	821.901672
1397.475586	824.094971
1396.421875	890.395752
1395.369141	852.217102
1394.315430	861.522034
1393.261719	866.077087
1392.208008	759.132507
1391.154297	872.809143
1390.099609	799.107544
1389.045898	836.862000
1387.990234	876.969849
1386.935547	841.230591
1385.880859	883.688660
1384.825195	805.328552
1383.769531	873.824524
1382.712891	849.955078
1381.657227	861.601624
1380.600586	885.075562
1379.543945	868.317139
1378.487305	875.220703
1377.429688	924.689941
1376.373047	898.475952
1375.315430	824.995789
1374.257813	843.719238
1373.199219	904.965271
1372.140625	862.242371
1371.082031	862.050476
1370.023438	824.078491
1368.964844	807.369873
1367.905273	818.991089
1366.845703	807.010193
1365.786133	795.034607
1364.726563	792.498718
1363.666016	839.484009
1362.605469	763.854309
1361.544922	848.537659
1360.484375	768.226440
1359.422852	793.970886
1358.361328	812.637329
1357.299805	786.551392
1356.238281	772.249084
1355.176758	821.508179
1354.114258	811.911011
1353.051758	790.553833
1351.988281	839.775513
1350.925781	837.235718
1349.862305	841.750793
1348.798828	848.614502
1347.735352	890.728088
1346.670898	831.786438
1345.607422	852.742371
1344.542969	871.340149
1343.477539	868.796570
1342.413086	877.991882
1341.347656	873.100769
1340.282227	896.369873
1339.216797	898.514526
1338.150391	870.167114
1337.084961	909.835449
1336.018555	860.398315
1334.952148	900.050781
1333.884766	885.788208
1332.817383	960.559326
1331.750000	920.523987
1330.682617	880.506592
1329.615234	915.426880
1328.546875	863.724854
1327.478516	938.416260
1326.410156	959.261597
1325.341797	898.227722
1324.272461	930.765564
1323.203125	928.217407
1322.133789	906.969910
1321.063477	925.461243
1319.994141	883.195251
1318.923828	850.292114
1317.853516	864.112488
1316.782227	917.620056
1315.711914	957.096924
1314.640625	863.526184
1313.569336	823.664124
1312.497070	842.140015
1311.425781	823.291077
1311.421875	787.985168
1310.353516	839.426697
1310.349609	864.918640
1309.281250	857.886108
1309.277344	876.418701
1308.208008	797.093811
1308.204102	892.575439
1307.135742	855.166870
1307.130859	834.164124
1306.062500	796.732178
1306.057617	868.959595
1304.988281	782.576721
1304.984375	780.293030
1303.915039	768.427612
1303.911133	794.125977
1302.840820	777.565247
1302.837891	803.297058
1301.767578	851.868896
1301.763672	763.577087
1300.692383	807.462585
1300.689453	814.646179
1299.618164	795.646729
1299.615234	826.135254
1298.542969	823.376831
1298.541016	793.412354
1297.468750	785.983154
1297.465820	779.311523
1296.392578	769.530212
1296.391602	755.912109
1295.317383	750.760315
1295.316406	720.893677
1294.241211	752.913086
1294.241211	727.738525
1293.166016	732.256165
1293.165039	755.064819
1292.089844	783.256042
1292.088867	703.792297
1291.013672	725.019653
1291.012695	801.164917
1289.938477	771.355408
1289.935547	763.835144
1288.862305	808.382446
1288.858398	712.595398
1287.785156	764.107788
1287.781250	772.769043
1286.708984	803.444519
1286.704102	786.513184
1285.631836	777.759949
1285.625977	735.303040
1284.554688	714.944641
1284.547852	758.325378
1283.477539	749.626770
1283.469727	728.011475
1282.400391	742.528870
1282.391602	709.301147
1281.323242	765.593140
1281.312500	748.535522
1280.245117	728.340393
1280.233398	739.096558
1279.166992	742.122070
1279.154297	752.825684
1278.088867	716.480530
1278.075195	704.020264
1277.010742	704.757935
1276.995117	673.759766
1275.931641	723.171631
1275.915039	712.956848
1274.853516	697.547241
1274.834961	678.079468
1273.774414	683.517212
1273.753906	726.512329
1272.695313	725.090149
1272.673828	733.285278
1271.615234	701.795288
1271.592773	703.052246
1270.536133	671.561707
1270.510742	705.202942
1269.456055	678.383972
1269.429688	663.432007
1268.375977	715.296997
1268.347656	665.590637
1267.295898	682.762817
1267.265625	626.158386
1266.215820	712.719116
1266.183594	669.904724
1265.134766	631.611633
1265.101563	718.249817
1264.054688	654.626587
1264.018555	641.889038
1262.973633	594.374268
1262.935547	650.974976
1261.892578	635.885864
1261.852539	613.898804
1260.810547	640.391785
1260.768555	659.904602
1259.729492	681.879272
1259.684570	659.752502
1258.647461	584.689697
1258.600586	648.068909
1257.565430	640.035461
1257.516602	670.977112
1256.483398	628.365662
1256.432617	603.970581
1255.401367	665.204651
1255.347656	670.667419
1254.318359	674.318115
1254.262695	686.641785
1253.235352	662.648132
1253.177734	640.410461
1252.152344	676.375366
1252.091797	649.474915
1251.069336	662.401123
1251.005859	676.955566
1249.986328	650.739563
1249.919922	662.986816
1248.902344	675.996704
1248.833984	669.737976
1247.818359	708.164490
1247.747070	711.000488
1246.734375	698.806885
1246.660156	720.037598
1245.650391	724.040527
1245.573242	648.573730
1244.566406	714.683228
1244.486328	719.704041
1243.481445	756.039185
1243.398438	714.939514
1242.396484	744.374573
1242.311523	691.790649
1241.311523	695.848022
1241.222656	684.736877
1240.226563	716.450623
1240.134766	735.117249
1239.141602	697.889771
1239.045898	730.353210
1238.055664	739.209534
1237.958008	714.110352
1236.969727	736.767944
1236.868164	711.648743
1235.883789	672.174072
1235.779297	752.795288
1234.797852	724.982605
1234.689453	683.783020
1233.710938	671.920593
1233.599609	692.800110
1232.624023	667.192444
1232.509766	699.519409
1231.537109	710.770752
1231.419922	669.547913
1230.450195	657.741089
1230.329102	669.391968
1229.363281	618.527588
1229.238281	699.030762
1228.275391	650.595398
1228.147461	655.331787
1227.188477	659.666077
1227.055664	636.852295
1226.100586	611.281921
1225.964844	629.832764
1225.011719	682.392090
1224.872070	654.873230
1223.923828	650.102051
1223.780273	627.249573
1222.834961	613.230652
1222.688477	597.349976
1221.747070	661.336548
1221.595703	654.414429
1220.657227	635.956177
1220.502930	626.809937
1219.568359	661.084900
1219.409180	644.960083
1218.479492	635.713989
1218.316406	587.645264
1217.389648	631.003723
1217.222656	612.653931
1216.299805	596.471558
1216.128906	699.359009
1215.209961	635.350342
1215.035156	692.340271
1214.120117	628.349304
1213.940430	623.645569
1213.029297	667.206909
1212.845703	653.189819
1211.938477	634.986145
1211.750977	634.769836
1210.847656	650.908203
1210.655273	675.711426
1209.756836	620.994141
1209.560547	652.730103
1208.666016	701.062012
1208.464844	673.112427
1207.574219	650.534119
1207.369141	695.766296
1206.482422	661.860168
1206.272461	661.392761
1205.390625	622.807617
1205.175781	652.116699
1204.298828	657.027405
1204.079102	599.532654
1203.207031	645.456848
1202.982422	624.461182
1202.114258	617.871704
1201.885742	658.491943
1201.021484	588.009155
1200.788086	631.001038
1199.928711	658.809448
1199.690430	669.568909
1198.835938	660.969543
1198.591797	644.365051
1197.742188	649.408875
1197.494141	616.896606
1196.648438	656.142212
1196.395508	675.922729
1195.554688	685.730469
1195.296875	596.127747
1194.460938	697.024658
1194.197266	648.306458
1193.367188	614.634033
1193.098633	643.604797
1192.272461	646.497375
1191.999023	638.905273
1191.177734	650.940247
1190.899414	647.846802
1190.083008	625.695007
1189.798828	659.056519
1188.988281	698.633484
1188.698242	642.996033
1187.893555	664.257935
1187.597656	640.572266
1186.797852	639.024536
1186.497070	610.897583
1185.702148	593.264709
1185.396484	628.916382
1184.606445	645.620361
1184.294922	592.448608
1183.509766	570.225159
1183.193359	551.459229
1182.414063	599.760193
1182.090820	583.092102
1181.317383	535.803101
1180.989258	562.538940
1180.220703	579.010559
1179.886719	587.350708
1179.124023	583.455994
1178.784180	573.607727
1178.026367	530.932617
1177.680664	537.204407
1176.929688	553.611389
1176.578125	552.939636
1175.832031	592.225830
1175.474609	539.214355
1174.734375	555.672607
1174.371094	579.857178
1173.635742	541.902588
1173.266602	527.634949
1172.538086	591.878662
1172.162109	511.661285
1171.439453	534.862610
1171.057617	552.281372
1170.340820	539.309021
1169.953125	491.051086
1169.242188	552.854126
1168.848633	556.542542
1168.142578	518.625671
1167.743164	515.696777
1167.043945	573.105408
1166.637695	497.483276
1165.944336	522.969788
1165.531250	547.100830
1164.844727	522.867126
1164.425781	535.669006
1163.744141	559.130615
1163.319336	501.645874
1162.644531	499.937256
1162.211914	519.598816
1161.543945	515.742920
1161.105469	503.664307
1160.443359	529.270691
1159.998047	501.285614
1159.342773	542.793091
1158.890625	507.937958
1158.241211	547.227478
1157.783203	532.642761
1157.140625	515.336731
1156.675781	525.745728
1156.039063	581.058105
1155.567383	478.246094
1154.937500	512.864136
1154.458984	543.536011
1153.835938	549.064697
1153.349609	523.112244
1152.733398	530.808899
1152.241211	568.071594
1151.630859	596.475037
1151.131836	536.383057
1150.528320	575.949402
1150.022461	540.760315
1149.425781	550.897705
1148.912109	574.419556
1148.323242	568.921570
1147.801758	556.264526
1147.219727	598.269165
1146.691406	567.388184
1146.116211	557.367554
1145.581055	592.012390
1145.012695	584.440308
1144.470703	573.865967
1143.909180	563.940979
1143.359375	578.227356
1142.804688	504.955322
1142.248047	582.586487
1141.700195	552.397400
1141.135742	544.215759
1140.595703	556.814636
1140.024414	582.304993
1139.491211	527.284607
1138.912109	602.393860
1138.386719	563.380859
1137.798828	582.023438
1137.281250	588.152100
1136.686523	581.882568
1136.175781	583.511658
1135.573242	575.003357
1135.070313	587.917847
1134.459961	592.828552
1133.963867	594.582947
1133.346680	534.314392
1132.858398	578.642151
1132.232422	579.074280
1131.751953	562.707581
1131.118164	592.397339
1130.645508	578.411133
1130.003906	610.200623
1129.539063	567.000793
1128.889648	558.467102
1128.431641	589.472656
1127.774414	517.970093
1127.325195	598.387024
1126.659180	620.964661
1126.217773	573.433594
1125.543945	562.542297
1125.109375	602.661865
1124.428711	553.442749
1124.001953	568.690552
1123.312500	568.988770
1122.893555	550.526550
1122.196289	580.048035
1121.786133	622.601929
1121.079102	588.862732
1120.677734	588.646790
1119.962891	573.049744
1119.568359	588.528687
1118.845703	550.530640
1118.459961	547.830444
1117.728516	628.704651
1117.350586	538.704468
1116.610352	532.367126
1116.241211	547.610352
1115.492188	536.709595
1115.131836	590.308899
1114.374023	545.521362
1114.021484	567.663818
1113.255859	549.858276
1112.912109	551.784302
1112.136719	549.723694
1111.801758	522.400757
1111.018555	547.354980
1110.691406	529.049316
1109.898438	513.717529
1109.580078	504.183655
1108.779297	504.659576
1108.469727	504.082001
1107.659180	520.163025
1107.358398	539.978882
1106.539063	517.803467
1106.247070	521.874207
1105.418945	519.907654
1105.134766	458.796722
1104.297852	488.548523
1104.023438	535.154724
1103.177734	475.046844
1102.911133	458.611328
1102.055664	486.078613
1101.798828	501.223724
1100.934570	465.896454
1100.686523	467.414520
1099.812500	499.211060
1099.574219	469.566650
1098.690430	508.000397
1098.460938	516.643311
1097.568359	438.821991
1097.347656	471.622253
1096.446289	514.430847
1096.234375	431.110077
1095.323242	505.398224
1095.121094	475.920837
1094.200195	494.144104
1094.006836	478.068726
1093.076172	476.219452
1092.892578	448.799683
1091.953125	449.404449
1091.778320	471.143982
1090.829102	491.553589
1090.664063	515.909973
1089.704102	513.668701
1089.548828	524.775635
1088.580078	429.062866
1088.434570	533.637573
1087.455078	488.966064
1087.319336	504.386688
1086.330078	471.068695
1086.203125	528.937866
1085.204102	484.280701
1085.087891	477.291626
1084.079102	468.614136
1083.971680	457.031250
1082.953125	535.108887
1082.855469	483.816803
1081.827148	514.997620
1081.739258	506.112488
1080.700195	525.965942
1080.623047	463.468628
1079.573242	483.679596
1079.505859	487.997772
1078.446289	474.686615
1078.388672	543.849731
1077.319336	465.697998
1077.271484	519.124939
1076.191406	503.271973
1076.154297	498.884521
1075.063477	505.363068
1075.036133	509.965973
1073.935547	500.805145
1073.918945	516.570374
1072.806641	489.603180
1072.800781	507.521515
1071.681641	516.358887
1071.677734	480.621582
1070.563477	458.146729
1070.548828	484.930115
1069.444336	536.256958
1069.419922	471.526459
1068.325195	513.807556
1068.290039	509.032715
1067.206055	484.666840
1067.160156	482.353760
1066.086914	475.635284
1066.030273	530.898682
1064.966797	522.421631
1064.899414	499.804382
1063.846680	497.761108
1063.768555	526.210754
1062.726563	528.902039
1062.637695	528.289185
1061.606445	524.330933
1061.506836	521.527039
1060.485352	492.992798
1060.375000	523.605347
1059.364258	486.200531
1059.243164	508.012573
1058.243164	499.479401
1058.111328	463.720978
1057.122070	494.917816
1056.978516	501.134186
1056.000000	519.333801
1055.845703	467.901794
1054.877930	516.998352
1054.712891	492.055786
1053.755859	463.420197
1053.580078	478.695953
1052.633789	474.462250
1052.446289	471.959015
1051.511719	489.953796
1051.312500	456.405945
1050.388672	483.172852
1050.177734	531.237061
1049.265625	469.716217
1049.043945	467.194214
1048.142578	451.813721
1047.909180	511.139923
1047.018555	509.576172
1046.774414	491.186981
1045.895508	520.594604
1045.638672	508.679291
1044.771484	524.935547
1044.502930	530.565674
1043.646484	513.707764
1043.367188	468.804382
1042.522461	511.378021
1042.231445	506.092377
1041.397461	509.049194
1041.094727	464.166992
1040.273438	537.835754
1039.958008	536.625610
1039.147461	479.952271
1038.821289	516.700745
1038.022461	526.505127
1037.683594	551.740173
1036.896484	555.269958
1036.545898	520.833313
1035.771484	504.080475
1035.408203	529.489014
1034.645508	543.938721
1034.269531	533.747192
1033.518555	479.454529
1033.131836	564.354309
1032.392578	557.028198
1031.992188	542.256714
1031.265625	523.630798
1030.853516	496.027374
1030.138672	563.451599
1029.713867	548.562805
1029.011719	538.938049
1028.574219	537.454285
1027.883789	545.478088
1027.434570	541.703247
1026.755859	560.882996
1026.294922	504.291016
1025.627930	520.869812
1025.154297	556.770203
1024.500000	558.433411
1024.012695	534.713196
1023.372070	553.885986
1022.872070	521.430908
1022.243164	564.845886
1021.730469	501.584351
1021.114258	564.728088
1020.588867	558.389526
1019.985352	515.898804
1019.447266	518.840637
1018.855469	500.295258
1018.304688	518.707336
1017.726563	493.551117
1017.162109	492.317169
1016.596680	550.980103
1016.019531	549.065918
1015.466797	515.468018
1014.875977	505.185638
1014.335938	530.843201
1013.732422	467.886963
1013.206055	528.520813
1012.588867	535.526978
1012.075195	504.090118
1011.445313	524.462646
1010.944336	552.614746
1010.300781	524.327332
1009.812500	552.499084
1009.156250	548.217468
1008.681641	541.335693
1008.010742	524.056641
1007.549805	567.731140
1006.866211	582.862305
1006.417969	519.022766
1005.720703	536.880310
1005.285156	552.036133
1004.574219	536.741394
1004.153320	523.220520
1003.428711	527.877136
1003.020508	536.354065
1002.282227	512.475159
1001.887695	531.828003
1001.135742	481.819733
1000.753906	509.653412
999.988281	475.155884
999.621094	516.163818
998.840820	505.539185
998.487305	494.001740
997.693359	485.801514
997.353516	513.742004
996.545898	507.454376
996.219727	456.318634
995.397461	498.612976
995.084961	528.953796
994.249023	507.190308
993.950195	526.638977
993.100586	448.300385
992.815430	524.325073
991.951172	465.588715
991.680664	513.201782
990.801758	465.467255
990.545898	497.678864
989.652344	478.392853
989.410156	477.759094
988.274414	482.060791
987.138672	495.163483
986.001953	457.654572
984.865234	479.556000
983.728516	501.448120
982.591797	483.751282
981.455078	510.029968
980.317383	490.140717
979.179688	544.973999
978.041992	483.342468
976.903320	489.829895
975.765625	564.393005
974.626953	542.317383
973.487305	502.689819
972.348633	537.698364
971.208984	500.282654
970.069336	515.532898
968.929688	519.810181
967.790039	543.821045
966.649414	565.629272
965.508789	596.195801
964.368164	596.069214
963.226563	606.897461
962.085938	593.625488
960.944336	586.929260
959.802734	593.373169
958.660156	586.679688
957.517578	569.045776
956.375977	544.854797
955.232422	566.615906
954.089844	590.554871
952.946289	516.078735
951.802734	476.615234
950.659180	542.088928
949.515625	489.524292
948.371094	509.084076
947.226563	500.237701
946.082031	478.291168
944.937500	497.840668
943.791992	534.846130
942.646484	501.993164
941.500977	490.975342
940.354492	460.327332
939.208984	475.497162
938.062500	512.467590
936.916016	464.392517
935.768555	492.630249
934.621094	512.138611
933.474609	437.948120
932.326172	533.703003
931.178711	544.478210
930.030273	498.635132
928.881836	526.828918
927.733398	555.010559
926.584961	552.715454
925.435547	533.016602
924.286133	617.731506
923.136719	589.328491
921.986328	539.195801
920.836914	552.122192
919.686523	565.042969
918.535156	545.366516
917.384766	540.904602
916.233398	555.991089
915.082031	549.357300
913.930664	505.820923
912.779297	570.825134
911.626953	575.042114
910.474609	535.867188
909.322266	542.258789
908.168945	555.153259
907.015625	520.343933
905.862305	498.555359
904.708984	561.295532
903.555664	559.007690
902.401367	545.889587
901.247070	565.263550
900.091797	521.835571
898.937500	593.161987
897.782227	569.225830
896.626953	545.299988
895.471680	547.345459
894.315430	553.715881
893.159180	553.596008
892.002930	590.230469
890.846680	592.264160
889.689453	676.418030
888.532227	689.235107
887.375000	736.608887
886.217773	749.407227
885.059570	760.040710
883.901367	736.129761
882.743164	759.710999
881.584961	774.650696
880.425781	698.975830
879.266602	763.529968
878.107422	700.828613
876.948242	681.273010
875.788086	681.124939
874.627930	633.567017
873.467773	631.274719
872.307617	637.599548
871.146484	587.928406
869.985352	568.422363
868.824219	559.688049
867.662109	542.348694
866.500000	576.657898
865.337891	542.112427
864.175781	591.461975
863.013672	516.072449
861.850586	492.311737
860.687500	530.892883
859.523438	526.479248
858.360352	567.184448
857.196289	528.397400
856.032227	515.397034
854.868164	515.284485
853.703125	470.094330
852.538086	487.160248
851.373047	521.383484
850.208008	523.414612
849.041992	508.287415
847.875977	568.213928
846.709961	499.490051
845.542969	525.099854
844.376953	557.126831
843.209961	542.008484
842.041992	524.754883
840.875000	591.022888
839.707031	548.074951
838.539063	543.673889
837.371094	652.693542
836.202148	688.922058
835.034180	712.300293
833.865234	834.042419
832.695313	964.283447
831.526367	1079.503784
830.356445	1297.257080
829.186523	1463.634033
828.015625	1629.937622
826.845703	1618.900513
825.674805	1567.297607
824.503906	1432.459717
823.332031	1310.486938
822.160156	1116.015991
820.988281	1034.700928
819.816406	961.953308
818.644531	838.058472
817.471680	727.010132
816.298828	737.507507
815.125977	656.364868
813.952148	660.481323
812.778320	634.774231
811.604492	617.597046
810.430664	617.460754
809.255859	608.809631
808.081055	617.188171
806.906250	597.901978
805.731445	491.405151
804.555664	597.637817
803.379883	510.325195
802.204102	529.345337
801.028320	531.353699
799.851563	552.485596
798.674805	495.002563
797.498047	524.629089
796.320313	530.883545
795.142578	524.396851
793.964844	496.686981
792.787109	528.408813
791.608398	524.048401
790.429688	553.628784
789.250977	598.041016
788.072266	547.022583
786.892578	532.062866
785.712891	570.092224
784.533203	595.391724
783.353516	563.484131
782.172852	576.066345
780.992188	503.946106
779.810547	533.471436
778.629883	537.585876
777.448242	537.466370
776.266602	495.036133
775.084961	507.616455
773.902344	541.337097
772.719727	528.531921
771.537109	543.209900
770.353516	521.957092
769.170898	494.375549
767.987305	547.071594
766.803711	515.273071
765.619141	540.493958
764.434570	531.930115
763.250000	538.142639
762.065430	529.583069
760.879883	615.951233
759.694336	634.794373
758.508789	683.147766
757.323242	725.155457
756.136719	773.466980
754.950195	724.831665
753.763672	718.349915
752.576172	667.642334
751.389648	642.225281
750.202148	644.186890
749.013672	627.205078
747.826172	608.126587
746.637695	601.679199
745.449219	654.127136
744.259766	668.700562
743.071289	672.755554
741.881836	666.299194
740.691406	762.815247
739.501953	798.360413
738.311523	800.281982
737.121094	949.203064
735.930664	969.985596
734.739258	1024.343750
733.547852	1084.973145
732.356445	1032.276611
731.165039	935.552856
729.972656	880.816101
728.780273	786.266296
727.587891	807.052063
726.394531	735.614624
725.202148	787.831726
724.008789	731.094299
722.814453	678.571045
721.621094	699.357300
720.426758	703.386780
719.232422	611.139038
718.037109	634.018677
716.841797	598.311890
715.646484	606.543274
714.451172	579.222900
713.255859	599.998291
712.059570	539.249695
710.863281	591.369263
709.666016	549.452454
708.469727	593.191284
707.272461	590.969238
706.075195	578.309326
704.876953	561.480469
703.678711	540.485535
702.480469	584.176758
701.282227	569.443665
700.083984	577.656616
698.884766	577.526062
697.685547	600.324585
696.485352	612.692749
695.285156	577.134399
694.084961	643.661316
692.884766	601.864197
691.684570	639.205811
690.483398	603.673340
689.282227	618.104736
688.080078	605.480591
686.878906	584.541260
685.676758	617.684753
684.474609	644.575256
683.271484	640.271545
682.068359	615.186340
680.865234	658.681824
679.662109	637.758484
678.458008	629.306030
677.254883	627.086731
676.049805	678.843689
674.845703	649.632446
673.640625	587.233887
672.435547	686.679321
671.230469	628.448730
670.024414	632.453064
668.819336	682.064697
667.613281	663.255493
666.406250	609.227295
665.199219	644.308044
663.992188	648.303894
662.785156	627.448364
661.578125	623.164795
660.370117	612.673584
659.162109	622.880859
657.953125	620.669922
656.745117	643.281128
655.536133	676.221680
654.327148	665.729980
653.117188	684.181152
651.907227	644.760742
650.697266	663.208130
649.487305	675.450256
648.276367	627.798035
647.065430	631.783936
645.854492	627.511169
644.643555	631.495117
643.431641	565.327087
642.219727	598.202026
641.007813	517.635681
639.794922	577.310059
638.582031	614.282227
637.369141	665.663452
636.155273	628.423706
634.942383	595.320801
633.728516	597.243835
632.513672	597.106934
631.299805	611.379639
630.084961	650.342285
628.869141	670.768799
627.654297	639.758362
626.438477	672.517578
625.222656	614.790833
624.006836	643.429199
622.790039	645.336609
621.573242	618.476685
620.356445	630.660156
619.139648	638.730347
617.921875	638.583496
616.704102	652.806519
615.486328	648.551575
614.267578	636.090881
613.048828	594.915771
611.830078	623.492249
610.610352	606.944702
609.391602	557.604492
608.171875	590.268677
606.951172	594.230774
605.731445	579.753540
604.510742	573.475464
603.289063	581.533752
602.068359	567.069275
600.846680	573.078491
599.625000	577.038635
598.403320	513.486694
597.180664	574.726807
595.958008	496.890869
594.735352	500.864716
593.511719	551.845703
592.289063	572.152100
591.064453	537.289978
589.840820	535.123169
588.616211	551.335144
587.391602	573.664124
586.166992	536.792603
584.942383	534.627686
583.716797	565.105103
582.491211	564.974121
581.264648	564.843140
580.038086	550.441406
578.811523	568.657532
577.584961	531.846497
576.358398	523.574036
575.130859	541.783447
573.902344	545.730225
572.674805	551.710938
571.446289	563.794922
570.217773	535.175415
568.989258	563.532776
567.759766	561.367737
566.530273	536.835510
565.300781	514.347656
564.070313	534.553162
562.840820	550.685059
561.610352	562.746216
560.378906	526.055298
559.147461	592.943420
557.916016	578.594116
556.684570	525.687439
555.453125	602.674744
554.220703	525.442200
552.988281	561.828247
551.754883	561.697083
550.521484	573.729797
549.288086	561.434692
548.054688	605.883545
546.820313	593.586609
545.585938	567.117371
544.351563	625.708130
543.117188	578.998901
541.881836	599.103394
540.646484	607.057190
539.410156	580.615417
538.174805	570.366516
536.938477	614.719116
535.701172	576.164124
534.464844	559.859802
533.227539	517.294250
531.990234	543.435547
530.751953	616.018372
529.513672	520.968628
528.275391	553.146851
527.037109	573.200073
525.797852	567.011902
524.558594	558.809204
523.319336	574.812927
522.079102	556.530029
520.838867	600.749756
519.598633	596.577454
518.358398	570.242188
517.117188	533.846619
515.875977	596.156128
514.634766	594.002136
513.392578	579.770508
512.150391	525.293152
510.908203	571.448547
509.665039	607.523804
508.421875	579.223694
507.178711	575.065552
505.934570	586.991211
504.691406	552.686523
503.447266	576.667480
502.202148	608.672302
500.958008	596.478333
499.712891	556.179871
498.466797	580.137024
497.221680	592.041260
495.975586	581.868896
494.729492	565.683350
493.482422	609.670227
492.235352	613.535767
490.988281	629.426697
489.741211	627.273376
488.493164	597.070740
487.245117	634.988281
485.997070	668.882507
484.748047	630.682495
483.499023	662.559814
482.250000	676.410889
481.000977	648.239807
479.750977	718.094910
478.500977	681.927979
477.250000	681.765747
475.999023	707.588379
474.748047	735.397034
473.497070	783.171143
472.245117	729.054504
470.993164	750.847046
469.741211	710.738953
468.488281	790.408752
467.236328	804.188721
465.982422	819.957092
464.729492	823.750488
463.475586	847.482727
462.221680	923.037109
460.967773	960.685913
459.712891	1006.287170
458.458008	1169.404663
457.203125	1272.693115
455.947266	1332.125122
454.691406	1443.287842
453.435547	1419.059082
452.178711	1384.892822
450.921875	1302.999146
449.665039	1233.077637
448.408203	1105.527100
447.150391	982.013306
445.892578	924.142944
444.633789	921.934204
443.375000	826.363220
442.116211	766.585571
440.857422	776.328857
439.597656	734.456848
438.337891	773.971069
437.078125	747.992126
435.818359	771.615173
434.557617	779.361877
433.295898	775.208923
432.035156	866.201294
430.773438	792.670532
429.511719	822.197449
428.249023	823.979858
426.987305	788.136719
425.724609	762.209595
424.460938	732.336304
423.198242	757.883972
421.934570	718.134216
420.669922	751.584167
419.406250	707.900208
418.141602	674.121765
416.875977	723.369141
415.611328	703.434631
414.345703	679.558777
413.080078	716.918884
411.813477	732.541199
410.546875	671.168823
409.280273	629.561584
408.013672	639.274231
406.746094	741.693726
405.478516	690.238831
404.209961	654.581787
402.942383	719.470825
401.673828	687.765198
400.404297	699.419128
399.134766	734.703857
397.865234	695.140381
396.595703	698.908691
395.326172	698.738525
394.055664	753.666626
392.784180	714.136597
391.513672	755.266113
390.242188	766.880066
388.970703	768.658813
387.698242	801.882996
386.425781	754.529114
385.153320	850.602356
383.880859	838.610718
382.607422	822.697876
381.333984	830.348694
380.059570	822.295471
378.785156	790.701599
377.510742	829.739136
376.236328	856.990967
374.960938	823.450806
373.685547	807.567993
372.410156	823.046997
371.133789	807.171875
369.857422	848.105896
368.581055	804.817383
367.303711	849.647034
366.026367	798.550232
364.749023	821.834900
363.470703	839.239197
362.192383	846.855835
360.914063	903.351257
359.634766	865.987122
358.356445	818.869568
357.076172	867.514221
355.796875	884.880737
354.516602	880.756714
353.236328	911.778015
351.955078	862.754578
350.673828	889.861755
349.392578	920.857422
348.111328	914.778320
346.829102	920.402100
345.546875	887.032532
344.263672	890.711060
342.981445	898.284729
341.697266	905.854492
340.414063	884.206482
339.129883	876.198853
337.845703	932.433655
336.561523	897.171692
335.276367	924.188232
333.991211	927.849060
332.705078	982.069885
331.419922	937.108948
330.133789	999.075134
328.846680	963.848206
327.560547	1068.517212
326.272461	1041.059326
324.985352	1114.588013
323.697266	1098.779785
322.409180	1166.434570
321.121094	1140.919189
319.832031	1251.206177
318.542969	1239.257568
317.253906	1310.686768
315.963867	1418.909668
314.673828	1496.071655
313.383789	1534.446045
312.092773	1679.333008
310.801758	1733.133545
309.510742	1955.336792
308.218750	2119.363525
306.926758	2393.603271
305.634766	2414.282715
304.341797	2616.750488
303.048828	2832.651367
301.755859	2909.262451
300.461914	3167.496826
299.167969	3342.520996
297.874023	3409.286621
296.579102	3468.293457
295.284180	3438.460938
293.989258	3375.830078
292.693359	3295.863281
291.397461	3250.661377
290.101563	3155.335693
288.804688	3065.842041
287.507813	2905.067627
286.210938	2831.099121
284.913086	2822.676758
283.615234	2752.617920
282.317383	2703.777588
281.018555	2554.846680
279.719727	2565.748779
278.420898	2430.397461
277.121094	2373.990723
275.821289	2334.922119
274.521484	2243.956299
273.220703	2235.697510
271.919922	2210.145508
270.619141	2146.178467
269.317383	2205.180664
268.015625	2154.689453
266.713867	2173.340332
265.411133	2182.384277
264.108398	2133.854980
262.804688	2164.006348
261.501953	2215.239502
260.198242	2218.509521
258.893555	2185.354736
257.588867	2221.210205
256.284180	2281.954834
254.979492	2281.371582
253.673828	2363.134033
252.368164	2318.495361
251.061523	2415.517822
249.755859	2520.144531
248.448242	2511.846680
247.141602	2488.251953
245.833984	2554.536377
244.526367	2628.432861
243.217773	2608.647217
241.909180	2606.066406
240.600586	2601.576416
239.291992	2669.653809
237.982422	2598.329102
236.671875	2549.944336
235.362305	2516.849121
234.051758	2436.079102
232.741211	2383.957520
231.429688	2390.969238
230.118164	2422.757324
228.806641	2345.904053
227.494141	2272.900635
226.181641	2251.361328
224.868164	2294.575928
223.555664	2094.091553
222.242188	2144.936523
220.927734	2039.730713
219.613281	2048.713135
218.298828	2046.280273
216.984375	2087.576904
215.668945	2071.828857
214.353516	2021.883911
213.037109	2032.757080
211.720703	2026.530640
210.404297	2020.307129
209.087891	1959.036011
207.770508	1943.343384
206.452148	2033.907471
205.134766	1910.084717
203.816406	1970.268433
202.497070	1916.671387
201.178711	1923.752075
199.859375	1906.195923
198.539063	2009.885864
197.218750	1893.836060
195.898438	1936.887207
194.578125	2036.700806
193.256836	1983.181396
191.935547	1935.365112
190.613281	2019.968506
189.291992	2062.927979
187.968750	2068.057373
186.646484	2003.258545
185.323242	2131.208984
183.999023	2079.648926
182.675781	2050.775879
181.351563	2144.629639
180.026367	2174.262695
178.702148	2152.933594
177.376953	2097.660400
176.050781	2200.830566
174.724609	2330.341064
173.398438	2259.984375
172.072266	2304.612305
170.745117	2255.021240
169.416992	2284.558594
168.089844	2393.161377
166.761719	2358.644043
165.433594	2280.860596
164.104492	2427.004639
162.775391	2447.050049
161.445313	2506.572754
160.116211	2513.426270
158.785156	2537.189941
157.455078	2600.397217
156.124023	2731.192627
154.792969	2929.522217
153.460938	2902.457764
152.128906	2978.636230
150.796875	3084.795654
149.463867	3130.869141
148.130859	3231.303711
146.797852	3363.557129
145.463867	3450.753418
144.129883	3515.415771
142.794922	3467.639404
141.460938	3672.727051
140.125000	3651.145752
138.790039	3773.709961
137.454102	3890.593506
136.117188	3908.256836
134.781250	3972.668945
133.444336	3799.572266
132.106445	3858.369141
130.768555	3997.494385
129.430664	4002.021973
128.092773	3802.949951
126.753906	3897.158447
125.414063	3836.367188
124.075195	3822.266113
122.735352	3772.720947
121.394531	3710.144287
120.053711	3668.113770
118.712891	3663.391357
117.372070	3733.223389
116.030273	3743.390625
114.688477	3746.100342
113.345703	3862.407959
112.002930	3891.146973
110.660156	3888.227539
109.316406	3857.397217
107.972656	3735.429199
106.627930	3682.338135
105.283203	3480.534180
103.938477	3284.415771
102.592773	3155.300293
101.247070	2892.497314
99.901367	2481.259033
98.554688	2150.083984
