#Wave		#Intensity
3199.922852	31.915588
3199.217773	10.638530
3198.512695	28.365015
3197.807617	28.360615
3197.101563	28.356211
3196.396484	31.895779
3195.691406	28.347393
3194.985352	49.600212
3194.279297	31.880880
3193.574219	28.334139
3192.868164	31.870928
3192.162109	31.865946
3191.455078	14.160426
3190.749023	24.776865
3190.042969	28.311977
3189.335938	53.076630
3188.629883	28.303089
3187.922852	31.835970
3187.215820	28.294188
3186.508789	31.825947
3185.801758	31.820930
3185.094727	21.210606
3184.387695	42.414513
3183.679688	21.203905
3182.972656	31.800825
3182.264648	45.927250
3181.557617	28.258444
3180.849609	21.190470
3180.141602	21.187105
3179.433594	24.714361
3178.724609	28.240492
3178.016602	31.765495
3177.308594	7.057874
3176.599609	31.755367
3175.890625	31.750299
3175.182617	31.745226
3174.473633	10.580050
3173.764648	38.787308
3173.055664	42.306648
3172.345703	45.824856
3171.636719	17.622116
3170.927734	31.714716
3170.217773	14.093163
3169.507813	17.613621
3168.797852	31.699411
3168.087891	31.694304
3167.377930	31.689194
3166.667969	31.684078
3165.958008	31.678959
3165.248047	28.154522
3164.537109	31.668713
3163.826172	31.663584
3163.116211	28.140846
3162.405273	31.653316
3161.694336	42.197571
3160.983398	31.643036
3160.271484	24.607248
3159.560547	24.603245
3158.849609	31.627590
3158.137695	28.108831
3157.425781	38.643337
3156.713867	31.612116
3156.001953	42.142601
3155.290039	24.579165
3154.578125	28.085876
3153.866211	49.142235
3153.153320	10.528752
3152.441406	24.563061
3151.728516	52.626488
3151.015625	31.570705
3150.302734	31.565516
3149.589844	31.560322
3148.876953	24.542875
3148.164063	42.066566
3147.451172	31.544722
3146.737305	28.035126
3146.023438	31.534307
3145.310547	24.522629
3144.596680	42.031841
3143.882813	45.526955
3143.168945	31.513441
3142.455078	56.014606
3141.740234	45.504318
3141.026367	31.497759
3140.311523	41.990032
3139.596680	24.490114
3138.881836	31.482050
3138.167969	27.979385
3137.452148	31.471563
3136.737305	17.481287
3136.022461	31.461065
3135.306641	45.436172
3134.591797	48.923084
3133.875977	41.927059
3133.160156	31.440033
3132.444336	41.913025
3131.728516	20.952999
3131.012695	27.932648
3130.296875	45.382935
3129.580078	27.923271
3128.864258	48.857513
3128.147461	31.403118
3127.430664	27.909185
3126.713867	24.416426
3125.997070	31.387257
3125.280273	31.381964
3124.563477	73.212227
3123.845703	31.371370
3123.128906	31.366070
3122.411133	48.783413
3121.693359	41.807281
3120.975586	20.900101
3120.257813	17.413799
3119.540039	52.232544
3118.822266	24.371052
3118.104492	24.366915
3117.385742	59.166740
3116.666992	31.318243
3115.949219	55.667408
3115.230469	31.307587
3114.511719	31.302256
3113.791992	41.729229
3113.073242	20.861055
3112.354492	41.714993
3111.634766	31.280901
3110.915039	24.325434
3110.196289	52.117016
3109.476563	20.843241
3108.756836	24.312950
3108.036133	27.781469
3107.316406	48.609241
3106.596680	45.129410
3105.875977	52.063461
3105.155273	45.113918
3104.435547	45.106167
3103.714844	31.221977
3102.994141	45.090652
3102.272461	31.211231
3101.551758	31.205856
3100.831055	41.600636
3100.109375	55.457951
3099.387695	27.724190
3098.666992	41.579105
3097.945313	51.964901
3097.222656	45.028465
3096.500977	31.168159
3095.779297	41.550354
3095.056641	45.005089
3094.334961	58.842609
3093.612305	31.146568
3092.889648	41.521553
3092.166992	58.811993
3091.444336	31.130354
3090.721680	48.416580
3089.999023	48.408161
3089.275391	44.942616
3088.551758	44.934792
3087.829102	31.103283
3087.105469	31.097862
3086.381836	48.366016
3085.658203	62.174030
3084.933594	55.256157
3084.209961	44.887783
3083.485352	55.236851
3082.761719	48.323792
3082.037109	58.668625
3081.312500	41.405895
3080.587891	58.648079
3079.863281	51.739235
3079.137695	41.384132
3078.413086	55.169163
3077.687500	62.054413
3076.962891	27.574894
3076.237305	51.693840
3075.511719	51.684753
3074.786133	41.340530
3074.060547	41.333252
3073.333984	48.213634
3072.608398	58.534813
3071.881836	61.967113
3071.155273	30.978092
3070.429688	68.828056
3069.703125	44.730335
3068.975586	55.042995
3068.249023	51.593689
3067.522461	41.267651
3066.794922	20.630175
3066.067383	61.879570
3065.340820	44.682884
3064.613281	41.238430
3063.885742	44.667046
3063.157227	44.659122
3062.429688	54.955318
3061.702148	27.472780
3060.973633	30.901388
3060.245117	68.657547
3059.516602	44.619469
3058.788086	61.769810
3058.059570	41.172543
3057.331055	61.747814
3056.602539	44.587700
3055.873047	65.155022
3055.143555	44.571800
3054.415039	30.851892
3053.685547	51.410641
3052.956055	54.828224
3052.226563	54.818424
3051.496094	58.234161
3050.766602	44.524040
3050.036133	47.940388
3049.305664	47.931805
3048.576172	54.769390
3047.845703	44.492157
3047.114258	58.171616
3046.383789	61.582428
3045.653320	61.571377
3044.921875	30.780161
3044.191406	82.065681
3043.459961	51.281834
3042.728516	47.854439
3041.997070	51.263390
3041.265625	71.755829
3040.533203	61.493923
3039.801758	47.819992
3039.069336	51.226475
3038.336914	54.631721
3037.604492	30.724800
3036.872070	30.719255
3036.139648	47.776882
3035.407227	75.064400
3034.674805	64.816628
3033.941406	51.161770
3033.208008	47.742352
3032.474609	81.829224
3031.742188	64.769737
3031.007813	74.982956
3030.274414	68.153976
3029.541016	54.513298
3028.806641	40.877560
3028.073242	51.087681
3027.338867	61.294090
3026.604492	81.710617
3025.870117	68.079811
3025.135742	68.067444
3024.400391	81.666077
3023.666016	74.846954
3022.930664	68.030304
3022.196289	68.017921
3021.460938	57.804707
3020.725586	61.193832
3019.989258	81.576904
3019.253906	64.569939
3018.518555	54.364769
3017.782227	71.340736
3017.045898	64.534599
3016.310547	61.126877
3015.574219	74.696976
3014.837891	47.525749
3014.100586	78.063744
3013.364258	67.869095
3012.626953	54.285339
3011.890625	78.020889
3011.153320	78.006599
3010.416016	88.165215
3009.678711	64.416618
3008.941406	74.573990
3008.203125	101.673141
3007.465820	60.992691
3006.727539	60.981495
3005.989258	88.068199
3005.250977	88.052017
3004.512695	77.877853
3003.774414	71.092796
3003.036133	57.540722
3002.296875	81.219009
3001.558594	87.971062
3000.819336	91.337746
3000.080078	87.938660
2999.340820	94.685715
2998.601563	87.906242
2997.862305	98.031189
2997.122070	74.354767
2996.382813	94.615868
2995.642578	91.219879
2994.902344	104.714592
2994.162109	81.054382
2993.421875	97.922607
2992.681641	114.784584
2991.940430	87.760208
2991.200195	101.243034
2990.458984	101.224297
2989.717773	97.832031
2988.976563	87.695221
2988.235352	111.284843
2987.494141	124.750786
2986.751953	111.243576
2986.010742	114.593330
2985.268555	128.051132
2984.526367	111.181648
2983.784180	117.898026
2983.041992	114.508232
2982.299805	111.119682
2981.556641	134.665482
2980.814453	111.078362
2980.071289	141.346146
2979.328125	131.225571
2978.584961	137.929398
2977.841797	121.086182
2977.098633	117.700737
2976.355469	154.663574
2975.611328	154.634735
2974.867188	147.883896
2974.123047	147.856293
2973.379883	141.109207
2972.634766	127.646400
2971.890625	164.565933
2971.146484	147.745880
2970.401367	171.218903
2969.657227	174.543488
2968.912109	154.374985
2968.166992	167.767502
2967.421875	157.671936
2966.675781	184.475159
2965.930664	160.966354
2965.185547	177.700378
2964.439453	194.428116
2963.693359	194.391678
2962.947266	194.355209
2962.201172	180.917465
2961.455078	184.233200
2960.708008	210.991150
2959.961914	210.951523
2959.214844	200.868484
2958.467773	254.385590
2957.720703	230.911926
2956.973633	240.906281
2956.226563	230.825089
2955.479492	270.917603
2954.731445	220.706131
2953.983398	294.219452
2953.235352	230.651337
2952.488281	233.950027
2951.739258	263.979553
2950.991211	267.270691
2950.243164	257.199524
2949.494141	270.509491
2948.745117	300.509399
2947.997070	253.715607
2947.248047	297.058228
2946.498047	293.665009
2945.749023	273.590698
2945.000000	290.218201
2944.250000	266.816864
2943.500977	290.108490
2942.750977	303.389404
2942.000977	279.998749
2941.250977	269.947693
2940.500000	256.568359
2939.750000	283.171173
2938.999023	323.087067
2938.248047	243.101929
2937.498047	256.373962
2936.747070	243.009750
2935.995117	276.246338
2935.244141	226.279373
2934.493164	272.814514
2933.741211	242.825348
2932.989258	242.779236
2932.237305	212.807114
2931.485352	242.686996
2930.733398	242.640869
2929.981445	252.564377
2929.228516	239.226013
2928.476563	242.502441
2927.723633	225.849701
2926.970703	285.579071
2926.217773	235.723877
2925.464844	242.317825
2924.710938	252.228027
2923.958008	235.589172
2923.204102	268.719513
2922.450195	242.133133
2921.696289	198.975571
2920.942383	235.409500
2920.188477	192.269653
2919.434570	235.319641
2918.679688	238.588440
2917.924805	231.916672
2917.170898	211.997589
2916.416016	251.699020
2915.660156	241.717300
2914.905273	241.671082
2914.150391	221.765274
2913.394531	258.125092
2912.638672	261.384369
2911.883789	254.718262
2911.127930	254.669479
2910.371094	241.393646
2909.615234	281.020935
2908.859375	261.134094
2908.102539	221.425705
2907.345703	241.208603
2906.588867	287.412659
2905.832031	260.933838
2905.075195	214.651184
2904.318359	241.023499
2903.560547	231.074051
2902.802734	234.330078
2902.045898	240.884644
2901.288086	240.838348
2900.530273	253.986130
2899.771484	237.447845
2899.013672	224.213165
2898.254883	306.585480
2897.497070	280.158600
2896.738281	280.104675
2895.979492	227.335297
2895.220703	240.467834
2894.460938	237.128052
2893.702148	240.375168
2892.942383	256.789703
2892.183594	236.990952
2891.423828	217.199814
2890.664063	230.318985
2889.903320	230.274536
2889.143555	236.808090
2888.383789	236.762375
2887.623047	256.443024
2886.862305	279.403168
2886.101563	253.057495
2885.340820	220.150330
2884.580078	249.674469
2883.818359	252.910751
2883.057617	272.565338
2882.295898	272.512604
2881.534180	233.068069
2880.772461	229.740936
2880.010742	249.384720
2879.249023	232.932709
2878.486328	232.887573
2877.724609	249.239807
2876.961914	232.797318
2876.199219	258.977783
2875.436523	235.984604
2874.673828	249.046524
2873.910156	262.103363
2873.147461	232.571594
2872.383789	239.076477
2871.620117	239.030060
2870.856445	238.983627
2870.092773	235.664078
2869.329102	238.890762
2868.565430	255.203522
2867.800781	238.797882
2867.036133	261.645416
2866.271484	238.704987
2865.506836	258.274292
2864.742188	261.492676
2863.977539	238.565628
2863.211914	238.519165
2862.447266	264.606689
2861.681641	238.426239
2860.916016	251.441666
2860.150391	235.068451
2859.383789	254.607834
2858.618164	238.240341
2857.851563	254.508514
2857.085938	247.934265
2856.319336	247.885880
2855.552734	260.881561
2854.786133	260.830597
2854.018555	247.740677
2853.251953	237.914948
2852.484375	290.003998
2851.716797	260.626801
2850.949219	218.232254
2850.181641	214.933014
2849.414063	237.682434
2848.646484	250.657059
2847.877930	198.533615
2847.109375	237.542892
2846.340820	227.736252
2845.572266	230.944382
2844.803711	263.420135
2844.035156	217.848022
2843.265625	253.564407
2842.497070	237.263748
2841.727539	227.468552
2840.958008	259.913055
2840.188477	250.117233
2839.418945	233.829956
2838.648438	237.031052
2837.878906	249.969955
2837.108398	223.955048
2836.337891	256.361938
2835.567383	236.844849
2834.796875	262.748779
2834.025391	207.563171
2833.254883	226.977570
2832.483398	226.932907
2831.711914	226.888260
2830.940430	217.121735
2830.168945	220.318985
2829.397461	226.754288
2828.625977	210.516083
2827.853516	226.664963
2827.081055	229.857727
2826.308594	236.286011
2825.536133	252.420212
2824.763672	223.250778
2823.991211	236.146255
2823.217773	210.225723
2822.445313	216.651443
2821.671875	252.171295
2820.898438	245.656860
2820.125000	268.230164
2819.350586	229.404572
2818.577148	206.746353
2817.802734	209.935257
2817.028320	245.414246
2816.253906	213.080750
2815.479492	245.317184
2814.705078	200.087585
2813.930664	183.915085
2813.155273	200.008392
2812.379883	190.292877
2811.604492	212.827850
2810.829102	199.889587
2810.053711	186.956436
2809.278320	183.696625
2808.501953	173.993881
2807.726563	186.845261
2806.950195	193.249878
2806.173828	186.771149
2805.397461	209.270966
2804.620117	189.915939
2803.843750	215.624435
2803.066406	202.711075
2802.290039	193.019806
2801.512695	176.899673
2800.735352	199.374542
2799.957031	183.259521
2799.179688	180.008636
2798.401367	160.690033
2797.624023	196.002838
2796.845703	186.326279
2796.067383	183.077316
2795.289063	176.618378
2794.509766	163.740784
2793.731445	218.277573
2792.952148	208.606110
2792.172852	186.103745
2791.393555	192.482727
2790.614258	202.066574
2789.834961	160.338318
2789.054688	192.367599
2788.275391	176.301773
2787.495117	179.471436
2786.714844	173.027191
2785.934570	195.417618
2785.153320	195.378586
2784.373047	204.946411
2783.591797	160.082382
2782.811523	204.864502
2782.030273	172.819855
2781.249023	166.385834
2780.466797	156.755295
2779.685547	166.319275
2778.904297	182.275024
2778.122070	201.421524
2777.339844	159.826340
2776.557617	159.794327
2775.775391	162.957565
2774.992188	194.870972
2774.209961	169.280182
2773.426758	153.279617
2772.643555	194.753784
2771.860352	172.370392
2771.077148	172.335815
2770.293945	165.919693
2769.509766	175.456757
2768.726563	153.095139
2767.942383	159.442078
2767.158203	165.786438
2766.374023	172.128250
2765.589844	181.654404
2764.804688	156.127640
2764.020508	184.766983
2763.235352	171.989822
2762.450195	143.296005
2761.665039	146.450882
2760.879883	159.153687
2760.093750	184.581100
2759.308594	197.271088
2758.522461	181.325592
2757.736328	187.650055
2756.950195	155.813553
2756.164063	162.140579
2755.376953	178.000809
2754.590820	190.676666
2753.803711	158.865158
2753.016602	171.539734
2752.229492	187.385193
2751.442383	171.470459
2750.654297	187.309494
2749.867188	168.227066
2749.079102	155.499252
2748.291016	184.023117
2747.502930	174.469391
2746.714844	161.747986
2745.926758	183.911453
2745.137695	152.171783
2744.349609	161.649780
2743.560547	171.123932
2742.771484	167.920944
2741.982422	164.719238
2741.192383	161.518814
2740.403320	193.150009
2739.613281	180.447830
2738.823242	180.411224
2738.033203	151.894424
2737.243164	148.699768
2736.453125	177.138214
2735.662109	208.727646
2734.872070	167.580582
2734.081055	192.836578
2733.290039	176.994308
2732.499023	173.798370
2731.708008	145.329071
2730.916016	154.775558
2730.125000	151.586029
2729.333008	173.656982
2728.541016	202.032440
2727.749023	160.961807
2726.956055	167.239975
2726.164063	154.586578
2725.371094	186.096924
2724.578125	189.212524
2723.786133	186.021042
2722.992188	170.221817
2722.199219	132.367737
2721.406250	132.340714
2720.612305	135.464035
2719.818359	163.783508
2719.024414	166.899094
2718.230469	144.826218
2717.436523	198.308411
2716.642578	157.355453
2715.847656	141.590942
2715.052734	176.166016
2714.257813	150.968552
2713.462891	169.804855
2712.667969	185.489532
2711.872070	150.875839
2711.077148	182.270950
2710.281250	188.517517
2709.485352	169.630997
2708.689453	163.314865
2707.893555	169.561432
2707.096680	172.666016
2706.300781	172.630585
2705.503906	172.595154
2704.707031	175.697159
2703.910156	141.156219
2703.112305	163.080338
2702.315430	156.775787
2701.517578	159.878418
2700.720703	166.113998
2699.922852	156.679077
2699.124023	159.779770
2698.326172	175.408340
2697.528320	162.845642
2696.729492	169.074112
2695.930664	143.996414
2695.131836	150.226166
2694.333008	168.969604
2693.534180	172.063171
2692.734375	147.005478
2691.935547	184.500717
2691.135742	165.703720
2690.335938	153.166153
2689.536133	153.134521
2688.736328	193.722015
2687.935547	174.938553
2687.134766	146.793076
2686.334961	165.498398
2685.534180	202.927750
2684.732422	168.551239
2683.931641	180.999054
2683.130859	193.441681
2682.329102	168.446579
2681.527344	180.886612
2680.725586	187.085297
2679.923828	168.341873
2679.121094	165.190170
2678.319336	171.388199
2677.516602	177.583633
2676.713867	186.891342
2675.911133	196.195160
2675.108398	161.905228
2674.305664	186.774918
2673.501953	136.939804
2672.698242	196.032135
2671.895508	205.324280
2671.091797	164.847321
2670.287109	174.142059
2669.483398	146.124512
2668.678711	180.286316
2667.875000	152.279129
2667.070313	173.997025
2666.265625	161.534973
2665.459961	180.136063
2664.655273	167.677902
2663.849609	189.374405
2663.043945	158.296371
2662.238281	161.366516
2661.432617	173.743027
2660.626953	192.318161
2659.821289	170.569168
2659.014648	161.231674
2658.208008	179.797714
2657.401367	173.561478
2656.594727	201.413132
2655.788086	173.488831
2655.012695	183.145660
2654.980469	173.452484
2654.208008	127.270714
2654.172852	157.932571
2653.402344	158.286835
2653.366211	198.148346
2652.596680	158.261292
2652.558594	182.629715
2651.791016	173.749054
2651.750000	188.780945
2650.985352	167.516647
2650.942383	179.458984
2650.178711	167.489548
2650.133789	157.767029
2649.373047	148.855484
2649.326172	173.198013
2648.566406	164.334625
2648.517578	170.069458
2647.759766	173.608414
2647.708984	154.576126
2646.953125	170.480560
2646.899414	176.179749
2646.146484	130.164001
2646.090820	169.962265
2645.339844	182.819687
2645.281250	154.478653
2644.533203	170.397369
2644.472656	191.513229
2643.726563	192.053009
2643.663086	157.501923
2642.918945	164.147552
2642.853516	166.731628
2642.111328	179.603851
2642.042969	194.479263
2641.303711	170.286163
2641.233398	206.783569
2640.496094	179.545120
2640.422852	178.968948
2639.688477	173.325516
2639.612305	178.931213
2638.880859	210.432220
2638.801758	160.387253
2638.073242	173.268692
2637.991211	178.855728
2637.264648	182.520981
2637.180664	181.901047
2636.456055	163.932587
2636.369141	206.521988
2635.648438	197.923767
2635.558594	160.251862
2634.839844	173.154785
2634.747070	184.866928
2634.031250	197.858582
2633.935547	175.586456
2633.221680	166.915649
2633.124023	200.187836
2632.413086	179.250198
2632.311523	169.353882
2631.604492	179.220581
2631.500000	193.946121
2630.794922	176.101456
2630.687500	166.204346
2629.985352	166.805359
2629.875000	215.404449
2629.175781	194.574020
2629.062500	187.669830
2628.366211	160.574158
2628.250000	187.630066
2627.556641	185.247131
2627.436523	196.816040
2626.747070	185.216385
2626.624023	199.848892
2625.937500	182.099182
2625.810547	162.919144
2625.126953	163.553406
2624.997070	193.617493
2624.316406	200.550980
2624.183594	165.922623
2623.505859	175.838486
2623.369141	190.463287
2622.695313	191.231033
2622.555664	181.208817
2621.884766	188.115265
2621.741211	202.665070
2621.074219	175.750473
2620.926758	196.481918
2620.263672	206.549362
2620.112305	211.787018
2619.452148	178.774017
2619.297852	190.260880
2618.640625	184.907684
2618.482422	223.969147
2617.830078	178.714142
2617.667969	190.179871
2617.018555	215.653305
2616.852539	193.206116
2616.206055	169.413452
2616.037109	223.826035
2615.394531	190.943085
2615.221680	190.058289
2614.583008	166.277313
2614.406250	159.369736
2613.770508	184.721481
2613.589844	196.105499
2612.958984	184.690384
2612.774414	196.063644
2612.146484	221.591110
2611.958008	208.273132
2611.333984	169.242447
2611.141602	202.104279
2610.521484	166.137268
2610.325195	183.691895
2609.708984	178.413589
2609.507813	208.139633
2608.895508	199.912460
2608.691406	208.095123
2608.083008	175.278198
2607.874023	186.633621
2607.269531	212.142944
2607.056641	174.358017
2606.456055	162.922775
2606.239258	195.728485
2605.642578	156.748154
2605.421875	192.628952
2604.829102	193.597214
2604.603516	177.302933
2604.015625	184.346985
2603.786133	207.827850
2603.202148	190.459518
2602.967773	186.393814
2602.387695	190.427124
2602.149414	192.463791
2601.574219	187.323822
2601.331055	180.205170
2600.759766	214.925140
2600.512695	158.790787
2599.945313	190.329819
2599.693359	210.657898
2599.130859	190.297348
2598.874023	198.403198
2598.316406	184.127289
2598.054688	219.722443
2597.500977	199.437134
2597.235352	204.419968
2596.686523	211.673996
2596.416016	189.124039
2595.871094	196.301697
2595.596680	213.481171
2595.055664	174.801270
2594.776367	189.042603
2594.240234	190.102127
2593.956055	198.147125
2593.424805	183.938248
2593.135742	188.961136
2592.609375	180.841568
2592.315430	210.250122
2591.793945	171.616760
2591.495117	170.600967
2590.977539	214.484070
2590.673828	191.884674
2590.162109	150.113022
2589.853516	182.707855
2589.345703	177.654221
2589.032227	207.024170
2588.529297	177.623627
2588.210938	197.847992
2587.712891	189.840790
2587.389648	179.546280
2586.896484	177.562363
2586.567383	155.167450
2586.079102	214.262421
2585.746094	164.259415
2585.262695	220.346130
2584.923828	170.306213
2584.445313	192.769531
2584.101563	188.512482
2583.627930	165.202454
2583.279297	182.391922
2582.810547	192.702820
2582.456055	191.470001
2581.993164	207.960663
2581.633789	176.235748
2581.175781	201.809189
2580.810547	188.349075
2580.358398	165.087967
2579.987305	221.717728
2579.540039	195.625839
2579.164063	185.230759
2578.722656	195.591858
2578.340820	203.405991
2577.904297	210.835815
2577.517578	206.397034
2577.085938	201.633957
2576.693359	166.902496
2576.267578	195.489807
2575.869141	197.205505
2575.449219	161.861786
2575.044922	209.295670
2574.629883	177.100891
2574.220703	212.282730
2573.811523	183.175873
2573.396484	209.204544
2572.992188	198.405884
2572.571289	178.846069
2572.172852	222.786148
2571.746094	169.715210
2571.353516	170.874573
2570.921875	181.798065
2570.534180	189.149475
2570.095703	187.817017
2569.714844	207.417953
2569.270508	218.062485
2568.894531	161.635681
2568.445313	190.763016
2568.075195	231.738846
2567.619141	190.721344
2567.254883	210.357574
2566.792969	163.439713
2566.434570	195.080032
2565.966797	196.689957
2565.614258	195.045776
2565.140625	199.672272
2564.793945	213.293839
2564.314453	181.480530
2563.973633	188.884186
2563.487305	208.656906
2563.152344	210.172836
2562.660156	163.260941
2562.332031	188.817703
2561.833984	208.565491
2561.510742	200.964081
2561.005859	184.343552
2560.689453	216.150513
2560.178711	199.409927
2559.868164	197.849365
2559.351563	202.386871
2559.046875	237.377335
2558.523438	172.142075
2558.224609	222.121613
2557.695313	190.220490
2557.403320	194.702332
2556.867188	190.178696
2556.581055	212.918015
2556.039063	190.136871
2555.758789	218.962631
2555.209961	220.268875
2554.937500	197.639603
2554.381836	199.103378
2554.114258	182.404236
2553.552734	205.091644
2553.291992	179.332367
2552.723633	211.077240
2552.469727	206.651474
2551.894531	198.971832
2551.646484	236.999329
2551.065430	195.913895
2550.824219	170.123138
2550.235352	210.937653
2550.000977	200.466629
2549.405273	180.763809
2549.177734	191.320480
2548.575195	213.856598
2548.354492	200.395325
2547.745117	192.729568
2547.530273	200.359634
2546.915039	210.751373
2546.707031	203.359146
2546.083984	228.765182
2545.882813	215.461578
2545.253906	195.611145
2545.059570	200.252502
2544.422852	207.602798
2544.235352	221.451874
2543.591797	198.532608
2543.411133	218.379272
2542.760742	192.473816
2542.586914	200.145233
2541.928711	219.491791
2541.761719	197.077484
2541.097656	201.406693
2540.937500	221.293579
2540.265625	198.356598
2540.112305	178.821686
2539.433594	219.345718
2539.287109	221.214325
2538.601563	216.292938
2538.461914	218.144897
2537.768555	216.244873
2537.636719	202.959534
2536.936523	234.213196
2536.811523	215.037933
2536.103516	204.140457
2535.986328	199.858521
2535.270508	192.089432
2535.160156	190.739777
2534.437500	219.053223
2534.333984	196.759628
2533.604492	219.004440
2533.507813	187.644669
2532.770508	218.955627
2532.681641	217.870712
2531.936523	194.917023
2531.855469	217.831497
2531.103516	218.857971
2531.029297	211.742462
2530.268555	212.814346
2530.203125	220.777328
2529.434570	170.812805
2529.375977	211.666107
2528.600586	245.675781
2528.548828	220.697678
2527.765625	197.694839
2527.721680	217.635117
2526.930664	230.592392
2526.894531	211.551468
2526.095703	206.588501
2526.067383	220.578079
2525.260742	233.482544
2525.240234	214.496048
2524.425781	194.525208
2524.412109	217.477753
2523.589844	191.489578
2523.583984	196.298523
2522.755859	235.515564
2522.753906	215.377472
2521.927734	208.302917
2521.917969	230.282562
2521.099609	229.393494
2521.082031	194.350739
2520.271484	214.262924
2520.246094	236.157852
2519.443359	211.206787
2519.409180	239.093460
2518.614258	229.268570
2518.572266	218.123718
2517.785156	205.097748
2517.735352	218.074661
2516.956055	220.138428
2516.898438	212.052277
2516.126953	220.098358
2516.061523	235.892365
2515.297852	217.043793
2515.223633	217.927383
2514.468750	204.948471
2514.386719	217.878250
2513.638672	207.924515
2513.548828	241.700806
2512.808594	207.886612
2512.710938	202.863525
2511.979492	231.947083
2511.872070	217.730789
2511.148438	207.810745
2511.034180	199.789963
2510.318359	228.851181
2510.195313	250.426331
2509.488281	252.894562
2509.356445	241.427933
2508.658203	240.807938
2508.517578	241.373306
2507.827148	252.802078
2507.678711	241.318649
2506.996094	207.620850
2506.838867	238.285431
2506.165039	228.641953
2506.000000	229.297745
2505.333984	201.529007
2505.160156	273.904022
2504.502930	219.536133
2504.320313	217.287582
2503.670898	213.482300
2503.479492	246.996918
2502.839844	228.474335
2502.639648	238.015244
2502.007813	219.415314
2501.798828	217.139557
2501.175781	192.328781
2500.958984	217.090179
2500.343750	219.334717
2500.117188	228.933441
2499.511719	240.322617
2499.276367	252.661209
2498.679688	210.243607
2498.435547	249.631851
2497.846680	234.228333
2497.593750	237.690445
2497.014648	216.170959
2496.751953	216.843079
2496.181641	261.158447
2495.910156	225.702942
2495.348633	237.100189
2495.068359	213.775024
2494.515625	237.056458
2494.226563	237.473557
2493.681641	231.012405
2493.383789	216.645111
2492.848633	263.965454
2492.541016	249.233261
2492.014648	251.920486
2491.698242	234.344330
2491.181641	236.881454
2490.855469	228.359268
2490.347656	212.854095
2490.012695	260.922241
2489.513672	227.801697
2489.168945	216.397263
2488.678711	218.769028
2488.325195	237.093307
2487.844727	257.680206
2487.481445	237.038910
2487.009766	227.675201
2486.637695	239.946808
2486.175781	245.604050
2485.793945	260.623077
2485.340820	209.623123
2484.949219	233.914673
2484.505859	230.542679
2484.104492	260.503265
2483.670898	236.486908
2483.259766	216.049576
2482.834961	218.485306
2482.415039	224.876541
2482.000000	227.421921
2481.570313	245.532272
2481.164063	263.281708
2480.724609	236.603058
2480.328125	203.407135
2479.878906	224.721069
2479.492188	269.165253
2479.033203	257.187134
2478.656250	230.242981
2478.187500	268.949707
2477.820313	200.304001
2477.341797	289.571228
2476.983398	260.047791
2476.495117	254.054794
2476.147461	245.056854
2475.649414	242.182251
2475.310547	227.083527
2474.802734	242.126205
2474.473633	274.839325
2473.955078	259.782593
2473.636719	244.919769
2473.108398	274.479340
2472.799805	232.928986
2472.260742	286.218536
2471.961914	235.871201
2471.414063	262.551941
2471.125000	259.708344
2470.566406	253.642990
2470.287109	265.628998
2469.717773	241.789474
2469.449219	235.738953
2468.870117	212.253601
2468.611328	232.711380
2468.021484	215.151520
2467.773438	247.582428
2467.173828	235.727631
2466.934570	265.430237
2466.325195	256.294098
2466.096680	256.435089
2465.475586	262.124847
2465.257813	238.499573
2464.626953	262.063751
2464.418945	265.281036
2463.777344	223.732559
2463.580078	253.310760
2462.928711	247.225647
2462.741211	241.344955
2462.079102	255.995331
2461.902344	271.089722
2461.228516	258.877289
2461.062500	262.103455
2460.378906	241.170166
2460.223633	256.098450
2459.528320	252.875381
2459.383789	226.277008
2458.677734	249.876450
2458.543945	226.234451
2457.827148	241.000809
2457.704102	211.310837
2456.976563	235.067627
2456.863281	241.027557
2456.125977	240.887802
2456.023438	232.056915
2455.274414	243.768234
2455.182617	237.962250
2454.422852	249.583527
2454.341797	226.021530
2453.571289	270.073975
2453.500977	252.739578
2452.719727	267.075592
2452.660156	231.881989
2451.867188	249.407501
2451.819336	246.699661
2451.015625	249.348785
2450.978516	213.964127
2450.163086	234.625916
2450.136719	252.548828
2449.310547	196.452881
2449.294922	213.883301
2448.458008	266.761139
2448.453125	225.723038
2447.611328	187.077133
2447.604492	199.290924
2446.769531	270.171417
2446.750977	234.404541
2445.926758	225.594955
2445.897461	225.561050
2445.084961	231.487839
2445.043945	213.793015
2444.242188	284.854156
2444.190430	190.318604
2443.399414	216.566803
2443.335938	248.819229
2442.556641	207.627441
2442.482422	213.641174
2441.713867	240.209045
2441.627930	254.553085
2440.870117	225.338577
2440.773438	222.315445
2440.027344	231.224640
2439.917969	213.489151
2439.183594	216.361465
2439.063477	254.371826
2438.339844	207.430496
2438.208008	233.849518
2437.496094	248.869308
2437.352539	233.793900
2436.652344	207.351669
2436.497070	210.364410
2435.807617	231.005066
2435.640625	251.208755
2434.963867	242.805283
2434.785156	227.786194
2434.119141	204.272888
2433.928711	233.571152
2433.274414	245.672775
2433.072266	224.758575
2432.429688	248.585342
2432.215820	250.969116
2431.584961	233.744049
2431.358398	245.074036
2430.740234	236.657715
2430.501953	230.431183
2429.894531	239.570251
2429.644531	212.879120
2429.048828	236.567459
2428.787109	221.574509
2428.203125	236.522324
2427.928711	230.265686
2427.357422	227.609283
2427.071289	206.898026
2426.511719	254.164413
2426.212891	253.462097
2425.666016	197.973984
2425.354492	259.226563
2424.819336	239.295944
2424.496094	256.252319
2423.973633	233.342789
2423.637695	232.900650
2423.126953	230.345016
2422.778320	224.112930
2422.280273	239.158676
2421.918945	244.427979
2421.432617	215.496826
2421.059570	238.550781
2420.585938	206.601227
2420.200195	244.310181
2419.739258	247.873978
2419.340820	212.265961
2418.891602	194.720810
2418.480469	212.214722
2418.043945	233.030243
2417.620117	232.507904
2417.196289	230.036377
2416.759766	209.206528
2416.348633	253.581192
2415.899414	246.920181
2415.500000	262.376709
2415.039063	246.860397
2414.652344	229.903976
2414.177734	211.958160
2413.803711	215.125229
2413.316406	226.420944
2412.955078	268.118286
2412.106445	253.337814
2411.257813	235.617783
2410.409180	223.793854
2409.559570	214.918533
2408.709961	241.368881
2407.861328	223.664673
2407.011719	214.794434
2406.161133	229.462173
2405.311523	250.006744
2404.460938	235.255096
2403.611328	258.730713
2402.760742	214.587479
2401.910156	208.668091
2401.059570	223.319901
2400.208008	214.463226
2399.357422	232.045502
2398.505859	214.380356
2397.654297	249.572708
2396.802734	255.395599
2395.951172	270.021271
2395.098633	214.214539
2394.247070	266.982880
2393.394531	222.931534
2392.541992	252.215759
2391.689453	214.048630
2390.836914	228.665161
2389.983398	240.344971
2389.130859	260.811615
2388.277344	231.462021
2387.423828	234.346420
2386.570313	234.300919
2385.716797	243.039993
2384.862305	228.354645
2384.008789	231.237320
2383.154297	234.118851
2382.299805	207.740067
2381.445313	274.982635
2380.590820	248.606125
2379.735352	248.557724
2378.880859	245.585678
2378.025391	254.307037
2377.169922	222.109985
2376.314453	248.364059
2375.458008	248.315628
2374.602539	248.267197
2373.746094	213.176102
2372.889648	265.688202
2372.033203	227.688293
2371.176758	213.051270
2370.320313	242.189056
2369.462891	242.141724
2368.606445	212.926392
2367.749023	256.628174
2366.891602	236.168381
2366.034180	268.188141
2365.175781	247.734024
2364.318359	247.685516
2363.459961	212.676483
2362.601563	233.024460
2361.743164	212.593140
2360.884766	247.491440
2360.026367	261.998383
2359.166992	244.483841
2358.307617	232.796066
2357.448242	247.297272
2356.588867	241.431107
2355.729492	235.567215
2354.870117	247.151596
2354.009766	232.567551
2353.149414	255.774017
2352.289063	255.723724
2351.428711	249.862671
2350.568359	264.337555
2349.707031	235.243164
2348.846680	243.907837
2347.985352	269.987640
2347.124023	240.909256
2346.262695	255.371521
2345.400391	264.025330
2344.539063	226.262802
2343.676758	261.020966
2342.814453	263.869141
2341.952148	246.422531
2341.089844	286.953125
2340.227539	286.896454
2339.364258	289.737183
2338.500977	260.711945
2337.638672	243.283051
2336.774414	275.087158
2335.911133	283.718018
2335.047852	246.033279
2334.183594	269.136078
2333.319336	257.509369
2332.455078	289.279083
2331.590820	277.652924
2330.726563	219.765030
2329.861328	245.741150
2328.997070	242.801941
2328.131836	265.873230
2327.266602	248.484375
2326.401367	274.434113
2325.535156	277.267853
2324.669922	248.336487
2323.803711	274.270721
2322.937500	251.124374
2322.071289	256.846313
2321.205078	276.992676
2320.338867	268.283325
2319.471680	279.766754
2318.604492	224.922348
2317.737305	259.474152
2316.870117	285.364777
2316.002930	279.544189
2315.134766	288.132507
2314.267578	265.029144
2313.399414	302.418640
2312.531250	244.766312
2311.663086	250.475601
2310.793945	284.967133
2309.925781	259.009369
2309.056641	210.043472
2308.187500	261.782776
2307.318359	227.216614
2306.449219	273.180634
2305.579102	301.876190
2304.709961	267.322662
2303.839844	287.386292
2302.969727	278.708984
2302.099609	249.926147
2301.228516	292.958282
2300.358398	284.284973
2299.487305	264.131165
2298.616211	266.948730
2297.745117	264.025452
2296.874023	266.841858
2296.002930	261.051025
2295.130859	255.262512
2294.258789	269.549072
2293.387695	269.495056
2292.514648	286.639404
2291.642578	272.252808
2290.770508	249.276245
2289.897461	260.684906
2289.024414	263.496704
2288.151367	274.897888
2287.278320	294.883301
2286.405273	266.200378
2285.531250	283.317657
2284.657227	263.232178
2283.783203	280.343140
2282.909180	268.846497
2282.035156	265.932922
2281.161133	277.315125
2280.286133	285.834351
2279.411133	254.341370
2278.536133	271.433319
2277.661133	248.525726
2276.786133	308.452545
2275.910156	248.425598
2275.035156	294.053802
2274.159180	282.577240
2273.283203	282.520264
2272.406250	242.518997
2271.530273	270.995972
2270.653320	288.053345
2269.777344	290.846649
2268.900391	256.577576
2268.022461	313.531494
2267.145508	270.722504
2266.268555	307.706573
2265.390625	333.281403
2264.512695	279.102356
2263.634766	264.808868
2262.756836	298.917297
2261.877930	287.471802
2261.000000	281.722260
2260.121094	250.369110
2259.242188	241.784836
2258.363281	270.175385
2257.483398	307.084534
2256.604492	315.550720
2255.724609	278.537872
2254.844727	306.897888
2253.964844	281.266022
2253.084961	261.325500
2252.204102	272.632172
2251.324219	295.291565
2250.443359	300.909180
2249.562500	272.466187
2248.681641	252.547562
2247.800781	295.051819
2246.918945	286.482483
2246.037109	289.260132
2245.155273	272.189484
2244.273438	297.646729
2243.391602	303.254517
2242.509766	306.026398
2241.626953	286.133118
2240.744141	303.069427
2239.861328	311.503265
2238.978516	311.439819
2238.095703	311.376404
2237.211914	328.293640
2236.328125	297.101807
2235.444336	308.357086
2234.560547	319.607788
2233.676758	305.403534
2232.791992	254.451035
2231.908203	299.625610
2231.023438	313.694855
2230.138672	313.630829
2229.253906	290.967377
2228.368164	299.380981
2227.483398	242.844391
2226.597656	321.844208
2225.711914	302.020111
2224.826172	333.000793
2223.940430	276.503418
2223.053711	327.222839
2222.166992	287.671539
2221.280273	281.973206
2220.393555	276.277161
2219.506836	276.220612
2218.620117	295.890015
2217.732422	298.646820
2216.844727	312.669861
2215.957031	301.340698
2215.069336	295.647552
2214.181641	306.847351
2213.292969	318.042572
2212.404297	289.837738
2211.515625	292.591614
2210.626953	289.718750
2209.738281	303.720398
2208.848633	314.904633
2207.959961	331.706360
2207.070313	306.343750
2206.180664	297.851044
2205.291016	289.361786
2204.400391	278.067261
2203.510742	283.626434
2202.620117	331.297333
2201.729492	322.808075
2200.838867	317.128754
2199.947266	303.034088
2199.056641	300.166382
2198.165039	325.346985
2197.273438	283.217896
2196.381836	277.552399
2195.489258	302.722015
2194.597656	302.659576
2193.705078	285.786224
2192.812500	296.932251
2191.919922	308.073639
2191.027344	294.009583
2190.134766	288.349854
2189.241211	321.877533
2188.347656	319.012695
2187.454102	293.766754
2186.560547	260.139648
2185.666992	310.425049
2184.772461	318.748993
2183.877930	293.523895
2182.983398	324.206909
2182.088867	307.373962
2181.194336	310.104065
2180.298828	307.246735
2179.404297	301.597931
2178.508789	298.743469
2177.613281	301.472992
2176.716797	320.946381
2175.821289	318.089569
2174.924805	276.178406
2174.028320	326.324951
2173.131836	309.526123
2172.235352	326.189545
2171.338867	328.909210
2170.441406	295.399475
2169.543945	325.986420
2168.646484	295.276764
2167.749023	306.355621
2166.851563	258.955902
2165.953125	350.770569
2165.054688	320.081146
2164.156250	317.231842
2163.257813	333.858765
2162.359375	311.536682
2161.459961	325.376801
2160.560547	350.332825
2159.662109	300.222748
2158.761719	311.277252
2157.862305	350.113922
2156.962891	305.591309
2156.062500	324.970245
2155.162109	338.787201
2154.261719	330.387451
2153.361328	299.784851
2152.459961	310.823120
2151.559570	360.701508
2150.658203	355.078094
2149.756836	324.495789
2148.855469	332.746643
2147.953125	307.726318
2147.051758	307.661987
2146.149414	340.851471
2145.247070	349.091888
2144.344727	329.628906
2143.441406	343.406982
2142.539063	329.490936
2141.635742	370.945740
2140.732422	332.120636
2139.829102	318.215607
2138.924805	331.981476
2138.021484	323.614105
2137.117188	345.669067
2136.212891	356.655670
2135.308594	359.345062
2134.404297	356.506042
2133.499023	367.483337
2132.593750	314.919586
2131.689453	336.948456
2130.783203	350.684113
2129.877930	281.592651
2128.972656	372.617798
2128.066406	344.943970
2127.160156	369.702148
2126.253906	328.248535
2125.347656	361.273193
2124.440430	352.925476
2123.534180	377.661011
2122.626953	336.240448
2121.719727	355.458069
2120.811523	349.873352
2119.904297	377.342896
2118.996094	357.987122
2118.087891	341.392639
2117.179688	360.588715
2116.271484	399.040710
2115.363281	319.165192
2114.454102	376.865509
2113.544922	360.284363
2112.635742	371.207001
2111.726563	393.121368
2110.817383	384.792725
2109.907227	340.744354
2108.997070	354.409088
2108.086914	346.093811
2107.176758	318.558624
2106.266602	348.692963
2105.355469	356.854248
2104.444336	356.778687
2103.533203	340.239868
2102.622070	340.167786
2101.710938	394.949829
2100.798828	334.539337
2099.886719	353.659210
2098.974609	375.511871
2098.062500	364.470673
2097.150391	386.311707
2096.237305	339.662994
2095.325195	372.454498
2094.412109	375.113434
2093.498047	364.083832
2092.584961	369.480225
2091.670898	339.302277
2090.757813	372.058807
2089.843750	388.390533
2088.929688	401.980682
2088.014648	360.885406
2087.100586	360.808563
2086.185547	385.327057
2085.270508	357.922607
2084.355469	333.261475
2083.439453	398.736084
2082.524414	384.998627
2081.608398	404.025818
2080.692383	360.270477
2079.776367	373.837250
2078.860352	371.029297
2077.943359	351.857025
2077.026367	316.330963
2076.109375	335.348236
2075.192383	362.534790
2074.275391	397.885437
2073.357422	381.452362
2072.439453	356.854034
2071.521484	400.353577
2070.603516	373.038757
2069.685547	332.123932
2068.766602	367.435455
2067.848633	410.895294
2066.929688	356.395660
2066.009766	405.279144
2065.090820	388.875732
2064.170898	358.885193
2063.251953	369.681152
2062.332031	388.625397
2061.411133	383.107788
2060.491211	412.906891
2059.570313	382.943176
2058.650391	391.006805
2057.729492	412.640656
2056.807617	396.266968
2055.886719	358.191650
2054.964844	401.522400
2054.043945	371.599487
2053.122070	371.519440
2052.199219	387.706818
2051.277344	417.440430
2050.354492	398.379974
2049.432617	387.456116
2048.509766	417.170410
2047.585938	436.038574
2046.663086	370.958954
2045.739258	370.878845
2044.815430	351.852814
2043.891602	395.072388
2042.967773	340.879181
2042.043945	408.425598
2041.119141	362.365509
2040.194336	397.434357
2039.269531	381.130035
2038.344727	394.559845
2037.418945	378.263092
2036.493164	397.090210
2035.568359	380.799896
2034.641602	402.318298
2033.715820	415.728729
2032.790039	418.337494
2031.863281	418.246704
2031.011719	394.235199
2030.936523	366.898071
2030.085938	386.134491
2030.009766	436.945465
2029.160156	386.069244
2029.083008	404.491241
2028.233398	369.807983
2028.155273	399.011292
2027.307617	394.035217
2027.227539	471.701294
2026.380859	383.174805
2026.299805	406.922333
2025.454102	364.224152
2025.372070	396.056732
2024.527344	369.557312
2024.444336	382.502167
2023.600586	377.585663
2023.515625	430.894531
2022.672852	355.948792
2022.586914	406.568146
2021.746094	393.633942
2021.658203	428.014923
2020.818359	361.218933
2020.729492	419.847656
2019.890625	382.718994
2019.800781	457.426544
2018.962891	417.685364
2018.871094	400.833466
2018.035156	439.168304
2017.941406	400.746033
2017.107422	406.767334
2017.011719	408.725525
2016.179688	387.844208
2016.082031	403.259491
2015.250977	368.927490
2015.152344	395.108002
2014.322266	414.635742
2014.221680	438.017242
2013.393555	366.109009
2013.291016	392.248718
2012.464844	409.110413
2012.360352	416.337402
2011.536133	390.202728
2011.429688	381.335358
2010.606445	408.969757
2010.498047	418.840149
2009.677734	427.730255
2009.566406	429.485626
2008.748047	408.828918
2008.635742	448.177490
2007.818359	411.447632
2007.703125	464.177979
2006.888672	387.177979
2006.771484	380.918091
2005.958008	427.435211
2005.839844	413.017822
2005.028320	405.858856
2004.907227	410.245911
2004.097656	386.977234
2003.974609	394.071381
2003.167969	403.031494
2003.041992	423.466797
2002.237305	413.707306
2002.108398	412.655518
2001.306641	432.437164
2001.175781	423.280884
2000.375000	448.474976
2000.242188	385.690247
1999.444336	416.176910
1999.308594	385.605469
1998.512695	426.842743
1998.375000	423.001892
1997.581055	426.768463
1997.440430	433.615448
1996.649414	421.326904
1996.506836	366.618805
1995.717773	418.570343
1995.572266	414.696411
1994.786133	399.718597
1994.637695	422.629730
1993.854492	405.013214
1993.703125	425.210938
1992.921875	399.578979
1992.767578	449.180511
1991.989258	420.959259
1991.832031	451.754608
1991.056641	407.481598
1990.896484	411.567291
1990.124023	418.131561
1989.960938	422.164215
1989.191406	415.378418
1989.025391	422.071045
1988.258789	426.023102
1988.089844	459.368347
1987.325195	452.737518
1987.153320	427.225006
1986.391602	401.767426
1986.216797	427.130646
1985.458008	407.052734
1985.280273	456.394989
1984.524414	420.368652
1984.342773	421.605072
1983.590820	398.878326
1983.406250	429.515228
1982.656250	471.075256
1982.468750	418.751373
1981.722656	412.118164
1981.531250	463.991150
1980.788086	465.557800
1980.593750	453.224304
1979.853516	449.424683
1979.655273	421.138702
1978.918945	446.670563
1978.717773	415.715698
1977.984375	443.917328
1977.779297	428.944824
1977.048828	403.732819
1976.840820	428.849701
1976.113281	475.839111
1975.901367	444.732971
1975.178711	441.008606
1974.962891	460.609161
1974.243164	459.636475
1974.023438	439.211792
1973.307617	448.867523
1973.083984	468.388489
1972.371094	456.801819
1972.144531	412.409576
1971.435547	419.328247
1971.205078	430.938721
1970.499023	443.287262
1970.264648	436.161926
1969.562500	421.848877
1969.324219	444.041687
1968.625977	464.484924
1968.383789	430.651154
1967.689453	448.388214
1967.443359	467.763763
1966.752930	400.275146
1966.502930	462.345245
1965.815430	426.883881
1965.561523	467.555359
1964.878906	456.150574
1964.620117	456.827240
1963.941406	440.066559
1963.678711	451.414612
1963.003906	442.654358
1962.737305	451.313904
1962.065430	439.908936
1961.794922	440.596375
1961.127930	405.176788
1960.852539	453.766022
1960.190430	471.733063
1959.910156	466.929718
1959.251953	431.678162
1958.967773	434.996368
1958.313477	471.563599
1958.025391	442.854584
1957.375000	487.461151
1957.082031	434.801849
1956.436523	463.404266
1956.139648	416.150085
1955.497070	457.995300
1955.196289	445.207428
1954.558594	447.263641
1954.251953	437.159393
1953.619141	473.801025
1953.308594	495.336304
1952.679688	452.424927
1952.364258	452.853088
1951.740234	441.699890
1951.419922	455.399200
1950.800781	454.921875
1950.475586	460.591217
1949.860352	465.479156
1949.531250	457.841370
1948.920898	502.626526
1948.585938	436.571472
1947.980469	507.853333
1947.641602	457.635773
1947.040039	502.444458
1946.696289	505.137543
1946.099609	473.115875
1945.750000	470.650635
1945.158203	430.510468
1944.804688	473.188293
1944.217773	459.659210
1943.858398	475.724731
1943.276367	456.919189
1942.913086	475.617676
1942.334961	475.428284
1941.965820	488.719208
1941.393555	520.485962
1941.019531	467.480072
1940.452148	446.049622
1940.073242	462.093628
1939.510742	485.786987
1939.125977	454.069641
1938.568359	440.578888
1938.178711	432.852448
1937.625977	469.688202
1937.231445	427.477264
1936.684570	464.296234
1936.283203	480.143829
1935.741211	485.432526
1935.335938	456.297363
1934.798828	509.213165
1934.387695	482.563873
1933.856445	450.783356
1933.439453	500.909332
1932.913086	477.212677
1932.491211	516.610657
1931.969727	445.316956
1931.541992	463.790314
1931.026367	524.741638
1930.593750	474.223633
1930.083008	495.498474
1929.644531	450.410431
1929.139648	487.459839
1928.695313	445.041626
1928.195313	474.126587
1927.745117	494.963654
1927.251953	418.425934
1926.795898	476.426086
1926.307617	481.895691
1925.845703	431.580963
1925.363281	471.217896
1924.895508	489.364868
1924.418945	444.663116
1923.945313	457.688995
1923.473633	481.629639
1922.994141	465.474396
1922.529297	492.124207
1922.042969	483.773010
1921.583984	478.806763
1921.092773	488.920197
1920.638672	478.718414
1920.140625	459.900940
1919.693359	468.052551
1919.189453	459.796265
1918.748047	502.336487
1918.238281	504.347321
1917.801758	486.383301
1917.286133	546.251770
1916.856445	518.008118
1916.333984	490.989441
1915.910156	504.700165
1915.380859	514.502625
1914.963867	541.593567
1914.428711	501.263153
1914.017578	470.174591
1913.475586	493.277313
1913.070313	504.419647
1912.522461	514.150391
1912.124023	501.685608
1911.569336	521.900818
1911.176758	551.751709
1910.616211	513.915466
1910.229492	498.859833
1909.662109	490.205170
1909.282227	490.850159
1908.708984	479.609772
1908.334961	459.097015
1907.754883	484.740448
1907.386719	498.581543
1906.799805	505.586395
1906.439453	456.288605
1905.845703	484.518402
1905.491211	537.951050
1904.890625	487.025787
1904.542969	450.845490
1903.935547	465.971558
1903.594727	471.849640
1902.980469	552.232788
1902.646484	477.032654
1902.025391	491.923889
1901.697266	476.943573
1901.069336	502.274963
1900.748047	490.027222
1900.113281	494.313324
1899.798828	518.910278
1899.157227	509.888580
1898.849609	479.309662
1898.201172	517.613953
1897.900391	489.752258
1897.245117	533.176514
1896.951172	515.986389
1896.288086	501.697693
1896.000977	486.936676
1895.331055	467.620850
1895.050781	463.161011
1894.374023	501.466553
1894.100586	499.909546
1893.416016	470.016510
1893.150391	484.032074
1892.458984	467.297516
1892.200195	473.420685
1891.500977	514.169617
1891.249023	491.739075
1890.542969	524.488525
1890.298828	465.355347
1889.584961	506.105804
1889.347656	488.925476
1888.625977	503.380646
1888.396484	567.677551
1887.666992	482.403564
1887.444336	501.879578
1886.708008	518.789734
1886.493164	525.429321
1885.749023	513.456909
1885.541016	525.330261
1884.790039	497.703339
1884.588867	491.091125
1883.830078	523.639771
1883.637695	483.121429
1882.870117	500.077240
1882.684570	496.156006
1881.910156	494.753326
1881.732422	517.059631
1880.950195	489.431793
1880.779297	514.337646
1879.989258	476.304382
1879.827148	508.993011
1879.028320	510.021729
1878.874023	542.997986
1878.067383	486.489288
1877.920898	527.159058
1877.106445	496.779938
1876.966797	492.970795
1876.145508	488.863342
1876.013672	540.067749
1875.183594	499.148499
1875.059570	547.828857
1874.221680	478.239258
1874.105469	513.655884
1873.259766	522.302673
1873.151367	500.457367
1872.296875	511.789246
1872.197266	468.925934
1871.334961	522.059143
1871.243164	547.412781
1870.372070	563.484558
1870.288086	497.553345
1869.409180	472.489594
1869.333008	489.604065
1868.445313	537.266479
1868.377930	523.541016
1867.482422	518.976746
1867.422852	526.058533
1866.518555	513.666809
1866.467773	497.174469
1865.554688	516.140320
1865.511719	546.787659
1864.590820	528.984802
1864.556641	544.067627
1863.625977	521.083496
1863.600586	543.963806
1862.662109	495.042938
1862.644531	465.418579
1861.697266	489.744385
1861.688477	548.984436
1860.731445	505.173279
1860.731445	486.150391
1859.774414	517.415955
1859.766602	520.594849
1858.818359	491.189850
1858.800781	512.704346
1857.861328	480.646973
1857.835938	515.172668
1856.903320	540.624268
1856.869141	535.757141
1855.946289	522.242188
1855.903320	491.642120
1854.988281	490.813538
1854.936523	527.744141
1854.031250	516.821472
1853.970703	514.687988
1853.073242	503.673737
1853.003906	553.353210
1852.115234	487.921783
1852.036133	532.541504
1851.156250	568.697937
1851.069336	563.430420
1850.198242	592.062500
1850.101563	516.786682
1849.239258	545.010010
1849.133789	539.914551
1848.280273	547.512329
1848.166016	555.283264
1847.321289	531.766724
1847.198242	531.913086
1846.362305	575.969727
1846.229492	585.998596
1845.402344	565.435974
1845.260742	557.470276
1844.443359	554.906189
1844.291992	554.757996
1843.483398	554.799194
1843.322266	552.046875
1842.523438	554.692139
1842.353516	575.127441
1841.563477	572.810852
1841.383789	572.412598
1840.602539	593.525696
1840.414063	587.743713
1839.642578	530.946716
1839.444336	587.604187
1838.681641	515.231018
1838.473633	553.968811
1837.720703	567.164856
1837.502930	517.773315
1836.759766	590.465637
1836.532227	569.157654
1835.797852	569.546021
1835.561523	589.620300
1834.836914	538.233765
1834.589844	574.034973
1833.875000	564.126038
1833.619141	571.324707
1832.913086	577.012451
1832.647461	594.344788
1831.951172	553.512695
1831.674805	578.769165
1830.989258	514.433105
1830.703125	570.915955
1830.026367	568.883728
1829.730469	524.500244
1829.063477	553.190430
1828.757813	580.925110
1828.100586	620.595459
1827.785156	603.914917
1827.137695	558.167725
1826.812500	549.816528
1826.174805	534.698547
1825.838867	621.606262
1825.211914	550.165222
1824.865234	631.729431
1824.248047	601.950439
1823.891602	536.584595
1823.284180	581.080383
1822.917969	628.859863
1822.320313	606.903198
1821.943359	603.047424
1821.356445	562.702209
1820.968750	597.771545
1820.391602	575.555481
1819.994141	520.680176
1819.427734	570.259033
1819.019531	584.662842
1818.462891	585.697205
1818.043945	605.031799
1817.498047	575.218567
1817.069336	584.381592
1816.533203	541.428833
1816.093750	573.991028
1815.567383	518.012451
1815.117188	578.976440
1814.602539	554.164978
1814.141602	578.836914
1813.636719	538.522278
1813.165039	599.182129
1812.670898	608.307617
1812.188477	586.237610
1811.705078	595.248352
1811.211914	570.739807
1810.739258	610.656921
1810.234375	565.484436
1809.772461	574.318970
1809.257813	580.696533
1808.805664	581.966003
1808.280273	565.210938
1807.838867	574.093811
1807.301758	605.984497
1806.872070	602.421753
1806.324219	562.380981
1805.905273	597.133545
1805.345703	572.467346
1804.937500	586.678345
1804.367188	534.002930
1803.970703	589.147095
1803.388672	600.288208
1803.002930	601.948669
1802.410156	592.481079
1802.035156	591.498474
1801.430664	602.549866
1801.066406	604.294434
1800.451172	551.352234
1800.098633	580.938049
1799.471680	566.529724
1799.129883	565.335083
1798.491211	589.353699
1798.161133	580.709351
1797.511719	573.906006
1797.192383	585.755798
1796.531250	558.465698
1796.223633	601.119812
1795.550781	571.076782
1795.253906	593.263123
1794.569336	560.742126
1794.285156	652.460693
1793.588867	570.798035
1793.315430	564.666809
1792.607422	580.848938
1792.345703	613.535034
1791.625977	555.237305
1791.375000	615.991272
1790.643555	539.823486
1790.405273	587.524109
1789.662109	557.511353
1789.434570	615.747864
1788.679688	598.096252
1788.464844	618.201965
1787.697266	597.949707
1787.493164	597.477051
1786.714844	592.715393
1786.522461	599.933655
1785.731445	600.199585
1785.551758	641.003906
1784.748047	602.594788
1784.580078	607.417542
1783.764648	610.072632
1783.608398	615.017090
1782.781250	615.005371
1782.636719	589.167358
1781.796875	591.987610
1781.665039	666.218750
1780.812500	609.622498
1780.693359	624.938416
1779.828125	604.393433
1779.720703	611.958191
1778.843750	614.399780
1778.748047	642.685608
1777.858398	596.480774
1777.775391	647.698486
1776.873047	654.698120
1776.802734	616.733154
1775.887695	568.279663
1775.830078	614.041443
1774.902344	580.820923
1774.856445	619.056763
1773.916016	669.427063
1773.882813	631.774597
1772.930664	616.024719
1772.909180	639.351929
1771.943359	610.803284
1771.935547	644.359009
1770.960938	675.030640
1770.957031	600.516663
1769.987305	672.330017
1769.970703	635.832520
1769.012695	613.186523
1768.983398	633.142212
1768.038086	692.583069
1767.996094	670.964111
1767.063477	656.540466
1767.007813	622.702515
1766.087891	628.204407
1766.020508	625.078430
1765.113281	666.532837
1765.032227	642.633301
1764.137695	735.602844
1764.043945	642.473328
1763.162109	684.204712
1763.054688	584.151062
1762.186523	635.389038
1762.066406	639.625061
1761.209961	645.508240
1761.077148	654.630676
1760.234375	653.062256
1760.087891	656.994202
1759.257813	596.600281
1759.098633	659.356384
1758.281250	711.681152
1758.108398	654.140320
1757.304688	696.181763
1757.118164	659.026733
1756.327148	678.129517
1756.127930	666.434937
1755.350586	649.850586
1755.137695	663.744324
1754.373047	685.531738
1754.146484	613.115784
1753.395508	616.343445
1753.155273	648.276672
1752.417969	708.269348
1751.439453	651.886108
1750.461914	621.084473
1749.483398	692.510742
1748.504883	717.920532
1747.526367	666.689026
1746.546875	676.770508
1745.568359	661.314453
1744.588867	673.945618
1743.609375	699.333191
1742.629883	637.949341
1741.649414	627.615784
1740.669922	658.098694
1739.689453	645.214844
1738.708984	698.629456
1737.728516	652.602539
1736.747070	667.763245
1735.766602	726.237183
1734.785156	713.352234
1733.803711	708.113953
1732.822266	667.224426
1731.839844	684.912720
1730.857422	715.321899
1729.875977	717.722412
1728.893555	674.319153
1727.910156	742.873108
1726.927734	712.199951
1725.944336	699.340576
1724.960938	788.187927
1723.977539	727.019714
1722.994141	711.623352
1722.009766	744.512146
1721.026367	744.361206
1720.041992	728.970459
1719.057617	672.954712
1718.073242	751.525208
1717.087891	774.218445
1716.102539	807.054016
1715.117188	682.557983
1714.131836	781.357422
1713.146484	760.907776
1712.160156	770.896484
1711.174805	775.810364
1710.188477	803.535461
1709.202148	821.112061
1708.214844	744.931519
1707.228516	787.845337
1706.241211	810.479614
1705.253906	734.347473
1704.266602	797.490723
1703.278320	723.923340
1702.291016	802.226929
1701.302734	794.472778
1700.314453	769.014099
1699.326172	806.794189
1698.336914	788.929077
1697.348633	839.330017
1696.359375	793.661987
1695.370117	831.405823
1694.380859	795.864075
1693.390625	826.013794
1692.401367	843.523438
1691.411133	795.375793
1690.420898	797.737427
1689.429688	802.622070
1688.439453	782.270020
1687.448242	782.109802
1686.457031	802.128845
1685.465820	849.880493
1684.474609	779.107483
1683.482422	786.510254
1682.491211	778.787842
1681.499023	743.350342
1680.506836	748.236389
1679.513672	811.052612
1678.521484	778.148376
1677.528320	780.506226
1676.535156	782.863037
1675.541992	848.136963
1674.547852	807.703186
1673.554688	810.052734
1672.560547	835.037720
1671.566406	744.338196
1670.572266	754.241516
1669.577148	819.440308
1668.582031	826.810791
1667.587891	819.102600
1666.592773	788.788940
1665.596680	823.787964
1664.601563	770.886414
1663.605469	780.769409
1662.609375	845.868103
1661.613281	825.617676
1660.617188	770.250061
1659.620117	810.226013
1658.623047	810.058594
1657.625977	855.024414
1656.628906	804.709961
1655.631836	802.037170
1654.633789	831.941406
1653.635742	806.716003
1652.637695	824.082703
1651.639648	846.450684
1650.641602	808.718811
1649.642578	821.067566
1648.643555	860.941223
1647.644531	870.771606
1646.645508	848.075806
1645.645508	885.417603
1644.645508	860.227356
1643.645508	840.047668
1642.645508	854.871094
1641.645508	822.205261
1640.644531	884.499146
1639.644531	896.805725
1638.643555	851.663513
1637.641602	913.912231
1636.640625	866.288513
1635.638672	861.116394
1634.636719	878.405579
1633.634766	880.717773
1632.632813	880.534485
1631.630859	880.351135
1630.627930	930.035706
1629.625000	889.955994
1628.622070	914.694092
1627.618164	946.897339
1626.615234	849.538635
1625.611328	986.355225
1624.607422	916.421753
1623.603516	886.353516
1622.598633	923.507080
1621.594727	925.803040
1620.589844	940.538879
1619.584961	990.096008
1618.580078	935.171692
1617.574219	917.569824
1616.568359	942.239197
1615.562500	976.840576
1614.556641	986.576599
1613.550781	939.163574
1612.543945	998.584045
1611.538086	983.473938
1610.531250	1052.791992
1609.523438	975.614685
1608.516602	965.482483
1607.508789	962.798767
1606.500977	1032.062744
1605.493164	969.836365
1604.485352	999.391541
1603.476563	984.305786
1602.468750	989.056946
1601.459961	964.066223
1600.450195	983.686218
1599.441406	1033.025269
1598.431641	1074.913208
1597.422852	970.685425
1596.413086	997.714355
1595.402344	972.752686
1594.392578	1046.788452
1593.381836	994.611084
1592.371094	954.823669
1591.360352	979.353943
1590.349609	996.455994
1589.337891	1055.576050
1588.326172	939.190735
1587.314453	990.884644
1586.302734	1005.498962
1585.291016	970.707153
1584.278320	1022.361511
1583.265625	967.829041
1582.252930	1056.488403
1581.240234	955.081238
1580.226563	945.010193
1579.213867	967.012573
1578.200195	1045.731567
1577.185547	1020.852478
1576.171875	1010.775635
1575.157227	1005.632507
1574.142578	980.777344
1573.127930	987.961304
1572.113281	960.656982
1571.098633	994.931641
1570.083008	906.082642
1569.067383	977.279114
1568.051758	989.377930
1567.035156	962.101746
1566.019531	949.597534
1565.002930	954.315552
1563.986328	976.244873
1562.969727	980.955078
1561.952148	936.502930
1560.934570	919.101929
1559.916992	995.073059
1558.899414	965.384644
1557.881836	994.650940
1556.863281	977.251953
1555.845703	952.495667
1554.827148	927.749756
1553.807617	961.906555
1552.789063	1000.955322
1551.769531	973.761841
1550.750000	956.388916
1549.730469	963.540833
1548.710938	1041.775513
1547.690430	1007.243896
1546.669922	948.224976
1545.649414	979.868896
1544.628906	969.863708
1543.607422	918.236023
1542.586914	962.106384
1541.565430	1008.405579
1540.543945	988.614136
1539.521484	954.151855
1538.500000	944.164368
1537.477539	990.427490
1536.455078	936.426697
1535.432617	926.449097
1534.409180	926.251404
1533.385742	901.619568
1532.362305	884.326782
1531.338867	908.561646
1530.315430	949.878967
1529.291016	893.525513
1528.266602	907.979370
1527.242188	946.829773
1526.217773	968.585144
1525.193359	992.770386
1524.167969	936.467468
1523.142578	1006.974731
1522.117188	933.629028
1521.090820	987.046448
1520.065430	964.905396
1519.039063	950.082031
1518.012695	976.669922
1516.985352	978.895691
1515.958984	949.471313
1514.931641	1066.100708
1513.904297	1000.167603
1512.876953	948.860535
1511.848633	955.954285
1510.821289	970.340698
1509.792969	950.681091
1508.764648	972.354919
1507.735352	1001.310425
1506.707031	979.226685
1505.677734	940.147095
1504.648438	971.519409
1503.619141	1024.732544
1502.588867	944.396301
1501.559570	1012.155579
1500.529297	965.830322
1499.499023	992.310486
1498.467773	992.096863
1497.437500	1084.038574
1496.406250	996.518799
1495.375000	952.670349
1494.342773	964.582886
1493.311523	1000.720764
1492.279297	1017.462708
1491.247070	983.335144
1490.214844	1021.866760
1489.182617	968.385071
1488.149414	1026.266602
1487.116211	1016.365417
1486.083008	1008.887695
1485.049805	1054.628418
1484.015625	1071.328979
1482.981445	1102.529175
1481.947266	1085.369751
1480.913086	1034.382568
1479.877930	1092.149048
1478.843750	1070.171143
1477.808594	1123.074341
1476.773438	1166.295654
1475.737305	1098.446411
1474.702148	1088.553955
1473.666016	1078.665649
1472.629883	1131.509155
1471.592773	1017.896301
1470.556641	1140.664917
1469.519531	1084.963867
1468.482422	1087.139038
1467.445313	1106.183105
1466.407227	1055.344360
1465.369141	1079.204590
1464.331055	1030.802002
1463.292969	1049.841309
1462.254883	1042.391113
1461.215820	1013.282410
1460.176758	1073.220215
1459.137695	996.001343
1458.098633	1005.405823
1457.058594	1043.663208
1456.019531	1156.434937
1454.979492	1060.035034
1453.938477	987.708740
1452.898438	1037.949585
1451.857422	1095.374756
1450.816406	999.071533
1449.775391	1042.073486
1448.734375	1068.252563
1447.692383	1063.219604
1446.650391	1034.193481
1445.608398	1089.144775
1444.566406	1088.907104
1443.523438	1112.648926
1442.480469	1110.008545
1441.437500	1085.797119
1440.394531	1040.028687
1439.350586	1106.885498
1438.307617	1092.271484
1437.263672	1118.375610
1436.218750	1072.639648
1435.174805	1144.217896
1434.129883	1151.147217
1433.084961	1107.826416
1432.040039	1181.741821
1430.995117	1207.791382
1429.949219	1229.047119
1428.903320	1255.074707
1427.857422	1211.777954
1426.811523	1161.331299
1425.764648	1287.696167
1424.718750	1261.140015
1423.671875	1258.475342
1422.624023	1320.273438
1421.577148	1238.827271
1420.529297	1281.510986
1419.481445	1243.055054
1418.433594	1238.011230
1417.385742	1242.508911
1416.336914	1237.467163
1415.288086	1258.649292
1414.239258	1229.773071
1413.189453	1236.650879
1412.140625	1284.023315
1411.090820	1202.762695
1410.041016	1364.418335
1408.990234	1240.323608
1407.940430	1287.652954
1406.889648	1323.063354
1405.838867	1232.366455
1404.788086	1253.501831
1403.736328	1196.152466
1402.685547	1219.663696
1401.633789	1171.854858
1400.581055	1242.890015
1399.529297	1197.472778
1398.476563	1194.832886
1397.423828	1232.567139
1396.371094	1180.058838
1395.318359	1179.797974
1394.264648	1165.297241
1393.210938	1160.293823
1392.157227	1167.153931
1391.102539	1155.036987
1390.048828	1183.235840
1388.994141	1154.525635
1387.939453	1159.010132
1386.884766	1229.842529
1385.829102	1203.509766
1384.773438	1193.768555
1383.717773	1214.816406
1382.662109	1233.487305
1381.605469	1188.240356
1380.549805	1223.473877
1379.493164	1213.738403
1378.435547	1308.086426
1377.378906	1262.862427
1376.321289	1283.861328
1375.263672	1302.486816
1374.206055	1278.563843
1373.147461	1280.642334
1372.089844	1303.980225
1371.031250	1211.581543
1369.972656	1251.452759
1368.913086	1229.927734
1367.854492	1156.488281
1366.794922	1177.467407
1365.734375	1170.127563
1364.674805	1165.149536
1363.614258	1160.173584
1362.554688	1157.557251
1361.493164	1183.226196
1360.432617	1135.832031
1359.372070	1177.985962
1358.310547	1097.637695
1357.249023	1168.040039
1356.186523	1167.779053
1355.125000	1115.732910
1354.062500	1087.243286
1353.000000	1098.764160
1351.937500	1119.688843
1350.874023	1138.252319
1349.810547	1126.241333
1348.747070	1161.249756
1347.683594	1170.390259
1346.619141	1193.624512
1345.555664	1214.499023
1344.491211	1270.593140
1343.425781	1218.650513
1342.361328	1246.547607
1341.295898	1173.510132
1340.230469	1220.176514
1339.165039	1259.783936
1338.098633	1193.828491
1337.033203	1233.423706
1335.966797	1197.980713
1334.899414	1324.279541
1333.833008	1302.891602
1332.765625	1251.056763
1331.698242	1290.593872
1330.630859	1330.112915
1329.563477	1350.884277
1328.495117	1345.898560
1327.426758	1317.513184
1326.358398	1340.612427
1325.289063	1337.970947
1324.220703	1363.393555
1323.151367	1241.506958
1322.082031	1383.815796
1321.011719	1278.338257
1319.942383	1345.807129
1318.872070	1289.440308
1317.800781	1305.496704
1316.730469	1302.866577
1315.659180	1328.249756
1314.587891	1304.610962
1313.516602	1264.649414
1312.445313	1280.692505
1311.373047	1215.099487
1311.369141	1282.210693
1310.300781	1268.453613
1310.296875	1331.167725
1309.228516	1268.166138
1309.224609	1256.342041
1308.156250	1181.644165
1308.151367	1214.169312
1307.083008	1134.773438
1307.079102	1197.641846
1306.009766	1125.197632
1306.005859	1118.220215
1304.936523	1178.510864
1304.932617	1173.920776
1303.863281	1187.557373
1303.858398	1199.327026
1302.789063	1105.807129
1302.785156	1119.947144
1301.714844	1124.175781
1301.710938	1156.993164
1300.640625	1163.478516
1300.636719	1086.959106
1299.566406	1160.887451
1299.562500	1133.305786
1298.491211	1128.060913
1298.488281	1102.854614
1297.416016	1044.090820
1297.414063	1079.393066
1296.340820	1115.923218
1296.338867	1083.850098
1295.264648	1111.020508
1295.263672	1088.305298
1294.189453	1143.300415
1294.188477	1122.983887
1293.113281	1115.160889
1293.113281	1129.754517
1292.037109	1171.385254
1292.037109	1103.293091
1290.961914	1078.222778
1290.959961	1135.552246
1289.885742	1126.817383
1289.883789	1232.802979
1288.809570	1187.008545
1288.806641	1174.493408
1287.732422	1154.278198
1287.729492	1176.545898
1286.656250	1226.052490
1286.651367	1183.237427
1285.579102	1181.718140
1285.574219	1180.647583
1284.501953	1207.036499
1284.496094	1147.911621
1283.424805	1183.608521
1283.416992	1198.655884
1282.347656	1208.916870
1282.338867	1221.561279
1281.270508	1150.697388
1281.259766	1123.950073
1280.192383	1169.043457
1280.180664	1121.375977
1279.114258	1094.618286
1279.101563	1074.791992
1278.036133	1152.385132
1278.022461	1144.020874
1276.958008	1089.581177
1276.942383	1118.290405
1275.878906	1059.249634
1275.862305	1111.089844
1274.800781	1035.881348
1274.782227	1036.779419
1273.721680	1021.789307
1273.702148	1052.737671
1272.642578	1072.565918
1272.621094	1040.930176
1271.562500	1007.517090
1271.540039	1031.440674
1270.483398	970.280457
1270.458984	1021.955444
1269.403320	986.308777
1269.376953	1067.952393
1268.323242	1020.849792
1268.295898	1081.573364
1267.243164	1087.779907
1267.213867	988.903870
1266.163086	992.705261
1266.130859	981.746521
1265.082031	1052.674805
1265.048828	1006.924744
1264.000977	964.580750
1263.965820	1029.782349
1262.920898	1049.972778
1262.882813	1038.778809
1261.838867	1093.711914
1261.799805	1015.460999
1260.757813	1042.648438
1260.715820	1001.383057
1259.676758	1021.652222
1259.632813	1005.765869
1258.594727	1069.993774
1258.548828	1044.740601
1257.512695	1106.764282
1257.463867	989.161926
1256.430664	1055.735474
1256.379883	1030.427490
1255.347656	988.557434
1255.294922	1053.236328
1254.265625	1043.796265
1254.209961	1085.251099
1253.182617	1029.748779
1253.125000	1085.000488
1252.099609	1068.800049
1252.039063	1105.477417
1251.016602	1063.984741
1250.953125	1105.221924
1249.932617	1135.320557
1249.867188	1047.416016
1248.849609	1114.344360
1248.781250	1047.173706
1247.765625	1093.375854
1247.694336	1049.232300
1246.681641	1127.765381
1246.607422	1088.096436
1245.597656	1102.190063
1245.520508	1106.243408
1244.512695	1099.678101
1244.433594	1138.177979
1243.428711	1145.571533
1243.345703	1105.730713
1242.343750	1087.743042
1242.257813	1068.701782
1241.258789	1096.755371
1241.169922	1121.302124
1240.173828	1124.193359
1240.082031	1059.017090
1239.087891	1126.285278
1238.993164	1090.924805
1238.001953	1121.467773
1237.904297	1058.525269
1236.916016	1098.232910
1236.815430	1042.210083
1235.830078	1111.837646
1235.726563	1085.574341
1234.744141	1132.341675
1234.636719	1046.314575
1233.658203	1051.590454
1233.546875	1087.363525
1232.571289	1062.895142
1232.457031	1151.327881
1231.484375	1037.392090
1231.366211	1040.998413
1230.397461	1110.788574
1230.276367	1004.077271
1229.309570	1071.489746
1229.185547	1031.345825
1228.222656	1036.803467
1228.094727	994.443970
1227.134766	1034.308594
1227.002930	1019.410950
1226.046875	997.344055
1225.911133	1046.656494
1224.958984	1015.535583
1224.819336	998.327637
1223.870117	1045.205811
1223.727539	1014.118958
1222.782227	1012.853210
1222.634766	1036.768799
1221.693359	982.809021
1221.542969	1070.848633
1220.604492	1044.609863
1220.449219	1040.859497
1219.515625	1081.137573
1219.356445	1029.180664
1218.425781	1057.981934
1218.263672	1035.799438
1217.335938	1089.903809
1217.169922	1033.270996
1216.246094	1091.989990
1216.076172	1092.451172
1215.156250	1096.368896
1214.981445	1044.211792
1214.066406	1139.730713
1213.887695	1112.498779
1212.975586	1102.828369
1212.792969	1123.657227
1211.885742	1189.726563
1211.697266	1093.710449
1210.794922	1180.331299
1210.602539	1157.371826
1209.704102	1253.432251
1209.506836	1159.382324
1208.612305	1173.006104
1208.411133	1136.292969
1207.521484	1220.883545
1207.315430	1181.649536
1206.429688	1167.975952
1206.219727	1039.972046
1205.337891	1174.620850
1205.123047	1071.648926
1204.245117	1174.395264
1204.026367	1105.590332
1203.153320	1121.526367
1202.929688	1103.051147
1202.060547	1109.868774
1201.832031	1070.892456
1200.967773	1059.320313
1200.734375	1107.087524
1199.875000	1123.166504
1199.636719	1074.942749
1198.782227	1090.931030
1198.539063	1074.689331
1197.688477	1097.580566
1197.440430	1092.646606
1196.595703	1099.655029
1196.341797	1069.630615
1195.501953	1131.443115
1195.243164	1078.479248
1194.407227	1044.383057
1194.144531	1123.719238
1193.313477	1099.017822
1193.044922	1121.179443
1192.218750	1101.089600
1191.945313	1073.167603
1191.124023	1233.347168
1190.845703	1152.473022
1190.029297	1169.169312
1189.745117	1168.108521
1188.934570	1136.979492
1188.645508	1140.567383
1187.839844	1152.737549
1187.544922	1117.582275
1186.744141	1079.483276
1186.443359	1037.833496
1185.648438	1081.555542
1185.342773	1030.776245
1184.552734	1063.094849
1184.241211	1014.642517
1183.456055	1012.708923
1183.139648	969.014709
1182.360352	985.146790
1182.038086	948.365356
1181.263672	941.635315
1180.935547	932.262207
1180.166992	973.365540
1179.833008	870.811829
1179.070313	941.268494
1178.730469	891.009644
1177.972656	906.905151
1177.627930	806.931335
1176.875977	920.397522
1176.524414	876.989136
1175.778320	890.606873
1175.420898	881.311584
1174.679688	844.886475
1174.317383	858.451294
1173.582031	931.242737
1173.212891	883.156372
1172.484375	858.214844
1172.109375	869.362122
1171.385742	926.326538
1171.004883	835.203491
1170.287109	837.399048
1169.899414	850.844421
1169.188477	910.038086
1168.794922	859.690735
1168.088867	914.409058
1167.689453	834.605652
1166.989258	868.745667
1166.583984	904.505432
1165.890625	893.586548
1165.477539	906.549988
1164.790039	879.771240
1164.372070	849.828674
1163.690430	902.327087
1163.265625	829.288574
1162.590820	861.246216
1162.159180	795.203613
1161.490234	845.173035
1161.051758	822.115906
1160.389648	892.708740
1159.944336	846.757202
1159.289063	865.280090
1158.836914	839.781799
1158.187500	874.192139
1157.729492	821.524963
1157.085938	883.100586
1156.622070	828.097046
1155.985352	860.229065
1155.513672	818.874878
1154.882813	853.251465
1154.405273	841.231384
1153.781250	871.233704
1153.295898	822.991150
1152.679688	848.377747
1152.187500	881.403259
1151.577148	875.425354
1151.078125	838.371277
1150.474609	866.182251
1149.967773	820.144409
1149.372070	856.942688
1148.858398	851.483398
1148.268555	897.571777
1147.748047	862.538635
1147.165039	845.272644
1146.637695	855.576294
1146.062500	831.510925
1145.527344	875.628784
1144.958008	881.181519
1144.416016	900.172363
1143.854492	871.947510
1143.305664	868.456726
1142.750977	883.096130
1142.193359	839.005554
1141.646484	869.337341
1141.082031	863.539734
1140.541992	880.481873
1139.969727	917.289246
1139.436523	887.095825
1138.857422	883.351746
1138.332031	911.807373
1137.745117	874.149353
1137.226563	884.480713
1136.632813	939.089966
1136.121094	911.444397
1135.519531	914.155701
1135.015625	904.479187
1134.406250	873.514526
1133.910156	940.470825
1133.292969	882.282776
1132.803711	886.036194
1132.178711	895.535522
1131.697266	908.457825
1131.064453	955.903687
1130.590820	928.610962
1129.950195	897.344238
1129.484375	930.684448
1128.835938	910.583252
1128.377930	937.273926
1127.720703	874.485596
1127.270508	909.989990
1126.605469	923.591003
1126.163086	887.232056
1125.490234	894.230957
1125.055664	961.539978
1124.374023	891.772705
1123.947266	929.753845
1123.257813	922.916809
1122.839844	911.517700
1122.141602	951.806030
1121.731445	985.775696
1121.025391	902.316101
1120.623047	940.471436
1119.908203	888.665344
1119.513672	953.811951
1118.791016	946.634033
1118.405273	876.970154
1117.673828	903.893127
1117.295898	953.428894
1116.556641	914.856445
1116.186523	948.730286
1115.438477	950.413086
1115.077148	966.564026
1114.320313	923.352112
1113.966797	932.580444
1113.202148	898.539307
1112.857422	923.384094
1112.083008	929.604126
1111.747070	947.966919
1110.963867	920.440186
1110.636719	830.710999
1109.844727	866.609924
1109.525391	900.318176
1108.724609	890.960266
1108.415039	875.382874
1107.605469	868.417358
1107.303711	845.957764
1106.485352	805.711426
1106.192383	857.034119
1105.364258	769.812134
1105.081055	895.093689
1104.244141	829.854370
1103.968750	804.971863
1103.123047	856.413330
1102.856445	784.576538
1102.001953	831.676025
1101.744141	804.646423
1100.879883	829.242249
1100.631836	811.225098
1099.758789	791.151917
1099.519531	797.580627
1098.636719	788.729004
1098.406250	858.067871
1097.513672	826.402100
1097.292969	833.190247
1096.391602	817.290466
1096.179688	788.114563
1095.268555	823.768005
1095.066406	763.260986
1094.145508	747.885742
1093.952148	803.505798
1093.021484	787.756409
1092.837891	785.390930
1091.898438	780.887512
1091.723633	812.153625
1090.774414	780.694397
1090.609375	798.530212
1089.650391	753.817444
1089.494141	816.308777
1088.525391	798.092834
1088.378906	809.416321
1087.400391	762.334351
1087.263672	827.185181
1086.275391	791.031433
1086.148438	784.433289
1085.150391	753.070679
1085.033203	793.236633
1084.024414	790.639038
1083.916992	788.594360
1082.898438	794.883484
1082.800781	797.393127
1081.772461	836.862122
1081.684570	763.639343
1080.645508	814.461731
1080.568359	839.607971
1079.518555	832.008728
1079.451172	832.721130
1078.391602	780.784546
1078.333984	756.457703
1077.264648	800.548462
1077.216797	758.540710
1076.136719	764.876526
1076.099609	715.880310
1075.008789	793.500122
1074.981445	764.940613
1073.880859	775.574829
1073.863281	782.673828
1072.751953	755.442932
1072.745117	766.863403
1071.626953	782.353455
1071.623047	777.402588
1070.508789	822.420288
1070.494141	828.136597
1069.389648	782.032898
1069.365234	803.578735
1068.270508	752.831604
1068.235352	761.327698
1067.151367	770.544922
1067.105469	798.751526
1066.031250	772.619812
1065.975586	814.035950
1064.912109	743.438110
1064.844727	776.236511
1063.791992	790.159302
1063.713867	787.096680
1062.670898	803.386719
1062.583008	809.003174
1061.550781	767.522827
1061.452148	764.603455
1060.429688	791.902832
1060.320313	815.224915
1059.309570	820.733276
1059.188477	795.141602
1058.188477	842.862305
1058.056641	817.023376
1057.066406	815.936707
1056.923828	794.741699
1055.945313	871.490540
1055.791016	812.198181
1054.823242	795.544800
1054.658203	840.678223
1053.701172	844.395874
1053.524414	809.583069
1052.579102	775.169312
1052.391602	778.503479
1051.456055	864.090881
1051.257813	864.295654
1050.333008	841.646790
1050.123047	839.830444
1049.209961	790.272217
1048.989258	777.914063
1048.086914	807.914246
1047.854492	784.326965
1046.963867	763.243347
1046.718750	806.154724
1045.839844	809.805054
1045.583984	827.971252
1044.715820	847.450317
1044.448242	834.366089
1043.591797	809.470032
1043.312500	809.944397
1042.466797	842.652832
1042.175781	838.343994
1041.342773	864.707336
1041.040039	800.734436
1040.217773	800.077515
1039.903320	815.926025
1039.092773	837.685303
1038.765625	817.917542
1037.966797	821.960999
1037.628906	791.331970
1036.841797	815.127380
1036.491211	762.562134
1035.715820	892.679077
1035.352539	815.096741
1034.589844	836.990417
1034.214844	799.513977
1033.463867	834.596924
1033.076172	792.722595
1032.336914	843.300415
1031.937500	840.818176
1031.209961	871.968872
1030.798828	818.655884
1030.083008	858.477905
1029.659180	800.893127
1028.956055	856.081482
1028.519531	778.751892
1027.828125	833.729736
1027.379883	791.711548
1026.701172	835.773071
1026.239258	830.974976
1025.573242	877.711487
1025.098633	819.802429
1024.444336	908.552368
1023.958008	799.869751
1023.316406	886.207886
1022.817383	812.810059
1022.187500	870.517700
1021.675781	795.079285
1021.058594	863.692383
1020.534180	886.844421
1019.929688	832.514343
1019.391602	816.563110
1018.799805	843.408936
1018.250000	761.638062
1017.670898	854.298889
1017.107422	842.400269
1016.541016	836.418457
1015.963867	835.621216
1015.411133	856.154236
1014.821289	815.723877
1014.280273	851.551636
1013.677734	835.191101
1013.150391	849.162231
1012.534180	852.462341
1012.019531	829.086548
1011.389648	830.390259
1010.888672	848.806946
1010.245117	858.576782
1009.756836	859.679138
1009.100586	834.329956
1008.625977	848.451538
1007.956055	851.582825
1007.494141	830.601440
1006.810547	888.473389
1006.362305	865.764709
1005.665039	877.331543
1005.229492	905.329407
1004.519531	888.013794
1004.097656	860.986389
1003.373047	815.801331
1002.964844	847.562561
1002.226563	848.300781
1001.832031	834.144287
1001.080078	856.801453
1000.698242	878.094543
999.932617	815.166931
999.565430	822.765015
998.786133	843.282593
998.431641	890.957703
997.637695	829.992737
997.297852	903.999695
996.490234	825.421204
996.164063	850.903687
995.341797	873.107605
995.029297	921.251099
994.193359	892.471191
993.894531	852.749207
993.044922	820.424377
992.759766	856.975769
991.895508	791.927368
991.625000	876.618347
990.746094	828.696777
990.489258	814.775024
989.596680	821.957031
989.354492	814.603394
988.218750	871.661987
987.082031	803.256409
985.946289	820.688904
984.809570	818.315979
983.672852	886.321838
982.536133	828.964722
981.398438	809.004211
980.261719	824.218628
979.124023	903.152710
977.985352	876.597900
976.847656	898.377686
975.708984	858.658569
974.570313	915.562256
973.431641	908.783020
972.291992	906.395874
971.153320	877.679260
970.013672	936.723999
968.874023	916.786011
967.733398	999.918030
966.592773	971.205505
965.453125	992.918091
964.311523	990.515930
963.170898	1010.023987
962.029297	1011.999939
960.887695	1013.974854
959.746094	976.537048
958.604492	967.573059
957.461914	934.538025
956.319336	925.586548
955.176758	918.826477
954.033203	883.635376
952.890625	920.621887
951.747070	859.209778
950.603516	874.327393
949.458984	830.433899
948.314453	897.988281
947.169922	849.739441
946.025391	832.086426
944.880859	825.358337
943.735352	857.927368
942.589844	792.267456
941.444336	827.011597
940.298828	866.104004
939.152344	850.650696
938.005859	900.624634
936.859375	865.548340
935.711914	852.284546
934.565430	852.102112
933.417969	886.780762
932.269531	906.195984
931.122070	879.867126
929.973633	864.436523
928.825195	905.613342
927.676758	927.183960
926.528320	918.280945
925.378906	968.121582
924.229492	946.162842
923.080078	1028.595215
921.929688	910.970032
920.780273	984.679565
919.629883	908.405273
918.478516	927.764648
917.328125	905.842285
916.176758	896.960144
915.025391	890.253052
913.874023	848.814636
912.721680	944.130066
911.570313	861.468689
910.417969	852.605164
909.264648	893.632629
908.112305	878.260132
906.958984	852.053772
905.805664	893.054565
904.652344	905.864685
903.498047	936.002502
902.344727	892.476318
901.189453	885.786377
900.035156	911.578186
898.880859	941.688416
897.725586	947.977844
896.570313	980.230835
895.414063	986.508972
894.258789	1010.087708
893.102539	1020.681396
891.946289	1057.214355
890.790039	1080.762085
889.632813	1166.970215
888.475586	1307.155640
887.318359	1354.394897
886.161133	1511.755859
885.002930	1494.154541
883.844727	1431.227661
882.686523	1389.910400
881.528320	1344.295410
880.369141	1244.767334
879.209961	1164.693848
878.050781	1173.066406
876.890625	1088.731201
875.731445	1028.142456
874.571289	950.340088
873.410156	984.605347
872.250000	969.312927
871.088867	938.952209
869.927734	895.685974
868.766602	927.780273
867.605469	910.361023
866.443359	920.921143
865.281250	879.847351
864.118164	931.273499
862.956055	845.059326
861.792969	943.766235
860.629883	902.722900
859.466797	917.567993
858.302734	792.760376
857.138672	861.321167
855.974609	843.953369
854.810547	882.414917
853.645508	918.713013
852.480469	884.175293
851.315430	860.380554
850.150391	890.224060
848.984375	875.016785
847.818359	979.890137
846.652344	941.088867
845.486328	893.731506
844.319336	970.675598
843.152344	916.905396
841.985352	1051.640015
840.817383	1019.289063
839.649414	1049.038086
838.481445	1166.531494
837.313477	1275.413330
836.144531	1418.479004
834.976563	1567.898926
833.807617	1843.427246
832.637695	2341.194336
831.468750	2845.155518
830.298828	3261.272461
829.128906	3531.912598
827.958008	3518.319092
826.788086	3487.645508
825.617188	3083.314453
824.445313	2694.104492
823.274414	2339.214600
822.102539	2012.220581
820.930664	1745.105103
819.758789	1533.562622
818.586914	1420.205566
817.414063	1334.613770
816.241211	1276.769165
815.068359	1208.294678
813.894531	1171.808716
812.720703	1152.379395
811.546875	1086.106934
810.373047	1070.963135
809.198242	1104.785645
808.023438	1055.592896
806.848633	983.016602
805.673828	950.890381
804.498047	1014.484314
803.322266	1029.144409
802.146484	948.134155
800.969727	958.551453
799.793945	939.215149
798.617188	896.518311
797.439453	951.543396
796.262695	921.603638
795.084961	936.260864
793.907227	940.298645
792.728516	969.799744
791.550781	975.949768
790.372070	969.369934
789.193359	1066.706787
788.013672	1064.349976
786.834961	1081.071899
785.655273	1063.877808
784.474609	1137.800049
783.294922	1010.447144
782.114258	1050.462280
780.933594	967.650513
779.752930	967.435547
778.571289	992.618042
777.389648	952.193665
776.208008	951.981995
775.026367	960.230469
773.843750	966.360596
772.661133	902.722473
771.478516	887.726135
770.295898	931.904907
769.112305	876.767456
767.928711	901.918823
766.745117	960.846924
765.560547	985.968201
764.375977	992.080872
763.191406	1000.301086
762.006836	1031.726074
760.821289	1039.933472
759.636719	1147.256836
758.450195	1212.362915
757.264648	1336.463501
756.078125	1374.100342
754.891602	1352.723022
753.705078	1325.035400
752.518555	1213.115845
751.331055	1212.844727
750.143555	1172.575439
748.955078	1155.475708
747.767578	1121.549683
746.579102	1072.912598
745.390625	1060.052734
744.201172	1129.208130
743.012695	1070.089844
741.823242	1067.748291
740.632813	1061.204956
739.443359	949.618164
738.252930	949.405334
737.062500	911.392761
735.872070	944.780579
734.680664	940.370605
733.489258	933.863953
732.297852	910.575256
731.106445	952.323425
729.914063	1004.538574
728.721680	956.089172
727.529297	953.778198
726.335938	957.755371
725.142578	1005.731445
723.949219	957.324890
722.755859	1009.467896
721.561523	963.175903
720.367188	1034.134521
719.172852	939.720459
717.978516	937.416443
716.783203	895.365906
715.587891	934.902832
714.392578	949.329468
713.196289	926.119385
712.000000	942.631409
710.803711	946.598145
709.607422	961.008789
708.410156	902.309021
707.212891	937.604980
706.015625	933.217957
704.818359	953.879944
703.620117	941.143860
702.421875	936.758667
701.223633	990.779175
700.024414	988.469971
698.825195	952.803101
697.625977	1031.796387
696.426758	1112.837646
695.226563	966.741394
694.026367	1041.511475
692.826172	1010.037598
691.625000	1078.517578
690.423828	1057.457397
689.222656	1057.217896
688.021484	1059.059082
686.819336	1062.979492
685.617188	1066.898071
684.415039	1072.893921
683.211914	1014.444824
682.009766	1072.407349
680.806641	1061.774902
679.602539	1049.069824
678.399414	1055.062378
677.195313	1094.274902
675.991211	1139.697266
674.786133	1060.570190
673.581055	1045.804199
672.375977	1039.342896
671.170898	1076.439819
669.965820	1128.034790
668.759766	1140.217041
667.553711	1086.068726
666.346680	1038.161499
665.140625	1089.717773
663.933594	1072.899780
662.725586	1056.089355
661.518555	1074.481445
660.310547	1101.144287
659.102539	1049.159668
657.893555	1077.884766
656.685547	1102.459839
655.476563	1135.295288
654.267578	1097.821899
653.057617	1089.303467
651.847656	1062.190063
650.637695	1076.409912
649.427734	1061.704956
648.216797	1003.639587
647.005859	1019.927307
645.794922	984.603516
644.583984	978.187317
643.372070	1010.975098
642.160156	990.116394
640.947266	975.453979
639.735352	1039.146484
638.522461	993.559387
637.309570	985.088440
636.095703	966.319397
634.881836	992.876831
633.667969	982.352112
632.454102	988.303833
631.239258	967.492249
630.024414	1014.604858
628.809570	1002.026855
627.594727	952.427002
626.378906	948.095215
625.163086	1040.403564
623.947266	1021.663635
622.730469	1023.484131
621.513672	1070.507446
620.296875	1037.393555
619.079102	1088.499268
617.862305	1082.089111
616.643555	1059.259033
615.425781	1104.167114
614.207031	1062.875366
612.989258	1091.350464
611.769531	988.552246
610.550781	1014.980591
609.331055	979.896851
608.111328	1043.206177
606.891602	999.935669
605.670898	1007.899414
604.450195	1024.051758
603.229492	1040.196533
602.007813	986.730347
600.787109	986.502625
599.564453	969.905090
598.342773	992.184265
597.120117	1022.634033
595.897461	934.471497
594.674805	956.743042
593.452148	929.951782
592.228516	968.560852
591.004883	921.349976
589.780273	927.264038
588.556641	894.378052
587.332031	922.751770
586.106445	914.374023
584.881836	887.635132
583.656250	926.190735
582.430664	913.738464
581.204102	960.426453
579.978516	962.242310
578.751953	927.370117
577.524414	939.381104
576.297852	928.976868
575.070313	924.687683
573.842773	930.581726
572.614258	930.365540
571.385742	869.089233
570.157227	915.689087
568.928711	956.163940
567.699219	925.432800
566.469727	986.220825
565.240234	951.430786
564.009766	910.559326
562.780273	938.795654
561.548828	944.671631
560.318359	907.892151
559.086914	913.772339
557.855469	905.438782
556.624023	884.931030
555.391602	949.658569
554.160156	914.948853
552.926758	910.678833
551.694336	965.215820
550.460938	873.762329
549.227539	962.738159
547.994141	962.513184
546.759766	925.822571
545.525391	935.733093
544.291016	945.638855
543.055664	939.344238
541.821289	987.699829
540.584961	957.116089
539.349609	912.385376
538.113281	889.923523
536.876953	954.421570
535.640625	980.478760
534.403320	962.058716
533.166016	986.080994
531.928711	941.405579
530.691406	916.948181
529.453125	936.925293
528.214844	914.498901
526.975586	920.338989
525.737305	928.194031
524.498047	919.906494
523.257813	929.774597
522.018555	909.392029
520.778320	963.607849
519.538086	985.550964
518.296875	943.004639
517.055664	1011.275391
515.814453	966.728760
514.573242	1016.839600
513.331055	954.194824
512.088867	1016.360291
510.846680	983.926697
509.603516	1007.834351
508.360352	1023.685852
507.117188	1015.401428
505.874023	1071.447876
504.629883	1028.990112
503.385742	1002.626526
502.140625	984.310364
500.896484	1022.235779
499.651367	1044.080322
498.405273	1017.737488
497.160156	1027.531128
495.914063	1041.332886
494.667969	998.961365
493.420898	1030.812256
492.173828	1088.712891
490.926758	1026.314697
489.679688	1038.095581
488.431641	1071.910156
487.183594	1105.708374
485.935547	1117.461670
484.686523	1087.164185
483.437500	1148.957764
482.188477	1128.672852
480.939453	1176.421875
479.689453	1242.150146
478.439453	1317.845825
477.188477	1239.560059
475.937500	1225.273315
474.686523	1262.950073
473.435547	1316.591675
472.183594	1256.356445
470.931641	1353.905640
469.679688	1385.525879
468.426758	1504.953125
467.173828	1466.679932
465.920898	1508.225098
464.667969	1591.635376
463.414063	1694.946167
462.160156	1848.046875
460.905273	2052.894775
459.651367	2104.212402
458.396484	2436.397949
457.140625	2553.323975
455.885742	2733.911865
454.629883	2763.118164
453.373047	2742.554199
452.117188	2501.135742
450.860352	2321.500488
449.603516	2094.219482
448.345703	1849.151978
447.087891	1661.849731
445.830078	1568.044067
444.572266	1488.191528
443.313477	1388.512817
442.054688	1396.123169
440.795898	1356.078247
439.536133	1365.677246
438.276367	1343.519165
437.016602	1363.036377
435.755859	1334.938599
434.495117	1419.889893
433.234375	1419.547974
431.972656	1395.420532
430.710938	1470.387085
429.449219	1477.957397
428.187500	1358.759033
426.924805	1386.154419
425.662109	1304.650391
424.399414	1205.372192
423.135742	1248.614502
421.872070	1248.312744
420.607422	1226.255005
419.343750	1166.637939
418.079102	1180.193848
416.814453	1213.507080
415.548828	1122.321167
414.283203	1183.288086
413.017578	1194.851196
411.750977	1125.454834
410.484375	1150.843994
409.217773	1128.856201
407.951172	1154.231934
406.683594	1138.171265
405.416016	1151.699585
404.147461	1123.817383
402.879883	1125.515503
401.611328	1178.449585
400.341797	1195.894531
399.072266	1168.027954
397.802734	1150.020874
396.533203	1216.677856
395.263672	1186.857788
393.993164	1214.117554
392.721680	1213.821655
391.451172	1252.862061
390.179688	1221.095093
388.908203	1309.260742
387.635742	1224.429932
386.363281	1180.903198
385.090820	1210.081055
383.817383	1368.864258
382.544922	1305.698975
381.270508	1299.490723
379.997070	1273.660278
378.722656	1308.664795
377.448242	1292.652100
376.173828	1345.283936
374.898438	1317.506226
373.623047	1330.903931
372.347656	1328.617920
371.071289	1353.760620
369.794922	1326.007202
368.517578	1329.597900
367.241211	1372.340454
365.963867	1377.874878
364.686523	1283.613159
363.408203	1394.803467
362.129883	1384.681519
360.851563	1355.011353
359.572266	1383.999756
358.292969	1381.704468
357.013672	1426.302124
355.733398	1334.142700
354.453125	1378.729736
353.172852	1399.865845
351.892578	1399.520264
350.611328	1367.951660
349.330078	1363.711792
348.047852	1339.969116
346.765625	1425.437012
345.483398	1372.447876
344.201172	1389.649292
342.917969	1389.305176
341.634766	1396.753174
340.350586	1411.987671
339.066406	1335.701172
337.782227	1372.355347
336.498047	1366.176392
335.212891	1326.924561
333.927734	1322.704712
332.642578	1372.937378
331.356445	1318.158936
330.070313	1329.493286
328.783203	1325.276123
327.497070	1392.942017
326.209961	1373.172607
324.921875	1355.354614
323.634766	1370.546997
322.346680	1362.442139
321.057617	1400.908569
319.768555	1355.942749
318.479492	1359.482910
317.190430	1423.125854
315.900391	1475.106445
314.610352	1468.923950
313.320313	1462.744263
312.029297	1433.324341
310.738281	1510.423096
309.447266	1542.956055
308.155273	1527.085571
306.863281	1575.077393
305.571289	1688.817749
304.278320	1732.876221
302.985352	1776.912354
301.692383	1818.993042
300.398438	1822.401001
299.104492	1881.837158
297.810547	1950.900879
296.515625	1967.789795
295.220703	2059.963867
293.925781	2165.602051
292.629883	2224.875000
291.333984	2318.842773
290.038086	2374.189209
288.741211	2529.772705
287.444336	2573.470947
286.147461	2669.181396
284.849609	2707.041260
283.551758	2781.479980
282.253906	2846.251709
280.955078	2882.111328
279.656250	2971.845703
278.357422	2903.743164
277.057617	2862.607422
275.757813	2909.964355
274.458008	2907.303223
273.157227	2987.303467
271.856445	3053.809326
270.554688	3172.157471
269.253906	3248.186035
267.952148	3406.751221
266.649414	3373.246338
265.346680	3554.730957
264.043945	3715.014160
262.741211	3863.704590
261.437500	3968.206055
260.133789	3997.873047
258.830078	4081.198975
257.525391	4239.223633
256.220703	4402.915039
254.915039	4424.775391
253.609375	4540.458984
252.303711	4725.004395
250.998047	4917.110840
249.691406	4931.160156
248.384766	5098.243652
247.077148	5087.374023
245.769531	5384.350098
244.461914	5382.968750
243.154297	5358.653809
241.845703	5353.456055
240.536133	5327.249023
239.227539	5192.207031
237.917969	5022.869629
236.608398	4958.592285
235.297852	4768.410645
233.987305	4635.555176
232.676758	4521.838379
231.365234	4228.954102
230.053711	4206.895020
228.742188	4076.223389
227.429688	4018.015137
226.117188	3893.172119
224.803711	3949.291016
223.491211	3893.061768
222.177734	3914.892334
220.863281	3780.688477
219.548828	3796.828613
218.234375	3858.601074
216.919922	3650.365479
215.604492	3731.149658
214.289063	3553.457764
212.972656	3527.837646
211.656250	3599.092041
210.339844	3512.711426
209.022461	3481.424805
207.705078	3378.038330
206.387695	3305.061523
205.069336	3397.142334
203.750977	3443.663330
202.432617	3387.786377
201.113281	3280.764893
199.793945	3382.227051
198.474609	3326.407959
197.154297	3270.617188
195.833984	3366.320313
194.513672	3293.511475
193.192383	3245.340332
191.871094	3407.187012
190.548828	3451.685303
189.226563	3568.011230
187.904297	3568.964600
186.581055	3645.510498
185.257813	3697.453613
183.934570	3764.479736
182.610352	3738.940186
181.286133	3871.993408
179.961914	3937.030762
178.636719	3969.956055
177.311523	4074.545166
175.985352	4101.757813
174.660156	4040.342529
173.333008	4222.106934
172.006836	4237.950195
170.679688	4300.880371
169.352539	4403.327637
168.024414	4456.764160
166.696289	4487.583496
165.368164	4497.684570
164.039063	4541.644531
162.709961	4722.883789
161.380859	4828.810547
160.050781	4867.004395
158.720703	5121.305176
157.389648	5243.948242
156.058594	5291.389648
154.727539	5430.820801
153.395508	5722.243652
152.063477	5788.284668
150.731445	5888.063965
149.398438	6068.450684
148.065430	6198.104980
146.732422	6374.560547
145.398438	6385.975586
144.064453	6504.193359
142.729492	6517.437988
141.395508	6570.003906
140.059570	6557.007324
138.724609	6648.840332
137.388672	6626.470215
136.051758	6491.858887
134.715820	6572.408691
133.378906	6596.818359
132.041016	6755.806152
130.703125	6696.052246
129.365234	6692.378906
128.026367	6750.344727
126.687500	6688.768555
125.348633	6602.955078
124.008789	6666.492188
122.668945	6763.577637
121.329102	6618.119141
119.988281	6653.623535
118.647461	6758.086426
117.306641	6782.347656
115.964844	6614.675293
114.622070	6923.964844
113.280273	6752.617188
111.937500	6959.300781
110.593750	6856.899902
109.250000	6853.173340
107.906250	6691.325684
106.562500	6458.894531
105.217773	6128.048828
103.873047	5763.924316
102.527344	5368.407715
101.181641	4789.191895
99.834961	4238.148926
98.489258	3728.254150
