#Wave		#Intensity
3199.989258	46.101078
3199.284180	31.916132
3198.579102	42.548248
3197.874023	38.996510
3197.168945	35.445866
3196.463867	38.984394
3195.757813	28.347876
3195.052734	53.143990
3194.346680	31.881422
3193.640625	38.960102
3192.934570	24.788921
3192.228516	35.407207
3191.522461	42.482002
3190.816406	49.554573
3190.109375	38.929634
3189.403320	49.539032
3188.696289	42.455357
3187.990234	42.448685
3187.283203	49.515671
3186.576172	53.044147
3185.869141	21.214315
3185.162109	45.957096
3184.455078	21.207619
3183.747070	56.544708
3183.040039	45.935307
3182.332031	52.993885
3181.624023	35.323654
3180.916016	21.190832
3180.208008	31.781200
3179.500000	56.490932
3178.791992	60.012066
3178.083984	52.943394
3177.375977	31.760975
3176.666992	42.341213
3175.958008	24.695097
3175.250000	59.964226
3174.541016	21.160461
3173.832031	56.418865
3173.123047	21.153685
3172.413086	31.725441
3171.704102	28.195868
3170.995117	28.191339
3170.285156	38.756859
3169.575195	49.318977
3168.865234	45.788822
3168.155273	31.694845
3167.445313	45.774059
3166.735352	17.602566
3166.025391	35.199444
3165.315430	56.310005
3164.604492	42.225670
3163.893555	31.664124
3163.183594	31.658993
3162.472656	28.136763
3161.761719	52.747864
3161.050781	24.611671
3160.338867	42.184574
3159.627930	49.207329
3158.916992	56.227787
3158.205078	42.163967
3157.493164	35.130909
3156.782227	52.687759
3156.070313	38.631378
3155.358398	35.113689
3154.645508	52.661919
3153.933594	35.102196
3153.221680	63.173595
3152.508789	31.581615
3151.795898	45.610401
3151.083984	35.079163
3150.371094	49.102753
3149.658203	45.587910
3148.945313	35.061848
3148.231445	56.089714
3147.518555	38.555317
3146.804688	24.531153
3146.091797	42.046459
3145.377930	49.046097
3144.664063	70.054260
3143.950195	42.025600
3143.236328	38.517086
3142.522461	42.011673
3141.808594	38.504311
3141.093750	41.997730
3140.379883	62.986126
3139.665039	48.981064
3138.950195	55.969044
3138.235352	48.964760
3137.520508	52.453503
3136.805664	45.452122
3136.089844	38.453068
3135.375000	59.417545
3134.659180	59.407619
3133.944336	24.457870
3133.228516	73.361328
3132.512695	48.899364
3131.796875	34.922264
3131.081055	27.933126
3130.364258	62.838985
3129.648438	24.433279
3128.932617	34.898819
3128.215820	41.871540
3127.499023	41.864494
3126.782227	38.369324
3126.065430	52.312988
3125.348633	48.817223
3124.631836	55.781696
3123.914063	31.371906
3123.197266	34.851784
3122.479492	31.361303
3121.761719	34.839996
3121.043945	55.734554
3120.326172	66.173569
3119.608398	59.197895
3118.890625	41.779659
3118.171875	38.291519
3117.454102	45.245930
3116.735352	45.238235
3116.016602	59.147633
3115.298828	48.701523
3114.579102	52.171318
3113.860352	59.117416
3113.141602	55.630432
3112.422852	52.144630
3111.703125	55.611443
3110.983398	27.800970
3110.264648	62.541489
3109.544922	52.108994
3108.825195	52.100071
3108.104492	45.145660
3107.384766	86.803703
3106.665039	45.130184
3105.944336	62.477222
3105.224609	58.996132
3104.503906	48.576702
3103.783203	31.222511
3103.062500	55.497139
3102.341797	38.147713
3101.620117	45.075897
3100.899414	69.335579
3100.177734	58.925079
3099.457031	48.518166
3098.735352	55.439754
3098.013672	58.894566
3097.291992	38.101662
3096.570313	38.095070
3095.847656	55.401421
3095.125977	51.929836
3094.403320	44.998062
3093.680664	44.990261
3092.958984	51.902832
3092.236328	48.434235
3091.513672	55.343800
3090.790039	69.167725
3090.067383	48.408989
3089.343750	51.857750
3088.621094	62.218468
3087.897461	48.383713
3087.173828	58.741413
3086.450195	55.276394
3085.726563	58.720924
3085.002930	69.071381
3084.278320	48.341518
3083.554688	65.594879
3082.830078	69.035172
3082.105469	65.571938
3081.381836	51.758259
3080.657227	58.649086
3079.931641	68.986832
3079.207031	48.282314
3078.482422	68.962631
3077.756836	68.950531
3077.031250	37.916130
3076.306641	58.587357
3075.581055	72.359894
3074.854492	68.902061
3074.128906	51.667450
3073.403320	75.765587
3072.676758	61.979103
3071.951172	82.624237
3071.224609	65.399315
3070.498047	68.829231
3069.771484	55.053665
3069.044922	65.364677
3068.318359	72.232399
3067.590820	58.463509
3066.864258	41.261059
3066.136719	58.442818
3065.409180	58.432468
3064.682617	68.731895
3063.954102	54.975769
3063.226563	75.578270
3062.499023	41.217197
3061.771484	68.683128
3061.042969	34.335464
3060.314453	68.658722
3059.585938	65.214188
3058.857422	65.202583
3058.128906	58.328770
3057.400391	78.901344
3056.671875	48.018345
3055.942383	72.014679
3055.212891	58.287197
3054.484375	71.988983
3053.754883	75.403572
3053.025391	51.402340
3052.295898	85.655258
3051.565430	65.086357
3050.835938	71.924683
3050.105469	82.184929
3049.375000	71.898941
3048.645508	75.309204
3047.915039	68.450645
3047.184570	75.282211
3046.453125	65.004791
3045.722656	82.096581
3044.991211	64.981453
3044.260742	54.711395
3043.529297	68.376953
3042.797852	71.782890
3042.066406	47.846653
3041.334961	71.757065
3040.602539	58.078594
3039.871094	68.315453
3039.138672	78.548607
3038.407227	85.363533
3037.674805	78.520279
3036.942383	81.919418
3036.209961	61.428474
3035.476563	64.829453
3034.744141	57.994823
3034.010742	81.860245
3033.278320	61.384079
3032.544922	98.878677
3031.811523	68.179848
3031.078125	92.026123
3030.344727	57.931877
3029.610352	64.735657
3028.876953	68.130440
3028.142578	74.929886
3027.408203	68.105721
3026.673828	71.498016
3025.939453	85.101227
3025.205078	95.296059
3024.470703	71.459045
3023.735352	88.457016
3023.000977	91.842491
3022.265625	88.424820
3021.530273	102.010063
3020.794922	81.593178
3020.059570	84.977409
3019.324219	95.157341
3018.587891	81.548561
3017.852539	101.917099
3017.116211	95.105255
3016.379883	95.087891
3015.643555	108.652016
3014.907227	105.237404
3014.170898	115.400558
3013.434570	95.018372
3012.697266	101.786766
3011.959961	81.414505
3011.223633	108.532791
3010.486328	108.512901
3009.749023	88.150574
3009.010742	81.354843
3008.273438	122.009872
3007.536133	111.821861
3006.797852	94.861732
3006.059570	98.231606
3005.321289	94.826889
3004.583008	98.195511
3003.844727	118.490028
3003.106445	104.929008
3002.367188	128.598984
3001.628906	135.342438
3000.889648	118.402817
3000.150391	108.234062
2999.411133	108.214111
2998.671875	81.145622
2997.932617	108.174202
2997.192383	77.735863
2996.453125	138.547043
2995.712891	111.492889
2994.972656	121.606140
2994.232422	94.565071
2993.492188	104.677689
2992.751953	94.530106
2992.010742	121.516228
2991.270508	114.744087
2990.529297	141.716446
2989.788086	128.195908
2989.046875	145.036911
2988.305664	138.265381
2987.564453	111.266129
2986.822266	121.358719
2986.081055	124.706657
2985.338867	141.532639
2984.596680	138.137161
2983.854492	148.217224
2983.112305	148.189682
2982.370117	134.692856
2981.627930	178.434845
2980.884766	171.669510
2980.141602	175.003021
2979.399414	144.687088
2978.656250	148.024338
2977.913086	164.814590
2977.168945	184.961502
2976.425781	161.390854
2975.681641	164.722443
2974.938477	161.330658
2974.194336	181.463135
2973.450195	191.508667
2972.706055	188.113739
2971.961914	204.871323
2971.216797	164.538025
2970.472656	198.080185
2969.727539	204.756470
2968.982422	224.854385
2968.237305	238.233948
2967.492188	214.705902
2966.747070	275.040436
2966.001953	204.564941
2965.255859	241.408463
2964.509766	204.488281
2963.764648	214.504852
2963.018555	224.517654
2962.272461	261.329742
2961.525391	251.231430
2960.779297	304.770264
2960.032227	267.879578
2959.286133	287.916443
2958.539063	317.987488
2957.791992	284.461639
2957.044922	291.100098
2956.297852	327.844208
2955.549805	377.953308
2954.802734	341.097198
2954.054688	294.224518
2953.306641	330.940247
2952.558594	310.824707
2951.810547	387.622253
2951.062500	330.753174
2950.314453	324.010193
2949.565430	350.666534
2948.816406	347.261322
2948.067383	377.241547
2947.319336	367.156952
2946.569336	323.704529
2945.820313	313.633789
2945.071289	333.589905
2944.321289	370.214813
2943.571289	330.129150
2942.822266	356.738739
2942.072266	376.671509
2941.321289	383.265717
2940.571289	343.207764
2939.821289	319.822388
2939.070313	343.077759
2938.320313	359.663849
2937.569336	362.925262
2936.818359	329.566864
2936.066406	339.489349
2935.315430	342.752625
2934.564453	336.033447
2933.812500	282.746735
2933.060547	289.344635
2932.309570	335.842041
2931.556641	295.883789
2930.804688	319.094879
2930.052734	305.741119
2929.299805	309.005615
2928.547852	305.624817
2927.794922	325.494904
2927.041992	318.791473
2926.289063	305.450317
2925.536133	275.516815
2924.783203	302.015106
2924.029297	301.957550
2923.275391	291.947235
2922.522461	281.940704
2921.768555	291.835876
2921.014648	298.411591
2920.259766	275.149261
2919.505859	261.839050
2918.750977	314.809631
2917.997070	291.557434
2917.242188	291.501709
2916.487305	288.134125
2915.732422	278.145264
2914.977539	304.577057
2914.221680	307.828766
2913.466797	311.079224
2912.710938	254.771439
2911.955078	267.955017
2911.199219	304.285675
2910.443359	277.772827
2909.687500	320.700043
2908.930664	300.805267
2908.174805	271.003326
2907.417969	287.472778
2906.661133	310.543182
2905.904297	284.059448
2905.147461	307.121613
2904.389648	290.553925
2903.632813	323.509277
2902.875000	316.846161
2902.117188	310.185608
2901.359375	293.629913
2900.601563	290.274902
2899.843750	326.496460
2899.085938	290.163239
2898.327148	316.480804
2897.568359	319.715942
2896.810547	332.836029
2896.051758	280.055603
2895.291992	299.766479
2894.533203	342.524231
2893.774414	316.115295
2893.014648	296.300964
2892.254883	352.200989
2891.496094	315.932465
2890.736328	309.290863
2889.975586	302.651794
2889.215820	282.859009
2888.455078	269.650726
2887.695313	295.900940
2886.934570	302.418091
2886.173828	285.927063
2885.413086	266.156494
2884.652344	269.390289
2883.890625	348.168884
2883.129883	282.421997
2882.368164	275.800659
2881.606445	272.464600
2880.844727	265.847717
2880.083008	262.514801
2879.321289	275.587128
2878.558594	295.214722
2877.796875	275.480347
2877.034180	288.542511
2876.271484	281.930054
2875.508789	317.929199
2874.746094	242.496887
2873.983398	317.805847
2873.219727	288.262756
2872.456055	301.307098
2871.693359	291.425262
2870.929688	314.285278
2870.165039	274.946198
2869.401367	258.530090
2868.637695	278.111237
2867.873047	287.870941
2867.109375	271.461823
2866.344727	313.918854
2865.580078	307.319061
2864.814453	336.677673
2864.049805	300.663269
2863.285156	241.790741
2862.519531	307.079773
2861.753906	280.890594
2860.988281	336.349884
2860.222656	326.489655
2859.457031	264.405029
2858.690430	303.516937
2857.924805	287.142792
2857.158203	270.775024
2856.391602	264.198730
2855.625000	254.363937
2854.858398	277.137329
2854.091797	299.901825
2853.324219	303.102386
2852.557617	276.974915
2851.790039	283.436554
2851.022461	289.895630
2850.254883	319.148499
2849.487305	322.342041
2848.718750	286.470184
2847.951172	289.668823
2847.182617	312.390594
2846.414063	296.062256
2845.645508	286.245880
2844.876953	289.441956
2844.108398	295.888275
2843.338867	321.837341
2842.570313	279.521057
2841.800781	282.715820
2841.031250	282.660370
2840.261719	259.866577
2839.491211	269.558655
2838.721680	282.493958
2837.951172	272.699249
2837.181641	259.662537
2836.411133	308.288696
2835.640625	259.560516
2834.870117	295.192047
2834.098633	269.188171
2833.328125	249.679672
2832.556641	269.082275
2831.785156	259.305389
2831.013672	304.623871
2830.242188	230.042938
2829.470703	272.109894
2828.699219	272.056305
2827.926758	252.573929
2827.154297	271.949097
2826.381836	288.079742
2825.609375	271.841888
2824.836914	239.432526
2824.064453	307.318970
2823.291016	245.806671
2822.518555	261.926453
2821.745117	271.573822
2820.971680	248.893509
2820.198242	265.003082
2819.423828	242.332993
2818.650391	239.054642
2817.875977	264.846008
2817.102539	255.106094
2816.328125	229.227219
2815.553711	232.409805
2814.778320	229.136551
2814.003906	235.544479
2813.228516	254.853836
2812.454102	225.775146
2811.678711	235.404602
2810.903320	216.013474
2810.127930	251.428543
2809.351563	235.264694
2808.576172	238.440216
2807.799805	254.500580
2807.023438	241.566544
2806.247070	218.976883
2805.470703	273.666779
2804.694336	244.641739
2803.916992	231.719849
2803.140625	205.932297
2802.363281	241.278976
2801.585938	205.850479
2800.808594	254.046188
2800.031250	218.629196
2799.252930	215.371231
2798.475586	228.183823
2797.697266	202.432693
2796.918945	237.730774
2796.140625	234.471527
2795.362305	228.002243
2794.583984	192.639587
2793.804688	227.911438
2793.026367	221.447266
2792.247070	192.524475
2791.467773	224.567108
2790.688477	227.729797
2789.908203	218.063904
2789.128906	195.577133
2788.348633	208.360275
2787.569336	221.138306
2786.789063	208.277100
2786.007813	208.235519
2785.227539	211.396912
2784.447266	246.580460
2783.666016	217.715851
2782.884766	217.672333
2782.104492	214.428375
2781.323242	195.186798
2780.541016	195.147751
2779.759766	239.887756
2778.977539	195.069656
2778.196289	204.622269
2777.414063	223.760788
2776.631836	194.952484
2775.849609	207.694641
2775.066406	204.458359
2774.284180	245.939651
2773.500977	191.602859
2772.717773	169.215256
2771.934570	229.831207
2771.151367	223.402176
2770.368164	194.639969
2769.583984	191.410706
2768.800781	220.078110
2768.016602	194.522736
2767.232422	194.483643
2766.448242	210.382645
2765.664063	213.527328
2764.878906	194.366379
2764.094727	222.998535
2763.309570	216.583557
2762.524414	184.695862
2761.739258	216.496399
2760.954102	194.170898
2760.167969	219.591705
2759.382813	251.365936
2758.596680	187.691162
2757.810547	194.014465
2757.024414	209.874969
2756.238281	203.474091
2755.452148	190.718475
2754.665039	193.858002
2753.877930	184.286804
2753.090820	228.723633
2752.303711	209.621002
2751.516602	228.631271
2750.729492	209.536316
2749.941406	219.016434
2749.154297	193.584091
2748.366211	199.890686
2747.578125	171.300217
2746.790039	215.667740
2746.000977	193.427505
2745.212891	206.069550
2744.423828	221.876129
2743.634766	234.507263
2742.845703	202.776001
2742.056641	256.586395
2741.267578	209.028015
2740.477539	231.150772
2739.688477	234.269699
2738.898438	218.396362
2738.108398	186.706818
2737.318359	230.963257
2736.528320	218.263412
2735.737305	218.219086
2734.946289	192.879135
2734.156250	233.936981
2733.365234	230.728775
2732.574219	218.041763
2731.782227	208.519272
2730.991211	236.905518
2730.199219	208.434448
2729.407227	224.179291
2728.616211	214.663223
2727.823242	201.994827
2727.031250	211.420273
2726.239258	220.841843
2725.446289	198.717148
2724.653320	208.137421
2723.860352	192.330215
2723.067383	208.052536
2722.274414	201.706757
2721.481445	189.061478
2720.687500	204.774796
2719.893555	192.134018
2719.099609	217.287537
2718.305664	201.500885
2717.511719	192.016266
2716.717773	207.712830
2715.922852	201.377319
2715.127930	210.773758
2714.333008	182.423523
2713.538086	223.265854
2712.743164	223.220139
2711.947266	179.168198
2711.152344	182.274155
2710.356445	216.798950
2709.560547	207.330399
2708.764648	204.147171
2707.968750	204.105301
2707.171875	235.457794
2706.375977	225.993088
2705.579102	203.979660
2704.782227	191.387756
2703.985352	188.211578
2703.188477	188.172913
2702.390625	206.947662
2701.593750	191.230484
2700.795898	219.399689
2699.998047	178.617279
2699.200195	191.112503
2698.402344	222.396622
2697.603516	212.955734
2696.804688	222.305038
2696.006836	200.346359
2695.208008	203.434845
2694.409180	181.489044
2693.609375	190.837051
2692.810547	215.820343
2692.010742	206.394241
2691.210938	190.718948
2690.411133	200.057251
2689.611328	215.642181
2688.811523	187.476196
2688.011719	209.305161
2687.210938	203.015274
2686.410156	246.690613
2685.609375	190.443222
2684.808594	190.403824
2684.007813	227.813156
2683.206055	202.805328
2682.404297	218.360504
2681.603516	190.246155
2680.801758	212.033737
2679.999023	215.107269
2679.197266	227.530075
2678.395508	199.437042
2677.592773	205.626770
2676.790039	208.698990
2675.987305	186.855820
2675.184570	224.180405
2674.380859	236.585709
2673.578125	224.087250
2672.774414	189.812225
2671.970703	230.216125
2671.166992	236.388992
2670.363281	186.584045
2669.559570	273.599640
2668.754883	198.940125
2667.950195	208.222046
2667.146484	223.714386
2666.340820	220.561249
2665.536133	226.726959
2664.731445	208.048462
2663.925781	189.377731
2663.120117	223.481155
2662.314453	211.021469
2661.508789	217.182617
2660.703125	235.748993
2659.897461	241.902344
2659.090820	201.543137
2658.284180	223.201096
2657.477539	198.359467
2656.670898	210.712814
2655.864258	229.257126
2655.090820	211.086945
2655.056641	213.722000
2654.285156	214.191162
2654.250000	229.161087
2653.479492	207.949203
2653.442383	219.824692
2652.673828	207.915649
2652.634766	201.205765
2651.868164	189.265778
2651.827148	247.585938
2651.062500	189.235184
2651.018555	188.744659
2650.256836	189.204559
2650.210938	238.201462
2649.450195	198.477554
2649.402344	188.665436
2648.644531	210.848221
2648.593750	222.640305
2647.837891	238.715866
2647.785156	238.051422
2647.031250	238.677109
2646.976563	222.546753
2646.224609	179.753525
2646.166992	228.680511
2645.417969	216.908615
2645.358398	237.901306
2644.610352	223.069687
2644.548828	250.207169
2643.803711	207.544891
2643.739258	228.536209
2642.997070	229.191299
2642.929688	209.962036
2642.189453	241.540573
2642.120117	228.439987
2641.381836	219.827911
2641.309570	249.996490
2640.574219	213.600632
2640.500000	228.343719
2639.766602	222.851120
2639.689453	219.040344
2638.958984	188.773483
2638.878906	225.162994
2638.150391	238.248764
2638.068359	222.031723
2637.342773	238.209641
2637.256836	246.649841
2636.534180	219.611771
2636.446289	252.762711
2635.725586	225.760880
2635.634766	221.891113
2634.916992	256.644775
2634.823242	187.951355
2634.108398	228.778122
2634.011719	218.716812
2633.299805	210.193878
2633.200195	246.389374
2632.491211	222.521500
2632.388672	237.099609
2631.681641	210.124481
2631.576172	249.363693
2630.873047	200.821075
2630.763672	206.220139
2630.063477	240.945419
2629.952148	233.871811
2629.253906	222.374329
2629.138672	236.898880
2628.444336	216.161423
2628.326172	243.000595
2627.634766	259.350677
2627.513672	221.421936
2626.825195	213.002686
2626.700195	209.076370
2626.014648	231.486191
2625.886719	199.810013
2625.205078	212.931870
2625.073242	239.721130
2624.394531	256.092804
2624.259766	236.597534
2623.583984	252.965210
2623.446289	251.907501
2622.773438	268.345154
2622.631836	242.639801
2621.962891	246.712997
2621.818359	236.446762
2621.152344	188.087250
2621.003906	211.835800
2620.341797	218.884628
2620.189453	242.485062
2619.530273	252.754044
2619.375000	245.502228
2618.718750	218.811371
2618.559570	236.245605
2617.908203	240.344055
2617.745117	266.869995
2617.096680	255.707840
2616.929688	245.345413
2616.284180	267.986115
2616.114258	239.160797
2615.472656	249.462418
2615.298828	260.568390
2614.661133	246.341217
2614.483398	232.929092
2613.848633	209.354797
2613.666992	254.328812
2613.037109	224.710693
2612.851563	254.274521
2612.224609	243.139099
2612.035156	275.660492
2611.412109	264.638428
2611.218750	266.414886
2610.599609	246.133743
2610.402344	266.357941
2609.787109	243.016006
2609.584961	235.691681
2608.973633	230.672409
2608.768555	232.581009
2608.161133	227.558273
2607.951172	244.769730
2607.347656	233.668930
2607.133789	260.012177
2606.535156	215.184906
2606.316406	244.664932
2605.721680	233.589722
2605.499023	262.958466
2604.908203	233.550079
2604.680664	259.845093
2604.093750	230.437912
2603.863281	238.394974
2603.280273	230.398743
2603.044922	195.564178
2602.466797	230.359558
2602.226563	250.512833
2601.652344	242.604095
2601.408203	244.350311
2600.837891	242.562775
2600.589844	274.835052
2600.023438	217.962280
2599.770508	253.404556
2599.208984	254.757507
2598.951172	238.088043
2598.394531	211.750214
2598.132813	253.295624
2597.580078	242.397217
2597.313477	237.985657
2596.764648	257.694733
2596.493164	244.035324
2595.950195	233.112488
2595.673828	250.082367
2595.134766	211.605362
2594.853516	210.389847
2594.319336	233.032623
2594.034180	274.362396
2593.503906	223.795593
2593.213867	228.586060
2592.688477	232.952682
2592.392578	237.678238
2591.872070	239.041946
2591.572266	228.487473
2591.056641	235.936752
2590.751953	264.988281
2590.240234	223.641830
2589.930664	246.659958
2589.423828	257.296967
2589.109375	277.051941
2588.608398	257.252655
2588.288086	219.158569
2587.791992	226.588287
2587.466797	216.067978
2586.974609	257.163940
2586.644531	234.276581
2586.158203	250.997665
2585.823242	288.979980
2585.340820	223.410538
2585.000977	237.216431
2584.524414	250.910919
2584.178711	255.408524
2583.707031	235.570724
2583.356445	224.954010
2582.889648	253.882919
2582.534180	264.415649
2582.072266	232.430832
2581.710938	249.165298
2581.254883	253.794937
2580.888672	243.035370
2580.437500	217.064026
2580.065430	233.870773
2579.619141	217.026352
2579.242188	227.746750
2578.800781	213.932465
2578.417969	221.625366
2577.983398	278.063873
2577.594727	251.930252
2577.165039	226.078537
2576.770508	227.598328
2576.346680	241.312103
2575.947266	251.820709
2575.527344	232.107910
2575.123047	248.732590
2574.708984	213.746338
2574.298828	233.515121
2573.889648	207.603073
2573.473633	248.624298
2573.071289	250.301193
2572.649414	239.476089
2572.251953	244.153625
2571.824219	248.515945
2571.432617	259.367889
2570.999023	278.761963
2570.613281	259.322540
2570.173828	230.231384
2569.793945	265.377777
2569.348633	236.238541
2568.973633	237.883240
2568.522461	224.074799
2568.154297	295.777313
2567.697266	287.600769
2567.333984	243.897278
2566.871094	227.003601
2566.513672	240.806290
2566.044922	239.058182
2565.693359	213.335190
2565.218750	232.955109
2564.873047	277.287018
2564.392578	254.077225
2564.052734	231.539658
2563.565430	232.853134
2563.231445	258.913269
2562.738281	256.989349
2562.411133	271.049683
2561.911133	223.682877
2561.589844	261.867035
2561.083984	293.141663
2560.768555	231.376587
2560.256836	253.798950
2559.947266	258.730804
2559.428711	241.660233
2559.125977	240.425003
2558.601563	220.466553
2558.304688	243.425354
2557.773438	256.651245
2557.482422	255.551453
2556.945313	238.482254
2556.660156	255.506256
2556.117188	241.447922
2555.838867	237.213821
2555.288086	244.412247
2555.016602	225.009171
2554.459961	253.408783
2554.194336	234.089676
2553.630859	196.046951
2553.371094	273.562805
2552.801758	241.235413
2552.548828	270.475220
2551.972656	211.034470
2551.726563	246.119156
2551.142578	244.143173
2550.903320	264.303253
2550.313477	247.102768
2550.080078	249.069138
2549.483398	222.945969
2549.256836	242.951065
2548.653320	274.102753
2548.433594	264.162262
2547.823242	225.858963
2547.610352	279.294250
2546.993164	276.992432
2546.786133	273.173981
2546.163086	288.971649
2545.962891	245.812744
2545.332031	228.718628
2545.138672	273.076569
2544.500977	264.773468
2544.314453	260.893250
2543.669922	276.747345
2543.490234	248.714249
2542.838867	255.633820
2542.666016	285.060516
2542.006836	267.604309
2541.841797	269.849457
2541.175781	267.544983
2541.016602	266.769714
2540.343750	255.463791
2540.192383	254.598221
2539.511719	252.402283
2539.367188	275.765350
2538.679688	270.370972
2538.541992	260.566681
2537.847656	237.272888
2537.716797	269.607880
2537.014648	231.214569
2536.891602	233.214386
2536.181641	270.190674
2536.065430	266.482880
2535.348633	294.142151
2535.240234	263.407349
2534.515625	249.064941
2534.414063	260.332855
2533.682617	252.009567
2533.587891	254.232880
2532.848633	266.950623
2532.761719	269.317322
2532.015625	251.897217
2531.935547	232.962906
2531.181641	221.859955
2531.109375	287.369995
2530.347656	236.797623
2530.282227	284.293793
2529.513672	272.705963
2529.456055	296.337952
2528.678711	278.637238
2528.628906	269.074677
2527.843750	269.588654
2527.801758	287.162659
2527.009766	272.523132
2526.974609	268.977478
2526.174805	266.473969
2526.147461	302.167236
2525.338867	293.355072
2525.319336	311.175964
2524.503906	248.398132
2524.492188	283.934448
2523.667969	278.263245
2523.664063	262.742798
2522.835938	265.714691
2522.833008	284.183655
2522.007813	280.761230
2521.997070	290.101379
2521.179688	325.986145
2521.160156	239.205154
2520.351563	271.605835
2520.324219	278.013550
2519.522461	256.470032
2519.488281	286.917236
2518.694336	265.473694
2518.651367	248.008087
2517.865234	286.538818
2517.814453	277.826080
2517.036133	283.471069
2516.977539	280.750244
2516.207031	310.555389
2516.139648	265.756866
2515.377930	310.498871
2515.302734	265.696991
2514.548828	268.246277
2514.464844	271.606476
2513.718750	274.224274
2513.626953	289.449310
2512.888672	256.096863
2512.789063	283.417297
2512.058594	244.000717
2511.951172	280.370667
2511.229492	319.251282
2511.112305	268.379333
2510.398438	268.001648
2510.274414	280.243958
2509.568359	301.070435
2509.435547	295.083801
2508.738281	273.924011
2508.596680	289.057098
2507.907227	270.864288
2507.757813	277.074493
2507.076172	276.832825
2506.917969	256.161377
2506.245117	252.714142
2506.078125	256.103333
2505.414063	255.675797
2505.239258	267.954346
2504.583008	252.621521
2504.399414	297.659485
2503.751953	285.650513
2503.558594	267.832733
2502.919922	294.617004
2502.718750	282.648132
2502.087891	255.488251
2501.877930	309.355011
2501.255859	288.498444
2501.037109	282.519653
2500.423828	246.380463
2500.196289	264.616089
2499.591797	294.400574
2499.355469	279.418549
2498.759766	276.325195
2498.514648	317.989075
2497.926758	324.322052
2497.672852	303.060699
2497.094727	252.204056
2496.831055	297.050598
2496.261719	291.181976
2495.989258	296.982819
2495.428711	273.120392
2495.147461	252.377777
2494.595703	321.082336
2494.305664	249.351669
2493.762695	288.020721
2493.462891	284.908203
2492.928711	299.966217
2492.620117	302.645752
2492.095703	278.917053
2491.777344	284.777924
2491.261719	278.865509
2490.934570	290.644226
2490.427734	308.793976
2490.091797	311.333221
2489.593750	275.764954
2489.248047	308.297485
2488.759766	287.701508
2488.404297	281.553314
2487.924805	290.644592
2487.560547	272.599609
2487.090820	305.569672
2486.716797	334.746552
2486.255859	287.541687
2485.873047	290.244476
2485.420898	284.493713
2485.028320	302.021790
2484.585938	281.446838
2484.184570	257.547577
2483.750977	311.330231
2483.339844	275.246124
2482.916016	299.300415
2482.494141	304.772308
2482.080078	275.305237
2481.649414	304.702087
2481.245117	293.205444
2480.803711	298.716675
2480.409180	302.124939
2479.958984	310.475433
2479.573242	287.114838
2479.113281	280.841522
2478.737305	263.139648
2478.267578	274.865570
2477.900391	301.956329
2477.420898	292.531250
2477.064453	283.965424
2476.575195	283.601074
2476.227539	307.820923
2475.728516	280.582001
2475.391602	286.847595
2474.881836	292.328308
2474.554688	289.781525
2474.035156	321.781891
2473.717773	325.570038
2473.187500	309.901550
2472.879883	295.646027
2472.340820	306.878937
2472.042969	307.533875
2471.493164	303.857666
2471.205078	319.417267
2470.645508	300.837738
2470.368164	307.418945
2469.797852	312.562683
2469.530273	262.600098
2468.949219	303.645966
2468.692383	286.419220
2468.101563	312.417358
2467.854492	295.314545
2467.252930	312.344666
2467.015625	304.206482
2466.404297	271.028473
2466.177734	289.240234
2465.555664	329.870850
2465.338867	342.849396
2464.707031	297.403473
2464.500000	360.669556
2463.857422	309.109711
2463.661133	295.037933
2463.007813	294.321472
2462.822266	321.799164
2462.158203	300.137787
2461.983398	345.571228
2461.308594	305.951324
2461.143555	333.592316
2460.458984	320.585571
2460.304688	285.882538
2459.608398	332.272400
2459.464844	306.670502
2458.757813	296.917297
2458.625000	333.404236
2457.907227	302.725922
2457.785156	312.507660
2457.056641	326.162140
2456.944336	309.473145
2456.205078	276.144592
2456.104492	300.489441
2455.354492	305.449982
2455.263672	348.026154
2454.502930	278.951263
2454.422852	303.350220
2453.651367	284.756989
2453.582031	291.399200
2452.799805	249.470642
2452.741211	312.154541
2451.947266	302.228607
2451.900391	285.344574
2451.095703	296.290314
2451.059570	306.093170
2450.243164	328.482147
2450.217773	288.208038
2449.390625	296.150665
2449.375977	279.241638
2448.537109	257.971405
2448.534180	276.218750
2447.692383	276.166534
2447.684570	284.287720
2446.850586	317.679871
2446.831055	263.709808
2446.008789	302.777710
2445.977539	295.871063
2445.166016	293.816864
2445.124023	281.157471
2444.323242	287.826630
2444.270508	281.090942
2443.480469	272.938507
2443.416016	301.515747
2442.637695	311.446838
2442.562500	280.957794
2441.794922	338.078186
2441.708008	295.520905
2440.952148	314.293762
2440.853516	295.450806
2440.108398	284.589386
2439.998047	289.531525
2439.264648	320.102264
2439.143555	301.158234
2438.421875	308.188080
2438.288086	295.240295
2437.577148	281.464478
2437.432617	280.557678
2436.733398	334.730957
2436.577148	286.334442
2435.889648	296.165771
2435.720703	254.134323
2435.044922	307.953796
2434.865234	294.959198
2434.201172	287.171478
2434.008789	291.969147
2433.356445	287.116821
2433.152344	274.385498
2432.511719	316.656158
2432.295898	285.993164
2431.666992	310.678162
2431.438477	300.512817
2430.821289	316.535492
2430.582031	300.440948
2429.976563	301.686584
2429.724609	294.536652
2429.130859	295.714752
2428.867188	291.550598
2428.285156	292.701721
2428.008789	285.651123
2427.439453	331.074097
2427.151367	273.926208
2426.593750	286.679077
2426.292969	262.206848
2425.747070	304.353638
2425.434570	279.620148
2424.901367	292.478180
2424.576172	294.113007
2424.054688	304.237305
2423.717773	282.397064
2423.208008	295.319550
2422.858398	276.507904
2422.361328	245.068329
2422.000000	322.999878
2421.514648	280.446198
2421.140625	276.374756
2420.667969	265.635010
2420.281250	273.399597
2419.820313	318.700958
2419.420898	319.858521
2418.973633	259.632507
2418.561523	258.732147
2418.125977	312.679199
2417.701172	276.108063
2417.278320	289.025360
2416.840820	302.192596
2416.430664	318.456635
2415.979492	316.644470
2415.582031	285.966370
2415.119141	275.907745
2414.734375	297.701630
2414.257813	281.648071
2413.885742	271.121674
2413.396484	310.608643
2413.037109	285.801636
2412.188477	288.692566
2411.339844	265.074860
2410.491211	312.139252
2409.641602	306.190918
2408.791992	288.470520
2407.942383	291.358002
2407.092773	276.589691
2406.243164	303.013306
2405.393555	261.776550
2404.542969	320.540955
2403.693359	311.658600
2402.842773	340.994568
2401.992188	311.538361
2401.141602	285.031952
2400.290039	273.225281
2399.439453	273.172485
2398.587891	317.171265
2397.736328	284.811707
2396.884766	299.434814
2396.033203	305.247040
2395.180664	311.056946
2394.329102	316.864594
2393.476563	284.536255
2392.624023	281.548340
2391.771484	299.087128
2390.918945	281.439209
2390.066406	316.557709
2389.212891	298.913177
2388.359375	284.205414
2387.505859	304.655945
2386.652344	292.881531
2385.798828	269.398682
2384.945313	269.346313
2384.090820	304.419281
2383.236328	280.947784
2382.381836	295.522980
2381.527344	339.346497
2380.672852	310.032135
2379.818359	307.047516
2378.962891	260.208649
2378.107422	306.927917
2377.251953	286.410248
2376.396484	295.120361
2375.541016	330.119781
2374.684570	268.717682
2373.829102	259.904419
2372.972656	312.408356
2372.116211	265.641205
2371.259766	338.553436
2370.403320	250.947479
2369.545898	285.907532
2368.688477	297.519043
2367.832031	309.126007
2366.974609	323.644104
2366.116211	288.599060
2365.258789	306.029999
2364.401367	323.454071
2363.542969	314.650452
2362.684570	302.937347
2361.826172	285.404266
2360.967773	311.553772
2360.108398	291.114655
2359.250000	288.146973
2358.390625	320.100464
2357.531250	308.399902
2356.671875	282.159607
2355.812500	337.361725
2354.953125	302.402802
2354.092773	340.136292
2353.232422	299.377380
2352.372070	310.942535
2351.511719	328.313965
2350.651367	310.820190
2349.790039	325.280487
2348.929688	287.468109
2348.068359	275.798920
2347.207031	281.549713
2346.345703	304.710266
2345.484375	333.664520
2344.622070	333.598724
2343.759766	321.931793
2342.897461	321.868286
2342.035156	313.107330
2341.172852	336.234100
2340.310547	289.799744
2339.447266	283.947662
2338.584961	315.756927
2337.721680	298.316864
2336.858398	304.049286
2335.994141	315.569733
2335.130859	338.663788
2334.266602	318.338867
2333.403320	298.021942
2332.539063	321.105713
2331.674805	323.934387
2330.809570	332.545319
2329.945313	326.697174
2329.080078	338.194641
2328.214844	306.337830
2327.349609	297.608856
2326.484375	314.882813
2325.619141	265.719940
2324.752930	334.971680
2323.887695	343.566528
2323.021484	343.498291
2322.155273	326.114258
2321.289063	334.705627
2320.421875	328.869476
2319.555664	337.456848
2318.688477	343.157074
2317.821289	320.024017
2316.954102	299.782684
2316.085938	322.778625
2315.218750	319.832977
2314.350586	322.650116
2313.483398	331.226532
2312.615234	316.762238
2311.746094	345.489960
2310.877930	359.813629
2310.008789	322.328735
2309.140625	319.387054
2308.271484	350.967987
2307.402344	327.888245
2306.533203	347.952271
2305.663086	353.632935
2304.793945	373.683716
2303.923828	330.500336
2303.053711	316.067566
2302.183594	336.113770
2301.312500	333.174377
2300.442383	347.465820
2299.571289	284.233368
2298.700195	378.901978
2297.829102	327.168030
2296.958008	332.841156
2296.086914	312.693268
2295.214844	318.366974
2294.343750	315.435608
2293.471680	395.648987
2292.599609	369.771637
2291.726563	295.184814
2290.854492	323.778595
2289.981445	317.984161
2289.108398	332.241089
2288.235352	346.492249
2287.362305	346.422699
2286.489258	317.728882
2285.615234	354.869080
2284.742188	349.075226
2283.868164	349.005035
2282.994141	380.396210
2282.119141	346.005157
2281.245117	348.794525
2280.370117	377.308319
2279.496094	340.080688
2278.621094	368.584686
2277.746094	357.083771
2276.870117	357.011841
2275.995117	356.939941
2275.119141	348.303162
2274.243164	339.669830
2273.367188	305.355835
2272.491211	330.973206
2271.614258	370.843414
2270.738281	325.135529
2269.861328	356.436310
2268.984375	330.706116
2268.107422	344.891022
2267.230469	364.769714
2266.352539	341.902496
2265.474609	381.713959
2264.597656	381.636810
2263.719727	355.932495
2262.840820	398.563782
2261.962891	355.788513
2261.083984	375.636658
2260.206055	324.347809
2259.327148	364.106262
2258.447266	389.628571
2257.568359	346.898224
2256.689453	386.627869
2255.809570	369.495850
2254.929688	355.212433
2254.049805	417.645142
2253.169922	355.068390
2252.289063	354.996368
2251.409180	349.245544
2250.528320	377.562836
2249.647461	380.324432
2248.766602	366.058868
2247.885742	377.332855
2247.003906	343.218048
2246.122070	360.163910
2245.240234	394.115021
2244.358398	337.339203
2243.476563	371.281067
2242.594727	365.538300
2241.711914	368.296967
2240.829102	373.886963
2239.946289	385.138428
2239.063477	305.782959
2238.180664	404.796814
2237.296875	390.563477
2236.413086	353.699188
2235.530273	379.088226
2234.645508	347.898102
2233.761719	378.933624
2232.877930	407.129181
2231.993164	364.645477
2231.108398	387.180115
2230.223633	358.845520
2229.338867	395.496979
2228.454102	418.011383
2227.568359	367.097168
2226.682617	338.789673
2225.796875	434.691193
2224.911133	437.424408
2224.025391	383.726166
2223.138672	411.857056
2222.252930	400.491333
2221.366211	372.211517
2220.479492	366.496918
2219.592773	391.789551
2218.705078	374.800995
2217.818359	408.533905
2216.930664	352.112244
2216.042969	408.366486
2215.155273	394.204041
2214.266602	396.938354
2213.378906	374.340240
2212.490234	377.077423
2211.601563	407.947815
2210.712891	371.296967
2209.824219	410.592621
2208.934570	413.319977
2208.044922	382.312714
2207.156250	390.665802
2206.266602	370.915741
2205.375977	379.267639
2204.486328	381.998474
2203.595703	359.454010
2202.706055	390.264282
2201.815430	381.762726
2200.923828	370.458160
2200.033203	350.740417
2199.141602	387.137665
2198.250977	395.472229
2197.359375	350.523712
2196.467773	375.683960
2195.575195	370.000458
2194.683594	397.948700
2193.791016	372.649719
2192.898438	358.566345
2192.005859	372.495972
2191.113281	378.019348
2190.220703	419.934784
2189.327148	391.858185
2188.433594	408.567688
2187.540039	383.302795
2186.646484	413.993347
2185.752930	427.891144
2184.858398	402.637817
2183.963867	380.190399
2183.069336	399.676300
2182.174805	430.331573
2181.280273	413.479797
2180.384766	393.841766
2179.490234	379.797058
2178.594727	368.550201
2177.699219	413.137329
2176.803711	438.169708
2175.907227	382.272644
2175.010742	437.988037
2174.115234	384.903259
2173.218750	387.612000
2172.321289	362.439575
2171.424805	434.837219
2170.527344	362.289093
2169.630859	423.511597
2168.733398	387.209747
2167.834961	420.550537
2166.937500	403.755981
2166.039063	389.752319
2165.141602	414.721558
2164.243164	403.504150
2163.344727	403.420197
2162.445313	436.715790
2161.546875	378.222839
2160.647461	436.533966
2159.748047	416.983795
2158.848633	389.103790
2157.949219	419.588806
2157.048828	438.948425
2156.149414	397.193268
2155.249023	444.319366
2154.348633	410.909668
2153.448242	410.823944
2152.546875	427.389740
2151.645508	443.948608
2150.745117	413.340790
2149.843750	452.083740
2148.941406	399.303406
2148.040039	446.350098
2147.137695	429.626099
2146.236328	440.621063
2145.333984	410.052063
2144.430664	445.976837
2143.528320	456.961365
2142.625977	440.252411
2141.722656	429.087036
2140.819336	431.764893
2139.916016	434.441589
2139.011719	409.451477
2138.108398	437.025482
2137.204102	439.699249
2136.299805	456.195984
2135.395508	486.506989
2134.491211	464.295593
2133.585938	483.539734
2132.681641	458.575684
2131.776367	491.622467
2130.871094	455.621735
2129.964844	521.784302
2129.059570	521.674683
2128.153320	485.690155
2127.247070	471.792908
2126.340820	482.727448
2125.434570	529.509521
2124.528320	512.854370
2123.621094	509.989746
2122.713867	520.906799
2121.806641	548.352478
2120.899414	537.217163
2119.991211	509.560120
2119.083984	528.729309
2118.175781	506.592072
2117.267578	467.948303
2116.359375	503.626282
2115.450195	542.040649
2114.541992	489.659241
2113.632813	533.560852
2112.723633	514.200012
2111.814453	536.084595
2110.904297	502.988464
2109.995117	489.142181
2109.084961	480.796509
2108.174805	475.201172
2107.264648	466.861877
2106.353516	483.237061
2105.443359	458.429016
2104.532227	496.754974
2103.621094	447.259155
2102.709961	466.367767
2101.797852	471.754456
2100.886719	512.787109
2099.974609	457.846436
2099.062500	504.346558
2098.150391	506.979980
2097.238281	487.693420
2096.325195	465.675720
2095.412109	506.657135
2094.499023	495.597076
2093.585938	539.292114
2092.672852	487.175629
2091.758789	492.544739
2090.845703	514.326233
2089.931641	473.188873
2089.017578	505.903534
2088.102539	486.657623
2087.188477	478.353638
2086.273438	505.580414
2085.358398	508.204987
2084.443359	505.364960
2083.527344	486.139404
2082.612305	532.454834
2081.696289	488.661987
2080.780273	513.122070
2079.864258	513.012573
2078.948242	529.272278
2078.031250	474.606720
2077.114258	458.143066
2076.197266	488.036224
2075.280273	504.287170
2074.363281	457.849335
2073.445313	435.953705
2072.528320	506.687744
2071.610352	471.173218
2070.692383	522.808594
2069.773438	498.195251
2068.855469	503.532104
2067.936523	481.654510
2067.017578	530.522583
2066.098633	497.768280
2065.178711	522.136658
2064.259766	497.554718
2063.339844	511.039398
2062.419922	505.494263
2061.500000	478.214417
2060.580078	491.694397
2059.659180	483.440857
2058.738281	529.498291
2057.817383	518.525269
2056.896484	485.843262
2055.975586	512.874939
2055.053711	523.616699
2054.131836	507.229248
2053.209961	528.814941
2052.288086	512.433289
2051.366211	506.901459
2050.443359	544.733826
2049.520508	503.973358
2048.597656	498.446716
2047.674805	511.880981
2046.751953	509.062683
2045.828125	530.610352
2044.904297	519.669250
2043.980469	465.436462
2043.056641	505.917480
2042.131836	519.332336
2041.208008	527.332825
2040.283203	505.589233
2039.358398	489.261200
2038.433594	556.718140
2037.507813	529.578308
2036.582031	521.359497
2035.657227	507.742706
2034.730469	556.235779
2033.804688	502.123352
2032.878906	561.392456
2031.952148	555.873779
2031.101563	542.758911
2031.025391	553.055298
2030.175781	529.257446
2030.098633	550.237915
2029.250000	485.970612
2029.171875	582.478333
2028.324219	472.391541
2028.244141	541.910645
2027.397461	534.386841
2027.316406	566.052185
2026.470703	501.914703
2026.388672	509.336182
2025.544922	566.581787
2025.460938	536.168518
2024.618164	507.139496
2024.533203	509.114563
2023.690430	501.659180
2023.604492	546.707703
2022.763672	501.573883
2022.676758	568.129089
2021.836914	528.450256
2021.748047	538.393677
2020.909180	525.664551
2020.818359	573.264282
2019.981445	533.660706
2019.889648	543.540588
2019.053711	544.348816
2018.959961	532.661194
2018.125977	522.701172
2018.031250	564.820435
2017.198242	474.122040
2017.101563	535.117798
2016.269531	509.055328
2016.170898	516.181885
2015.341797	495.503387
2015.241211	545.635620
2014.413086	500.803436
2014.310547	542.829102
2013.484375	559.942200
2013.379883	545.397156
2012.555664	508.706268
2012.449219	566.766724
2011.625977	495.163330
2011.518555	572.013794
2010.697266	524.675232
2010.587891	550.409241
2009.767578	535.345642
2009.656250	590.553833
2008.838867	548.702026
2008.724609	566.270813
2007.909180	519.025635
2007.792969	563.463623
2006.979492	535.068787
2006.861328	582.118164
2006.048828	508.093140
2005.928711	557.852722
2005.119141	577.889648
2004.996094	538.960632
2004.188477	507.917419
2004.064453	546.884888
2003.258789	532.011841
2003.130859	578.927490
2002.328125	526.546692
2002.198242	533.246704
2001.397461	507.653412
2001.264648	575.994324
2000.465820	563.961426
2000.332031	549.083252
1999.535156	515.532288
1999.398438	562.351929
1998.603516	558.396240
1998.464844	580.969238
1997.672852	555.614929
1997.530273	583.518188
1996.741211	547.467163
1996.595703	583.389771
1995.808594	517.856628
1995.662109	535.102234
1994.876953	555.324463
1994.727539	572.433350
1993.945313	552.545227
1993.791992	553.586914
1993.012695	555.130493
1992.857422	572.181152
1992.080078	514.813599
1991.921875	556.016113
1991.148438	552.255432
1990.986328	593.309448
1990.214844	530.715698
1990.050781	534.395142
1989.282227	519.903015
1989.115234	560.991089
1988.349609	517.132324
1988.178711	600.929199
1987.416016	517.041565
1987.243164	501.998840
1986.482422	498.201233
1986.306641	568.628357
1985.549805	492.757568
1985.370117	501.777039
1984.615234	540.866882
1984.432617	600.398254
1983.681641	546.125854
1983.496094	573.587036
1982.748047	516.586792
1982.558594	576.127380
1981.813477	567.342407
1981.621094	546.666565
1980.878906	513.728882
1980.683594	549.211548
1979.944336	505.612518
1979.745117	581.075745
1979.009766	548.318726
1978.807617	610.260803
1978.075195	537.524719
1977.869141	594.139709
1977.140625	497.322876
1976.930664	532.742554
1976.205078	515.947876
1975.991211	561.918701
1975.269531	537.239014
1975.052734	524.518555
1974.333984	593.263184
1974.113281	540.373779
1973.398438	585.142212
1973.173828	612.110168
1972.462891	563.666931
1972.234375	542.794434
1971.526367	547.541077
1971.294922	603.857605
1970.590820	595.511841
1970.354492	555.850952
1969.654297	525.986267
1969.415039	622.201904
1968.717773	541.909546
1968.474609	576.870789
1967.781250	533.805786
1967.533203	590.031311
1966.843750	539.047607
1966.592773	547.384583
1965.907227	552.291687
1965.651367	632.274292
1964.969727	525.516968
1964.709961	586.980957
1964.032227	570.763977
1963.768555	570.917480
1963.094727	543.995361
1962.827148	589.373962
1962.157227	525.234741
1961.885742	581.279663
1961.219727	575.788635
1960.943359	578.496216
1960.281250	589.011414
1960.000977	623.469055
1959.343750	583.576172
1959.058594	546.408203
1958.405273	575.478577
1958.115234	580.760376
1957.466797	546.073608
1957.172852	623.050964
1956.528320	609.894409
1956.229492	580.500549
1955.588867	591.144897
1955.286133	614.821838
1954.650391	556.427979
1954.342773	609.385193
1953.710938	580.284363
1953.398438	643.684448
1952.771484	572.195557
1952.455078	574.684021
1951.832031	537.500610
1951.510742	593.089233
1950.892578	579.970093
1950.566406	624.721680
1949.952148	585.185120
1949.622070	569.004333
1949.012695	603.695374
1948.676758	632.379089
1948.072266	630.175781
1947.731445	584.620911
1947.131836	558.282410
1946.786133	608.292297
1946.191406	611.341309
1945.840820	610.799683
1945.250000	600.600281
1944.895508	658.246399
1944.309570	653.632080
1943.949219	607.881958
1943.368164	547.250977
1943.002930	602.460449
1942.426758	626.833740
1942.056641	618.175415
1941.485352	624.064148
1941.110352	623.318542
1940.543945	626.605652
1940.164063	625.818604
1939.602539	602.599854
1939.216797	633.597473
1938.660156	629.031433
1938.269531	638.733337
1937.718750	612.994751
1937.322266	601.646057
1936.776367	604.923340
1936.374023	659.550659
1935.833984	618.076294
1935.426758	667.314514
1934.891602	607.354553
1934.478516	632.882568
1933.948242	609.895203
1933.530273	635.375916
1933.005859	575.317566
1932.582031	666.862061
1932.062500	620.274902
1931.632813	677.252075
1931.119141	580.407288
1930.684570	674.464111
1930.175781	609.448425
1929.735352	632.166931
1929.231445	588.142273
1928.786133	629.390259
1928.288086	630.415161
1927.835938	676.638611
1927.343750	632.947693
1926.886719	613.311462
1926.399414	622.239990
1925.936523	626.330566
1925.455078	701.545837
1924.986328	634.081482
1924.510742	632.598450
1924.036133	681.285583
1923.566406	669.531128
1923.084961	673.241211
1922.621094	669.407715
1922.134766	680.975952
1921.676758	619.021790
1921.183594	665.049194
1920.731445	634.777039
1920.232422	654.385681
1919.786133	637.304260
1919.280273	648.981812
1918.839844	623.966858
1918.329102	648.834045
1917.894531	615.921204
1917.376953	680.201355
1916.948242	610.521362
1916.424805	651.164063
1916.002930	618.335754
1915.472656	627.390015
1915.056641	610.295349
1914.519531	661.364929
1914.109375	591.691833
1913.567383	637.599182
1913.163086	647.042969
1912.614258	642.700134
1912.216797	602.034363
1911.661133	692.383972
1911.269531	644.162781
1910.707031	610.941650
1910.322266	596.531738
1909.753906	660.609863
1909.375000	667.674683
1908.799805	678.804810
1908.427734	667.550537
1907.845703	634.104919
1907.479492	635.769714
1906.891602	660.156372
1906.532227	662.026917
1905.936523	673.100464
1905.583984	667.177734
1904.982422	633.669189
1904.635742	672.326477
1904.027344	672.791870
1903.687500	659.020630
1903.072266	656.933960
1902.739258	661.533264
1902.116211	633.233154
1901.790039	650.869324
1901.161133	685.409058
1900.840820	645.478455
1900.205078	638.173218
1899.891602	666.430725
1899.249023	658.945435
1898.942383	645.237061
1898.292969	760.750061
1897.993164	655.648804
1897.335938	692.619873
1897.043945	655.526001
1896.379883	668.942932
1896.093750	650.138855
1895.422852	653.114075
1895.143555	636.858765
1894.465820	707.812561
1894.193359	636.739258
1893.507813	644.979309
1893.243164	631.358398
1892.550781	660.494446
1892.292969	628.609680
1891.592773	629.021484
1891.342773	633.750854
1890.634766	709.769043
1890.391602	599.452393
1889.675781	693.952026
1889.440430	630.883850
1888.717773	654.668030
1888.489258	664.931519
1887.758789	644.086121
1887.538086	622.763184
1886.799805	667.400452
1886.585938	683.071350
1885.840820	685.490967
1885.634766	688.195984
1884.881836	687.938049
1884.682617	630.289612
1883.921875	685.173462
1883.730469	638.047791
1882.961914	666.782288
1882.778320	645.802917
1882.001953	677.043701
1881.825195	614.184265
1881.041992	674.283203
1880.873047	663.928345
1880.081055	715.771545
1879.919922	663.802734
1879.120117	710.400879
1878.966797	661.053894
1878.159180	725.845337
1878.013672	710.760620
1877.198242	699.666687
1877.060547	697.514771
1876.237305	722.907410
1876.106445	626.595581
1875.275391	686.342224
1875.153320	663.174133
1874.313477	725.169983
1874.199219	649.944580
1873.351563	667.832520
1873.245117	686.504578
1872.388672	693.656494
1872.291016	662.796448
1871.426758	719.468262
1871.335938	699.339966
1870.463867	703.719849
1870.381836	607.550598
1869.500977	664.613342
1869.426758	709.546936
1868.538086	669.649170
1868.471680	659.674500
1867.574219	679.872437
1867.516602	709.276733
1866.610352	695.279358
1866.561523	685.590759
1865.646484	684.741821
1865.605469	674.994995
1864.682617	726.071350
1864.650391	661.787415
1863.718750	692.198730
1863.694336	687.813721
1862.753906	723.139282
1862.738281	713.830017
1861.789063	678.917786
1861.781250	658.794128
1860.825195	674.350769
1860.824219	639.898315
1859.868164	676.835083
1859.858398	699.319824
1858.911133	681.931091
1858.893555	681.029297
1857.955078	689.637329
1857.927734	706.757874
1856.997070	671.222900
1856.961914	654.826721
1856.040039	673.705505
1855.996094	680.549133
1855.082031	678.797852
1855.029297	726.955505
1854.125000	665.616333
1854.062500	695.747253
1853.166992	668.098389
1853.095703	703.340759
1852.208984	660.142334
1852.128906	703.174988
1851.250000	688.711853
1851.161133	726.270447
1850.291992	683.362976
1850.194336	770.026733
1849.333008	654.546265
1849.226563	749.177979
1848.374023	701.350891
1848.258789	694.762939
1847.415039	745.530640
1847.290039	686.852295
1846.456055	703.687073
1846.322266	715.086792
1845.496094	677.494019
1845.353516	704.593811
1844.537109	706.021118
1844.383789	740.551453
1843.577148	669.418579
1843.415039	717.158691
1842.617188	684.914856
1842.446289	709.251404
1841.657227	679.575195
1841.476563	724.554077
1840.696289	710.682739
1840.506836	765.628113
1839.736328	733.970032
1839.536133	757.714539
1838.775391	645.352417
1838.566406	734.344666
1837.814453	731.084473
1837.595703	721.289978
1836.853516	702.329590
1836.625000	715.967529
1835.892578	668.384338
1835.654297	705.497925
1834.930664	707.258118
1834.682617	751.665466
1833.968750	730.518433
1833.711914	761.780762
1833.006836	725.178406
1832.740234	735.869446
1832.044922	706.846863
1831.767578	792.285767
1831.083008	727.495300
1830.795898	722.659668
1830.121094	690.986389
1829.823242	709.631470
1829.158203	690.852234
1828.850586	737.737549
1828.195313	740.054993
1827.877930	742.700989
1827.232422	695.776123
1826.905273	752.800476
1826.269531	716.406189
1825.931641	719.227600
1825.305664	752.599182
1824.958008	701.078918
1824.342773	700.559387
1823.984375	716.315613
1823.378906	708.205505
1823.010742	764.913513
1822.415039	723.629456
1822.036133	767.296204
1821.450195	687.184326
1821.062500	782.505554
1820.486328	775.200195
1820.086914	751.537903
1819.521484	754.311890
1819.112305	656.476013
1818.557617	772.306091
1818.137695	756.304138
1817.592773	722.923950
1817.162109	715.112122
1816.626953	673.560974
1816.186523	743.127563
1815.662109	727.821716
1815.210938	753.196106
1814.697266	758.754700
1814.234375	750.453308
1813.731445	691.289734
1813.257813	714.423096
1812.765625	732.571960
1812.281250	729.610901
1811.799805	719.488098
1811.304688	744.791260
1810.833008	701.234131
1810.328125	744.611328
1809.867188	714.032104
1809.350586	803.269470
1808.900391	737.171265
1808.373047	718.675537
1807.933594	726.682495
1807.395508	761.969666
1806.966797	734.296631
1806.416992	741.334534
1806.000000	770.343140
1805.439453	741.154846
1805.032227	674.564026
1804.460938	769.081055
1804.065430	705.439880
1803.482422	766.339966
1803.097656	733.719971
1802.502930	709.969299
1802.129883	749.073853
1801.524414	714.903259
1801.161133	751.509033
1800.544922	758.123779
1800.193359	746.197205
1799.564453	760.491333
1799.224609	818.332031
1798.584961	798.576721
1798.255859	735.579529
1797.604492	770.324036
1797.287109	743.176025
1796.625000	793.087402
1796.318359	696.590210
1795.643555	754.651550
1795.348633	742.883057
1794.663086	736.625305
1794.379883	817.526001
1793.681641	782.314026
1793.410156	796.737244
1792.701172	797.408691
1792.440430	745.021362
1791.719727	776.837708
1791.470703	799.000061
1790.737305	791.925964
1790.500000	757.611694
1789.755859	855.376221
1789.530273	875.976379
1788.773438	844.986145
1788.559570	816.557739
1787.791016	798.977783
1787.588867	790.642395
1786.807617	826.764648
1786.617188	793.060852
1785.825195	796.042603
1785.646484	808.350037
1784.841797	806.017700
1784.674805	833.928528
1783.858398	795.651611
1783.704102	862.070068
1782.875000	795.455994
1782.732422	815.588257
1781.890625	805.423340
1781.759766	851.439087
1780.906250	823.006104
1780.788086	794.690308
1779.921875	822.803345
1779.815430	884.528259
1778.937500	847.989441
1778.843750	804.658142
1777.952148	863.009888
1777.871094	799.357788
1776.966797	878.022705
1776.897461	832.606079
1775.981445	849.898743
1775.924805	835.009888
1774.996094	796.424683
1774.951172	855.393860
1774.009766	841.871338
1773.978516	814.131958
1773.024414	869.549438
1773.004883	790.860413
1772.038086	856.661621
1772.030273	844.614624
1771.056641	862.413391
1771.050781	896.991333
1770.082031	831.447327
1770.064453	803.038879
1769.108398	805.624817
1769.077148	850.959351
1768.133789	895.245300
1768.089844	891.259949
1767.159180	812.997620
1767.102539	880.913086
1766.183594	843.605286
1766.114258	873.101929
1765.208984	856.255127
1765.125977	802.041870
1764.233398	858.647339
1764.137695	824.607483
1763.257813	809.786194
1763.149414	842.104004
1762.282227	855.742310
1762.160156	824.196594
1761.305664	850.448120
1761.170898	821.463440
1760.330078	888.694275
1760.181641	846.527954
1759.353516	847.547485
1759.192383	906.948120
1758.376953	837.137695
1758.202148	841.053650
1757.400391	829.291565
1757.212891	871.143921
1756.422852	821.448425
1756.221680	858.303833
1755.446289	826.401001
1755.231445	870.707825
1754.468750	900.417542
1754.240234	852.827515
1753.491211	826.069824
1753.250000	787.028015
1752.513672	818.233276
1751.535156	795.060974
1750.557617	856.244324
1749.579102	843.295288
1748.600586	809.911926
1747.622070	840.402222
1746.643555	827.463867
1745.664063	817.084045
1744.684570	865.424377
1743.705078	816.755493
1742.725586	796.176331
1741.746094	872.556152
1740.765625	803.508301
1739.785156	795.695557
1738.804688	818.483398
1737.824219	856.557617
1736.843750	777.373230
1735.862305	825.633179
1734.880859	856.039490
1733.899414	838.036133
1732.917969	896.441223
1731.935547	852.974915
1730.954102	804.434692
1729.971680	883.172241
1728.989258	865.181152
1728.006836	867.550293
1727.023438	890.267395
1726.041016	905.345886
1725.057617	877.194092
1724.074219	866.848206
1723.090820	904.796021
1722.106445	823.299194
1721.122070	904.429321
1720.138672	914.406006
1719.153320	901.523010
1718.168945	934.346924
1717.184570	924.003418
1716.199219	913.664001
1715.213867	938.852844
1714.228516	900.608215
1713.243164	925.789307
1712.256836	948.424133
1711.270508	950.766663
1710.285156	965.782410
1709.297852	980.791992
1708.311523	978.058533
1707.325195	1015.859070
1706.337891	964.996216
1705.350586	919.218506
1704.363281	1027.897095
1703.375000	979.593811
1702.387695	1027.478027
1701.399414	1047.510132
1700.411133	1001.761780
1699.422852	1064.786865
1698.434570	1041.811401
1697.445313	1076.992798
1696.456055	1059.079346
1695.466797	1074.025513
1694.477539	1076.332642
1693.487305	1055.903809
1692.498047	1083.468994
1691.507813	1063.046875
1690.517578	1009.814087
1689.527344	1067.659790
1688.536133	1075.011597
1687.545898	1074.791382
1686.554688	1056.913818
1685.563477	1046.609375
1684.571289	1031.266113
1683.580078	1104.161133
1682.587891	1033.363403
1681.595703	1070.949585
1680.603516	1022.861755
1679.611328	1025.170532
1678.618164	1027.478271
1677.625000	1059.998657
1676.631836	1024.538696
1675.638672	986.576355
1674.645508	1009.019775
1673.651367	955.981628
1672.657227	1016.150269
1671.663086	1081.323486
1670.668945	985.561646
1669.674805	1007.981689
1668.679688	965.050415
1667.684570	1055.306396
1666.689453	1024.943359
1665.694336	1044.824829
1664.698242	1064.697998
1663.703125	1061.967651
1662.707031	1039.158081
1661.710938	1028.905518
1660.713867	1013.638977
1659.717773	1043.531494
1658.720703	1045.823853
1657.723633	1040.592773
1656.726563	1017.815186
1655.729492	1035.149658
1654.731445	1049.970825
1653.733398	1039.732056
1652.735352	1024.487671
1651.737305	1036.797363
1650.739258	1021.559692
1649.740234	1053.890991
1648.741211	1021.136414
1647.742188	1008.413452
1646.743164	1025.716553
1645.743164	1038.010010
1644.744141	1015.288330
1643.744141	995.076111
1642.743164	1067.360107
1641.743164	1054.642700
1640.743164	1029.437378
1639.742188	1041.714111
1638.741211	1136.406250
1637.740234	1106.205200
1636.738281	1125.947632
1635.737305	1133.201660
1634.735352	1165.407715
1633.733398	1140.215210
1632.730469	1194.856445
1631.728516	1139.740479
1630.725586	1132.022827
1629.722656	1151.730469
1628.719727	1104.134766
1627.716797	1146.266724
1626.712891	1126.096924
1625.709961	1158.243042
1624.706055	1148.040161
1623.701172	1137.841431
1622.697266	1152.539673
1621.692383	1144.832764
1620.688477	1107.270020
1619.682617	1159.281006
1618.677734	1084.422607
1617.672852	1206.043701
1616.666992	1143.637451
1615.661133	1153.340942
1614.655273	1125.763306
1613.649414	1162.796997
1612.642578	1150.133179
1611.635742	1182.178833
1610.628906	1162.067017
1609.622070	1201.544067
1608.615234	1183.918335
1607.607422	1258.114990
1606.599609	1245.446411
1605.591797	1230.302612
1604.583984	1262.283813
1603.575195	1242.183716
1602.567383	1271.669800
1601.558594	1231.749023
1600.549805	1206.712036
1599.540039	1248.573242
1598.531250	1245.834229
1597.521484	1260.430176
1596.511719	1250.262329
1595.500977	1356.435181
1594.491211	1299.231201
1593.480469	1192.567139
1592.469727	1271.474243
1591.458984	1295.938477
1590.448242	1285.775146
1589.436523	1292.920776
1588.425781	1235.801758
1587.414063	1233.070313
1586.402344	1237.751709
1585.389648	1331.352417
1584.376953	1271.803345
1583.365234	1264.128174
1582.352539	1246.582275
1581.338867	1263.595093
1580.326172	1307.742310
1579.312500	1287.730957
1578.298828	1270.194336
1577.285156	1220.608643
1576.270508	1143.924805
1575.256836	1261.995239
1574.242188	1200.120728
1573.227539	1207.258423
1572.212891	1165.127563
1571.197266	1310.183472
1570.182617	1213.879395
1569.166992	1206.237427
1568.150391	1146.913574
1567.134766	1208.187500
1566.119141	1175.949707
1565.102539	1251.949097
1564.085938	1229.551880
1563.068359	1239.125732
1562.051758	1265.901733
1561.034180	1273.005981
1560.016602	1248.165771
1558.999023	1299.487549
1557.981445	1257.460205
1556.962891	1306.302368
1555.944336	1261.836304
1554.925781	1286.112549
1553.907227	1263.754272
1552.888672	1248.765625
1551.869141	1172.461914
1550.849609	1280.115112
1549.830078	1191.578003
1548.810547	1232.996460
1547.790039	1259.692505
1546.769531	1183.467041
1545.749023	1148.919067
1544.728516	1217.252075
1543.708008	1204.749512
1542.686523	1228.974487
1541.665039	1270.322510
1540.643555	1177.061523
1539.622070	1245.315186
1538.599609	1134.976563
1537.577148	1215.437622
1536.554688	1198.063232
1535.532227	1161.140015
1534.508789	1229.323730
1533.486328	1160.644409
1532.462891	1172.611328
1531.439453	1179.688110
1530.415039	1181.878052
1529.391602	1145.004883
1528.367188	1152.082764
1527.342773	1183.560669
1526.318359	1158.909546
1525.292969	1139.147339
1524.267578	1121.832275
1523.242188	1148.412964
1522.216797	1182.295166
1521.191406	1167.418823
1520.165039	1172.042236
1519.138672	1159.610352
1518.112305	1183.718262
1517.085938	1198.075195
1516.059570	1175.907104
1515.032227	1248.677002
1514.004883	1155.934448
1512.977539	1233.543213
1511.949219	1201.656006
1510.921875	1233.013794
1509.893555	1271.652344
1508.865234	1249.500854
1507.835938	1283.258301
1506.807617	1285.412476
1505.778320	1287.565552
1504.749023	1170.704102
1503.719727	1279.727051
1502.689453	1226.040161
1501.660156	1220.921875
1500.629883	1218.232300
1499.599609	1198.560303
1498.568359	1234.687866
1497.538086	1304.752563
1496.506836	1287.498779
1495.475586	1270.252441
1494.444336	1257.860474
1493.412109	1276.974121
1492.379883	1313.037476
1491.347656	1232.826416
1490.315430	1295.520386
1489.283203	1278.293701
1488.250000	1294.961304
1487.216797	1299.521606
1486.183594	1379.082642
1485.150391	1369.109009
1484.116211	1385.742065
1483.083008	1368.517456
1482.048828	1382.725708
1481.013672	1406.594971
1479.979492	1406.290771
1478.944336	1403.570801
1477.909180	1400.851807
1476.874023	1530.944458
1475.838867	1530.613037
1474.802734	1650.966187
1473.766602	1648.195435
1472.730469	1592.347412
1471.694336	1623.359863
1470.657227	1664.005249
1469.621094	1649.177979
1468.583984	1689.799683
1467.545898	1713.533447
1466.508789	1756.532715
1465.470703	1681.472900
1464.432617	1712.417847
1463.394531	1777.060303
1462.356445	1776.674316
1461.317383	1761.846802
1460.278320	1751.838379
1459.239258	1765.892700
1458.200195	1799.183228
1457.160156	1784.363037
1456.121094	1839.273193
1455.081055	1795.605347
1454.040039	1838.472656
1453.000000	1900.542725
1451.958984	2037.053345
1450.917969	2048.617920
1449.876953	2093.792969
1448.835938	2165.355225
1447.793945	2208.084717
1446.751953	2212.402344
1445.709961	2055.981689
1444.667969	2137.082764
1443.625000	2131.820313
1442.582031	2140.944824
1441.539063	2035.011475
1440.496094	1993.827637
1439.453125	1928.702637
1438.409180	1832.465820
1437.365234	1774.588623
1436.321289	1762.229004
1435.276367	1625.396362
1434.232422	1641.793701
1433.187500	1634.256104
1432.142578	1655.428589
1431.096680	1650.282593
1430.051758	1712.092163
1429.005859	1625.653076
1427.959961	1716.122192
1426.914063	1653.615967
1425.867188	1710.591553
1424.820313	1640.947876
1423.773438	1619.095459
1422.726563	1587.702393
1421.679688	1663.737793
1420.631836	1651.440063
1419.583984	1636.761719
1418.536133	1562.453979
1417.487305	1640.812378
1416.439453	1547.460938
1415.390625	1582.878540
1414.341797	1539.630493
1413.291992	1496.401245
1412.243164	1627.097412
1411.193359	1586.249390
1410.143555	1633.524780
1409.092773	1595.073730
1408.042969	1609.003418
1406.992188	1544.398071
1405.941406	1441.754883
1404.890625	1572.260498
1403.838867	1474.412354
1402.788086	1543.036255
1401.736328	1526.056519
1400.683594	1513.837158
1399.631836	1420.839478
1398.579102	1458.532959
1397.526367	1491.459961
1396.473633	1550.490601
1395.420898	1500.296265
1394.367188	1559.298584
1393.313477	1511.496948
1392.259766	1511.162598
1391.206055	1510.828125
1390.151367	1422.756958
1389.096680	1472.227417
1388.041992	1552.488525
1386.987305	1556.883911
1385.931641	1568.384644
1384.876953	1537.244751
1383.821289	1574.793579
1382.764648	1626.531250
1381.708984	1557.525513
1380.652344	1602.144043
1379.595703	1703.526733
1378.539063	1632.183960
1377.481445	1754.799194
1376.424805	1683.476196
1375.367188	1650.007324
1374.309570	1635.460205
1373.250977	1630.370728
1372.192383	1637.094971
1371.133789	1577.685547
1370.075195	1577.334351
1369.016602	1576.983154
1367.957031	1590.793213
1366.897461	1533.806030
1365.837891	1578.288452
1364.778320	1516.611694
1363.717773	1454.962280
1362.657227	1485.286499
1361.596680	1541.524780
1360.536133	1564.746216
1359.474609	1604.449097
1358.414063	1615.868164
1357.352539	1582.537720
1356.290039	1650.462769
1355.228516	1685.402466
1354.166016	1713.266235
1353.103516	1792.880371
1352.041016	1860.696899
1350.977539	1848.521362
1349.914063	1878.674072
1348.850586	1981.686523
1347.787109	1790.874146
1346.723633	1797.521851
1345.659180	1846.451538
1344.594727	1827.248291
1343.530273	1801.009033
1342.464844	1760.695801
1341.399414	1720.400513
1340.333984	1717.667603
1339.268555	1794.700317
1338.203125	1688.750122
1337.136719	1768.099243
1336.070313	1758.323975
1335.003906	1762.616333
1333.936523	1708.322144
1332.870117	1792.280273
1331.802734	1663.049072
1330.735352	1730.586670
1329.666992	1809.799927
1328.599609	1727.466187
1327.531250	1806.644043
1326.461914	1773.481079
1325.393555	1789.455200
1324.324219	1777.358276
1323.255859	1776.957153
1322.185547	1785.906250
1321.116211	1757.458374
1320.045898	1761.734375
1318.975586	1756.664185
1317.905273	1688.538696
1316.834961	1685.821899
1315.763672	1746.135132
1314.692383	1603.373413
1313.621094	1649.677490
1312.549805	1658.635132
1311.477539	1585.958374
1311.475586	1592.305298
1310.405273	1611.248413
1310.403320	1555.003906
1309.333008	1571.252197
1309.330078	1547.733398
1308.260742	1587.210815
1308.257813	1507.838257
1307.187500	1612.482666
1307.184570	1488.927856
1306.114258	1500.293701
1306.111328	1525.936035
1305.041016	1504.611328
1305.038086	1567.589233
1303.967773	1527.555664
1303.964844	1532.375610
1302.893555	1469.007080
1302.891602	1499.502686
1301.819336	1508.241333
1301.817383	1566.745361
1300.745117	1514.879517
1300.743164	1505.946533
1299.670898	1528.493896
1299.668945	1489.385376
1298.595703	1481.627319
1298.594727	1433.275269
1297.520508	1523.147705
1297.519531	1530.722656
1296.445313	1557.674316
1296.445313	1456.017456
1295.370117	1506.915283
1295.370117	1471.318359
1294.294922	1497.342773
1294.293945	1494.221558
1293.219727	1501.721191
1293.217773	1512.467407
1292.143555	1550.258057
1292.141602	1542.318726
1291.067383	1519.767822
1291.065430	1535.000244
1289.992188	1603.134033
1289.988281	1583.406006
1288.916016	1549.415039
1288.911133	1650.359009
1287.838867	1662.937988
1287.833984	1645.340942
1286.762695	1604.582886
1286.756836	1658.885986
1285.685547	1625.186157
1285.678711	1663.146240
1284.608398	1615.605225
1284.600586	1600.151489
1283.531250	1610.669189
1283.522461	1576.600464
1282.454102	1624.297974
1282.444336	1608.691895
1281.376953	1572.961548
1281.365234	1624.546143
1280.298828	1658.498657
1280.286133	1695.999512
1279.220703	1644.280518
1279.207031	1656.232300
1278.142578	1648.617188
1278.126953	1637.326050
1277.064453	1564.856323
1277.047852	1581.382568
1275.985352	1685.099365
1275.967773	1645.835083
1274.907227	1666.250732
1274.887695	1687.114868
1273.828125	1654.359741
1273.806641	1719.120605
1272.749023	1714.287598
1272.726563	1797.375854
1271.669922	1716.288696
1271.645508	1685.953979
1270.589844	1711.341431
1270.563477	1641.635742
1269.509766	1664.719849
1269.482422	1699.049561
1268.429688	1592.651245
1268.400391	1698.659180
1267.349609	1640.961426
1267.318359	1654.367920
1266.269531	1624.460327
1266.236328	1651.677490
1265.189453	1577.887939
1265.154297	1575.083862
1264.108398	1552.151245
1264.071289	1553.940552
1263.027344	1535.674805
1262.988281	1569.741943
1261.946289	1560.826172
1261.905273	1578.612183
1260.865234	1546.665649
1260.821289	1562.096802
1259.783203	1520.952637
1259.738281	1515.599854
1258.701172	1439.783691
1258.654297	1561.376831
1257.619141	1518.077515
1257.569336	1549.487793
1256.537109	1499.313965
1256.485352	1530.688232
1255.455078	1492.105835
1255.400391	1521.116089
1254.372070	1454.878906
1254.315430	1506.939697
1253.290039	1500.786011
1253.230469	1478.947754
1252.207031	1468.187744
1252.144531	1517.759155
1251.124023	1440.217407
1251.058594	1515.105713
1250.040039	1493.023682
1249.972656	1466.411987
1248.957031	1585.031982
1248.886719	1498.294189
1247.873047	1497.079224
1247.800781	1553.171265
1246.789063	1536.006592
1246.713867	1571.215454
1245.705078	1568.001465
1245.626953	1577.751221
1244.620117	1549.264160
1244.539063	1579.685059
1243.536133	1558.193848
1243.452148	1586.215576
1242.451172	1608.602539
1242.364258	1634.112671
1241.366211	1654.383667
1241.276367	1544.119507
1240.280273	1584.961182
1240.187500	1513.896729
1239.195313	1570.843506
1239.099609	1552.589600
1238.109375	1572.850830
1238.010742	1533.859497
1237.023438	1542.623291
1236.921875	1489.885498
1235.937500	1487.084839
1235.832031	1514.785645
1234.851563	1477.598267
1234.743164	1580.976685
1233.765625	1516.438599
1233.653320	1498.022583
1232.678711	1529.956421
1232.563477	1513.728638
1231.591797	1453.759155
1231.472656	1474.395386
1230.504883	1432.785889
1230.381836	1471.759521
1229.416992	1338.240234
1229.291016	1434.745728
1228.330078	1427.645752
1228.200195	1438.994141
1227.242188	1438.867920
1227.109375	1390.550537
1226.154297	1353.566406
1226.017578	1326.097046
1225.066406	1399.262329
1224.925781	1367.003784
1223.978516	1376.024780
1223.833984	1364.395386
1222.889648	1286.189453
1222.741211	1382.386475
1221.800781	1327.278931
1221.648438	1290.536011
1220.711914	1278.812622
1220.555664	1326.836792
1219.623047	1292.342041
1219.462891	1289.932617
1218.533203	1264.555664
1218.369141	1255.332153
1217.444336	1266.609131
1217.276367	1259.610352
1216.354492	1355.839233
1216.181641	1343.879272
1215.264648	1346.405640
1215.087891	1316.144775
1214.173828	1297.989868
1213.993164	1324.973999
1213.083984	1352.769775
1212.899414	1329.231201
1211.993164	1359.388306
1211.803711	1404.270508
1210.902344	1359.128174
1210.708984	1429.052124
1209.811523	1356.576416
1209.613281	1440.128174
1208.720703	1420.466553
1208.517578	1474.016357
1207.628906	1404.159790
1207.421875	1391.546021
1206.537109	1394.729614
1206.326172	1432.271240
1205.445313	1433.387695
1205.229492	1379.490967
1204.353516	1352.986328
1204.132813	1331.294556
1203.261719	1345.859619
1203.036133	1299.074097
1202.168945	1347.889160
1201.938477	1399.024048
1201.076172	1359.069702
1200.840820	1303.018311
1199.983398	1338.219971
1199.743164	1302.711182
1198.890625	1363.120361
1198.645508	1347.942749
1197.796875	1305.690674
1197.546875	1377.217896
1196.703125	1348.877197
1196.449219	1404.203125
1195.609375	1348.616699
1195.350586	1387.944458
1194.515625	1334.644165
1194.250977	1358.044434
1193.421875	1450.916382
1193.151367	1398.660034
1192.327148	1416.368774
1192.052734	1448.350830
1191.232422	1482.331299
1190.952148	1393.452271
1190.137695	1470.626343
1189.852539	1420.394165
1189.042969	1465.775024
1188.751953	1370.071899
1187.948242	1428.967773
1187.651367	1369.747559
1186.852539	1392.174438
1186.550781	1346.712769
1185.756836	1366.804199
1185.449219	1276.008789
1184.661133	1339.162354
1184.348633	1255.276733
1183.564453	1263.631592
1183.247070	1225.476685
1182.468750	1201.812866
1182.144531	1261.487671
1181.372070	1233.499512
1181.042969	1186.333496
1180.275391	1167.151123
1179.940430	1172.444946
1179.178711	1139.573975
1178.837891	1154.028320
1178.081055	1127.958252
1177.734375	1187.754517
1176.984375	1175.581665
1176.631836	1144.414795
1175.886719	1129.795898
1175.528320	1207.579956
1174.789063	1209.283203
1174.424805	1182.376465
1173.690430	1147.569946
1173.320313	1202.475830
1172.592773	1108.645386
1172.215820	1143.324951
1171.494141	1117.532593
1171.111328	1127.208130
1170.395508	1130.967407
1170.006836	1086.206421
1169.296875	1096.618652
1168.902344	1135.719849
1168.198242	1080.480957
1167.796875	1076.640503
1167.098633	1155.319336
1166.691406	1130.654785
1165.999023	1134.628418
1165.584961	1116.819946
1164.899414	1068.478271
1164.479492	1139.155151
1163.799805	1084.178711
1163.373047	1118.545532
1162.699219	1129.414917
1162.266602	1118.277832
1161.598633	1079.208496
1161.159180	1097.682617
1160.498047	1097.168701
1160.051758	1117.742188
1159.397461	1090.139282
1158.944336	1090.384033
1158.296875	1083.112549
1157.836914	1060.781860
1157.195313	1130.573853
1156.729492	1049.245117
1156.093750	1105.383301
1155.621094	1094.111328
1154.992188	1055.239868
1154.512695	1093.848633
1153.890625	1123.098145
1153.403320	1127.408081
1152.788086	1086.581299
1152.294922	1066.271606
1151.686523	1052.346680
1151.185547	1122.358521
1150.583984	1097.489380
1150.076172	1068.011963
1149.480469	1101.806396
1148.965820	1058.744263
1148.377930	1031.322388
1147.856445	1119.296143
1147.274414	1092.305298
1146.746094	1078.498291
1146.170898	1055.836914
1145.634766	1087.242432
1145.067383	1116.790527
1144.524414	1098.232666
1143.963867	1044.093872
1143.413086	1079.968140
1142.860352	1179.750488
1142.301758	1122.445801
1141.755859	1161.404541
1141.190430	1117.677002
1140.651367	1093.268921
1140.078125	1153.379761
1139.546875	1136.049438
1138.965820	1184.569580
1138.441406	1126.773071
1137.853516	1141.585938
1137.335938	1101.665161
1136.740234	1100.869507
1136.231445	1144.417969
1135.627930	1150.017822
1135.125000	1096.703857
1134.514648	1160.967163
1134.019531	1143.961914
1133.400391	1142.725464
1132.913086	1123.390747
1132.287109	1155.915283
1131.807617	1132.206055
1131.172852	1126.463501
1130.701172	1100.347900
1130.058594	1081.321899
1129.593750	1061.725220
1128.943359	1099.002197
1128.487305	1120.235107
1127.829102	1089.765869
1127.379883	1120.011108
1126.713867	1114.160400
1126.272461	1115.271729
1125.598633	1140.784058
1125.165039	1056.361694
1124.482422	1077.767334
1124.057617	1033.582886
1123.366211	1120.067505
1122.949219	1134.908325
1122.250000	1122.034302
1121.840820	1087.308472
1121.133789	1025.481934
1120.732422	1066.791992
1120.016602	1090.148193
1119.624023	1091.382080
1118.899414	1125.689453
1118.514648	1138.506836
1117.782227	1085.141357
1117.406250	1145.040161
1116.665039	1118.429199
1116.296875	1043.399780
1115.546875	1138.282715
1115.187500	1079.239746
1114.428711	1073.167114
1114.077148	1042.980103
1113.310547	1131.020264
1112.966797	988.717285
1112.191406	1083.815430
1111.857422	1069.581177
1111.072266	1043.335693
1110.746094	1062.611816
1109.953125	1065.415894
1109.635742	1084.906128
1108.833984	1018.261108
1108.524414	1019.426025
1107.713867	1049.266113
1107.414063	1021.470276
1106.593750	1046.776611
1106.302734	1048.257813
1105.473633	961.726990
1105.190430	991.820496
1104.352539	974.875732
1104.079102	1034.343018
1103.231445	1046.005371
1102.966797	991.419678
1102.110352	1043.518311
1101.854492	991.219177
1100.989258	991.990173
1100.742188	1047.198853
1099.867188	1036.318726
1099.629883	1073.947876
1098.745117	1053.888184
1098.516602	997.356262
1097.623047	1015.760254
1097.403320	1042.071045
1096.500000	986.558777
1096.290039	990.215881
1095.376953	1059.788086
1095.176758	981.035339
1094.253906	1030.589844
1094.062500	1007.769958
1093.130859	999.180420
1092.948242	1000.833313
1092.006836	1001.158264
1091.833984	1011.847900
1090.882813	1060.965332
1090.719727	1047.532104
1089.758789	1051.808105
1089.604492	1042.833862
1088.634766	962.621887
1088.490234	1049.348267
1087.509766	1051.287231
1087.375000	1024.475708
1086.384766	1115.465942
1086.258789	981.682739
1085.258789	1039.658569
1085.143555	985.964478
1084.133789	1054.947266
1084.027344	1055.215088
1083.007813	1045.803833
1082.911133	969.883240
1081.880859	1025.565552
1081.794922	1034.629761
1080.754883	1029.749268
1080.678711	976.204590
1079.627930	1084.961548
1079.561523	1081.216919
1078.500977	958.255188
1078.444336	980.282227
1077.374023	1031.198486
1077.327148	1015.884033
1076.246094	1037.592896
1076.209961	953.035583
1075.118164	1083.881348
1075.092773	1015.468750
1073.990234	1074.747070
1073.974609	988.425903
1072.861328	996.939270
1072.856445	1041.882813
1071.738281	965.667908
1071.732422	1034.343140
1070.619141	967.704956
1070.603516	1000.870056
1069.500000	945.162415
1069.474609	996.192383
1068.380859	1020.923584
1068.344727	931.760254
1067.261719	971.576965
1067.214844	1017.820557
1066.142578	991.475037
1066.084961	1008.717346
1065.022461	989.038940
1064.954102	984.137634
1063.902344	973.210876
1063.824219	983.890991
1062.782227	977.474304
1062.692383	1012.379883
1061.662109	1010.741638
1061.561523	1029.804932
1060.541016	1003.841553
1060.429688	1011.871704
1059.419922	988.022949
1059.297852	982.903442
1058.298828	1010.118042
1058.166016	1009.154968
1057.177734	1045.580200
1057.033203	1099.415283
1056.056641	1069.882935
1055.900391	1035.132446
1054.934570	1020.636292
1054.767578	1030.458740
1053.812500	1031.565918
1053.634766	1036.817017
1052.689453	1017.987915
1052.500977	1054.199097
1051.567383	1004.415344
1051.367188	1047.318481
1050.444336	1042.060669
1050.233398	980.924377
1049.321289	1010.679199
1049.098633	1044.585938
1048.198242	997.116211
1047.963867	1024.493042
1047.075195	988.009155
1046.829102	1044.057861
1045.951172	978.905762
1045.693359	999.751709
1044.827148	965.357300
1044.557617	1030.320068
1043.703125	1027.425781
1043.421875	957.426758
1042.579102	984.968445
1042.286133	1034.198853
1041.454102	1002.548035
1041.149414	987.739380
1040.329102	1000.117859
1040.012695	963.296326
1039.204102	1006.576660
1038.875977	1042.206543
1038.079102	1035.248291
1037.738281	1044.139893
1036.953125	1026.149170
1036.600586	1043.874512
1035.827148	985.964722
1035.462891	1012.849854
1034.701172	1067.906738
1034.325195	1019.181580
1033.575195	1005.532837
1033.186523	1067.232910
1032.448242	1014.200989
1032.047852	1071.351685
1031.322266	1042.834595
1030.908203	1082.052612
1030.195313	996.032715
1029.769531	1040.085205
1029.067383	1057.926025
1028.629883	1052.981934
1027.940430	1046.618896
1027.490234	1109.734863
1026.812500	1123.994263
1026.349609	1069.984497
1025.684570	1059.482056
1025.208984	1063.134644
1024.556641	1094.717773
1024.068359	1045.330688
1023.427734	1096.705200
1022.926758	1088.881104
1022.299805	1092.046387
1021.786133	1114.886108
1021.170898	1071.886841
1020.644531	1112.410400
1020.041992	1071.663208
1019.501953	1090.232666
1018.912109	1058.157349
1018.360352	1085.575317
1017.782227	1082.282227
1017.217773	1021.841553
1016.653320	1051.077026
1016.074219	1054.391846
1015.522461	1015.460083
1014.931641	1084.738159
1014.392578	1015.247864
1013.788086	1003.561768
1013.261719	1074.743530
1012.644531	1064.506958
1012.131836	1039.143677
1011.500000	1016.156250
1011.000000	1067.662476
1010.356445	1057.403809
1009.869141	1043.128784
1009.210938	1052.762573
1008.737305	1071.634521
1008.066406	1056.857788
1007.606445	1053.737305
1006.920898	1060.950684
1006.473633	1057.933716
1005.775391	1080.318481
1005.341797	1033.422119
1004.629883	997.126831
1004.209961	1079.567139
1003.484375	1095.028564
1003.077148	1059.475464
1002.337891	1046.767944
1001.944336	1079.114136
1001.190430	1103.181763
1000.810547	1078.887573
1000.043945	1061.482422
999.677734	1107.337036
998.896484	1032.878906
998.543945	1047.558960
997.749023	993.397583
997.410156	1007.650085
996.601563	1043.231812
996.276367	1071.367554
995.453125	1008.122559
995.141602	1040.286255
994.304688	1025.274536
994.006836	1055.492188
993.155273	1016.302490
992.872070	978.162537
992.006836	1033.442993
991.737305	975.754028
990.857422	972.270569
990.602539	1017.389160
989.708008	1008.983887
989.466797	999.561401
988.331055	1023.564026
987.195313	1029.950439
986.058594	985.727539
984.921875	996.518616
983.785156	1051.292236
982.648438	1020.285706
981.511719	1044.252930
980.374023	1046.230225
979.236328	1061.391602
978.098633	1019.423523
976.959961	1010.421631
975.822266	1056.326050
974.683594	1051.711182
973.544922	1014.170532
972.405273	1077.602295
971.265625	1114.676147
970.126953	1142.958984
968.986328	1081.303833
967.846680	1168.788452
966.706055	1111.538574
965.565430	1212.130859
964.424805	1179.001709
963.284180	1189.706299
962.142578	1222.311401
961.000977	1184.820679
959.859375	1158.293701
958.717773	1182.127686
957.575195	1140.291748
956.432617	1076.591431
955.290039	1146.369629
954.146484	1078.320313
953.003906	1027.794312
951.860352	1029.761719
950.716797	1029.542236
949.572266	1038.064209
948.428711	1031.288086
947.284180	967.718506
946.138672	984.984009
944.994141	978.223083
943.848633	1021.675537
942.704102	995.266113
941.557617	1005.964050
940.412109	1025.384033
939.265625	966.272339
938.119141	1035.849243
936.972656	1020.365662
935.826172	993.989685
934.678711	963.266174
933.531250	993.564026
932.383789	1047.811279
931.236328	953.935486
930.087891	1049.539551
928.939453	1044.960571
927.791016	1027.324097
926.641602	1114.146362
925.493164	1148.716797
924.343750	1131.069214
923.194336	1113.428955
922.043945	1176.241455
920.893555	1086.865723
919.743164	1058.379639
918.592773	1049.460938
917.442383	1042.718140
916.291016	1018.603333
915.139648	1077.011841
913.988281	1085.463623
912.835938	1015.775146
911.684570	1074.146118
910.532227	1102.118530
909.378906	1017.287720
908.226563	1099.474854
907.073242	1075.388306
905.919922	1064.318115
904.766602	1079.258667
903.612305	1124.526855
902.458984	1106.953979
901.304688	1150.030518
900.149414	1143.286133
898.995117	1091.082764
897.839844	1183.915161
896.684570	1146.872681
895.529297	1109.846069
894.373047	1118.257813
893.216797	1198.028564
892.060547	1199.931274
890.904297	1286.134155
889.747070	1348.527588
888.590820	1421.696899
887.432617	1481.873413
886.275391	1606.814453
885.117188	1666.924438
883.959961	1707.579224
882.801758	1614.402222
881.642578	1555.790527
880.483398	1467.001221
879.325195	1401.976074
878.165039	1347.760986
877.005859	1332.376587
875.845703	1310.532104
874.685547	1208.961670
873.525391	1247.480469
872.365234	1232.130615
871.204102	1141.411011
870.042969	1102.406128
868.881836	1127.998047
867.719727	1160.035400
866.558594	1123.203247
865.396484	1159.530029
864.233398	1148.523315
863.071289	1118.168335
861.908203	1128.673706
860.745117	1190.759766
859.582031	1119.585693
858.417969	1147.271118
857.253906	1153.464600
856.089844	1069.459717
854.925781	1122.902100
853.760742	1120.510254
852.596680	1107.388672
851.430664	1195.117554
850.265625	1169.114258
849.099609	1168.858521
847.933594	1187.900757
846.767578	1217.653320
845.601563	1253.822632
844.434570	1289.975952
843.267578	1283.266357
842.100586	1297.978394
840.933594	1394.057251
839.765625	1419.442993
838.597656	1412.710327
837.429688	1581.460571
836.260742	1718.043579
835.091797	1903.764893
833.922852	2318.233887
832.753906	2728.244385
831.583984	3144.487549
830.414063	3643.897705
829.244141	4044.799072
828.074219	4054.591309
826.903320	3803.814209
825.733398	3478.411377
824.561523	2914.049805
823.390625	2635.940918
822.218750	2185.108887
821.046875	2022.487549
819.875000	1781.018188
818.703125	1659.074097
817.530273	1584.088013
816.357422	1396.162842
815.184570	1391.592896
814.010742	1289.016968
812.836914	1288.732666
811.663086	1314.004395
810.489258	1243.450928
809.314453	1181.443359
808.139648	1217.362915
806.964844	1217.093994
805.790039	1233.843750
804.614258	1163.385132
803.438477	1143.990601
802.262695	1199.011353
801.086914	1130.732178
799.910156	1153.856689
798.733398	1151.476929
797.556641	1174.586426
796.378906	1157.338013
795.201172	1157.081665
794.023438	1195.032593
792.845703	1207.500732
791.666992	1228.449829
790.489258	1206.965576
789.309570	1333.942017
788.130859	1293.361206
786.951172	1354.548340
785.771484	1333.054565
784.591797	1303.094849
783.412109	1319.752563
782.231445	1258.040161
781.050781	1261.995605
779.870117	1225.726685
778.688477	1219.104858
777.506836	1231.530029
776.325195	1210.100708
775.143555	1277.514404
773.960938	1232.823242
772.778320	1272.717773
771.595703	1242.843018
770.413086	1280.604126
769.229492	1301.446411
768.045898	1326.503784
766.862305	1273.413330
765.677734	1387.141235
764.494141	1357.280029
763.309570	1365.418945
762.124023	1476.939941
760.939453	1432.312134
759.753906	1550.095093
758.568359	1570.834229
757.381836	1692.749390
756.196289	1686.048706
755.009766	1632.994995
753.822266	1628.416870
752.635742	1449.030396
751.448242	1526.616577
750.260742	1456.803467
749.073242	1429.116089
747.884766	1382.502686
746.696289	1428.476807
745.507813	1434.467163
744.319336	1490.923096
743.129883	1374.958252
741.940430	1425.096191
740.750977	1445.791382
739.561523	1464.376099
738.371094	1522.861938
737.180664	1545.620850
735.990234	1557.871582
734.798828	1563.819336
733.607422	1567.665771
732.416016	1535.841797
731.224609	1497.738892
730.032227	1459.653076
728.839844	1497.066406
727.647461	1532.366577
726.454102	1467.052734
725.260742	1460.437134
724.067383	1489.436646
722.874023	1424.176025
721.679688	1413.386230
720.486328	1390.040405
719.291016	1320.659912
718.096680	1322.455078
716.901367	1278.224976
715.706055	1263.296265
714.510742	1204.461426
713.315430	1291.995605
712.119141	1266.622803
710.922852	1245.440552
709.725586	1174.127197
708.529297	1259.500000
707.332031	1307.245605
706.134766	1244.317261
704.936523	1283.695313
703.738281	1304.273804
702.540039	1356.138428
701.341797	1382.948730
700.143555	1430.601074
698.944336	1378.153931
697.745117	1532.094116
696.544922	1554.671753
695.345703	1612.659180
694.145508	1712.281616
692.944336	1713.976807
691.744141	1798.955933
690.542969	1800.630371
689.341797	1889.713379
688.140625	1903.850342
686.938477	1965.826172
685.736328	2061.050049
684.534180	2137.516846
683.331055	2022.696655
682.128906	2063.804932
680.925781	2082.037842
679.721680	2079.488037
678.518555	2079.015869
677.314453	2022.479248
676.110352	2032.400024
674.905273	1963.446045
673.701172	1927.723999
672.496094	2020.642090
671.290039	1993.219360
670.084961	2001.060669
668.878906	2008.898193
667.672852	2025.022705
666.466797	2107.450928
665.259766	2227.132813
664.052734	2201.770264
662.845703	2348.296143
661.637695	2405.730713
660.429688	2398.972900
659.221680	2435.675293
658.013672	2385.466064
656.804688	2291.841797
655.595703	2187.920166
654.386719	2121.260742
653.177734	2122.843750
651.967773	2089.294189
650.757813	1954.521362
649.547852	1892.106445
648.336914	1809.068237
647.125977	1721.938599
645.915039	1686.453613
644.703125	1663.366943
643.492188	1601.088867
642.280273	1635.789917
641.067383	1625.104126
639.855469	1546.382202
638.642578	1548.089478
637.429688	1560.100464
636.215820	1582.407837
635.001953	1571.745483
633.788086	1554.909424
632.574219	1634.854370
631.359375	1657.123535
630.144531	1771.995117
628.929688	1775.703857
627.714844	1849.352783
626.499023	1892.117920
625.283203	2025.335083
624.067383	2102.986816
622.850586	2053.177979
621.633789	2136.951416
620.416992	2241.229004
619.200195	2318.758789
617.982422	2211.451660
616.764648	2215.048828
615.546875	2109.866699
614.328125	1898.032715
613.109375	1901.698608
611.890625	1829.476318
610.670898	1785.994263
609.452148	1685.130859
608.232422	1627.354736
607.011719	1616.734131
605.791992	1642.993408
604.571289	1628.277344
603.350586	1537.804077
602.128906	1551.779541
600.907227	1487.972778
599.685547	1503.999268
598.463867	1462.736084
597.241211	1478.760742
596.018555	1468.194824
594.795898	1490.343384
593.573242	1496.130493
592.349609	1430.395020
591.125977	1534.254517
589.901367	1566.578979
588.677734	1686.694580
587.453125	1721.010010
586.227539	1843.074951
585.002930	1899.784302
583.777344	2060.512939
582.551758	2139.581055
581.325195	2149.281006
580.099609	2242.562256
578.873047	2321.532715
577.645508	2274.125732
576.418945	2430.468018
575.191406	2354.541992
573.963867	2372.322021
572.735352	2302.551758
571.507813	2240.955322
570.279297	2161.072998
569.049805	1944.920166
567.821289	1854.973511
566.591797	1734.566040
565.362305	1665.039917
564.131836	1585.383057
562.901367	1530.148071
561.670898	1476.970215
560.440430	1379.132202
559.208984	1393.025269
557.977539	1364.278076
556.746094	1410.643066
555.513672	1361.612549
554.281250	1312.604736
553.048828	1401.542725
551.816406	1382.965210
550.583008	1396.833618
549.349609	1376.238647
548.116211	1371.864258
546.881836	1337.103149
545.647461	1359.070313
544.413086	1344.577637
543.177734	1301.748779
541.943359	1352.044556
540.707031	1349.704468
539.471680	1325.111572
538.235352	1276.258911
536.999023	1306.291748
535.762695	1291.833984
534.525391	1309.721680
533.289063	1273.041992
532.050781	1290.925293
530.813477	1260.326050
529.575195	1249.933838
528.336914	1281.941284
527.098633	1301.823486
525.859375	1281.339111
524.620117	1268.933594
523.380859	1280.736816
522.140625	1217.926147
520.900391	1270.054565
519.660156	1233.476929
518.419922	1299.682007
517.178711	1249.012573
515.937500	1240.662109
514.696289	1290.709595
513.454102	1304.497192
512.211914	1237.772583
510.969727	1255.590088
509.726563	1269.375732
508.483398	1244.941650
507.240234	1268.776611
505.997070	1246.364136
504.752930	1298.324341
503.508789	1308.064209
502.263672	1297.710815
501.019531	1275.312012
499.774414	1277.018311
498.528320	1272.701294
497.283203	1338.629150
496.037109	1316.241211
494.791016	1335.989380
493.543945	1293.557129
492.297852	1373.452148
491.050781	1274.902954
489.802734	1392.841919
488.554688	1394.515259
487.306641	1366.140381
486.058594	1327.765503
484.810547	1401.531250
483.561523	1447.237793
482.311523	1400.865479
481.062500	1494.568359
479.812500	1508.215088
478.562500	1547.852539
477.312500	1533.489014
476.061523	1635.065918
474.810547	1566.731689
473.558594	1630.291626
472.307617	1643.885254
471.055664	1675.444824
469.803711	1776.865845
468.550781	1720.554077
467.297852	1797.969238
466.044922	1933.203613
464.791016	1914.791016
463.538086	2179.548828
462.284180	2212.919678
461.029297	2367.856201
459.774414	2634.307861
458.519531	2922.545898
457.264648	3065.250488
456.009766	3315.413086
454.753906	3370.361084
453.497070	3321.787109
452.241211	3145.888428
450.984375	2822.862793
449.727539	2684.955078
448.469727	2401.961670
447.211914	2180.728271
445.954102	2088.783447
444.696289	1913.430786
443.437500	1885.160767
442.178711	1858.890015
440.919922	1878.298584
439.660156	1818.295898
438.400391	1821.827881
437.140625	1803.532837
435.879883	1824.918579
434.620117	1885.956299
433.358398	1956.877686
432.097656	1954.424194
430.835938	1924.227783
429.574219	2038.674683
428.311523	1976.780029
427.049805	1932.737427
425.787109	1868.917847
424.523438	1854.611450
423.260742	1836.354126
421.997070	1851.737305
420.732422	1932.382690
419.468750	1937.847656
418.204102	1969.009644
416.938477	1946.792480
415.673828	2049.071289
414.408203	2048.575195
413.142578	1982.903809
411.875977	2002.168579
410.609375	2013.527466
409.342773	1973.567871
408.076172	1880.354004
406.808594	1937.103394
405.541016	1875.497070
404.273438	1815.891968
403.004883	1846.989624
401.736328	1828.804443
400.466797	1802.746948
399.198242	1822.005859
397.928711	1782.177368
396.658203	1919.557983
395.388672	1889.566162
394.118164	1900.912720
392.847656	1863.070068
391.576172	1957.025024
390.304688	1966.379639
389.033203	1963.933960
387.760742	1949.696655
386.489258	2025.853271
385.215820	2088.221191
383.943359	2068.071045
382.669922	1977.244507
381.396484	2074.911865
380.123047	2090.104492
378.848633	2089.593018
377.574219	2032.195557
376.298828	2104.258301
375.024414	2158.640137
373.749023	2038.542480
372.472656	2057.639160
371.197266	2104.154541
369.920898	2166.316162
368.643555	2107.037842
367.367188	2096.731689
366.089844	2113.831543
364.812500	2170.058105
363.534180	2181.262207
362.255859	2178.769775
360.977539	2139.126709
359.698242	2107.322510
358.418945	2071.624756
357.139648	2073.068115
355.860352	2070.603516
354.580078	2072.045654
353.299805	1987.579712
352.018555	2035.887817
350.737305	1974.889404
349.456055	2025.127075
348.174805	2001.220459
346.892578	1994.875488
345.610352	2011.927856
344.327148	2019.226074
343.043945	1973.908813
341.760742	1998.745117
340.477539	1883.340698
339.193359	1896.503540
337.909180	1897.979858
336.625000	1870.262573
335.339844	1807.536499
334.054688	1830.429932
332.768555	1791.080933
331.483398	1802.301025
330.197266	1805.740356
328.910156	1807.234375
327.624023	1765.986084
326.336914	1763.604126
325.048828	1732.095703
323.760742	1793.786499
322.472656	1756.463257
321.184570	1771.547852
319.895508	1757.526611
318.606445	1706.663696
317.317383	1781.854736
316.027344	1746.517822
314.737305	1779.026123
313.447266	1770.831299
312.156250	1842.055908
310.866211	1837.721802
309.574219	1877.917480
308.283203	1952.931763
306.991211	1878.911133
305.698242	1963.559814
304.406250	2063.637939
303.113281	2111.459229
301.819336	2180.519775
300.526367	2139.387451
299.232422	2349.449951
297.937500	2308.294922
296.643555	2388.822021
295.348633	2490.545166
294.052734	2601.867676
292.757813	2622.438721
291.461914	2743.316895
290.166016	2815.916016
288.869141	2878.836670
287.572266	2926.303223
286.275391	3046.980957
284.977539	3075.112305
283.679688	3228.436768
282.381836	3335.464355
281.083008	3376.976807
279.784180	3326.076660
278.485352	3307.915283
277.185547	3328.239258
275.885742	3385.095703
274.585938	3388.082764
273.285156	3437.204590
271.984375	3634.286133
270.683594	3681.397705
269.381836	3889.841064
268.080078	4032.883545
266.777344	4058.736572
265.475586	4251.566895
264.172852	4498.029297
262.869141	4558.274414
261.565430	4796.859375
260.261719	5039.156738
258.958008	5101.131836
257.653320	5283.814453
256.348633	5401.257813
255.043945	5583.768066
253.738281	5733.628906
252.432617	5852.778320
251.125977	5971.866211
249.819336	6295.643555
248.512695	6320.813965
247.206055	6351.707520
245.898438	6459.068359
244.590820	6505.201172
243.282227	6656.419922
241.973633	6643.246582
240.665039	6578.504883
239.356445	6485.150391
238.046875	6527.392578
236.736328	6338.663574
235.426758	6171.020508
234.116211	6058.785156
232.805664	5885.576172
231.494141	5876.431152
230.182617	5752.917969
228.871094	5713.318359
227.558594	5774.714355
226.246094	5622.748535
224.933594	5554.645996
223.620117	5536.075195
222.306641	5610.771973
220.992188	5361.960449
219.678711	5309.209961
218.363281	5397.216309
217.048828	5319.764648
215.733398	5369.705078
214.417969	5218.187500
213.102539	5279.524902
211.786133	5268.655762
210.468750	5164.749512
209.152344	5136.828613
207.834961	5084.250000
206.517578	4976.674805
205.199219	4929.853516
203.880859	5023.384277
202.562500	4883.677246
201.243164	4838.808594
199.923828	4771.224609
198.604492	4769.977539
197.284180	4711.914063
195.963867	4725.827637
194.642578	4650.768066
193.322266	4679.827637
192.000000	4657.790039
190.678711	4624.415039
189.356445	4662.909668
188.034180	4648.452637
186.710938	4465.801758
185.387695	4666.792480
184.064453	4569.231445
182.740234	4556.698242
181.416016	4608.359375
180.091797	4631.681152
178.766602	4609.704102
177.441406	4617.919922
176.116211	4692.137207
174.790039	4696.554199
173.463867	4770.709473
172.136719	4767.563965
170.809570	4794.561035
169.482422	4853.561035
168.155273	4856.041504
166.827148	4948.875488
165.498047	4972.027832
164.169922	5085.475098
162.840820	5168.766113
161.510742	5276.457520
160.180664	5487.485840
158.850586	5645.776855
157.520508	5706.278809
156.189453	5933.926758
154.858398	6161.451660
153.526367	6127.892578
152.194336	6479.118652
150.862305	6651.895996
149.529297	6758.922363
148.196289	7004.670410
146.863281	7006.547363
145.529297	7002.798340
144.195313	7205.179688
142.860352	7295.046387
141.526367	7403.592285
140.190430	7418.458008
138.855469	7427.698242
137.519531	7521.145020
136.183594	7382.548828
134.846680	7453.509277
133.509766	7531.909180
132.171875	7642.044434
130.834961	7417.588867
129.496094	7667.820801
128.158203	7605.980469
126.819336	7510.559570
125.480469	7515.999023
124.140625	7538.230957
122.800781	7504.473145
121.460938	7569.595215
120.120117	7401.574707
118.779297	7561.767578
117.437500	7643.590332
116.095703	7639.653809
114.753906	7611.500977
113.411133	7885.057129
112.068359	7728.383789
110.725586	7709.530762
109.381836	7638.583496
108.038086	7506.283203
106.694336	7336.857422
105.349609	7061.542969
104.003906	6676.709961
102.659180	6167.581055
101.313477	5562.125488
99.966797	4858.564941
98.621094	4075.547852
