#Wave		#Intensity
3199.989258	99.294632
3199.284180	95.748398
3198.579102	109.916306
3197.874023	109.899254
3197.168945	85.070084
3196.463867	124.041252
3195.757813	95.674080
3195.052734	95.659180
3194.346680	99.186646
3193.640625	113.338486
3192.934570	88.531860
3192.228516	120.384514
3191.522461	84.964005
3190.816406	130.965652
3190.109375	109.710785
3189.403320	109.693565
3188.696289	91.986610
3187.990234	102.584320
3187.283203	113.178680
3186.576172	99.015747
3185.869141	102.535858
3185.162109	134.336136
3184.455078	127.245705
3183.747070	88.351105
3183.040039	116.605011
3182.332031	120.119469
3181.624023	91.841507
3180.916016	91.826935
3180.208008	109.468575
3179.500000	84.736397
3178.791992	109.433769
3178.083984	88.238991
3177.375977	116.456909
3176.666992	105.853027
3175.958008	119.947617
3175.250000	109.346535
3174.541016	102.275558
3173.832031	109.311546
3173.123047	105.768425
3172.413086	91.651276
3171.704102	105.734497
3170.995117	119.813187
3170.285156	105.700531
3169.575195	126.820229
3168.865234	116.233162
3168.155273	105.649483
3167.445313	119.716766
3166.735352	112.656418
3166.025391	98.558441
3165.315430	84.465012
3164.604492	119.639397
3163.893555	105.547081
3163.183594	91.459312
3162.472656	112.547050
3161.761719	119.561829
3161.050781	105.478584
3160.338867	108.976814
3159.627930	108.959084
3158.916992	108.941338
3158.205078	119.464569
3157.493164	112.418907
3156.782227	105.375519
3156.070313	122.918015
3155.358398	119.386551
3154.645508	126.388603
3153.933594	115.837242
3153.221680	108.798965
3152.508789	105.272057
3151.795898	98.237785
3151.083984	105.237480
3150.371094	136.786240
3149.658203	105.202866
3148.945313	115.704102
3148.231445	115.685036
3147.518555	119.170982
3146.804688	101.629066
3146.091797	122.635513
3145.377930	115.608658
3144.664063	112.086823
3143.950195	112.068268
3143.236328	98.043488
3142.522461	115.532097
3141.808594	133.014893
3141.093750	122.493378
3140.379883	143.468399
3139.665039	111.956718
3138.950195	136.424545
3138.235352	104.924484
3137.520508	115.397705
3136.805664	111.882141
3136.089844	111.863472
3135.375000	111.844795
3134.659180	118.815239
3133.944336	118.795364
3133.228516	136.242477
3132.512695	108.277161
3131.796875	132.704605
3131.081055	115.224144
3130.364258	118.695862
3129.648438	132.637802
3128.932617	132.615509
3128.215820	122.125328
3127.499023	125.593483
3126.782227	122.084213
3126.065430	146.476364
3125.348633	125.530006
3124.631836	115.049751
3123.914063	135.944931
3123.197266	132.436783
3122.479492	135.898972
3121.761719	142.843979
3121.043945	128.886154
3120.326172	160.209702
3119.608398	111.431328
3118.890625	135.783890
3118.171875	132.279800
3117.454102	142.698700
3116.735352	139.194580
3116.016602	167.005081
3115.298828	128.711166
3114.579102	139.123520
3113.860352	146.054794
3113.141602	152.983688
3112.422852	135.576050
3111.703125	125.125748
3110.983398	149.430222
3110.264648	125.082977
3109.544922	152.853043
3108.825195	145.880203
3108.104492	135.436981
3107.384766	152.774506
3106.665039	138.862106
3105.944336	142.309219
3105.224609	152.695877
3104.503906	176.957993
3103.783203	138.766708
3103.062500	142.211411
3102.341797	135.250992
3101.620117	145.629822
3100.899414	145.604721
3100.177734	152.511978
3099.457031	131.692154
3098.735352	173.249237
3098.013672	148.968597
3097.291992	173.189362
3096.570313	159.306656
3095.847656	135.040970
3095.125977	155.789520
3094.403320	152.301132
3093.680664	134.970779
3092.958984	155.708496
3092.236328	145.302704
3091.513672	145.277466
3090.790039	141.793839
3090.067383	138.311401
3089.343750	152.116074
3088.621094	131.350098
3087.897461	176.254959
3087.173828	155.491974
3086.450195	152.010086
3085.726563	155.437729
3085.002930	158.864166
3084.278320	151.930496
3083.554688	151.903946
3082.830078	151.877380
3082.105469	165.655426
3081.381836	158.725327
3080.657227	186.297089
3079.931641	151.771027
3079.207031	158.641891
3078.482422	158.614059
3077.756836	189.613953
3077.031250	158.558365
3076.306641	151.637863
3075.581055	165.394043
3074.854492	168.810059
3074.128906	161.891342
3073.403320	151.531174
3072.676758	175.607452
3071.951172	165.248474
3071.224609	144.566910
3070.498047	182.397476
3069.771484	158.279297
3069.044922	151.370834
3068.318359	202.938660
3067.590820	209.780823
3066.864258	178.797913
3066.136719	192.517517
3065.409180	158.111374
3064.682617	175.266342
3063.954102	168.363297
3063.226563	164.898056
3062.499023	157.999252
3061.771484	185.444458
3061.042969	157.943130
3060.314453	202.543228
3059.585938	175.048615
3058.857422	188.744324
3058.128906	150.968582
3057.400391	226.412537
3056.671875	209.222794
3055.942383	236.619659
3055.212891	209.148178
3054.484375	195.398682
3053.754883	167.944305
3053.025391	191.902069
3052.295898	185.015366
3051.565430	195.259079
3050.835938	174.674240
3050.105469	198.613586
3049.375000	188.306747
3048.645508	198.542450
3047.915039	191.661804
3047.184570	191.627441
3046.453125	160.801331
3045.722656	194.979370
3044.991211	188.104218
3044.260742	184.650955
3043.529297	198.293167
3042.797852	194.839279
3042.066406	205.057083
3041.334961	208.437195
3040.602539	187.901337
3039.871094	191.283264
3039.138672	201.494263
3038.407227	194.628845
3037.674805	198.007675
3036.942383	208.211868
3036.209961	191.110809
3035.476563	208.136673
3034.744141	201.276138
3034.010742	225.115662
3033.278320	187.562454
3032.544922	194.347748
3031.811523	207.948532
3031.078125	218.136002
3030.344727	224.911987
3029.610352	204.428391
3028.876953	207.797836
3028.142578	190.730621
3027.408203	197.506577
3026.673828	197.470718
3025.939453	207.647003
3025.205078	187.188675
3024.470703	204.168701
3023.735352	183.718414
3023.000977	190.488144
3022.265625	207.458237
3021.530273	207.420456
3020.794922	224.381241
3020.059570	190.349396
3019.324219	224.299454
3018.587891	227.656387
3017.852539	224.217606
3017.116211	190.210510
3016.379883	207.155762
3015.643555	244.467041
3014.907227	234.238083
3014.170898	234.195251
3013.434570	220.578354
3012.697266	234.109558
3011.959961	200.143997
3011.223633	244.198776
3010.486328	227.198898
3009.749023	220.376434
3009.010742	274.572571
3008.273438	206.738953
3007.536133	240.586426
3006.797852	264.257690
3006.059570	223.561600
3005.321289	237.067215
3004.583008	203.163116
3003.844727	236.980057
3003.106445	233.551651
3002.367188	270.734711
3001.628906	243.616379
3000.889648	246.954453
3000.150391	263.820526
2999.411133	284.062042
2998.671875	243.436859
2997.932617	246.772400
2997.192383	246.726868
2996.453125	270.335693
2995.712891	277.042938
2994.972656	276.991760
2994.232422	249.921982
2993.492188	276.889374
2992.751953	246.453491
2992.010742	297.039673
2991.270508	246.362305
2990.529297	256.439301
2989.788086	300.248291
2989.046875	266.463165
2988.305664	263.041443
2987.564453	306.824799
2986.822266	273.057129
2986.081055	289.858704
2985.338867	269.585968
2984.596680	313.335510
2983.854492	282.960144
2983.112305	333.426788
2982.370117	282.854980
2981.627930	316.469330
2980.884766	333.240814
2980.141602	302.889832
2979.399414	299.468628
2978.656250	329.690582
2977.913086	279.175720
2977.168945	322.841888
2976.425781	312.694794
2975.681641	352.976654
2974.938477	349.549774
2974.194336	366.286682
2973.450195	372.937927
2972.706055	356.072418
2971.961914	349.288818
2971.216797	406.308167
2970.472656	332.371826
2969.727539	396.086304
2968.982422	379.232025
2968.237305	369.094849
2967.492188	342.187531
2966.747070	382.373291
2966.001953	389.008728
2965.255859	439.229279
2964.509766	412.328827
2963.764648	418.954803
2963.018555	418.876221
2962.272461	415.447266
2961.525391	432.118073
2960.779297	445.433441
2960.032227	458.743774
2959.286133	441.918274
2958.539063	451.876953
2957.791992	471.871674
2957.044922	461.744995
2956.297852	511.838379
2955.549805	424.779388
2954.802734	481.548950
2954.054688	444.680237
2953.306641	514.795959
2952.558594	497.987946
2951.810547	497.894104
2951.062500	504.482147
2950.314453	527.769165
2949.565430	524.329956
2948.816406	540.926270
2948.067383	524.132080
2947.319336	514.019714
2946.569336	527.271301
2945.820313	563.873535
2945.071289	517.064392
2944.321289	503.625549
2943.571289	516.868835
2942.822266	513.437073
2942.072266	536.673584
2941.321289	583.230408
2940.571289	506.481384
2939.821289	516.379883
2939.070313	579.568237
2938.320313	482.882019
2937.569336	562.700623
2936.818359	515.988525
2936.066406	572.472229
2935.315430	565.708191
2934.564453	535.657288
2933.812500	535.555603
2933.060547	485.566864
2932.309570	561.953491
2931.556641	558.522156
2930.804688	525.177002
2930.052734	528.400391
2929.299805	518.331970
2928.547852	544.809448
2927.794922	554.669922
2927.041992	504.753143
2926.289063	534.538025
2925.536133	501.241425
2924.783203	550.928650
2924.029297	550.823669
2923.275391	500.954926
2922.522461	537.345825
2921.768555	537.243347
2921.014648	547.087891
2920.259766	550.298523
2919.505859	520.363708
2918.750977	553.402222
2917.997070	506.912354
2917.242188	533.315674
2916.487305	526.589966
2915.732422	509.933014
2914.977539	549.562927
2914.221680	526.287903
2913.466797	565.899414
2912.710938	549.247559
2911.955078	568.990906
2911.199219	549.037231
2910.443359	515.863831
2909.687500	499.234070
2908.930664	561.943909
2908.174805	542.006653
2907.417969	561.728394
2906.661133	578.138916
2905.904297	587.937012
2905.147461	558.102722
2904.389648	561.297363
2903.632813	561.189575
2902.875000	564.382263
2902.117188	580.773010
2901.359375	583.960632
2900.601563	590.445496
2899.843750	547.458679
2899.085938	534.164124
2898.327148	537.358032
2897.568359	570.215027
2896.810547	570.105286
2896.051758	566.700745
2895.291992	612.709473
2894.533203	513.786377
2893.774414	553.201782
2893.014648	536.633972
2892.254883	579.321289
2891.496094	556.172791
2890.736328	562.646118
2889.975586	565.827271
2889.215820	598.608643
2888.455078	588.627747
2887.695313	604.953064
2886.934570	585.113281
2886.173828	575.140625
2885.413086	568.457703
2884.652344	581.488770
2883.890625	597.799377
2883.129883	630.523560
2882.368164	617.268188
2881.606445	558.059998
2880.844727	607.183044
2880.083008	636.598389
2879.321289	574.139893
2878.558594	596.989807
2877.796875	573.917419
2877.034180	586.921692
2876.271484	570.416626
2875.508789	612.915100
2874.746094	632.458069
2873.983398	668.375183
2873.219727	586.352661
2872.456055	664.840637
2871.693359	631.967163
2870.929688	635.118164
2870.165039	638.267944
2869.401367	579.238342
2868.637695	618.388489
2867.873047	631.353271
2867.109375	605.065491
2866.344727	627.837708
2865.580078	624.446167
2864.814453	572.025208
2864.049805	607.862671
2863.285156	633.883850
2862.519531	640.294006
2861.753906	640.169250
2860.988281	675.965332
2860.222656	669.303772
2859.457031	643.059204
2858.690430	652.724609
2857.924805	613.441467
2857.158203	642.682861
2856.391602	655.604309
2855.625000	583.732605
2854.858398	661.869141
2854.091797	651.960449
2853.324219	674.647217
2852.557617	625.637451
2851.790039	664.609863
2851.022461	719.853210
2850.254883	719.712463
2849.487305	664.219971
2848.718750	706.409485
2847.951172	615.139404
2847.182617	598.748657
2846.414063	673.460327
2845.645508	663.570007
2844.876953	653.683533
2844.108398	624.291748
2843.338867	614.416748
2842.570313	650.048950
2841.800781	662.919861
2841.031250	666.038818
2840.261719	630.176453
2839.491211	649.538940
2838.721680	620.187927
2837.951172	613.573303
2837.181641	626.435913
2836.411133	610.087097
2835.640625	613.211731
2834.870117	600.115723
2834.098633	583.781555
2833.328125	590.151917
2832.556641	570.584106
2831.785156	573.713135
2831.013672	573.600220
2830.242188	631.808044
2829.470703	583.092590
2828.699219	576.500244
2827.926758	573.148560
2827.154297	602.172974
2826.381836	650.607056
2825.609375	656.951233
2824.836914	640.643799
2824.064453	653.457153
2823.291016	646.859680
2822.518555	656.432983
2821.745117	640.138306
2820.971680	591.526123
2820.198242	601.104553
2819.423828	620.372437
2818.650391	633.171753
2817.875977	597.518494
2817.102539	636.150635
2816.328125	642.481934
2815.553711	639.126953
2814.778320	619.636841
2814.003906	577.567932
2813.228516	645.199585
2812.454102	625.719666
2811.678711	625.595764
2810.903320	664.160828
2810.127930	625.347900
2809.351563	583.327515
2808.576172	579.989746
2807.799805	608.868469
2807.023438	573.317932
2806.247070	598.966187
2805.470703	653.580688
2804.694336	608.385376
2803.916992	608.264587
2803.140625	646.756104
2802.363281	569.418396
2801.585938	543.573914
2800.808594	639.939148
2800.031250	543.357849
2799.252930	617.183228
2798.475586	591.349670
2797.697266	620.150940
2796.918945	581.476624
2796.140625	600.632507
2795.362305	655.105042
2794.583984	565.076111
2793.804688	597.063782
2793.026367	561.641602
2792.247070	580.782166
2791.467773	574.250183
2790.688477	590.172974
2789.908203	583.641663
2789.128906	577.112854
2788.348633	599.436523
2787.569336	554.448242
2786.789063	567.154602
2786.007813	579.855835
2785.227539	592.551941
2784.447266	579.624207
2783.666016	605.121948
2782.884766	595.397827
2782.104492	534.470764
2781.323242	575.961060
2780.541016	604.638123
2779.759766	530.951538
2778.977539	562.823914
2778.196289	565.908447
2777.414063	546.615662
2776.631836	616.816895
2775.849609	603.912109
2775.066406	523.924561
2774.284180	558.953735
2773.500977	546.068176
2772.717773	597.042480
2771.934570	565.001709
2771.151367	539.356689
2770.368164	558.393311
2769.583984	500.858032
2768.800781	561.358643
2768.016602	567.623718
2767.232422	548.380127
2766.448242	615.209839
2765.664063	557.720642
2764.878906	516.186157
2764.094727	528.825073
2763.309570	611.530090
2762.524414	570.009644
2761.739258	541.240967
2760.954102	572.963318
2760.167969	556.935486
2759.382813	553.641418
2758.596680	598.066772
2757.810547	582.043396
2757.024414	559.666626
2756.238281	553.195190
2755.452148	568.976807
2754.665039	600.642029
2753.877930	565.569824
2753.090820	581.339233
2752.303711	546.285034
2751.516602	584.279907
2750.729492	600.035828
2749.941406	612.611206
2749.154297	615.660828
2748.366211	599.672058
2747.578125	580.517395
2746.790039	555.027283
2746.000977	586.624390
2745.212891	611.868042
2744.423828	611.744202
2743.634766	535.563904
2742.845703	573.475891
2742.056641	611.372498
2741.267578	608.081482
2740.477539	525.630554
2739.688477	557.182007
2738.898438	588.720642
2738.108398	556.955933
2737.318359	572.662292
2736.528320	585.198975
2735.737305	581.917542
2734.946289	578.637390
2734.156250	565.874573
2733.365234	530.992249
2732.574219	594.084778
2731.782227	597.123352
2730.991211	606.478149
2730.199219	587.406128
2729.407227	596.758972
2728.616211	590.323853
2727.823242	587.047485
2727.031250	593.238953
2726.239258	552.104614
2725.446289	596.151428
2724.653320	618.105103
2723.860352	592.755432
2723.067383	589.482178
2722.274414	627.181946
2721.481445	614.449829
2720.687500	626.925903
2719.893555	595.300476
2719.099609	582.582520
2718.305664	557.275879
2717.511719	594.935669
2716.717773	550.753723
2715.922852	591.545837
2715.127930	638.613037
2714.333008	603.884766
2713.538086	575.459839
2712.743164	619.357300
2711.947266	581.510803
2711.152344	556.250427
2710.356445	615.834717
2709.560547	568.587891
2708.764648	577.893494
2707.968750	612.315857
2707.171875	605.911377
2706.375977	586.954285
2705.579102	577.419373
2704.782227	592.988281
2703.985352	586.592773
2703.188477	674.286255
2702.390625	642.791992
2701.593750	614.445496
2700.795898	592.379150
2699.998047	645.529114
2699.200195	582.736450
2698.402344	620.204712
2697.603516	629.472107
2696.804688	638.735596
2696.006836	560.343750
2695.208008	632.212891
2694.409180	569.500122
2693.609375	600.667419
2692.810547	622.438354
2692.010742	541.003113
2691.210938	612.801880
2690.411133	584.542297
2689.611328	631.300293
2688.811523	609.297668
2688.011719	640.411316
2687.210938	643.402222
2686.410156	602.674561
2685.609375	633.770081
2684.808594	602.425232
2684.007813	583.576172
2683.206055	633.376648
2682.404297	648.842651
2681.603516	611.282715
2680.801758	589.329041
2679.999023	614.146851
2679.197266	635.837463
2678.395508	617.008362
2677.592773	598.186951
2676.790039	626.096985
2675.987305	607.281433
2675.184570	613.382507
2674.380859	597.690247
2673.578125	650.475464
2672.774414	588.106750
2671.970703	659.538086
2671.166992	715.387756
2670.363281	653.044189
2669.559570	621.817383
2668.754883	615.471008
2667.950195	649.528503
2667.146484	612.107422
2666.340820	658.577271
2665.536133	611.852234
2664.731445	655.197388
2663.925781	670.583435
2663.120117	614.573181
2662.314453	623.754639
2661.508789	626.726990
2660.703125	632.799927
2659.897461	669.883423
2659.090820	638.736755
2658.284180	613.803040
2657.477539	601.277100
2656.670898	567.065369
2655.864258	684.673279
2655.090820	617.739746
2655.056641	696.919556
2654.285156	670.511475
2654.250000	637.934937
2653.479492	639.366211
2653.442383	637.801208
2652.673828	636.159851
2652.634766	656.240356
2651.868164	623.646240
2651.827148	662.292358
2651.062500	642.158691
2651.018555	646.682556
2650.256836	586.223999
2650.210938	609.424500
2649.450195	660.558105
2649.402344	612.389465
2648.644531	598.436890
2648.593750	646.275330
2647.837891	663.444092
2647.785156	677.055298
2647.031250	585.843811
2646.976563	717.095093
2646.224609	653.930969
2646.166992	630.416565
2645.417969	570.159790
2645.358398	614.835815
2644.610352	625.834351
2644.548828	633.240356
2643.803711	631.927734
2643.739258	636.195435
2642.997070	607.047241
2642.929688	666.938232
2642.189453	628.624817
2642.120117	694.580994
2641.381836	668.772278
2641.309570	669.743652
2640.574219	569.601685
2640.500000	635.659546
2639.766602	634.506653
2639.689453	687.971802
2638.958984	687.011719
2638.878906	678.573425
2638.150391	581.698242
2638.068359	690.765320
2637.342773	634.194519
2637.256836	706.035156
2636.534180	600.065918
2636.446289	616.494385
2635.725586	661.819580
2635.634766	641.018738
2634.916992	686.447449
2634.823242	680.938538
2634.108398	655.418396
2634.011719	677.714050
2633.299805	673.856873
2633.200195	634.452637
2632.491211	698.470276
2632.388672	677.427429
2631.681641	621.103271
2631.576172	640.341309
2630.873047	661.164795
2630.763672	615.582520
2630.063477	630.164917
2629.952148	750.851624
2629.253906	713.450928
2629.138672	686.083740
2628.444336	694.804565
2628.326172	682.862427
2627.634766	657.639221
2627.513672	655.039917
2626.825195	672.965027
2626.700195	691.796814
2626.014648	666.680237
2625.886719	642.466064
2625.205078	629.537720
2625.073242	688.429932
2624.394531	663.372925
2624.259766	642.193298
2623.583984	737.301025
2623.446289	697.353699
2622.773438	656.982971
2622.631836	669.562988
2621.962891	675.376831
2621.818359	690.915833
2621.152344	727.681824
2621.003906	687.698853
2620.341797	715.228638
2620.189453	623.094543
2619.530273	727.438477
2619.375000	662.856018
2618.718750	678.007080
2618.559570	650.442444
2617.908203	684.056152
2617.745117	625.764160
2617.096680	687.022278
2616.929688	662.432617
2616.284180	696.147827
2616.114258	689.886902
2615.472656	705.270264
2615.298828	720.394958
2614.661133	683.596863
2614.483398	680.398132
2613.848633	732.741821
2613.666992	671.060364
2613.037109	677.210327
2612.851563	692.361938
2612.224609	615.541992
2612.035156	661.585144
2611.412109	676.982056
2611.218750	667.568298
2610.599609	772.244568
2610.402344	676.610413
2609.787109	652.144226
2609.584961	694.831360
2608.973633	695.092834
2608.768555	636.537476
2608.161133	685.749939
2607.951172	752.666931
2607.347656	685.633850
2607.133789	703.562317
2606.535156	710.110229
2606.316406	685.061829
2605.721680	694.622070
2605.499023	672.684448
2604.908203	731.380493
2604.680664	730.623291
2604.093750	697.458740
2603.863281	721.297607
2603.280273	737.276001
2603.044922	711.975830
2602.466797	660.364075
2602.226563	659.887451
2601.652344	730.883240
2601.408203	733.050903
2600.837891	632.505432
2600.589844	739.000977
2600.023438	718.354553
2599.770508	757.160583
2599.208984	690.607727
2598.951172	677.635193
2598.394531	708.902893
2598.132813	708.007080
2597.580078	757.874878
2597.313477	768.876709
2596.764648	751.609680
2596.493164	707.702454
2595.950195	684.001099
2595.673828	728.898621
2595.134766	757.485840
2594.853516	728.741638
2594.319336	742.024963
2594.034180	734.681580
2593.503906	702.043701
2593.213867	765.001343
2592.688477	735.640015
2592.392578	645.997253
2591.872070	704.867310
2591.572266	743.345886
2591.056641	775.220764
2590.751953	758.414734
2590.240234	704.624939
2589.930664	727.799133
2589.423828	710.629761
2589.109375	721.552856
2588.608398	695.194702
2588.288086	703.133728
2587.791992	682.826843
2587.466797	754.716309
2586.974609	725.569702
2586.644531	766.723328
2586.158203	728.505432
2585.823242	769.599365
2585.340820	765.104614
2585.000977	708.608032
2584.524414	719.073975
2584.178711	754.063293
2583.707031	734.246399
2583.356445	708.301147
2582.889648	761.648743
2582.534180	720.304688
2582.072266	700.350830
2581.710938	692.801086
2581.254883	743.038208
2580.888672	759.485535
2580.437500	736.794800
2580.065430	744.134277
2579.619141	696.929688
2579.242188	731.826233
2578.800781	715.145691
2578.417969	740.775208
2577.983398	730.299622
2577.594727	746.684814
2577.165039	772.944214
2576.770508	734.383911
2576.346680	748.372986
2575.947266	706.918335
2575.527344	723.810181
2575.123047	761.364380
2574.708984	726.737549
2574.298828	700.545410
2573.889648	714.398804
2573.473633	703.424805
2573.071289	683.749573
2572.649414	736.616333
2572.251953	762.980103
2571.824219	709.179626
2571.432617	753.692566
2570.999023	733.265198
2570.613281	808.476135
2570.173828	748.252014
2569.793945	719.875366
2569.348633	729.916504
2568.973633	795.993896
2568.522461	732.785156
2568.154297	795.854431
2567.697266	738.679871
2567.333984	743.886658
2566.871094	693.117676
2566.513672	804.719727
2566.044922	738.356934
2565.693359	764.959045
2565.218750	783.576294
2564.873047	755.683289
2564.392578	792.479004
2564.052734	761.643616
2563.565430	762.064819
2563.231445	737.141296
2562.738281	777.014893
2562.411133	752.239014
2561.911133	746.617188
2561.589844	779.511169
2561.083984	800.850891
2560.768555	770.240479
2560.256836	806.718079
2559.947266	821.850769
2559.428711	776.333496
2559.125977	782.142090
2558.601563	794.283630
2558.304688	751.575806
2557.773438	721.642883
2557.482422	736.231567
2556.945313	845.253601
2556.660156	769.560547
2556.117188	724.343811
2555.838867	796.795166
2555.288086	730.219299
2555.016602	754.084778
2554.459961	772.293396
2554.194336	723.549927
2553.630859	799.268372
2553.371094	726.461243
2552.801758	784.015076
2552.548828	784.074280
2551.972656	777.812744
2551.726563	802.166138
2551.142578	747.500122
2550.903320	768.606018
2550.313477	726.241089
2550.080078	792.768799
2549.483398	747.170288
2549.256836	807.812256
2548.653320	731.944702
2548.433594	777.305054
2547.823242	743.828857
2547.610352	746.808594
2546.993164	758.718384
2546.786133	743.640259
2546.163086	740.489868
2545.962891	749.577148
2545.332031	815.562439
2545.138672	794.956177
2544.500977	746.179810
2544.314453	749.309692
2543.669922	758.047058
2543.490234	734.010376
2542.838867	742.841797
2542.666016	803.628052
2542.006836	760.717896
2541.841797	782.260254
2541.175781	790.610413
2541.016602	779.088806
2540.343750	769.396790
2540.192383	781.980286
2539.511719	772.230835
2539.367188	793.961731
2538.679688	742.018066
2538.541992	811.998535
2537.847656	735.846313
2537.716797	805.794312
2537.014648	744.691101
2536.891602	745.074524
2536.181641	774.546631
2536.065430	790.364014
2535.348633	720.348145
2535.240234	756.917603
2534.515625	735.191650
2534.414063	805.215576
2533.682617	735.027893
2533.587891	756.645447
2532.848633	758.859680
2532.761719	744.405151
2532.015625	758.690430
2531.935547	732.169128
2531.181641	770.513611
2531.109375	789.511230
2530.347656	752.356995
2530.282227	804.490967
2529.513672	770.169617
2529.456055	749.916443
2528.678711	737.040405
2528.628906	780.014221
2527.843750	817.752258
2527.801758	764.759521
2527.009766	709.757996
2526.974609	791.821350
2526.174805	838.345032
2526.147461	785.634827
2525.338867	718.420593
2525.319336	749.239258
2524.503906	730.230652
2524.492188	785.350586
2523.667969	712.114502
2523.664063	803.328613
2522.835938	772.988220
2522.833008	807.679871
2522.007813	748.696594
2521.997070	750.674683
2521.179688	845.149292
2521.160156	777.416748
2520.351563	763.514160
2520.324219	765.284607
2519.522461	814.669556
2519.488281	774.078796
2518.694336	751.169861
2518.651367	794.821106
2517.865234	784.211548
2517.814453	788.667542
2517.036133	829.303650
2516.977539	740.702820
2516.207031	838.198059
2516.139648	821.158875
2515.377930	847.089111
2515.302734	782.164185
2514.548828	822.822815
2514.464844	752.140991
2513.718750	762.403809
2513.626953	829.555725
2512.888672	810.471252
2512.789063	775.668396
2512.058594	792.249268
2511.951172	817.250610
2511.229492	831.258057
2511.112305	817.066040
2510.398438	782.926208
2510.274414	804.956055
2509.568359	761.708191
2509.435547	801.793396
2508.738281	821.772034
2508.596680	786.712158
2507.907227	779.487244
2507.757813	765.678955
2507.076172	770.317444
2506.917969	729.762085
2506.245117	788.227417
2506.078125	762.354126
2505.414063	761.011475
2505.239258	803.863037
2504.583008	769.894165
2504.399414	770.938110
2503.751953	811.848877
2503.558594	767.787170
2502.919922	817.712463
2502.718750	752.736572
2502.087891	796.522156
2501.877930	713.896179
2501.255859	853.474548
2501.037109	823.767822
2500.423828	769.187805
2500.196289	805.741089
2499.591797	799.087219
2499.355469	808.530212
2498.759766	813.957947
2498.514648	734.049561
2497.926758	807.802185
2497.672852	748.738220
2497.094727	834.675293
2496.831055	760.449524
2496.261719	813.508423
2495.989258	804.823486
2495.428711	744.328064
2495.147461	783.855713
2494.595703	801.205444
2494.305664	786.645142
2493.762695	813.058472
2493.462891	801.304382
2492.928711	821.907410
2492.620117	780.351318
2492.095703	806.760071
2491.777344	750.508423
2491.261719	770.628357
2490.934570	818.549072
2490.427734	860.425903
2490.091797	797.606079
2489.593750	770.343445
2489.248047	779.636902
2488.759766	800.169800
2488.404297	800.204163
2487.924805	776.051025
2487.560547	797.057495
2487.090820	808.860901
2486.716797	779.100403
2486.255859	769.773071
2485.873047	764.113037
2485.420898	820.539795
2485.028320	769.859436
2484.585938	790.446472
2484.184570	748.960205
2483.750977	814.248230
2483.339844	778.384216
2482.916016	784.167053
2482.494141	831.466187
2482.080078	840.877930
2481.649414	760.276123
2481.245117	840.721680
2480.803711	842.913391
2480.409180	774.756042
2479.958984	813.149902
2479.573242	786.575073
2479.113281	848.437012
2478.737305	768.487366
2478.267578	747.752625
2477.900391	840.096313
2477.420898	851.000000
2477.064453	854.885376
2476.575195	771.040466
2476.227539	851.737549
2475.728516	841.745972
2475.391602	809.746826
2474.881836	838.598389
2474.554688	842.457642
2474.035156	856.116943
2473.717773	809.444763
2473.187500	876.578674
2472.879883	877.979126
2472.340820	805.557190
2472.042969	853.929016
2471.493164	920.423218
2471.205078	901.532776
2470.645508	843.525391
2470.368164	883.456421
2469.797852	807.945068
2469.530273	844.497986
2468.949219	834.289429
2468.692383	868.208252
2468.101563	834.095398
2467.854492	891.909607
2467.252930	830.954712
2467.015625	796.305237
2466.404297	854.328918
2466.177734	837.902100
2465.555664	842.348755
2465.338867	822.838562
2464.707031	824.484863
2464.500000	867.395386
2463.857422	862.563293
2463.661133	831.470520
2463.007813	777.008728
2462.822266	792.579407
2462.158203	856.275513
2461.983398	840.095581
2461.308594	814.889648
2461.143555	863.765808
2460.458984	814.699097
2460.304688	857.647644
2459.608398	790.984741
2459.464844	854.509033
2458.757813	799.618896
2458.625000	881.139771
2457.907227	772.979797
2457.785156	883.950256
2457.056641	872.704102
2456.944336	827.245483
2456.205078	857.810852
2456.104492	821.139465
2455.354492	848.798462
2455.263672	847.755981
2454.502930	848.599121
2454.422852	844.622192
2453.651367	851.335327
2453.582031	844.462952
2452.799805	839.395386
2452.741211	885.924316
2451.947266	824.526550
2451.900391	873.867798
2451.095703	844.867432
2451.059570	891.533447
2450.243164	818.272461
2450.217773	864.624146
2449.390625	929.502625
2449.375977	894.167358
2448.537109	855.996033
2448.534180	849.446960
2447.692383	855.225403
2447.684570	829.416748
2446.850586	861.001587
2446.831055	823.360596
2446.008789	887.554321
2445.977539	829.024841
2445.166016	875.514893
2445.124023	855.187317
2444.323242	910.956482
2444.270508	890.121277
2443.480469	833.649109
2443.416016	822.581787
2442.637695	886.881958
2442.562500	895.552917
2441.794922	842.229858
2441.708008	836.821594
2440.952148	892.475647
2440.853516	877.576660
2440.108398	886.377319
2439.998047	877.368286
2439.264648	809.147400
2439.143555	833.301880
2438.421875	894.930786
2438.288086	838.950134
2437.577148	871.058472
2437.432617	926.424805
2436.733398	903.477356
2436.577148	847.316223
2435.889648	870.727356
2435.720703	885.088501
2435.044922	903.133728
2434.865234	858.594055
2434.201172	831.909119
2434.008789	925.542175
2433.356445	861.350403
2433.152344	858.184448
2432.511719	911.496216
2432.295898	820.041626
2431.666992	884.693054
2431.438477	907.373657
2430.821289	922.981995
2430.582031	799.231262
2429.976563	869.567200
2429.724609	810.704834
2429.130859	904.887146
2428.867188	833.834778
2428.285156	907.671021
2428.008789	854.038574
2427.439453	934.101929
2427.151367	830.520935
2426.593750	862.992676
2426.292969	847.802124
2425.747070	918.970703
2425.434570	847.598572
2424.901367	833.119690
2424.576172	850.306946
2424.054688	874.313049
2423.717773	873.393005
2423.208008	903.677795
2422.858398	817.881287
2422.361328	871.025940
2422.000000	861.333008
2421.514648	935.804688
2421.140625	794.213745
2420.667969	903.158997
2420.281250	895.820007
2419.820313	835.114563
2419.420898	846.171204
2418.973633	867.408569
2418.561523	819.803040
2418.125977	881.991333
2417.701172	892.265015
2417.278320	908.365356
2416.840820	842.652405
2416.430664	875.755737
2415.979492	816.303650
2415.582031	890.328247
2415.119141	853.861816
2414.734375	955.003235
2414.257813	824.619080
2413.885742	907.668274
2413.396484	885.379761
2413.037109	922.225952
2412.188477	975.073914
2411.339844	924.816772
2410.491211	871.634155
2409.641602	868.522339
2408.791992	868.355164
2407.942383	850.529968
2407.092773	929.812134
2406.243164	903.156128
2405.393555	879.451599
2404.542969	896.926514
2403.693359	867.351807
2402.842773	890.701355
2401.992188	887.590393
2401.141602	913.865295
2400.290039	928.378357
2399.439453	890.013611
2398.587891	866.347473
2397.736328	916.095398
2396.884766	939.403320
2396.033203	930.416443
2395.180664	912.629395
2394.329102	950.593811
2393.476563	880.009033
2392.624023	868.107361
2391.771484	847.413574
2390.918945	929.335693
2390.066406	896.913513
2389.212891	955.349976
2388.359375	911.215332
2387.505859	940.332275
2386.652344	899.146301
2385.798828	928.254089
2384.945313	866.592529
2384.090820	913.257813
2383.236328	968.684509
2382.381836	912.902710
2381.527344	912.725098
2380.672852	1009.066895
2379.818359	909.445557
2378.962891	900.497375
2378.107422	926.630005
2377.251953	926.449463
2376.396484	835.687378
2375.541016	867.659973
2374.684570	966.799438
2373.829102	870.241760
2372.972656	910.947754
2372.116211	966.233459
2371.259766	1024.416016
2370.403320	907.496094
2369.545898	898.566528
2368.688477	942.143616
2367.832031	889.466309
2366.974609	944.690857
2366.116211	924.100037
2365.258789	976.381409
2364.401367	923.738220
2363.542969	941.037903
2362.684570	870.944885
2361.826172	931.932312
2360.967773	989.983948
2360.108398	978.145203
2359.250000	922.652405
2358.390625	922.471375
2357.531250	963.022400
2356.671875	1006.466248
2355.812500	965.552490
2354.953125	988.624573
2354.092773	1000.058899
2353.232422	991.142578
2352.372070	1002.571716
2351.511719	935.549500
2350.651367	967.318909
2349.790039	978.745728
2348.929688	972.745605
2348.068359	931.909973
2347.207031	940.434143
2346.345703	995.386902
2345.484375	937.162048
2344.622070	951.481567
2343.759766	986.097351
2342.897461	1029.398560
2342.035156	1017.598877
2341.172852	1014.499390
2340.310547	918.665161
2339.447266	1031.483276
2338.584961	1002.311035
2337.721680	978.942688
2336.858398	967.166321
2335.994141	1013.297241
2335.130859	952.311035
2334.266602	981.062500
2333.403320	1012.695923
2332.539063	960.424255
2331.674805	1023.864075
2330.809570	977.394104
2329.945313	1014.785034
2329.080078	962.554016
2328.214844	1008.602844
2327.349609	985.287598
2326.484375	1034.202271
2325.619141	999.338013
2324.752930	1062.668701
2323.887695	1042.248047
2323.021484	998.742920
2322.155273	1018.746338
2321.289063	1079.137207
2320.421875	1052.959351
2319.555664	1006.602051
2318.688477	1017.936523
2317.821289	948.539673
2316.954102	1080.947144
2316.085938	1023.092957
2315.218750	1066.109985
2314.350586	1051.493652
2313.483398	1091.607422
2312.615234	1016.518860
2311.746094	1001.920837
2310.877930	990.207092
2310.008789	992.887573
2309.140625	1018.585754
2308.271484	1024.136108
2307.402344	1018.179321
2306.533203	1046.732422
2305.663086	1081.024170
2304.793945	971.577698
2303.923828	1037.483643
2303.053711	1031.529663
2302.183594	1054.305542
2301.312500	1054.094727
2300.442383	1005.066467
2299.571289	1065.157349
2298.700195	1093.648804
2297.829102	1001.593323
2296.958008	1061.648560
2296.086914	1121.679565
2295.214844	1052.618774
2294.343750	1058.143066
2293.471680	1046.462891
2292.599609	1080.650513
2291.726563	1020.250427
2290.854492	1014.315186
2289.981445	1082.864990
2289.108398	1042.549683
2288.235352	1088.157471
2287.362305	1053.583008
2286.489258	1053.371460
2285.615234	1044.574219
2284.742188	1098.728516
2283.868164	1029.850952
2282.994141	1049.664795
2282.119141	1072.330078
2281.245117	1046.383545
2280.370117	1054.748169
2279.496094	1074.540649
2278.621094	1077.181641
2277.746094	1025.544678
2276.870117	1042.474609
2275.995117	1053.686646
2275.119141	1007.795227
2274.243164	1047.553223
2273.367188	1104.417847
2272.491211	1087.075806
2271.614258	1066.888062
2270.738281	1132.270264
2269.861328	1114.932739
2268.984375	1154.620483
2268.107422	1120.183228
2267.230469	1179.802002
2266.352539	1059.897705
2265.474609	1076.775269
2264.597656	1139.214355
2263.719727	1156.068726
2262.840820	1150.141113
2261.962891	1084.443359
2261.083984	1112.681274
2260.206055	1155.133423
2259.327148	1083.785034
2258.447266	1148.977661
2257.568359	1125.997437
2256.689453	1125.769409
2255.809570	1037.430664
2254.929688	1094.054321
2254.049805	1133.608276
2253.169922	1187.348755
2252.289063	1079.188965
2251.409180	1212.421509
2250.528320	1081.589722
2249.647461	1180.708618
2248.766602	1174.793579
2247.885742	1149.021118
2247.003906	1114.749512
2246.122070	1168.405762
2245.240234	1153.991455
2244.358398	1221.791626
2243.476563	1215.874634
2242.594727	1226.961914
2241.711914	1204.047729
2240.829102	1144.320679
2239.946289	1220.549072
2239.063477	1208.975220
2238.180664	1237.036377
2237.296875	1318.859253
2236.413086	1211.065918
2235.530273	1247.596313
2234.645508	1216.229126
2233.761719	1210.325317
2232.877930	1294.896973
2231.993164	1232.445190
2231.108398	1249.150513
2230.223633	1257.372070
2229.338867	1333.389771
2228.454102	1285.102539
2227.568359	1290.487671
2226.682617	1253.521729
2225.796875	1312.541626
2224.911133	1365.893066
2224.025391	1280.968262
2223.138672	1354.050537
2222.252930	1342.492065
2221.366211	1294.281006
2220.479492	1330.665771
2219.592773	1330.393311
2218.705078	1358.301270
2217.818359	1262.228882
2216.930664	1399.998291
2216.042969	1264.527954
2215.155273	1379.714111
2214.266602	1379.431152
2213.378906	1351.002319
2212.490234	1345.097168
2211.601563	1392.649414
2210.712891	1268.597900
2209.824219	1400.514526
2208.934570	1341.181152
2208.044922	1371.828003
2207.156250	1430.567627
2206.266602	1374.074219
2205.375977	1297.938110
2204.486328	1359.465088
2203.595703	1370.418457
2202.706055	1361.713501
2201.815430	1445.645630
2200.923828	1529.543091
2200.033203	1428.214966
2199.141602	1427.920776
2198.250977	1475.307739
2197.359375	1362.836182
2196.467773	1513.950317
2195.575195	1359.471313
2194.683594	1518.931030
2193.791016	1451.372559
2192.898438	1414.656250
2192.005859	1512.389648
2191.113281	1458.874756
2190.220703	1391.383911
2189.327148	1391.096558
2188.433594	1418.793335
2187.540039	1443.680664
2186.646484	1434.990479
2185.752930	1457.067261
2184.858398	1439.989380
2183.963867	1512.375000
2183.069336	1397.469604
2182.174805	1402.769165
2181.280273	1360.572021
2180.384766	1410.567993
2179.490234	1382.349609
2178.594727	1457.448486
2177.699219	1420.857422
2176.803711	1498.707886
2175.907227	1456.542480
2175.010742	1456.240479
2174.115234	1428.046875
2173.218750	1419.384888
2172.321289	1366.118408
2171.424805	1416.008301
2170.527344	1485.385376
2169.630859	1370.840210
2168.733398	1403.983521
2167.834961	1378.625854
2166.937500	1347.709595
2166.039063	1319.589966
2165.141602	1324.882324
2164.243164	1321.823975
2163.344727	1349.370972
2162.445313	1385.251343
2161.546875	1304.312500
2160.647461	1326.284668
2159.748047	1345.467773
2158.848633	1397.994385
2157.949219	1297.668701
2157.048828	1233.500610
2156.149414	1313.793091
2155.249023	1235.763184
2154.348633	1282.704590
2153.448242	1315.746948
2152.546875	1365.427002
2151.645508	1265.253540
2150.745117	1273.311523
2149.843750	1275.819092
2148.941406	1311.600830
2148.040039	1255.879517
2147.137695	1291.650146
2146.236328	1280.295166
2145.333984	1299.421753
2144.430664	1299.149902
2143.528320	1276.722412
2142.625977	1273.686279
2141.722656	1306.639160
2140.819336	1325.739624
2139.916016	1325.461914
2139.011719	1325.184082
2138.108398	1319.374390
2137.204102	1291.443726
2136.299805	1360.293579
2135.395508	1371.065186
2134.491211	1323.795166
2133.585938	1373.252808
2132.681641	1367.439575
2131.776367	1414.105103
2130.871094	1377.910522
2129.964844	1446.640137
2129.059570	1424.254639
2128.153320	1440.512817
2127.247070	1387.788452
2126.340820	1395.771851
2125.434570	1516.824219
2124.528320	1414.485474
2123.621094	1474.835205
2122.713867	1438.695068
2121.806641	1427.369873
2120.899414	1432.578979
2119.991211	1470.838379
2119.083984	1420.959961
2118.175781	1439.932861
2117.267578	1475.413452
2116.359375	1395.292480
2115.450195	1463.784912
2114.541992	1499.237549
2113.632813	1531.924805
2112.723633	1429.861084
2111.814453	1462.548828
2110.904297	1390.776855
2109.995117	1450.938599
2109.084961	1458.874023
2108.174805	1376.160645
2107.264648	1411.570679
2106.353516	1501.878906
2105.443359	1416.463257
2104.532227	1465.564453
2103.621094	1385.680298
2102.709961	1412.820068
2101.797852	1409.777832
2100.886719	1420.447632
2099.974609	1480.461548
2099.062500	1455.478394
2098.150391	1425.024780
2097.238281	1361.705811
2096.325195	1418.941284
2095.412109	1446.026855
2094.499023	1484.053101
2093.585938	1385.186890
2092.672852	1412.261963
2091.758789	1436.588867
2090.845703	1449.962158
2089.931641	1482.476074
2089.017578	1465.752930
2088.102539	1429.898438
2087.188477	1470.595703
2086.273438	1407.426636
2085.358398	1420.788086
2084.443359	1436.875488
2083.527344	1472.073730
2082.612305	1479.951416
2081.696289	1455.066162
2080.780273	1514.801880
2079.864258	1427.157227
2078.948242	1481.416748
2078.031250	1470.189819
2077.114258	1491.692017
2076.197266	1480.467407
2075.280273	1447.440430
2074.363281	1493.460938
2073.445313	1487.692017
2072.528320	1462.856567
2071.610352	1451.649292
2070.692383	1587.486572
2069.773438	1519.087158
2068.855469	1603.137329
2067.936523	1431.357422
2067.017578	1469.139404
2066.098633	1463.384277
2065.178711	1471.228760
2064.259766	1484.507568
2063.339844	1405.358398
2062.419922	1413.209717
2061.500000	1459.097412
2060.580078	1437.051636
2059.659180	1458.470459
2058.738281	1441.864624
2057.817383	1419.836304
2056.896484	1416.816650
2055.975586	1364.952881
2055.053711	1413.493774
2054.131836	1407.764526
2053.209961	1467.122559
2052.288086	1439.693604
2051.366211	1447.515381
2050.443359	1417.391968
2049.520508	1444.181641
2048.597656	1446.579102
2047.674805	1348.765747
2046.751953	1462.201416
2045.828125	1453.764038
2044.904297	1472.396240
2043.980469	1469.372070
2043.056641	1463.643555
2042.131836	1438.983398
2041.208008	1425.150757
2040.283203	1392.398193
2039.358398	1446.158813
2038.433594	1429.630615
2037.507813	1396.897827
2036.582031	1383.088379
2035.657227	1461.110718
2034.730469	1352.786987
2033.804688	1371.390747
2032.878906	1403.481201
2031.952148	1416.668701
2031.101563	1371.748901
2031.025391	1437.943726
2030.175781	1296.140625
2030.098633	1397.172852
2029.250000	1363.417603
2029.171875	1504.735596
2028.324219	1371.285156
2028.244141	1426.222534
2027.397461	1457.418579
2027.316406	1380.089111
2026.470703	1432.885498
2026.388672	1412.127808
2025.544922	1381.380371
2025.460938	1427.986450
2024.618164	1389.238525
2024.533203	1422.288330
2023.690430	1345.849121
2023.604492	1456.989502
2022.763672	1321.350586
2022.676758	1394.743408
2021.836914	1310.340942
2021.748047	1477.890625
2020.909180	1401.772095
2020.818359	1496.408203
2019.981445	1401.533081
2019.889648	1514.917603
2019.053711	1409.378296
2018.959961	1431.190674
2018.125977	1368.722656
2018.031250	1395.913452
2017.198242	1443.917114
2017.101563	1473.590820
2016.269531	1346.707153
2016.170898	1422.188599
2015.341797	1416.493408
2015.241211	1451.444458
2014.413086	1421.635620
2014.310547	1486.061890
2013.484375	1351.398926
2013.379883	1464.243652
2012.555664	1356.550049
2012.449219	1420.945923
2011.625977	1350.934692
2011.518555	1490.458496
2010.697266	1396.443359
2010.587891	1452.543457
2009.767578	1482.288696
2009.656250	1438.803833
2008.838867	1414.790405
2008.724609	1502.898804
2007.909180	1355.382935
2007.792969	1451.589600
2006.979492	1406.236084
2006.861328	1453.954224
2006.048828	1419.434814
2005.928711	1509.957153
2005.119141	1459.507324
2004.996094	1466.723755
2004.188477	1427.006104
2004.064453	1420.828369
2003.258789	1362.272705
2003.130859	1492.882568
2002.328125	1375.468994
2002.198242	1471.117798
2001.397461	1471.926270
2001.264648	1462.757568
2000.465820	1417.960205
2000.332031	1406.188721
1999.535156	1498.265747
1999.398438	1429.980591
1998.603516	1363.775391
1998.464844	1483.211792
1997.672852	1387.695190
1997.530273	1373.141357
1996.741211	1457.228760
1996.595703	1509.320435
1995.808594	1352.330200
1995.662109	1468.855591
1994.876953	1459.403442
1994.727539	1463.182373
1993.945313	1440.372803
1993.791992	1465.534424
1993.012695	1413.303223
1992.857422	1451.842896
1992.080078	1423.781372
1991.921875	1464.888672
1991.148438	1431.574829
1990.986328	1400.424072
1990.214844	1407.200684
1990.050781	1426.834961
1989.282227	1401.594116
1989.115234	1525.361450
1988.349609	1398.668823
1988.178711	1511.670776
1987.416016	1430.570923
1987.243164	1449.922241
1986.482422	1390.142090
1986.306641	1452.271484
1985.549805	1395.253784
1985.370117	1497.324097
1984.615234	1504.788086
1984.432617	1537.019531
1983.681641	1512.554443
1983.496094	1421.962280
1982.748047	1437.342529
1982.558594	1509.667114
1981.813477	1458.498169
1981.621094	1490.666382
1980.878906	1549.213623
1980.683594	1439.680786
1979.944336	1548.939941
1979.745117	1524.657471
1979.009766	1479.123169
1978.807617	1487.011108
1978.075195	1395.959717
1977.869141	1526.645996
1977.140625	1419.776611
1976.930664	1515.652588
1976.205078	1497.050781
1975.991211	1517.979492
1975.269531	1446.001587
1975.052734	1464.391968
1974.333984	1469.796143
1974.113281	1581.192139
1973.398438	1410.753784
1973.173828	1466.402954
1972.462891	1407.831665
1972.234375	1482.041748
1971.526367	1450.316162
1971.294922	1476.391968
1970.590820	1476.762573
1970.354492	1470.744507
1969.654297	1431.109863
1969.415039	1470.417236
1968.717773	1422.846191
1968.474609	1494.015503
1967.781250	1467.965942
1967.533203	1488.367310
1966.843750	1454.361084
1966.592773	1496.007446
1965.907227	1472.777832
1965.651367	1631.161377
1964.969727	1469.846924
1964.709961	1559.085205
1964.032227	1498.922241
1963.768555	1465.797485
1963.094727	1525.320435
1962.827148	1446.886597
1962.157227	1375.741821
1961.885742	1536.807983
1961.219727	1436.805908
1960.943359	1488.699097
1960.281250	1508.508789
1960.000977	1546.733887
1959.343750	1449.613892
1959.058594	1472.119141
1958.405273	1483.988770
1958.115234	1495.656860
1957.466797	1510.359619
1957.172852	1479.414673
1956.528320	1470.138428
1956.229492	1481.734375
1955.588867	1491.176270
1955.286133	1518.504028
1954.650391	1490.907593
1954.342773	1539.359985
1953.710938	1509.271729
1953.398438	1591.993286
1952.771484	1628.761230
1952.455078	1596.933105
1951.832031	1516.709595
1951.510742	1575.393311
1950.892578	1484.510620
1950.566406	1548.568604
1949.952148	1561.380249
1949.622070	1545.574585
1949.012695	1545.140991
1948.676758	1529.351929
1948.072266	1520.930542
1947.731445	1576.624634
1947.131836	1475.460693
1946.786133	1544.533447
1946.191406	1512.405273
1945.840820	1472.794067
1945.250000	1591.856567
1944.895508	1594.066650
1944.309570	1602.195679
1943.949219	1575.207275
1943.368164	1567.369385
1943.002930	1569.567993
1942.426758	1529.899292
1942.056641	1627.333618
1941.485352	1580.077271
1941.110352	1568.860962
1940.543945	1545.273193
1940.164063	1571.148071
1939.602539	1526.409424
1939.216797	1568.153809
1938.660156	1470.394165
1938.269531	1557.242554
1937.718750	1568.311279
1937.322266	1612.305786
1936.776367	1538.840088
1936.374023	1485.308105
1935.833984	1554.475220
1935.426758	1579.926514
1934.891602	1530.321289
1934.478516	1600.665527
1933.948242	1522.086182
1933.530273	1494.847168
1933.005859	1601.344727
1932.582031	1628.935791
1932.062500	1601.051392
1931.632813	1573.227539
1931.119141	1542.452271
1930.684570	1607.121582
1930.175781	1473.275269
1929.735352	1606.757568
1929.231445	1525.990845
1928.786133	1593.226440
1928.288086	1554.847534
1927.835938	1558.638428
1927.343750	1541.320313
1926.886719	1581.975098
1926.399414	1533.093384
1925.936523	1600.037720
1925.455078	1598.994995
1924.986328	1578.626221
1924.510742	1659.578369
1924.036133	1609.833008
1923.566406	1608.991699
1923.084961	1664.694092
1922.621094	1539.902344
1922.134766	1619.618530
1921.676758	1613.689331
1921.183594	1600.849609
1920.731445	1608.101807
1920.232422	1571.576904
1919.786133	1602.515991
1919.280273	1552.827026
1918.839844	1570.492920
1918.329102	1649.667236
1917.894531	1593.993530
1917.376953	1594.139893
1916.948242	1530.267822
1916.424805	1646.289795
1916.002930	1598.688599
1915.472656	1630.164063
1915.056641	1558.762939
1914.519531	1671.783569
1914.109375	1587.530396
1913.567383	1621.548584
1913.163086	1574.031006
1912.614258	1592.322388
1912.216797	1571.098511
1911.661133	1631.298706
1911.269531	1549.686768
1910.707031	1623.059570
1910.322266	1507.166504
1909.753906	1648.903198
1909.375000	1586.057373
1908.799805	1614.454712
1908.427734	1593.677979
1907.845703	1606.224365
1907.479492	1540.620361
1906.891602	1611.095947
1906.532227	1566.709106
1905.936523	1634.298462
1905.583984	1621.795654
1904.982422	1628.686890
1904.635742	1595.127563
1904.027344	1651.874268
1903.687500	1605.374268
1903.072266	1557.273682
1902.739258	1489.108643
1902.116211	1619.716187
1901.790039	1588.964355
1901.161133	1682.129761
1900.840820	1612.378906
1900.205078	1616.356689
1899.891602	1664.759644
1899.249023	1615.985229
1898.942383	1651.280151
1898.292969	1531.957153
1897.993164	1606.207886
1897.335938	1638.764771
1897.043945	1579.580688
1896.379883	1630.548340
1896.093750	1613.502563
1895.422852	1609.273193
1895.143555	1686.886108
1894.465820	1663.751221
1894.193359	1647.102417
1893.507813	1611.142700
1893.243164	1615.225220
1892.550781	1589.885864
1892.292969	1593.880615
1891.592773	1652.160156
1891.342773	1609.359131
1890.634766	1620.465332
1890.391602	1606.427246
1889.675781	1659.223633
1889.440430	1556.180054
1888.717773	1591.026001
1888.489258	1634.732788
1887.758789	1634.987915
1887.538086	1705.372559
1886.799805	1603.325317
1886.585938	1636.744141
1885.840820	1670.721313
1885.634766	1597.034912
1884.881836	1623.429565
1884.682617	1615.117065
1883.921875	1607.422119
1883.730469	1680.454956
1882.961914	1643.514160
1882.778320	1632.883789
1882.001953	1611.884766
1881.825195	1582.705566
1881.041992	1593.286865
1880.873047	1595.527466
1880.081055	1634.561890
1879.919922	1553.245972
1879.120117	1665.408691
1878.966797	1589.677246
1878.159180	1568.762573
1878.013672	1620.848999
1877.198242	1669.836426
1877.060547	1688.719971
1876.237305	1656.446045
1876.106445	1578.286865
1875.275391	1640.461792
1875.153320	1612.063599
1874.313477	1679.067505
1874.199219	1596.033203
1873.351563	1624.106323
1873.245117	1595.730103
1872.388672	1597.748047
1872.291016	1621.624512
1871.426758	1589.583374
1871.335938	1610.839233
1870.463867	1687.888916
1870.381836	1662.907959
1869.500977	1651.148804
1869.426758	1612.844727
1868.538086	1692.291748
1868.471680	1701.541382
1867.574219	1681.516479
1867.516602	1559.885376
1866.610352	1691.500610
1866.561523	1687.809326
1865.646484	1717.041992
1865.605469	1640.394775
1864.682617	1667.370972
1864.650391	1640.081909
1863.718750	1615.130371
1863.694336	1715.611450
1862.753906	1617.343750
1862.738281	1602.848999
1861.789063	1736.163818
1861.781250	1696.656250
1860.825195	1680.649414
1860.824219	1606.222412
1859.868164	1648.968750
1859.858398	1691.317871
1858.911133	1643.427734
1858.893555	1721.994263
1857.955078	1682.297119
1857.927734	1630.979614
1856.997070	1650.633667
1856.961914	1666.831665
1856.040039	1650.317383
1855.996094	1767.357544
1855.082031	1699.605469
1855.029297	1699.678833
1854.125000	1717.551270
1854.062500	1670.828003
1853.166992	1633.709351
1853.095703	1675.605957
1852.208984	1722.110352
1852.128906	1688.136963
1851.250000	1698.300781
1851.161133	1677.400391
1850.291992	1705.799072
1850.194336	1726.100220
1849.333008	1668.962524
1849.226563	1694.692139
1848.374023	1759.895264
1848.258789	1782.105713
1847.415039	1650.072998
1847.290039	1644.830444
1846.456055	1657.573975
1846.322266	1667.675293
1845.496094	1654.648926
1845.353516	1628.566650
1844.537109	1649.119507
1844.383789	1801.062500
1843.577148	1734.757935
1843.415039	1702.606934
1842.617188	1737.027466
1842.446289	1730.573364
1841.657227	1687.221191
1841.476563	1657.965332
1840.696289	1616.608032
1840.506836	1660.149780
1839.736328	1665.747559
1839.536133	1693.260010
1838.775391	1769.514648
1838.566406	1692.857788
1837.814453	1698.925903
1837.595703	1723.367798
1836.853516	1711.603271
1836.625000	1707.505371
1835.892578	1682.664063
1835.654297	1768.894409
1834.930664	1770.745483
1834.682617	1804.511963
1833.968750	1752.204346
1833.711914	1762.904785
1833.006836	1866.229858
1832.740234	1741.900757
1832.044922	1748.926270
1831.767578	1767.208862
1831.083008	1777.167114
1830.795898	1792.504517
1830.121094	1774.224487
1829.823242	1781.791992
1829.158203	1703.755859
1828.850586	1884.186890
1828.195313	1752.761841
1827.877930	1816.918945
1827.232422	1747.228760
1826.905273	1826.761475
1826.269531	1827.354980
1825.931641	1772.382202
1825.305664	1798.452515
1824.958008	1859.271606
1824.342773	1785.129150
1823.984375	1750.993652
1823.378906	1787.375732
1823.010742	1768.541626
1822.415039	1823.338745
1822.036133	1847.669800
1821.450195	1794.458740
1821.062500	1731.774658
1820.486328	1773.367676
1820.086914	1772.398315
1819.521484	1840.417358
1819.112305	1813.002075
1818.557617	1702.701660
1818.137695	1727.962646
1817.592773	1736.053833
1817.162109	1776.246216
1816.626953	1753.849121
1816.186523	1722.005859
1815.662109	1753.506348
1815.210938	1726.714844
1814.697266	1737.625977
1814.234375	1800.575562
1813.731445	1685.504150
1813.257813	1720.760986
1812.765625	1736.946167
1812.281250	1761.306396
1811.799805	1811.660767
1811.304688	1789.034668
1810.833008	1720.740601
1810.328125	1670.897583
1809.867188	1735.925903
1809.350586	1696.075439
1808.900391	1769.211060
1808.373047	1713.567993
1807.933594	1836.101685
1807.395508	1748.950562
1806.966797	1698.707275
1806.416992	1705.069336
1806.000000	1778.510254
1805.439453	1753.214600
1805.032227	1806.591064
1804.460938	1747.679199
1804.065430	1777.811890
1803.482422	1777.908813
1803.097656	1767.128418
1802.502930	1734.061768
1802.129883	1709.954712
1801.524414	1777.045288
1801.161133	1833.578735
1800.544922	1804.692017
1800.193359	1778.996094
1799.564453	1732.797363
1799.224609	1773.482910
1798.584961	1757.889282
1798.255859	1767.971802
1797.604492	1788.070068
1797.287109	1775.364990
1796.625000	1813.135498
1796.318359	1805.974609
1795.643555	1782.099487
1795.348633	1782.403564
1794.663086	1740.882568
1794.379883	1756.262573
1793.681641	1814.356934
1793.410156	1846.161255
1792.701172	1775.699219
1792.440430	1889.621704
1791.719727	1757.436035
1791.470703	1822.235718
1790.737305	1833.397705
1790.500000	1790.952759
1789.755859	1784.579468
1789.530273	1744.223633
1788.773438	1784.142456
1788.559570	1813.427856
1787.791016	1824.417480
1787.588867	1769.287720
1786.807617	1844.321167
1786.617188	1869.357666
1785.825195	1854.041626
1785.646484	1799.479858
1784.841797	1787.477783
1784.674805	1909.799194
1783.858398	1822.626831
1783.704102	1780.753784
1782.875000	1796.764771
1782.732422	1847.294556
1781.890625	1809.026611
1781.759766	1800.626465
1780.906250	1752.698120
1780.788086	1810.556641
1779.921875	1830.991455
1779.815430	1913.049561
1778.937500	1726.445557
1778.843750	1838.116821
1777.952148	1789.476440
1777.871094	1806.908447
1776.966797	1796.647705
1776.897461	1821.968140
1775.981445	1796.203979
1775.924805	1867.852905
1774.996094	1851.560547
1774.951172	1859.775269
1774.009766	1911.960815
1773.978516	1918.474976
1773.024414	1843.039185
1773.004883	1884.712891
1772.038086	1946.497437
1772.030273	1866.367188
1771.056641	1912.196411
1771.050781	1826.923096
1770.082031	1942.609863
1770.064453	1813.803955
1769.108398	1934.525757
1769.077148	1800.690796
1768.133789	1911.053711
1768.089844	1952.163086
1767.159180	1892.719971
1767.102539	1842.829712
1766.183594	1856.444336
1766.114258	1895.516846
1765.208984	1863.764893
1765.125977	1907.695923
1764.233398	1904.402832
1764.137695	1970.457764
1763.257813	1945.024414
1763.149414	1942.149780
1762.282227	1947.197998
1762.160156	1911.327148
1761.305664	1957.055298
1761.170898	1913.377930
1760.330078	1933.614380
1760.181641	1897.738770
1759.353516	1984.438965
1759.192383	1851.791016
1758.376953	1935.401001
1758.202148	1980.138306
1757.400391	1955.489990
1757.212891	1908.941528
1756.422852	2001.161011
1756.221680	1951.379028
1755.446289	1947.031372
1755.231445	1852.462402
1754.468750	1915.945313
1754.240234	1869.660400
1753.491211	1961.596191
1753.250000	1864.146484
1752.513672	2025.127319
1751.535156	1981.261230
1750.557617	1983.419800
1749.579102	2018.797852
1748.600586	1918.750366
1747.622070	1915.810547
1746.643555	2081.429199
1745.664063	1999.302490
1744.684570	1904.444214
1743.705078	1937.241821
1742.725586	1941.955811
1741.746094	2018.104980
1740.765625	1999.842896
1739.785156	1920.380615
1738.804688	2080.630615
1737.824219	1978.240234
1736.843750	2067.048096
1735.862305	2028.407471
1734.880859	1992.329956
1733.899414	1999.569580
1732.917969	2042.459839
1731.935547	2014.039307
1730.954102	2016.178101
1729.971680	2033.586792
1728.989258	2007.729126
1728.006836	2048.029297
1727.023438	2006.917114
1726.041016	2059.916260
1725.057617	2105.265869
1724.074219	2036.203491
1723.090820	2058.665039
1722.106445	2081.117432
1721.122070	2024.803833
1720.138672	2075.193604
1719.153320	1993.508667
1718.168945	1957.558350
1717.184570	2025.699829
1716.199219	2126.806641
1715.213867	2101.000488
1714.228516	2072.667480
1713.243164	2128.047119
1712.256836	1950.102051
1711.270508	2056.191406
1710.285156	2147.028076
1709.297852	2113.644775
1708.311523	2039.733398
1707.325195	2181.183838
1706.337891	2119.952393
1705.350586	2160.036865
1704.363281	2033.008423
1703.375000	2060.437744
1702.387695	2042.302368
1701.399414	2150.685059
1700.411133	2092.062988
1699.422852	2124.515381
1698.434570	2139.253662
1697.445313	2174.210693
1696.456055	2105.520508
1695.466797	2188.485107
1694.477539	2076.867188
1693.487305	2157.277100
1692.498047	2053.287598
1691.507813	2169.019775
1690.517578	2118.084961
1689.527344	2122.699463
1688.536133	2097.029541
1687.545898	2144.536621
1686.554688	2116.350098
1685.563477	2052.867432
1684.571289	2097.832275
1683.580078	2213.364014
1682.587891	2086.890137
1681.595703	2048.663574
1680.603516	2141.459229
1679.611328	2098.199219
1678.618164	2218.647949
1677.625000	2187.978271
1676.631836	2169.907471
1675.638672	2111.575439
1674.645508	2163.982666
1673.651367	2145.927246
1672.657227	2082.604980
1671.663086	2094.749756
1670.668945	2167.229980
1669.674805	2136.619385
1668.679688	2123.613525
1667.684570	2304.085449
1666.689453	2160.419922
1665.694336	2112.253906
1664.698242	2184.639648
1663.703125	2292.143066
1662.707031	2123.497070
1661.710938	2215.911133
1660.713867	2190.363281
1659.717773	2157.300537
1658.720703	2169.394775
1657.723633	2183.990967
1656.726563	2165.990967
1655.729492	2165.542969
1654.731445	2197.671631
1653.733398	2129.571777
1652.735352	2214.296143
1651.737305	2211.333496
1650.739258	2253.440430
1649.740234	2288.020020
1648.741211	2139.881592
1647.742188	2279.564941
1646.743164	2366.653320
1645.743164	2331.145508
1644.744141	2293.151123
1643.744141	2265.173340
1642.743164	2384.687500
1641.743164	2204.253174
1640.743164	2323.729980
1639.742188	2353.224609
1638.741211	2325.262207
1637.740234	2294.813965
1636.738281	2286.847168
1635.737305	2428.645752
1634.735352	2385.716797
1633.733398	2337.815430
1632.730469	2264.988770
1631.728516	2416.648926
1630.725586	2363.783447
1629.722656	2363.291016
1628.719727	2382.737793
1627.716797	2412.144043
1626.712891	2389.218750
1625.709961	2403.665771
1624.706055	2482.854736
1623.701172	2507.234863
1622.697266	2441.990234
1621.692383	2476.322998
1620.688477	2488.247314
1619.682617	2457.874756
1618.677734	2536.952148
1617.672852	2444.414551
1616.666992	2535.891602
1615.661133	2453.335205
1614.655273	2462.762451
1613.649414	2534.301025
1612.642578	2588.420654
1611.635742	2548.141846
1610.628906	2574.921875
1609.622070	2656.306152
1608.615234	2730.209961
1607.607422	2672.563721
1606.599609	2746.432617
1605.591797	2755.778809
1604.583984	2822.158936
1603.575195	2950.496338
1602.567383	3068.864014
1601.558594	2978.998779
1600.549805	3102.265869
1599.540039	3114.000977
1598.531250	3217.373047
1597.521484	3040.880859
1596.511719	3268.012451
1595.500977	3146.038330
1594.491211	2954.822998
1593.480469	3082.860352
1592.469727	2948.633057
1591.458984	2940.593018
1590.448242	3004.262939
1589.436523	2833.053955
1588.425781	2884.361084
1587.414063	2802.208008
1586.402344	2737.383057
1585.389648	2865.248291
1584.376953	2672.021729
1583.365234	2619.609375
1582.352539	2720.264648
1581.338867	2655.523926
1580.326172	2603.147461
1579.312500	2528.590576
1578.298828	2668.641357
1577.285156	2668.077881
1576.270508	2620.672607
1575.256836	2514.131104
1574.242188	2654.065674
1573.227539	2611.620117
1572.212891	2643.090576
1571.197266	2627.755127
1570.182617	2609.963623
1569.166992	2656.183838
1568.150391	2717.151611
1567.134766	2871.598389
1566.119141	2922.653320
1565.102539	2954.009521
1564.085938	2958.301758
1563.068359	3063.394043
1562.051758	3050.454346
1561.034180	2978.539063
1560.016602	2943.509033
1558.999023	2896.211182
1557.981445	2934.892334
1556.962891	2875.338623
1555.944336	2887.002930
1554.925781	2837.301514
1553.907227	2780.259521
1552.888672	2627.559814
1551.869141	2690.775635
1550.849609	2665.680420
1549.830078	2559.686035
1548.810547	2615.521240
1547.790039	2610.063477
1546.769531	2496.796875
1545.749023	2557.508545
1544.728516	2498.183350
1543.708008	2458.472656
1542.686523	2538.738281
1541.665039	2562.673584
1540.643555	2537.656494
1539.622070	2595.833740
1538.599609	2558.589355
1537.577148	2430.875244
1536.554688	2489.037354
1535.532227	2444.505371
1534.508789	2514.859131
1533.486328	2436.131592
1532.462891	2523.557129
1531.439453	2642.696777
1530.415039	2439.454834
1529.391602	2465.788818
1528.367188	2440.853271
1527.342773	2515.981689
1526.318359	2473.966797
1525.292969	2563.691406
1524.267578	2470.469727
1523.242188	2477.255859
1522.216797	2503.540527
1521.191406	2568.808838
1520.165039	2497.595215
1519.138672	2553.091797
1518.112305	2421.020508
1517.085938	2452.157959
1516.059570	2551.450684
1515.032227	2468.145264
1514.004883	2586.859619
1512.977539	2622.800049
1511.949219	2588.182129
1510.921875	2592.490479
1509.893555	2582.208008
1508.865234	2674.029053
1507.835938	2600.542236
1506.807617	2570.824951
1505.778320	2633.436035
1504.749023	2700.877686
1503.719727	2710.010254
1502.689453	2643.876709
1501.660156	2667.580566
1500.629883	2657.299561
1499.599609	2724.662354
1498.568359	2670.709961
1497.538086	2645.883057
1496.506836	2674.408936
1495.475586	2763.526123
1494.444336	2869.570068
1493.412109	2919.836670
1492.379883	3030.645508
1491.347656	3083.277100
1490.315430	3077.769043
1489.283203	3123.104004
1488.250000	3219.249512
1487.216797	3438.771484
1486.183594	3440.448242
1485.150391	3577.583496
1484.116211	3811.395264
1483.083008	3834.750244
1482.048828	4012.805420
1481.013672	4161.781250
1479.979492	4257.533203
1478.944336	4353.243652
1477.909180	4506.878418
1476.874023	4643.542969
1475.838867	4673.922363
1474.802734	4677.737793
1473.766602	4749.119629
1472.730469	4723.963867
1471.694336	4621.630859
1470.657227	4541.046387
1469.621094	4590.694336
1468.583984	4555.950684
1467.545898	4523.631836
1466.508789	4488.916992
1465.470703	4406.037109
1464.432617	4164.233887
1463.394531	4098.315430
1462.356445	4075.758301
1461.317383	3995.445068
1460.278320	3917.572754
1459.239258	3827.704590
1458.200195	3817.250977
1457.160156	3698.585449
1456.121094	3834.824463
1455.081055	3636.882080
1454.040039	3643.300049
1453.000000	3741.017822
1451.958984	3752.213867
1450.917969	3816.241211
1449.876953	3786.595947
1448.835938	3915.403809
1447.793945	3866.548340
1446.751953	3875.303223
1445.709961	3898.448242
1444.667969	3883.206543
1443.625000	3688.121094
1442.582031	3792.804932
1441.539063	3823.136963
1440.496094	3695.291016
1439.453125	3737.609863
1438.409180	3626.605713
1437.365234	3601.864258
1436.321289	3565.161621
1435.276367	3482.992188
1434.232422	3455.904053
1433.187500	3400.114258
1432.142578	3511.805176
1431.096680	3467.985352
1430.051758	3472.008057
1429.005859	3456.903320
1427.959961	3489.607666
1426.914063	3546.193604
1425.867188	3607.532471
1424.820313	3740.501221
1423.773438	3536.696777
1422.726563	3612.321289
1421.679688	3678.364258
1420.631836	3825.518066
1419.583984	3796.046387
1418.536133	3752.274902
1417.487305	3916.008545
1416.439453	4022.444824
1415.390625	4016.792725
1414.341797	4106.475586
1413.291992	4255.688965
1412.243164	4350.043945
1411.193359	4346.704590
1410.143555	4488.621582
1409.092773	4542.389160
1408.042969	4579.471191
1406.992188	4514.211426
1405.941406	4601.244141
1404.890625	4550.278809
1403.838867	4489.823242
1402.788086	4379.465332
1401.736328	4190.712891
1400.683594	4208.799805
1399.631836	3982.152100
1398.579102	4014.529053
1397.526367	3890.145508
1396.473633	3673.214355
1395.420898	3774.479492
1394.367188	3700.070801
1393.313477	3454.850098
1392.259766	3409.011963
1391.206055	3322.873047
1390.151367	3279.454834
1389.096680	3356.962891
1388.041992	3259.040771
1386.987305	3175.379639
1385.931641	3181.783447
1384.876953	3207.133057
1383.821289	3118.801758
1382.764648	3084.963867
1381.708984	3171.860596
1380.652344	3197.188477
1379.595703	3184.648682
1378.539063	3141.362549
1377.481445	3143.029785
1376.424805	3244.001953
1375.367188	3212.550049
1374.309570	3192.928711
1373.250977	3156.775879
1372.192383	3255.291504
1371.133789	3259.290527
1370.075195	3107.443115
1369.016602	3163.409424
1367.957031	3018.730957
1366.897461	3117.165771
1365.837891	3043.336426
1364.778320	3101.624268
1363.717773	3176.392578
1362.657227	3135.604736
1361.596680	3186.760742
1360.536133	3176.623291
1359.474609	3112.301514
1358.414063	3142.227783
1357.352539	3214.529541
1356.290039	3380.976563
1355.228516	3344.912109
1354.166016	3464.186768
1353.103516	3503.410400
1352.041016	3646.118896
1350.977539	3577.100342
1349.914063	3665.648193
1348.850586	3742.402100
1347.787109	3821.471436
1346.723633	3865.259277
1345.659180	4094.612061
1344.594727	4185.291016
1343.530273	4212.529785
1342.464844	4197.499023
1341.399414	4262.274414
1340.333984	4256.624512
1339.268555	4131.329590
1338.203125	3947.453613
1337.136719	4021.604980
1336.070313	3795.635498
1335.003906	3701.025635
1333.936523	3625.204834
1332.870117	3650.160400
1331.802734	3611.861572
1330.735352	3423.704590
1329.666992	3479.123779
1328.599609	3356.621338
1327.531250	3358.205078
1326.461914	3422.958984
1325.393555	3206.984375
1324.324219	3299.806152
1323.255859	3245.284912
1322.185547	3202.475830
1321.116211	3094.248535
1320.045898	3240.750000
1318.975586	3085.842285
1317.905273	3164.550537
1316.834961	3082.112061
1315.763672	3027.723633
1314.692383	3062.046387
1313.621094	2968.019287
1312.549805	2983.677002
1311.477539	3029.646973
1311.475586	2977.121338
1310.405273	2924.031006
1310.403320	2907.181152
1309.333008	2962.999268
1309.330078	2967.266113
1308.260742	3013.602783
1308.257813	2959.744385
1307.187500	2959.325195
1307.184570	2903.292725
1306.114258	2881.775391
1306.111328	2965.674316
1305.041016	2971.956787
1305.038086	2897.594482
1303.967773	2885.124023
1303.964844	2952.967041
1302.893555	2970.606934
1302.891602	2929.152832
1301.819336	3002.517578
1301.817383	2896.034668
1300.745117	3046.048096
1300.743164	2958.358643
1299.670898	2947.643555
1299.668945	2799.579102
1298.595703	2995.817871
1298.594727	2873.530762
1297.520508	2925.373779
1297.519531	2959.086914
1296.445313	2864.260742
1296.445313	2770.154785
1295.370117	2916.160156
1295.370117	2891.500977
1294.294922	2938.883789
1294.293945	2902.461426
1293.219727	2829.093994
1293.217773	2908.770020
1292.143555	2993.601807
1292.141602	2935.980225
1291.067383	2844.336182
1291.065430	2849.387695
1289.992188	2941.402344
1289.988281	2953.214844
1288.916016	2998.942627
1288.911133	2989.679688
1287.838867	2931.044434
1287.833984	3033.089600
1286.762695	2937.478027
1286.756836	3009.195801
1285.685547	3094.818848
1285.678711	3010.828125
1284.608398	3052.472656
1284.600586	3017.097412
1283.531250	2901.061279
1283.522461	3097.556152
1282.454102	2958.542725
1282.444336	3101.483887
1281.376953	3092.562988
1281.365234	3049.790039
1280.298828	3054.884766
1280.286133	3069.944580
1279.220703	2961.560303
1279.207031	3002.065918
1278.142578	3025.942871
1278.126953	2975.903809
1277.064453	3064.800049
1277.047852	3095.620117
1275.985352	3008.609375
1275.967773	3057.873535
1274.907227	2998.787842
1274.887695	3061.801025
1273.828125	3035.309814
1273.806641	3123.570313
1272.749023	3090.350830
1272.726563	3028.011475
1271.669922	2973.973877
1271.645508	3055.068848
1270.589844	3167.949951
1270.563477	3105.235107
1269.509766	3063.177002
1269.482422	3016.679932
1268.429688	3101.966064
1268.400391	3036.786621
1267.349609	3147.683350
1267.318359	3126.200928
1266.269531	3133.218262
1266.236328	3033.080566
1265.189453	3095.621826
1265.154297	3090.120361
1264.108398	3097.362793
1264.071289	3107.881104
1263.027344	3078.287842
1262.988281	3040.220947
1261.946289	3084.655029
1261.905273	3099.526611
1260.865234	3063.276367
1260.821289	3041.127930
1259.783203	3175.970947
1259.738281	3063.495605
1258.701172	3117.605469
1258.654297	2949.779785
1257.619141	2971.457764
1257.569336	3025.190430
1256.537109	3019.419434
1256.485352	3033.713379
1255.455078	3021.167969
1255.400391	2910.863037
1254.372070	2905.139160
1254.315430	2965.491455
1253.290039	3066.221191
1253.230469	2969.413818
1252.207031	3019.480469
1252.144531	3083.883789
1251.124023	3014.301270
1251.058594	2981.856934
1250.040039	3126.811523
1249.972656	2994.979736
1248.957031	2971.646484
1248.886719	3017.302002
1247.873047	3028.759766
1247.800781	3090.235596
1246.789063	3104.301758
1246.713867	2974.497070
1245.705078	3152.144287
1245.626953	3167.002197
1244.620117	3216.106445
1244.539063	3200.759277
1243.536133	3203.978516
1243.452148	3220.707275
1242.451172	3369.307861
1242.364258	3369.351807
1241.366211	3483.883057
1241.276367	3396.143799
1240.280273	3487.836182
1240.187500	3367.788330
1239.195313	3505.606689
1239.099609	3576.009033
1238.109375	3564.821533
1238.010742	3462.664795
1237.023438	3525.009277
1236.921875	3491.703857
1235.937500	3676.276367
1235.832031	3536.794922
1234.851563	3604.235107
1234.743164	3460.250732
1233.765625	3442.476807
1233.653320	3415.858643
1232.678711	3520.050293
1232.563477	3323.322510
1231.591797	3351.466797
1231.472656	3377.580811
1230.504883	3334.734619
1230.381836	3230.076660
1229.416992	3180.045166
1229.291016	3178.901611
1228.330078	3121.969482
1228.200195	3049.842529
1227.242188	3098.392822
1227.109375	3005.605225
1226.154297	2980.603760
1226.017578	2936.194336
1225.066406	2885.834961
1224.925781	2903.451904
1223.978516	2878.395752
1223.833984	2911.931152
1222.889648	2905.410156
1222.741211	2801.392334
1221.800781	2794.634033
1221.648438	2903.706055
1220.711914	2945.631348
1220.555664	2761.193115
1219.623047	2912.934326
1219.462891	2854.318848
1218.533203	2843.528809
1218.369141	2899.382813
1217.444336	2872.816406
1217.276367	2784.401855
1216.354492	2897.504150
1216.181641	2797.462891
1215.264648	2860.251953
1215.087891	2792.237549
1214.173828	2889.518066
1213.993164	2848.694092
1213.083984	2973.800781
1212.899414	2959.937500
1211.993164	3085.559082
1211.803711	2988.927002
1210.902344	3007.042480
1210.708984	3054.427734
1209.811523	3242.492676
1209.613281	3197.495361
1208.720703	3280.819580
1208.517578	3459.146729
1207.628906	3424.500732
1207.421875	3419.553223
1206.537109	3499.420166
1206.326172	3509.976807
1205.445313	3617.815674
1205.229492	3559.314697
1204.353516	3701.825439
1204.132813	3679.296875
1203.261719	3774.357910
1203.036133	3803.780273
1202.168945	3892.630615
1201.938477	3691.236084
1201.076172	3770.617676
1200.840820	3733.648682
1199.983398	3717.277832
1199.743164	3682.664551
1198.890625	3570.186035
1198.645508	3577.057373
1197.796875	3576.357666
1197.546875	3501.092773
1196.703125	3472.787109
1196.449219	3420.611572
1195.609375	3314.397217
1195.350586	3333.342041
1194.515625	3268.049805
1194.250977	3125.549561
1193.421875	3249.138916
1193.151367	3143.005127
1192.327148	3093.166748
1192.052734	3085.419434
1191.232422	3076.579834
1190.952148	3096.055664
1190.137695	3062.282471
1189.852539	2929.420898
1189.042969	3052.556641
1188.751953	2812.850830
1187.948242	2972.070313
1187.651367	2930.305664
1186.852539	2960.082275
1186.550781	2911.443115
1185.756836	2913.871582
1185.449219	2831.286377
1184.661133	2906.461426
1184.348633	2826.075195
1183.564453	2892.210938
1183.247070	2768.669678
1182.468750	2850.599609
1182.144531	2790.701172
1181.372070	2781.643799
1181.042969	2706.110596
1180.275391	2653.445068
1179.940430	2698.664307
1179.178711	2682.556885
1178.837891	2670.815918
1178.081055	2615.951660
1177.734375	2642.980469
1176.984375	2490.136963
1176.631836	2558.503418
1175.886719	2601.263916
1175.528320	2535.238281
1174.789063	2575.704834
1174.424805	2539.164795
1173.690430	2609.355469
1173.320313	2554.411865
1172.592773	2642.992432
1172.215820	2594.555176
1171.494141	2551.433838
1171.111328	2648.260010
1170.395508	2573.690430
1170.006836	2606.895508
1169.296875	2541.334229
1168.902344	2565.550293
1168.198242	2563.583252
1167.796875	2537.795654
1167.098633	2574.451660
1166.691406	2516.837646
1165.999023	2560.303711
1165.584961	2624.752930
1164.899414	2587.081299
1164.479492	2624.125488
1163.799805	2597.937744
1163.373047	2544.408691
1162.699219	2601.972168
1162.266602	2561.872803
1161.598633	2624.180664
1161.159180	2674.189697
1160.498047	2582.775879
1160.051758	2506.452393
1159.397461	2500.507080
1158.944336	2526.169189
1158.296875	2593.112061
1157.836914	2600.043945
1157.195313	2640.275879
1156.729492	2689.677979
1156.093750	2671.532227
1155.621094	2689.032227
1154.992188	2718.660889
1154.512695	2663.577637
1153.890625	2668.208740
1153.403320	2595.293213
1152.788086	2778.835205
1152.294922	2747.960205
1151.686523	2703.442383
1151.185547	2794.627686
1150.583984	2793.609375
1150.076172	2715.093750
1149.480469	2876.938965
1148.965820	2793.282715
1148.377930	2819.703369
1147.856445	2772.341309
1147.274414	2821.411133
1146.746094	2728.893555
1146.170898	2825.383301
1145.634766	2768.754150
1145.067383	2813.496582
1144.524414	2711.824463
1143.963867	2880.883789
1143.413086	2828.166504
1142.860352	2785.207275
1142.301758	2715.014160
1141.755859	2771.070557
1141.190430	2739.095703
1140.651367	2709.405518
1140.078125	2659.743164
1139.546875	2634.186279
1138.965820	2697.312256
1138.441406	2715.115723
1137.853516	2737.109619
1137.335938	2680.643311
1136.740234	2574.686768
1136.231445	2625.828613
1135.627930	2598.770752
1135.125000	2765.502686
1134.514648	2613.860107
1134.019531	2627.042969
1133.400391	2617.716797
1132.913086	2667.205322
1132.287109	2787.663574
1131.807617	2684.752197
1131.172852	2751.083984
1130.701172	2729.405029
1130.058594	2730.225586
1129.593750	2783.075439
1128.943359	2801.333984
1128.487305	2814.138916
1127.829102	2915.011475
1127.379883	2797.769531
1126.713867	2824.631836
1126.272461	2923.637451
1125.598633	2859.804443
1125.165039	2954.652832
1124.482422	2829.979736
1124.057617	2947.290771
1123.366211	2963.698730
1122.949219	3097.871094
1122.250000	3018.966309
1121.840820	3049.877686
1121.133789	3228.700684
1120.732422	3013.179932
1120.016602	3156.281250
1119.624023	3188.459229
1118.899414	3343.499023
1118.514648	3273.489014
1117.782227	3414.279785
1117.406250	3311.149658
1116.665039	3391.077393
1116.296875	3344.287598
1115.546875	3555.735596
1115.187500	3514.851563
1114.428711	3550.394775
1114.077148	3583.976807
1113.310547	3647.875732
1112.966797	3578.751221
1112.191406	3584.412109
1111.857422	3614.058594
1111.072266	3565.661377
1110.746094	3617.833008
1109.953125	3441.940918
1109.635742	3425.782227
1108.833984	3322.746582
1108.524414	3427.341797
1107.713867	3125.473389
1107.414063	3287.154297
1106.593750	2950.615479
1106.302734	3039.048096
1105.473633	2876.255371
1105.190430	2948.473145
1104.352539	2837.624512
1104.079102	2882.668945
1103.231445	2689.728027
1102.966797	2715.725586
1102.110352	2584.268555
1101.854492	2611.783936
1100.989258	2590.320313
1100.742188	2604.513916
1099.867188	2649.855957
1099.629883	2520.856689
1098.745117	2568.991699
1098.516602	2504.622070
1097.623047	2479.256836
1097.403320	2436.739258
1096.500000	2589.995117
1096.290039	2532.797119
1095.376953	2540.374268
1095.176758	2516.568848
1094.253906	2528.617676
1094.062500	2464.435303
1093.130859	2467.908936
1092.948242	2571.647949
1092.006836	2509.570068
1091.833984	2539.715820
1090.882813	2533.416260
1090.719727	2525.741211
1089.758789	2437.170410
1089.604492	2500.558594
1088.634766	2445.459717
1088.490234	2479.870117
1087.509766	2440.408936
1087.375000	2432.289063
1086.384766	2457.580322
1086.258789	2487.826172
1085.258789	2448.084961
1085.143555	2431.298584
1084.133789	2298.674561
1084.027344	2365.832520
1083.007813	2353.613770
1082.911133	2351.910889
1081.880859	2328.610840
1081.794922	2295.444824
1080.754883	2332.470703
1080.678711	2324.083496
1079.627930	2360.734375
1079.561523	2341.517334
1078.500977	2391.201660
1078.444336	2271.658691
1077.374023	2310.771484
1077.327148	2246.580566
1076.246094	2241.466553
1076.209961	2371.403076
1075.118164	2298.537598
1075.092773	2247.898926
1073.990234	2266.940918
1073.974609	2314.526855
1072.861328	2255.298096
1072.856445	2258.158203
1071.738281	2253.225098
1071.732422	2245.875732
1070.619141	2270.642578
1070.603516	2289.600830
1069.500000	2270.177246
1069.474609	2315.593750
1068.380859	2303.221436
1068.344727	2230.912842
1067.261719	2253.611816
1067.214844	2301.159668
1066.142578	2342.471436
1066.084961	2435.521484
1065.022461	2388.875000
1064.954102	2434.911377
1063.902344	2408.473633
1063.824219	2412.191162
1062.782227	2452.612549
1062.692383	2544.212402
1061.662109	2554.744385
1061.561523	2607.660400
1060.541016	2538.603760
1060.429688	2604.796387
1059.419922	2727.656982
1059.297852	2615.185791
1058.298828	2671.349609
1058.166016	2694.024170
1057.177734	2751.057373
1057.033203	2576.340576
1056.056641	2685.852051
1055.900391	2670.597656
1054.934570	2665.242432
1054.767578	2641.239990
1053.812500	2720.393066
1053.634766	2625.132568
1052.689453	2621.820068
1052.500977	2542.869385
1051.567383	2625.733398
1051.367188	2555.457275
1050.444336	2651.910889
1050.233398	2634.167725
1049.321289	2553.411865
1049.098633	2562.981934
1048.198242	2648.589844
1047.963867	2529.285889
1047.075195	2585.735596
1046.829102	2504.417236
1045.951172	2602.999268
1045.693359	2494.975098
1044.827148	2531.282471
1044.557617	2507.552734
1043.703125	2508.520264
1043.421875	2478.304688
1042.579102	2514.671143
1042.286133	2405.062500
1041.454102	2503.035645
1041.149414	2505.646240
1040.329102	2453.622559
1040.012695	2478.618652
1039.204102	2508.664551
1038.875977	2423.020508
1038.079102	2468.156250
1037.738281	2459.773926
1036.953125	2454.317871
1036.600586	2415.195801
1035.827148	2427.160889
1035.462891	2331.092773
1034.701172	2408.895508
1034.325195	2332.695801
1033.575195	2477.206787
1033.186523	2413.351807
1032.448242	2405.675781
1032.047852	2366.633301
1031.322266	2387.425537
1030.908203	2379.198730
1030.195313	2466.789307
1029.769531	2369.814453
1029.067383	2379.779053
1028.629883	2336.303711
1027.940430	2383.718750
1027.490234	2223.855957
1026.812500	2363.270020
1026.349609	2346.072510
1025.684570	2462.520020
1025.208984	2354.240234
1024.556641	2335.693359
1024.068359	2290.084961
1023.427734	2330.775635
1022.926758	2324.552979
1022.299805	2412.248535
1021.786133	2297.672852
1021.170898	2365.238037
1020.644531	2277.375488
1020.041992	2260.677979
1019.501953	2265.844971
1018.912109	2410.739014
1018.360352	2352.809570
1017.782227	2361.544189
1017.217773	2430.976318
1016.653320	2259.262451
1016.074219	2310.036865
1015.522461	2325.160156
1014.931641	2335.686279
1014.392578	2366.699707
1013.788086	2466.269531
1013.261719	2408.221680
1012.644531	2459.076416
1012.131836	2480.678955
1011.500000	2508.704102
1011.000000	2458.055176
1010.356445	2549.566650
1009.869141	2550.361328
1009.210938	2647.195557
1008.737305	2576.342041
1008.066406	2629.042969
1007.606445	2752.529541
1006.920898	2770.260254
1006.473633	2789.499512
1005.775391	2891.761719
1005.341797	2883.865967
1004.629883	2917.196045
1004.209961	3059.877441
1003.484375	3038.595215
1003.077148	3169.597412
1002.337891	3144.665527
1001.944336	3100.522217
1001.190430	3056.642090
1000.810547	3113.109131
1000.043945	3190.986328
999.677734	3271.276367
998.896484	3299.111328
998.543945	3255.151367
997.749023	3256.862549
997.410156	3358.098633
996.601563	3393.225830
996.276367	3438.957764
995.453125	3274.765137
995.141602	3356.686523
994.304688	3121.536377
994.006836	3300.891846
993.155273	3024.968994
992.872070	3121.748535
992.006836	2948.031982
991.737305	3215.803223
990.857422	2851.558594
990.602539	3012.529053
989.708008	2748.611328
989.466797	2862.180176
988.331055	2810.948975
987.195313	2640.898682
986.058594	2550.129883
984.921875	2560.590820
983.785156	2518.262695
982.648438	2493.543213
981.511719	2435.857422
980.374023	2316.652588
979.236328	2395.272949
978.098633	2353.022705
976.959961	2376.687256
975.822266	2367.400146
974.683594	2432.768066
973.544922	2368.593018
972.405273	2379.064941
971.265625	2317.122070
970.126953	2362.700195
968.986328	2445.545166
967.846680	2447.219482
966.706055	2400.660156
965.565430	2422.069824
964.424805	2474.150391
963.284180	2427.614258
962.142578	2475.290039
961.000977	2404.682129
959.859375	2386.654297
958.717773	2410.227051
957.575195	2293.715332
956.432617	2304.168213
955.290039	2255.547852
954.146484	2248.505615
953.003906	2147.434082
951.860352	2232.243408
950.716797	2247.068604
949.572266	2154.802979
948.428711	2230.815918
947.284180	2236.893311
946.138672	2223.312012
944.994141	2235.938477
943.848633	2152.504395
942.704102	2217.522705
941.557617	2195.227539
940.412109	2131.489746
939.265625	2146.302490
938.119141	2217.807617
936.972656	2239.135742
935.826172	2271.353516
934.678711	2196.770020
933.531250	2250.771240
932.383789	2147.904053
931.236328	2299.899170
930.087891	2332.068359
928.939453	2277.143066
927.791016	2283.184326
926.641602	2278.342285
925.493164	2353.999268
924.343750	2275.189209
923.194336	2400.831055
922.043945	2304.650635
920.893555	2423.710693
919.743164	2342.778809
918.592773	2283.609619
917.442383	2320.047852
916.291016	2250.049316
915.139648	2279.964600
913.988281	2275.131836
912.835938	2324.562500
911.684570	2306.701660
910.532227	2351.764648
909.378906	2353.426758
908.226563	2454.843262
907.073242	2315.553955
905.919922	2351.904541
904.766602	2433.750000
903.612305	2489.559326
902.458984	2428.366699
901.304688	2432.173828
900.149414	2388.342041
898.995117	2548.024658
897.839844	2616.733887
896.684570	2817.411621
895.529297	2853.580811
894.373047	3017.349609
893.216797	2917.221191
892.060547	2944.696045
890.904297	2950.543213
889.747070	2872.104248
888.590820	2748.325928
887.432617	2758.531006
886.275391	2757.932861
885.117188	2763.812500
883.959961	2771.847900
882.801758	2803.620850
881.642578	2792.223389
880.483398	2739.840576
879.325195	2793.167725
878.165039	2820.594238
877.005859	2884.659912
875.845703	2929.297852
874.685547	2751.950195
873.525391	2841.842285
872.365234	2845.532227
871.204102	2715.696777
870.042969	2659.124023
868.881836	2598.270508
867.719727	2533.138672
866.558594	2431.455322
865.396484	2521.278564
864.233398	2372.324219
863.071289	2376.107666
861.908203	2455.134277
860.745117	2409.461426
859.582031	2383.148682
858.417969	2331.065674
857.253906	2461.583496
856.089844	2409.505859
854.925781	2445.479004
853.760742	2318.297119
852.596680	2515.231689
851.430664	2478.206055
850.265625	2434.760742
849.099609	2528.594727
847.933594	2474.435791
846.767578	2452.456787
845.601563	2653.388916
844.434570	2599.237305
843.267578	2650.084229
842.100586	2688.057617
840.933594	2751.710693
839.765625	2706.147705
838.597656	2774.049316
837.429688	2837.640869
836.260742	2832.739258
835.091797	3105.917480
833.922852	3197.195313
832.753906	3352.576172
831.583984	3672.487793
830.414063	3934.554443
829.244141	4264.880371
828.074219	4449.796387
826.903320	4515.026855
825.733398	4413.674805
824.561523	4229.107910
823.390625	4100.115723
822.218750	4043.731934
821.046875	3716.427490
819.875000	3747.603516
818.703125	3465.289795
817.530273	3404.829834
816.357422	3184.530273
815.184570	3151.862061
814.010742	3061.681641
812.836914	3001.362549
811.663086	3019.867432
810.489258	2980.875488
809.314453	2897.197266
808.139648	2990.200684
806.964844	2912.940186
805.790039	2910.169434
804.614258	2894.638428
803.438477	2957.790039
802.262695	2861.470215
801.086914	2854.461182
799.910156	2930.328613
798.733398	2789.463623
797.556641	2833.450684
796.378906	2813.711670
795.201172	2847.057861
794.023438	2791.239502
792.845703	2905.217041
791.666992	2855.774658
790.489258	2927.262695
789.309570	2867.233154
788.130859	2951.407959
786.951172	2978.310547
785.771484	3026.394287
784.591797	3065.980713
783.412109	2969.972900
782.231445	2943.898438
781.050781	2991.945801
779.870117	2974.345459
778.688477	2967.334961
777.506836	3000.531982
776.325195	2963.900391
775.143555	2954.781006
773.960938	2861.080322
772.778320	2896.384277
771.595703	2853.466309
770.413086	2920.453613
769.229492	2866.985107
768.045898	2889.581543
766.862305	3009.310059
765.677734	2957.967773
764.494141	2988.971191
763.309570	3007.298340
762.124023	3162.761475
760.939453	3326.592529
759.753906	3616.888672
758.568359	4126.338867
757.381836	4460.594727
756.196289	4881.111328
755.009766	5185.549316
753.822266	4961.088867
752.635742	4511.370605
751.448242	4143.974609
750.260742	3793.583740
749.073242	3449.663330
747.884766	3219.526611
746.696289	3105.201416
745.507813	3039.303467
744.319336	2979.743164
743.129883	2880.264160
741.940430	2791.338867
740.750977	2818.032227
739.561523	2775.381348
738.371094	2919.693848
737.180664	2858.138428
735.990234	2821.805176
734.798828	2812.775879
733.607422	2812.144775
732.416016	2807.317383
731.224609	2601.115234
730.032227	2592.142334
728.839844	2578.979980
727.647461	2655.962158
726.454102	2466.744385
725.260742	2550.002686
724.067383	2520.101563
722.874023	2511.157471
721.679688	2472.902344
720.486328	2489.093506
719.291016	2392.257080
718.096680	2485.880859
716.901367	2447.664795
715.706055	2505.677002
714.510742	2471.655273
713.315430	2377.020996
712.119141	2480.992188
710.922852	2361.322021
709.725586	2377.502930
708.529297	2364.434570
707.332031	2357.636230
706.134766	2390.508789
704.936523	2481.810791
703.738281	2477.076904
702.540039	2493.208496
701.341797	2505.160645
700.143555	2473.313232
698.944336	2529.048096
697.745117	2518.053955
696.544922	2584.172852
695.345703	2550.251709
694.145508	2560.090088
692.944336	2655.310303
691.744141	2723.419434
690.542969	2874.763672
689.341797	2826.245361
688.140625	2867.219482
686.938477	2839.526611
685.736328	2909.595215
684.534180	2992.107666
683.331055	2993.508057
682.128906	2949.183594
680.925781	3029.552002
679.721680	3026.787109
678.518555	2965.868896
677.314453	3044.101318
676.110352	2960.370117
674.905273	2986.679443
673.701172	3017.126709
672.496094	3074.529297
671.290039	3017.829346
670.084961	3039.953369
668.878906	2937.676758
667.672852	2926.645020
666.466797	3056.529053
665.259766	2881.806152
664.052734	2825.225586
662.845703	2944.688965
661.637695	2904.681885
660.429688	2887.460938
659.221680	2857.831543
658.013672	2958.557129
656.804688	2875.144531
655.595703	2986.159424
654.386719	2875.900391
653.177734	2891.780273
651.967773	2889.053711
650.757813	2793.354004
649.547852	2827.831543
648.336914	2777.622070
647.125977	2774.922607
645.915039	2691.720215
644.703125	2684.913574
643.492188	2632.718262
642.280273	2648.618408
641.067383	2672.760010
639.855469	2618.540527
638.642578	2617.940918
637.429688	2524.601074
636.215820	2645.588135
635.001953	2566.703613
633.788086	2640.256836
632.574219	2641.710693
631.359375	2634.929199
630.144531	2607.570068
628.929688	2613.144775
627.714844	2678.373047
626.499023	2704.494629
625.283203	2710.042236
624.067383	2641.581543
622.850586	2723.184082
621.633789	2856.117920
620.416992	2832.864258
619.200195	2910.258057
617.982422	2936.282227
616.764648	2966.399902
615.546875	2982.136475
614.328125	2938.359863
613.109375	2853.573730
611.890625	3035.454102
610.670898	3112.674316
609.452148	3189.858398
608.232422	3410.476318
607.011719	3880.981445
605.791992	4205.817383
604.571289	4335.928711
603.350586	4038.015381
602.128906	3635.831787
600.907227	3203.132568
599.685547	2932.286865
598.463867	2829.320313
597.241211	2646.634033
596.018555	2668.515625
594.795898	2651.543701
593.573242	2581.438232
592.349609	2515.451660
591.125977	2504.655029
589.901367	2499.990479
588.677734	2515.747803
587.453125	2564.162109
586.227539	2551.321777
585.002930	2673.165771
583.777344	2611.343018
582.551758	2788.186279
581.325195	2777.343994
580.099609	2762.428955
578.873047	2708.794434
577.645508	2742.807617
576.418945	2687.164307
575.191406	2772.086182
573.963867	2806.059814
572.735352	2823.730713
571.507813	2819.003662
570.279297	2869.220947
569.049805	2838.037354
567.821289	2819.071533
566.591797	2846.884521
565.362305	2703.910889
564.131836	2707.346436
562.901367	2635.593750
561.670898	2458.230957
560.440430	2534.840820
559.208984	2463.177246
557.977539	2476.814453
556.746094	2313.860596
555.513672	2347.817627
554.281250	2337.126221
553.048828	2393.372559
551.816406	2291.423340
550.583008	2457.129639
549.349609	2355.212646
548.116211	2376.952393
546.881836	2325.749023
545.647461	2426.477295
544.413086	2377.310547
543.177734	2510.370850
541.943359	2613.008301
540.707031	2703.456055
539.471680	2767.561279
538.235352	2694.099609
536.999023	2592.362061
535.762695	2518.975098
534.525391	2439.558838
533.289063	2426.862549
532.050781	2393.969482
530.813477	2381.289307
529.575195	2402.942383
528.336914	2331.719971
527.098633	2460.345459
525.859375	2502.142334
524.620117	2384.546143
523.380859	2440.458984
522.140625	2381.408447
520.900391	2411.087646
519.660156	2358.117676
518.419922	2323.307617
517.178711	2332.833252
515.937500	2386.663330
514.696289	2321.666260
513.454102	2377.486328
512.211914	2419.191162
510.969727	2440.754639
509.726563	2448.225586
508.483398	2385.300049
507.240234	2402.833740
505.997070	2392.215088
504.752930	2468.022217
503.508789	2419.215332
502.263672	2446.767334
501.019531	2480.331055
499.774414	2511.870850
498.528320	2459.083740
497.283203	2460.508789
496.037109	2520.120361
494.791016	2523.535400
493.543945	2448.733643
492.297852	2472.213867
491.050781	2553.815186
489.802734	2509.119629
488.554688	2616.719727
487.306641	2592.061035
486.058594	2669.549805
484.810547	2704.955322
483.561523	2682.294189
482.311523	2661.644531
481.062500	2709.030273
479.812500	2718.387695
478.562500	2681.744629
477.312500	2803.065918
476.061523	2896.345215
474.810547	2881.667236
473.558594	2874.987305
472.307617	2920.243164
471.055664	2983.449951
469.803711	2940.812744
468.550781	3161.667725
467.297852	3117.011963
466.044922	3168.139648
464.791016	3426.677979
463.538086	3531.546875
462.284180	3694.180420
461.029297	3701.270264
459.774414	4088.956055
458.519531	4315.088379
457.264648	4505.260742
456.009766	4617.683594
454.753906	4708.153320
453.497070	4541.832520
452.241211	4520.846680
450.984375	4255.182129
449.727539	4025.443848
448.469727	3895.233887
447.211914	3792.916748
445.954102	3599.226563
444.696289	3665.918701
443.437500	3549.823242
442.178711	3487.404785
440.919922	3460.755127
439.660156	3513.519531
438.400391	3361.847900
437.140625	3509.845703
435.879883	3413.787842
434.620117	3389.168701
433.358398	3485.502441
432.097656	3528.270752
430.835938	3545.255859
429.574219	3572.138428
428.311523	3668.333252
427.049805	3724.875977
425.787109	3747.734619
424.523438	3738.912598
423.260742	3805.289795
421.997070	3905.266602
420.732422	3892.455566
419.468750	4018.067871
418.204102	4050.703613
416.938477	4041.817871
415.673828	4123.830078
414.408203	4251.237793
413.142578	4366.733398
411.875977	4446.630859
410.609375	4512.670410
409.342773	4529.338379
408.076172	4630.840332
406.808594	4651.415039
405.541016	4772.558105
404.273438	4789.144043
403.004883	4929.904785
401.736328	4954.325684
400.466797	5063.453125
399.198242	5251.316406
397.928711	5143.698730
396.658203	5400.356445
395.388672	5387.231934
394.118164	5362.305664
392.847656	5534.124512
391.576172	5621.284180
390.304688	5657.274414
389.033203	5596.916992
387.760742	5754.750000
386.489258	5769.064453
385.215820	5852.126953
383.943359	5776.065430
382.669922	5872.828613
381.396484	5896.911621
380.123047	5797.341797
378.848633	5780.226074
377.574219	5800.388184
376.298828	5781.317383
375.024414	5793.625000
373.749023	5784.364258
372.472656	5739.833008
371.197266	5518.997070
369.920898	5547.022949
368.643555	5529.995117
367.367188	5446.412109
366.089844	5415.714844
364.812500	5281.322754
363.534180	5289.805176
362.255859	5196.580566
360.977539	5165.971680
359.698242	5137.331543
358.418945	5218.149414
357.139648	5003.890137
355.860352	4906.939941
354.580078	4983.846191
353.299805	4943.567383
352.018555	4833.037598
350.737305	4833.795410
349.456055	4902.836426
348.174805	4858.713379
346.892578	4769.760742
345.610352	4864.108398
344.327148	4708.928711
343.043945	4495.367676
341.760742	4607.243652
340.477539	4561.307129
339.193359	4447.242676
337.909180	4527.898438
336.625000	4411.951172
335.339844	4371.942383
334.054688	4396.144043
332.768555	4344.489258
331.483398	4292.859375
330.197266	4284.017090
328.910156	4261.575195
327.624023	4233.315430
326.336914	4296.356934
325.048828	4213.730469
323.760742	4263.154785
322.472656	4231.038574
321.184570	4301.776367
319.895508	4170.730957
318.606445	4084.356445
317.317383	3972.818604
316.027344	4093.946289
314.737305	4189.819824
313.447266	4064.774658
312.156250	4005.648438
310.866211	4035.629395
309.574219	4106.250488
308.283203	4052.962646
306.991211	4108.062500
305.698242	3990.959473
304.406250	4111.803223
303.113281	4108.837402
301.819336	4190.928223
300.526367	4191.807617
299.232422	4327.934082
297.937500	4444.674805
296.643555	4542.044434
295.348633	4618.127441
294.052734	4742.425293
292.757813	4895.604980
291.461914	5158.670410
290.166016	5244.161133
288.869141	5468.439941
287.572266	5682.965820
286.275391	5930.145508
284.977539	6233.075195
283.679688	6296.992676
282.381836	6694.038086
281.083008	6913.753906
279.784180	7139.131348
278.485352	7472.155273
277.185547	7662.645508
275.885742	8099.226563
274.585938	8295.226563
273.285156	8800.627930
271.984375	9071.300781
270.683594	9378.341797
269.381836	9752.456055
268.080078	10241.603516
266.777344	10336.914063
265.475586	10791.110352
264.172852	11070.449219
262.869141	11374.583008
261.565430	11605.675781
260.261719	11968.956055
258.958008	12136.514648
257.653320	12273.321289
256.348633	12588.245117
255.043945	12675.058594
253.738281	12725.438477
252.432617	12825.568359
251.125977	13071.113281
249.819336	13236.160156
248.512695	13278.683594
247.206055	13485.664063
245.898438	13549.128906
244.590820	13522.712891
243.282227	13599.507813
241.973633	13550.159180
240.665039	13611.622070
239.356445	13426.706055
238.046875	13417.523438
236.736328	13333.906250
235.426758	13454.503906
234.116211	13258.361328
232.805664	13216.799805
231.494141	13072.294922
230.182617	12990.767578
228.871094	12987.413086
227.558594	12825.924805
226.246094	12794.038086
224.933594	12849.760742
223.620117	12665.580078
222.306641	12409.169922
220.992188	12508.704102
219.678711	12440.785156
218.363281	12264.498047
217.048828	12213.784180
215.733398	12252.431641
214.417969	12209.342773
213.102539	12124.478516
211.786133	11971.282227
210.468750	11916.899414
209.152344	12010.611328
207.834961	11791.132813
206.517578	11884.823242
205.199219	11807.749023
203.880859	11571.419922
202.562500	11737.128906
201.243164	11633.610352
199.923828	11848.478516
198.604492	11737.402344
197.284180	11683.198242
195.963867	11916.810547
194.642578	11624.081055
193.322266	11821.626953
192.000000	11801.500977
190.678711	12048.066406
189.356445	12073.267578
188.034180	12136.260742
186.710938	12008.338867
185.387695	12350.940430
184.064453	12270.247070
182.740234	12212.253906
181.416016	12418.593750
180.091797	12636.147461
178.766602	12844.149414
177.441406	13201.064453
176.116211	13240.955078
174.790039	13333.614258
173.463867	13778.699219
172.136719	13842.894531
170.809570	14121.819336
169.482422	14374.225586
168.155273	14816.668945
166.827148	15238.168945
165.498047	15570.991211
164.169922	15892.344727
162.840820	16258.666016
161.510742	16619.148438
160.180664	16906.119141
158.850586	17399.667969
157.520508	17804.642578
156.189453	18282.654297
154.858398	18824.257813
153.526367	19134.646484
152.194336	19799.601563
150.862305	20220.261719
149.529297	20631.314453
148.196289	21034.640625
146.863281	21516.494141
145.529297	21990.585938
144.195313	22335.119141
142.860352	22460.275391
141.526367	22843.818359
140.190430	23300.173828
138.855469	23342.589844
137.519531	23429.892578
136.183594	23417.984375
134.846680	23881.156250
133.509766	24031.800781
132.171875	23855.216797
130.834961	23899.251953
129.496094	23707.839844
128.158203	23555.751953
126.819336	23429.882813
125.480469	23429.156250
124.140625	23378.033203
122.800781	23106.761719
121.460938	23208.699219
120.120117	23028.986328
118.779297	23101.050781
117.437500	23050.056641
116.095703	23153.742188
114.753906	23674.636719
113.411133	23586.265625
112.068359	23844.234375
110.725586	23593.917969
109.381836	23661.931641
108.038086	23026.708984
106.694336	22265.363281
105.349609	21047.042969
104.003906	19546.849609
102.659180	17943.406250
101.313477	15872.677734
99.966797	13853.224609
98.621094	11665.907227
