#Wave		#Intensity
3199.989258	42.554840
3199.284180	39.008606
3198.579102	35.456871
3197.874023	35.451370
3197.168945	53.168800
3196.463867	42.528431
3195.757813	42.521812
3195.052734	42.515190
3194.346680	38.966183
3193.640625	42.501930
3192.934570	46.036568
3192.228516	35.407207
3191.522461	31.861502
3190.816406	56.633797
3190.109375	42.468689
3189.403320	38.923523
3188.696289	31.841518
3187.990234	53.060852
3187.283203	28.294670
3186.576172	45.971596
3185.869141	28.285753
3185.162109	60.097740
3184.455078	24.742220
3183.747070	60.078751
3183.040039	28.267881
3182.332031	56.526810
3181.624023	45.920753
3180.916016	60.040688
3180.208008	49.437424
3179.500000	67.082977
3178.791992	31.771095
3178.083984	49.413834
3177.375977	52.934956
3176.666992	52.926514
3175.958008	28.222969
3175.250000	42.327690
3174.541016	42.320923
3173.832031	49.366505
3173.123047	59.935440
3172.413086	45.825638
3171.704102	42.293800
3170.995117	42.287006
3170.285156	49.326912
3169.575195	38.750626
3168.865234	49.311039
3168.155273	52.824741
3167.445313	59.858383
3166.735352	66.889748
3166.025391	80.958725
3165.315430	49.271255
3164.604492	49.263283
3163.893555	66.846481
3163.183594	42.211990
3162.472656	35.170952
3161.761719	49.231339
3161.050781	59.771198
3160.338867	49.215336
3159.627930	66.781372
3158.916992	49.199314
3158.205078	63.245949
3157.493164	45.670181
3156.782227	49.175240
3156.070313	52.679150
3155.358398	70.227379
3154.645508	73.726685
3153.933594	49.143074
3153.221680	52.644661
3152.508789	63.163231
3151.795898	52.627388
3151.083984	45.602909
3150.371094	63.132107
3149.658203	45.587910
3148.945313	56.098957
3148.231445	56.089714
3147.518555	56.080463
3146.804688	31.540054
3146.091797	66.573563
3145.377930	49.046097
3144.664063	56.043411
3143.950195	52.532001
3143.236328	56.024849
3142.522461	52.514591
3141.808594	59.506660
3141.093750	38.497917
3140.379883	59.486897
3139.665039	48.981064
3138.950195	38.478718
3138.235352	45.467278
3137.520508	73.434898
3136.805664	27.970535
3136.089844	31.461601
3135.375000	48.932098
3134.659180	48.923920
3133.944336	41.927776
3133.228516	80.348122
3132.512695	55.884987
3131.796875	55.875622
3131.081055	41.899689
3130.364258	52.365822
3129.648438	52.357029
3128.932617	55.838112
3128.215820	62.807312
3127.499023	66.285446
3126.782227	55.809925
3126.065430	69.750648
3125.348633	59.278057
3124.631836	45.322628
3123.914063	41.829208
3123.197266	87.129463
3122.479492	34.845890
3121.761719	66.195992
3121.043945	62.701374
3120.326172	48.759472
3119.608398	55.715664
3118.890625	62.669491
3118.171875	45.253616
3117.454102	48.726383
3116.735352	48.718102
3116.016602	62.626904
3115.298828	48.701523
3114.579102	55.649406
3113.860352	66.072411
3113.141602	76.491844
3112.422852	62.573559
3111.703125	59.087158
3110.983398	38.226334
3110.264648	76.439598
3109.544922	48.635059
3108.825195	55.573410
3108.104492	41.672920
3107.384766	55.554367
3106.665039	41.658630
3105.944336	31.238611
3105.224609	58.996132
3104.503906	58.985996
3103.783203	72.852524
3103.062500	65.902847
3102.341797	55.487583
3101.620117	62.412781
3100.899414	69.335579
3100.177734	72.789803
3099.457031	69.311661
3098.735352	62.369724
3098.013672	48.501408
3097.291992	48.493023
3096.570313	69.263763
3095.847656	51.938831
3095.125977	55.391827
3094.403320	58.843616
3093.680664	34.607891
3092.958984	51.902832
3092.236328	62.272587
3091.513672	69.179749
3090.790039	79.542885
3090.067383	51.866776
3089.343750	55.314934
3088.621094	72.588211
3087.897461	65.663612
3087.173828	58.741413
3086.450195	62.185944
3085.726563	55.266750
3085.002930	65.617813
3084.278320	62.153381
3083.554688	69.047241
3082.830078	69.035172
3082.105469	58.669628
3081.381836	69.011009
3080.657227	79.348763
3079.931641	65.537491
3079.207031	72.423470
3078.482422	51.721973
3077.756836	58.607948
3077.031250	48.256893
3076.306641	58.587357
3075.581055	68.914185
3074.854492	93.017784
3074.128906	62.000942
3073.403320	75.765587
3072.676758	61.979103
3071.951172	79.181557
3071.224609	51.631039
3070.498047	58.504848
3069.771484	75.698792
3069.044922	68.804924
3068.318359	48.154934
3067.590820	61.902538
3066.864258	82.522118
3066.136719	72.194069
3065.409180	61.869671
3064.682617	96.224655
3063.954102	41.231827
3063.226563	65.272148
3062.499023	65.260559
3061.771484	85.853912
3061.042969	92.705750
3060.314453	75.524597
3059.585938	82.375816
3058.857422	72.066017
3058.128906	89.208710
3057.400391	82.331833
3056.671875	68.597633
3055.942383	78.873222
3055.212891	78.859154
3054.484375	68.560936
3053.754883	61.693829
3053.025391	71.963280
3052.295898	82.229050
3051.565430	71.937553
3050.835938	54.799763
3050.105469	95.882423
3049.375000	89.017738
3048.645508	65.039772
3047.915039	68.450645
3047.184570	92.391800
3046.453125	85.532623
3045.722656	106.041412
3044.991211	85.501915
3044.260742	88.906021
3043.529297	71.795799
3042.797852	68.364662
3042.066406	78.605217
3041.334961	75.174065
3040.602539	92.242470
3039.871094	85.394310
3039.138672	81.963768
3038.407227	68.290825
3037.674805	75.106354
3036.942383	78.506111
3036.209961	75.079247
3035.476563	71.653610
3034.744141	78.463585
3034.010742	98.914459
3033.278320	98.896568
3032.544922	85.240234
3031.811523	105.678764
3031.078125	92.026123
3030.344727	71.562904
3029.610352	64.735657
3028.876953	91.976089
3028.142578	115.800735
3027.408203	81.726860
3026.673828	88.521355
3025.939453	112.333618
3025.205078	85.085762
3024.470703	71.459045
3023.735352	74.848244
3023.000977	91.842491
3022.265625	81.622910
3021.530273	105.410393
3020.794922	98.591759
3020.059570	91.775597
3019.324219	98.555817
3018.587891	98.537842
3017.852539	88.328148
3017.116211	101.898491
3016.379883	98.483887
3015.643555	115.442764
3014.907227	101.842644
3014.170898	108.612289
3013.434570	115.379448
3012.697266	135.715683
3011.959961	84.806778
3011.223633	125.491043
3010.486328	118.685989
3009.749023	118.664238
3009.010742	122.032257
3008.273438	118.620712
3007.536133	115.210403
3006.797852	98.249657
3006.059570	105.006203
3005.321289	111.760262
3004.583008	101.581558
3003.844727	94.792023
3003.106445	132.007462
3002.367188	131.983170
3001.628906	135.342438
3000.889648	118.402817
3000.150391	104.851746
2999.411133	138.649338
2998.671875	114.956299
2997.932617	131.837311
2997.192383	158.851547
2996.453125	135.167847
2995.712891	128.385757
2994.972656	114.850243
2994.232422	138.470291
2993.492188	155.328186
2992.751953	165.427689
2992.010742	121.516228
2991.270508	128.243393
2990.529297	195.703674
2989.788086	131.569473
2989.046875	131.545105
2988.305664	138.265381
2987.564453	134.868042
2986.822266	185.409164
2986.081055	178.633865
2985.338867	151.642105
2984.596680	178.567535
2983.854492	168.428650
2983.112305	158.293518
2982.370117	215.508560
2981.627930	195.268311
2980.884766	178.401657
2980.141602	201.926559
2979.399414	178.335251
2978.656250	205.215561
2977.913086	195.086655
2977.168945	198.413239
2976.425781	225.274734
2975.681641	205.062637
2974.938477	205.024384
2974.194336	204.986130
2973.450195	251.985077
2972.706055	214.987122
2971.961914	255.249527
2971.216797	228.338486
2970.472656	255.154129
2969.727539	251.749756
2968.982422	268.482849
2968.237305	268.432617
2967.492188	295.220612
2966.747070	271.686279
2966.001953	301.817108
2965.255859	264.878723
2964.509766	311.760834
2963.764648	294.944183
2963.018555	331.749969
2962.272461	331.687744
2961.525391	355.073761
2960.779297	358.356232
2960.032227	348.243469
2959.286133	364.917358
2958.539063	361.501556
2957.791992	381.513245
2957.044922	408.209351
2956.297852	398.096527
2955.549805	418.089935
2954.802734	414.667175
2954.054688	441.336792
2953.306641	394.454041
2952.558594	471.250336
2951.810547	414.354828
2951.062500	467.731781
2950.314453	437.580780
2949.565430	467.555359
2948.816406	497.518616
2948.067383	507.439972
2947.319336	450.601715
2946.569336	463.865265
2945.820313	463.777618
2945.071289	483.705383
2944.321289	450.261261
2943.571289	456.845367
2942.822266	480.097015
2942.072266	433.338898
2941.321289	483.248077
2940.571289	439.839081
2939.821289	436.424316
2939.070313	462.988434
2938.320313	452.910034
2937.569336	439.505829
2936.818359	389.488129
2936.066406	426.025848
2935.315430	432.600403
2934.564453	425.864166
2933.812500	385.866119
2933.060547	442.331451
2932.309570	412.320923
2931.556641	388.970795
2930.804688	352.333923
2930.052734	445.318573
2929.299805	428.620667
2928.547852	358.776947
2927.794922	398.565186
2927.041992	358.640381
2926.289063	378.492767
2925.536133	351.864838
2924.783203	351.797821
2924.029297	341.776123
2923.275391	345.028564
2922.522461	288.574615
2921.768555	338.264343
2921.014648	318.305695
2920.259766	331.505127
2919.505859	285.040009
2918.750977	311.495850
2917.997070	321.375793
2917.242188	327.939453
2916.487305	271.574677
2915.732422	334.436584
2914.977539	288.023956
2914.221680	301.208801
2913.466797	291.223114
2912.710938	294.476074
2911.955078	301.035889
2911.199219	277.826050
2910.443359	297.613770
2909.687500	281.025818
2908.930664	277.666382
2908.174805	297.442657
2907.417969	297.385620
2906.661133	320.454132
2905.904297	310.483612
2905.147461	317.028778
2904.389648	340.080139
2903.632813	293.799225
2902.875000	316.846161
2902.117188	316.785278
2901.359375	277.133850
2900.601563	280.379150
2899.843750	280.325226
2899.085938	303.352478
2898.327148	323.074158
2897.568359	286.755554
2896.810547	309.768188
2896.051758	296.529449
2895.291992	270.119232
2894.533203	293.121704
2893.774414	319.408173
2893.014648	319.346588
2892.254883	299.535431
2891.496094	289.604767
2890.736328	302.710205
2889.975586	289.493011
2889.215820	253.257492
2888.455078	286.092834
2887.695313	279.462006
2886.934570	279.408020
2886.173828	239.915802
2885.413086	299.015320
2884.652344	289.101776
2883.890625	282.476654
2883.129883	279.138031
2882.368164	298.784058
2881.606445	249.485641
2880.844727	282.258057
2880.083008	265.796234
2879.321289	275.587128
2878.558594	291.934570
2877.796875	288.598450
2877.034180	249.195816
2876.271484	275.373535
2875.508789	265.487274
2874.746094	258.881805
2873.983398	265.384277
2873.219727	327.571320
2872.456055	288.206787
2871.693359	294.699707
2870.929688	261.904419
2870.165039	288.038879
2869.401367	297.800507
2868.637695	268.295532
2867.873047	304.227234
2867.109375	297.626801
2866.344727	304.108887
2865.580078	290.972290
2864.814453	294.184387
2864.049805	274.518646
2863.285156	274.465179
2862.519531	300.546143
2861.753906	310.286102
2860.988281	251.446045
2860.222656	270.986389
2859.457031	267.669312
2858.690430	316.571442
2857.924805	277.353851
2857.158203	280.562073
2856.391602	293.554169
2855.625000	290.235779
2854.858398	293.439545
2854.091797	290.122406
2853.324219	260.733246
2852.557617	299.784607
2851.790039	270.404999
2851.022461	299.667419
2850.254883	240.989685
2849.487305	234.430573
2848.718750	257.172119
2847.951172	257.121765
2847.182617	273.341766
2846.414063	286.301971
2845.645508	263.476318
2844.876953	295.946289
2844.108398	247.115479
2843.338867	276.324982
2842.570313	279.521057
2841.800781	263.218201
2841.031250	224.178909
2840.261719	292.349915
2839.491211	256.567871
2838.721680	263.011627
2837.951172	285.684906
2837.181641	272.645691
2836.411133	243.385818
2835.640625	275.783051
2834.870117	256.265625
2834.098633	252.972015
2833.328125	256.164856
2832.556641	233.420776
2831.785156	246.340118
2831.013672	249.532318
2830.242188	239.763062
2829.470703	242.955261
2828.699219	242.907410
2827.926758	226.668915
2827.154297	233.099228
2826.381836	246.000687
2825.609375	226.534912
2824.836914	249.139252
2824.064453	242.620239
2823.291016	258.743866
2822.518555	226.356201
2821.745117	226.311523
2820.971680	193.942993
2820.198242	219.758652
2819.423828	197.097488
2818.650391	235.824173
2817.875977	219.628403
2817.102539	213.126602
2816.328125	219.541565
2815.553711	180.763184
2814.778320	213.000168
2814.003906	245.224380
2813.228516	241.949844
2812.454102	209.648346
2811.678711	251.528198
2810.903320	206.341232
2810.127930	228.864441
2809.351563	225.596283
2808.576172	209.440735
2807.799805	235.171417
2807.023438	222.241226
2806.247070	196.435150
2805.470703	222.153046
2804.694336	218.889984
2803.916992	231.719849
2803.140625	196.279221
2802.363281	238.061920
2801.585938	215.499725
2800.808594	237.967316
2800.031250	225.059479
2799.252930	218.585739
2798.475586	221.756119
2797.697266	196.006256
2796.918945	205.604996
2796.140625	195.928253
2795.362305	195.889252
2794.583984	237.588821
2793.804688	211.861328
2793.026367	218.237885
2792.247070	231.029358
2791.467773	221.359009
2790.688477	208.485016
2789.908203	205.236618
2789.128906	192.370956
2788.348633	234.004623
2787.569336	217.933395
2786.789063	217.889893
2786.007813	230.660873
2785.227539	230.614807
2784.447266	195.342957
2783.666016	211.312439
2782.884766	227.275513
2782.104492	195.225845
2781.323242	195.186798
2780.541016	236.736618
2779.759766	182.314697
2778.977539	227.048279
2778.196289	169.452820
2777.414063	194.991547
2776.631836	226.911911
2775.849609	233.257065
2775.066406	204.458359
2774.284180	226.775528
2773.500977	204.376389
2772.717773	236.262802
2771.934570	172.373413
2771.151367	242.550934
2770.368164	194.639969
2769.583984	207.361603
2768.800781	220.078110
2768.016602	223.222809
2767.232422	223.177948
2766.448242	188.069336
2765.664063	194.405472
2764.878906	238.975067
2764.094727	229.369919
2763.309570	235.693878
2762.524414	216.539978
2761.739258	235.599014
2760.954102	219.635941
2760.167969	219.591705
2759.382813	222.729309
2758.596680	213.140823
2757.810547	203.556168
2757.024414	193.975357
2756.238281	235.266907
2755.452148	228.862183
2754.665039	193.858002
2753.877930	184.286804
2753.090820	231.900360
2752.303711	244.557831
2751.516602	234.982132
2750.729492	219.060699
2749.941406	234.887192
2749.154297	215.798645
2748.366211	206.236420
2747.578125	228.400284
2746.790039	244.212006
2746.000977	202.940338
2745.212891	225.091354
2744.423828	240.894089
2743.634766	234.507263
2742.845703	193.270889
2742.056641	212.238113
2741.267578	224.863464
2740.477539	212.152084
2739.688477	208.943253
2738.898438	243.717682
2738.108398	224.681091
2737.318359	246.782654
2736.528320	221.426651
2735.737305	202.406113
2734.946289	218.174759
2734.156250	192.839951
2733.365234	202.282761
2732.574219	224.361816
2731.782227	221.156815
2730.991211	255.857971
2730.199219	227.383026
2729.407227	230.494202
2728.616211	192.565536
2727.823242	249.337372
2727.031250	217.731323
2726.239258	217.686951
2725.446289	211.334106
2724.653320	223.905411
2723.860352	192.330215
2723.067383	189.138672
2722.274414	226.920090
2721.481445	233.175827
2720.687500	192.173264
2719.893555	204.732971
2719.099609	229.883911
2718.305664	226.688492
2717.511719	204.607498
2716.717773	204.565674
2715.922852	232.842529
2715.127930	204.481995
2714.333008	223.311554
2713.538086	232.699615
2712.743164	182.348846
2711.947266	229.461029
2711.152344	213.700729
2710.356445	213.656937
2709.560547	216.754517
2708.764648	241.835876
2707.968750	191.544968
2707.171875	222.900040
2706.375977	210.299133
2705.579102	207.117813
2704.782227	219.625290
2703.985352	200.759018
2703.188477	203.853989
2702.390625	232.032227
2701.593750	228.849594
2700.795898	238.205383
2699.998047	225.621826
2699.200195	231.841385
2698.402344	253.720093
2697.603516	187.902115
2696.804688	219.173981
2696.006836	215.998413
2695.208008	237.862274
2694.409180	222.167633
2693.609375	256.535065
2692.810547	240.842987
2692.010742	237.666107
2691.210938	218.857803
2690.411133	212.560837
2689.611328	200.015945
2688.811523	203.099213
2688.011719	190.561417
2687.210938	221.755142
2686.410156	227.954620
2685.609375	218.541412
2684.808594	215.374817
2684.007813	237.175339
2683.206055	234.006149
2682.404297	246.435425
2681.603516	230.790421
2680.801758	218.270020
2679.999023	255.634735
2679.197266	239.997467
2678.395508	258.644897
2677.592773	239.897903
2676.790039	233.618286
2675.987305	249.141098
2675.184570	217.953171
2674.380859	221.020859
2673.578125	233.424210
2672.774414	248.934067
2671.970703	208.438919
2671.166992	242.609756
2670.363281	251.888474
2669.559570	233.181503
2668.754883	189.614807
2667.950195	211.329849
2667.146484	217.500092
2666.340820	260.945709
2665.536133	214.303558
2664.731445	229.784866
2663.925781	226.632370
2663.120117	239.000687
2662.314453	238.950775
2661.508789	263.721741
2660.703125	251.258804
2659.897461	223.294479
2659.090820	244.952438
2658.284180	257.301270
2657.477539	244.849960
2656.670898	226.206406
2655.864258	260.237823
2655.090820	239.024918
2655.056641	253.988464
2654.285156	245.233353
2654.250000	244.644943
2653.479492	223.467804
2653.442383	232.209183
2652.673828	229.638184
2652.634766	247.637863
2651.868164	232.703812
2651.827148	263.060059
2651.062500	220.257339
2651.018555	228.968933
2650.256836	235.730270
2650.210938	256.762604
2649.450195	207.781189
2649.402344	272.173096
2648.644531	210.848221
2648.593750	219.548080
2647.837891	235.615662
2647.785156	213.318802
2647.031250	226.278290
2646.976563	281.274353
2646.224609	223.142319
2646.166992	213.229126
2645.417969	207.612534
2645.358398	256.439056
2644.610352	235.462433
2644.548828	256.385132
2643.803711	229.228699
2643.739258	250.154510
2642.997070	241.580017
2642.929688	222.312744
2642.189453	241.540573
2642.120117	234.614029
2641.381836	213.635574
2641.309570	249.996490
2640.574219	253.844238
2640.500000	268.458160
2639.766602	256.897827
2639.689453	209.785126
2638.958984	232.098541
2638.878906	246.753967
2638.150391	232.060471
2638.068359	262.120789
2637.342773	244.396912
2637.256836	249.732956
2636.534180	241.263626
2636.446289	255.845184
2635.725586	247.409180
2635.634766	261.954773
2634.916992	225.723709
2634.823242	237.250076
2634.108398	268.968872
2634.011719	249.522003
2633.299805	244.195831
2633.200195	237.149765
2632.491211	250.336685
2632.388672	234.020386
2631.681641	275.015869
2631.576172	243.206558
2630.873047	259.522614
2630.763672	246.233002
2630.063477	256.390625
2629.952148	261.567169
2629.253906	271.790833
2629.138672	236.898880
2628.444336	247.041626
2628.326172	279.912079
2627.634766	237.738129
2627.513672	289.078644
2626.825195	246.959641
2626.700195	264.420105
2626.014648	271.610474
2625.886719	270.512024
2625.205078	237.619629
2625.073242	258.161224
2624.394531	280.776459
2624.259766	251.961014
2623.583984	262.220032
2623.446289	211.970947
2622.773438	277.598450
2622.631836	245.711197
2621.962891	277.552124
2621.818359	270.224854
2621.152344	286.755951
2621.003906	251.746902
2620.341797	262.044983
2620.189453	260.901642
2619.530273	243.506943
2619.375000	248.571014
2618.718750	255.793579
2618.559570	291.471832
2617.908203	271.157379
2617.745117	245.397705
2617.096680	249.546204
2616.929688	223.877701
2616.284180	240.263412
2616.114258	260.623962
2615.472656	249.462418
2615.298828	257.502869
2614.661133	240.182678
2614.483398	281.966797
2613.848633	261.693512
2613.666992	278.842438
2613.037109	317.057556
2612.851563	254.274521
2612.224609	249.294510
2612.035156	260.346008
2611.412109	249.252472
2611.218750	306.223999
2610.599609	249.210403
2610.402344	238.803680
2609.787109	261.472931
2609.584961	247.935410
2608.973633	264.504364
2608.768555	287.665985
2608.161133	273.684937
2607.951172	272.306305
2607.347656	258.265656
2607.133789	272.248047
2606.535156	292.036682
2606.316406	281.364655
2605.721680	255.104568
2605.499023	281.304382
2604.908203	267.353394
2604.680664	265.959106
2604.093750	242.727936
2603.863281	272.014771
2603.280273	251.902634
2603.044922	265.845062
2602.466797	248.788315
2602.226563	284.118225
2601.652344	261.029724
2601.408203	256.567810
2600.837891	316.252716
2600.589844	293.157410
2600.023438	273.220337
2599.770508	253.404556
2599.208984	251.688141
2598.951172	274.716980
2598.394531	291.540131
2598.132813	253.295624
2597.580078	257.738831
2597.313477	289.854309
2596.764648	300.643860
2596.493164	268.438873
2595.950195	269.919739
2595.673828	240.933014
2595.134766	279.073730
2594.853516	253.077637
2594.319336	275.959686
2594.034180	253.023117
2593.503906	248.321136
2593.213867	274.303284
2592.688477	232.952682
2592.392578	280.338440
2591.872070	291.140839
2591.572266	289.417480
2591.056641	275.770233
2590.751953	277.171631
2590.240234	263.468445
2589.930664	301.473267
2589.423828	263.423096
2589.109375	289.230042
2588.608398	275.627838
2588.288086	270.904358
2587.791992	244.960297
2587.466797	276.932190
2586.974609	263.286896
2586.644531	292.085083
2586.158203	250.997665
2585.823242	295.063782
2585.340820	296.860596
2585.000977	282.834961
2584.524414	247.851028
2584.178711	249.327377
2583.707031	272.283051
2583.356445	267.512878
2582.889648	244.706436
2582.534180	270.494141
2582.072266	284.421936
2581.710938	264.358307
2581.254883	262.968262
2580.888672	303.794220
2580.437500	259.865387
2580.065430	264.243591
2579.619141	281.217255
2579.242188	294.552460
2578.800781	259.775146
2578.417969	264.128845
2577.983398	241.396103
2577.594727	267.106781
2577.165039	302.456421
2576.770508	276.152649
2576.346680	277.967102
2575.947266	263.956635
2575.527344	277.918671
2575.123047	306.365753
2574.708984	259.549133
2574.298828	251.711105
2573.889648	280.874756
2573.473633	275.912323
2573.071289	259.458557
2572.649414	291.008942
2572.251953	286.880524
2571.824219	297.006866
2571.432617	234.956802
2570.999023	257.551819
2570.613281	295.932770
2570.173828	263.554352
2569.793945	283.679688
2569.348633	299.841217
2568.973633	277.530457
2568.522461	305.831818
2568.154297	283.580322
2567.697266	284.573395
2567.333984	249.994705
2566.871094	269.377625
2566.513672	274.336273
2566.044922	248.136337
2565.693359	295.621613
2565.218750	275.310577
2564.873047	283.381256
2564.392578	248.027771
2564.052734	277.238281
2563.565430	275.190063
2563.231445	283.281555
2562.738281	281.176605
2562.411133	301.504700
2561.911133	290.183197
2561.589844	261.867035
2561.083984	262.920868
2560.768555	283.131866
2560.256836	290.055939
2559.947266	240.467453
2559.428711	289.992279
2559.125977	289.118683
2558.601563	280.868347
2558.304688	252.553802
2557.773438	289.864929
2557.482422	334.650726
2556.945313	292.819977
2556.660156	255.506256
2556.117188	259.556519
2555.838867	285.873077
2555.288086	301.743530
2555.016602	252.375153
2554.459961	268.492645
2554.194336	297.932312
2553.630859	313.675110
2553.371094	300.919098
2552.801758	295.513367
2552.548828	297.826660
2551.972656	298.463013
2551.726563	300.812286
2551.142578	277.298431
2550.903320	288.606995
2550.313477	310.385193
2550.080078	252.106552
2549.483398	268.137726
2549.256836	273.319946
2548.653320	310.248169
2548.433594	279.343994
2547.823242	271.030762
2547.610352	267.151031
2546.993164	301.078705
2546.786133	306.561890
2546.163086	258.870453
2545.962891	315.611420
2545.332031	285.898285
2545.138672	291.281647
2544.500977	267.782257
2544.314453	297.296967
2543.669922	324.877289
2543.490234	294.210754
2542.838867	312.775513
2542.666016	294.158173
2542.006836	303.685791
2541.841797	288.041565
2541.175781	279.569458
2541.016602	257.675293
2540.343750	297.540161
2540.192383	315.216858
2539.511719	348.555542
2539.367188	275.765350
2538.679688	288.395691
2538.541992	290.865143
2537.847656	276.317810
2537.716797	330.193909
2537.014648	300.278656
2536.891602	333.163422
2536.181641	318.224579
2536.065430	290.708588
2535.348633	315.152313
2535.240234	260.379669
2534.515625	282.073547
2534.414063	296.658386
2533.682617	327.012421
2533.587891	302.658173
2532.848633	296.945099
2532.761719	287.473541
2532.015625	350.856842
2531.935547	320.702179
2531.181641	311.803192
2531.109375	314.594513
2530.347656	311.733582
2530.282227	296.391388
2529.513672	332.641357
2529.456055	302.385651
2528.678711	323.578735
2528.628906	335.587494
2527.843750	317.515533
2527.801758	335.526917
2527.009766	293.486450
2526.974609	287.110779
2526.174805	299.408936
2526.147461	296.123901
2525.338867	338.256348
2525.319336	259.816833
2524.503906	332.195099
2524.492188	283.934448
2523.667969	296.215698
2523.664063	359.383850
2522.835938	332.143372
2522.833008	305.123505
2522.007813	326.045288
2521.997070	358.888306
2521.179688	313.912598
2521.160156	322.926971
2520.351563	307.819946
2520.324219	298.939301
2519.522461	313.798645
2519.488281	298.872131
2518.694336	304.691406
2518.651367	286.852722
2517.865234	304.636017
2517.814453	313.674591
2517.036133	283.471069
2516.977539	319.577423
2516.207031	331.661102
2516.139648	298.603241
2515.377930	313.513428
2515.302734	295.550598
2514.548828	295.372284
2514.464844	358.162384
2513.718750	307.372284
2513.626953	292.433319
2512.888672	316.354950
2512.789063	295.350677
2512.058594	331.359009
2511.951172	265.457306
2511.229492	289.133240
2511.112305	253.469391
2510.398438	331.238007
2510.274414	316.019775
2509.568359	289.027618
2509.435547	307.006378
2508.738281	304.025543
2508.596680	357.596436
2507.907227	297.950745
2507.757813	372.411957
2507.076172	288.869049
2506.917969	363.391724
2506.245117	315.892670
2506.078125	324.596069
2505.414063	285.755280
2505.239258	303.681580
2504.583008	360.887909
2504.399414	312.542480
2503.751953	330.753235
2503.558594	294.615997
2502.919922	345.724030
2502.718750	324.301544
2502.087891	321.614624
2501.877930	294.482147
2501.255859	333.576324
2501.037109	365.788574
2500.423828	345.533569
2500.196289	347.866089
2499.591797	360.490479
2499.355469	318.061523
2498.759766	300.353485
2498.514648	332.848389
2497.926758	327.325043
2497.672852	320.887817
2497.094727	306.247772
2496.831055	332.696655
2496.261719	324.202606
2495.989258	320.741455
2495.428711	324.142853
2495.147461	323.637390
2494.595703	303.077698
2494.305664	320.595001
2493.762695	294.021149
2493.462891	320.521759
2492.928711	311.964844
2492.620117	356.053833
2492.095703	302.909912
2491.777344	320.375153
2491.261719	359.826477
2490.934570	332.164856
2490.427734	305.795959
2490.091797	340.984009
2489.593750	317.729218
2489.248047	349.799042
2488.759766	290.698395
2488.404297	305.263062
2487.924805	329.596954
2487.560547	322.971252
2487.090820	356.497955
2486.716797	337.708923
2486.255859	341.455750
2485.873047	367.248138
2485.420898	305.456421
2485.028320	293.138794
2484.585938	323.364441
2484.184570	346.357086
2483.750977	332.285126
2483.339844	307.802124
2482.916016	365.146484
2482.494141	355.074524
2482.080078	371.063568
2481.649414	292.869019
2481.245117	368.002747
2480.803711	325.334991
2480.409180	341.012299
2479.958984	343.001434
2479.573242	317.022644
2479.113281	328.141144
2478.737305	325.934326
2478.267578	325.109833
2477.900391	325.873657
2477.420898	336.854156
2477.064453	346.736725
2476.575195	351.547180
2476.227539	352.649231
2475.728516	304.209961
2475.391602	325.691528
2474.881836	324.809235
2474.554688	349.530304
2474.035156	342.446777
2473.717773	319.596283
2473.187500	330.561646
2472.879883	388.222046
2472.340820	374.746399
2472.042969	355.306122
2471.493164	312.707886
2471.205078	340.313721
2470.645508	318.534088
2470.368164	355.173340
2469.797852	356.793243
2469.530273	328.250092
2468.949219	359.658356
2468.692383	334.155762
2468.101563	338.943359
2467.854492	346.025116
2467.252930	350.651093
2467.015625	342.977905
2466.404297	332.893677
2466.177734	333.968079
2465.555664	344.597229
2465.338867	310.055115
2464.707031	335.683136
2464.500000	354.708069
2463.857422	335.604828
2463.661133	342.720825
2463.007813	364.958649
2462.822266	345.636139
2462.158203	335.448120
2461.983398	315.780609
2461.308594	303.009491
2461.143555	309.764313
2460.458984	349.997070
2460.304688	360.331116
2459.608398	349.915192
2459.464844	321.557404
2458.757813	367.471924
2458.625000	318.520111
2457.907227	337.994965
2457.785156	377.985443
2457.056641	355.546112
2456.944336	339.230164
2456.205078	352.525024
2456.104492	333.216003
2455.354492	352.442261
2455.263672	339.102386
2454.502930	305.378235
2454.422852	368.778717
2453.651367	334.662872
2453.582031	362.762268
2452.799805	340.454071
2452.741211	371.612549
2451.947266	293.425812
2451.900391	347.763702
2451.095703	334.426697
2451.059570	347.698059
2450.243164	366.609528
2450.217773	338.718750
2449.390625	348.929993
2449.375977	305.977539
2448.537109	331.258728
2448.534180	344.530914
2447.692383	353.374390
2447.684570	351.696136
2446.850586	347.369598
2446.831055	366.263611
2446.008789	356.209076
2445.977539	295.871063
2445.166016	323.495331
2445.124023	328.017059
2444.323242	335.303192
2444.270508	304.515198
2443.480469	347.106567
2443.416016	345.425781
2442.637695	305.514526
2442.562500	301.444305
2441.794922	344.009369
2441.708008	336.484222
2440.952148	346.909149
2440.853516	330.553864
2440.108398	329.056488
2439.998047	339.249084
2439.264648	352.705292
2439.143555	359.635529
2438.421875	349.674957
2438.288086	336.164673
2437.577148	322.943451
2437.432617	336.084717
2436.733398	370.277618
2436.577148	300.943359
2435.889648	319.859009
2435.720703	303.792755
2435.044922	319.798187
2434.865234	350.446564
2434.201172	358.224213
2434.008789	364.961426
2433.356445	358.156006
2433.152344	335.684387
2432.511719	343.290802
2432.295898	326.849335
2431.666992	378.731476
2431.438477	338.441620
2430.821289	319.493774
2430.582031	315.025452
2429.976563	337.179108
2429.724609	335.363495
2429.130859	369.643433
2428.867188	297.381622
2428.285156	337.050476
2428.008789	317.714020
2427.439453	328.118103
2427.151367	346.778931
2426.593750	348.743622
2426.292969	355.435944
2425.747070	316.173218
2425.434570	332.048920
2424.901367	366.336304
2424.576172	326.145142
2424.054688	327.867401
2423.717773	320.244110
2423.208008	342.570679
2422.858398	337.630707
2422.361328	333.647247
2422.000000	349.189056
2421.514648	336.535431
2421.140625	317.103668
2420.667969	330.568024
2420.281250	340.295258
2419.820313	360.014038
2419.420898	311.135132
2418.973633	339.292480
2418.561523	293.617401
2418.125977	336.277649
2417.701172	313.891266
2417.278320	315.568481
2416.840820	308.003998
2416.430664	312.559296
2415.979492	328.264435
2415.582031	341.980377
2415.119141	313.663513
2414.734375	377.285217
2414.257813	336.816254
2413.885742	341.849091
2413.396484	313.511536
2413.037109	347.676239
2412.188477	356.446960
2411.339844	323.980377
2410.491211	332.752228
2409.641602	335.632355
2408.791992	388.552155
2407.942383	297.244019
2407.092773	356.035645
2406.243164	344.199554
2405.393555	314.720123
2404.542969	329.363190
2403.693359	335.180023
2402.842773	358.632202
2401.992188	361.502045
2401.141602	337.924469
2400.290039	314.355957
2399.439453	343.668610
2398.587891	325.981567
2397.736328	343.535797
2396.884766	375.761353
2396.033203	355.143188
2395.180664	366.812439
2394.329102	366.741425
2393.476563	357.870331
2392.624023	340.204224
2391.771484	360.663910
2390.918945	363.525635
2390.066406	360.524078
2389.212891	357.523621
2388.359375	342.804474
2387.505859	354.455475
2386.652344	336.813751
2385.798828	327.963593
2384.945313	301.550781
2384.090820	354.180115
2383.236328	365.817413
2382.381836	356.968353
2381.527344	365.675110
2380.672852	336.355621
2379.818359	350.911469
2378.962891	353.766815
2378.107422	347.851654
2377.251953	365.319183
2376.396484	338.950134
2375.541016	379.783813
2374.684570	362.184692
2373.829102	391.316742
2372.972656	385.400970
2372.116211	350.296112
2371.259766	364.820526
2370.403320	385.175201
2369.545898	358.843109
2368.688477	379.190948
2367.832031	320.791138
2366.974609	323.644104
2366.116211	364.392761
2365.258789	381.808868
2364.401367	346.766083
2363.542969	364.178741
2362.684570	352.455963
2361.826172	311.614868
2360.967773	381.434998
2360.108398	375.537903
2359.250000	381.285370
2358.390625	378.300568
2357.531250	375.316895
2356.671875	349.063446
2355.812500	404.252411
2354.953125	386.726654
2354.092773	360.486328
2353.232422	401.107544
2352.372070	363.250610
2351.511719	380.611755
2350.651367	392.156311
2349.790039	354.323364
2348.929688	374.579651
2348.068359	359.990143
2347.207031	362.821808
2346.345703	394.672333
2345.484375	391.693115
2344.622070	345.202148
2343.759766	374.136932
2342.897461	353.765137
2342.035156	394.283325
2341.172852	388.408356
2340.310547	391.229645
2339.447266	310.024475
2338.584961	362.106567
2337.721680	362.035034
2336.858398	382.233398
2335.994141	385.052948
2335.130859	382.082245
2334.266602	379.112640
2333.403320	422.438873
2332.539063	361.605530
2331.674805	410.702545
2330.809570	344.112122
2329.945313	396.084198
2329.080078	361.319061
2328.214844	372.807343
2327.349609	395.848663
2326.484375	384.214813
2325.619141	372.585541
2324.752930	427.377655
2323.887695	404.195892
2323.021484	404.115631
2322.155273	427.123108
2321.289063	415.496674
2320.421875	409.644440
2319.555664	392.257538
2318.688477	418.132568
2317.821289	389.218414
2316.954102	380.493408
2316.085938	377.535706
2315.218750	360.172272
2314.350586	437.882294
2313.483398	360.028839
2312.615234	359.957092
2311.746094	405.950684
2310.877930	391.477234
2310.008789	382.765350
2309.140625	356.792755
2308.271484	408.503754
2307.402344	422.803284
2306.533203	396.838135
2305.663086	434.134735
2304.793945	396.679657
2303.923828	353.491669
2303.053711	399.394470
2302.183594	439.533386
2301.312500	413.595764
2300.442383	427.871155
2299.571289	410.559296
2298.700195	447.793243
2297.829102	419.004669
2296.958008	395.966217
2296.086914	395.886902
2295.214844	447.434692
2294.343750	435.874634
2293.471680	412.851105
2292.599609	438.566376
2291.726563	406.953827
2290.854492	424.063995
2289.981445	435.437775
2289.108398	435.350403
2288.235352	429.535858
2287.362305	417.997620
2286.489258	432.225769
2285.615234	397.796783
2284.742188	437.774658
2283.868164	463.432922
2282.994141	388.976593
2282.119141	443.229736
2281.245117	411.691895
2280.370117	437.334625
2279.496094	440.104431
2278.621094	428.586853
2277.746094	391.363831
2276.870117	396.997192
2275.995117	411.194794
2275.119141	393.982269
2274.243164	379.631012
2273.367188	419.507568
2272.491211	408.010071
2271.614258	442.159485
2270.738281	390.733063
2269.861328	436.278046
2268.984375	416.233551
2268.107422	456.054260
2267.230469	453.112366
2266.352539	421.679749
2265.474609	398.805634
2264.597656	447.141632
2263.719727	392.949493
2262.840820	401.410645
2261.962891	444.024078
2261.083984	466.700073
2260.206055	426.773438
2259.327148	446.599091
2258.447266	392.472565
2257.568359	460.635345
2256.689453	423.584930
2255.809570	440.552734
2254.929688	437.621735
2254.049805	454.579742
2253.169922	443.125366
2252.289063	448.715393
2251.409180	417.390991
2250.528320	479.760284
2249.647461	465.471680
2248.766602	476.727814
2247.885742	445.423004
2247.003906	394.275269
2246.122070	459.421661
2245.240234	442.316132
2244.358398	405.373993
2243.476563	461.975708
2242.594727	419.377258
2241.711914	433.457184
2240.829102	419.206573
2239.946289	467.263550
2239.063477	430.361176
2238.180664	435.935028
2237.296875	458.487549
2236.413086	464.053314
2235.530273	497.906921
2234.645508	446.893494
2233.761719	463.769531
2232.877930	429.747467
2231.993164	435.313202
2231.108398	423.919830
2230.223633	452.088837
2229.338867	483.071289
2228.454102	434.957794
2227.568359	488.521606
2226.682617	443.249817
2225.796875	437.513885
2224.911133	445.890686
2224.025391	437.334961
2223.138672	473.917694
2222.252930	420.233856
2221.366211	465.264404
2220.479492	462.349976
2219.592773	473.529816
2218.705078	453.706451
2217.818359	431.073700
2216.930664	453.520569
2216.042969	436.529663
2215.155273	484.307800
2214.266602	433.535522
2213.378906	455.963287
2212.490234	481.195831
2211.601563	464.216492
2210.712891	419.115509
2209.824219	421.841736
2208.934570	418.943390
2208.044922	469.457520
2207.156250	413.150177
2206.266602	443.974884
2205.375977	486.024475
2204.486328	460.645203
2203.595703	463.358704
2202.706055	446.417419
2201.815430	541.766235
2200.923828	465.879181
2200.033203	446.141815
2199.141602	429.217865
2198.250977	490.834320
2197.359375	454.278717
2196.467773	479.417603
2195.575195	462.500549
2194.683594	501.639557
2193.791016	448.300415
2192.898438	467.817017
2192.005859	501.329163
2191.113281	425.621796
2190.220703	419.934784
2189.327148	453.435913
2188.433594	458.939056
2187.540039	414.078949
2186.646484	450.357635
2185.752930	461.451233
2184.858398	480.928497
2183.963867	472.442474
2183.069336	463.959900
2182.174805	466.658264
2181.280273	472.149231
2180.384766	497.190308
2179.490234	508.257843
2178.594727	469.063904
2177.699219	452.217896
2176.803711	493.987518
2175.907227	452.030426
2175.010742	513.310852
2174.115234	462.999573
2173.218750	485.212128
2172.321289	487.899445
2171.424805	501.735229
2170.527344	457.041656
2169.630859	462.519257
2168.733398	462.423157
2167.834961	492.963196
2166.937500	476.153595
2166.039063	489.974335
2165.141602	450.905334
2164.243164	473.073822
2163.344727	475.757599
2162.445313	425.589264
2161.546875	456.092224
2160.647461	455.997253
2159.748047	461.462067
2158.848633	478.041809
2157.949219	469.605988
2157.048828	444.504730
2156.149414	508.296295
2155.249023	458.204346
2154.348633	474.767273
2153.448242	446.909821
2152.546875	474.569122
2151.645508	468.920715
2150.745117	515.982483
2149.843750	477.045410
2148.941406	482.491638
2148.040039	496.252594
2147.137695	504.464203
2146.236328	465.561890
2145.333984	479.317627
2144.430664	448.746887
2143.528320	473.578156
2142.625977	501.167847
2141.722656	509.367828
2140.819336	456.674408
2139.916016	522.990173
2139.011719	481.382141
2138.108398	522.770996
2137.204102	506.068970
2136.299805	486.609070
2135.395508	547.320374
2134.491211	563.787476
2133.585938	508.407501
2132.681641	508.300751
2131.776367	497.146301
2130.871094	497.041901
2129.964844	505.219757
2129.059570	452.670074
2128.153320	513.286194
2127.247070	510.419220
2126.340820	513.070313
2125.434570	587.424622
2124.528320	556.970886
2123.621094	545.826843
2122.713867	548.468018
2121.806641	542.841431
2120.899414	526.197327
2119.991211	520.577637
2119.083984	528.729309
2118.175781	517.604919
2117.267578	539.516846
2116.359375	528.394775
2115.450195	533.786255
2114.541992	508.915497
2113.632813	544.562134
2112.723633	500.451355
2111.814453	527.837158
2110.904297	511.234161
2109.995117	549.597961
2109.084961	505.523193
2108.174805	513.656738
2107.264648	508.055573
2106.353516	538.150391
2105.443359	532.546265
2104.532227	518.710999
2103.621094	526.832886
2102.709961	502.031189
2101.797852	518.381348
2100.886719	562.146301
2099.974609	572.993469
2099.062500	561.907837
2098.150391	526.163025
2097.238281	534.270874
2096.325195	501.286224
2095.412109	542.260071
2094.499023	553.097290
2093.585938	566.667358
2092.672852	580.231628
2091.758789	517.171997
2090.845703	560.834412
2089.931641	549.774353
2089.017578	538.718872
2088.102539	535.870178
2087.188477	582.224731
2086.273438	552.039185
2085.358398	560.118408
2084.443359	551.803894
2083.527344	559.879639
2082.612305	543.377014
2081.696289	554.180908
2080.780273	573.168274
2079.864258	616.706604
2078.948242	597.477478
2078.031250	578.256470
2077.114258	591.768127
2076.197266	591.641663
2075.280273	613.322205
2074.363281	534.157532
2073.445313	572.189270
2072.528320	569.342712
2071.610352	503.855774
2070.692383	604.497437
2069.773438	563.532349
2068.855469	579.742371
2067.936523	593.224182
2067.017578	546.846313
2066.098633	576.649597
2065.178711	587.403748
2064.259766	592.715454
2063.339844	527.349182
2062.419922	532.671387
2061.500000	584.182373
2060.580078	546.025269
2059.659180	540.476013
2058.738281	545.790588
2057.817383	551.102783
2056.896484	575.412109
2055.975586	591.570068
2055.053711	567.025330
2054.131836	564.190796
2053.209961	604.747375
2052.288086	523.278442
2051.366211	580.090454
2050.443359	552.864197
2049.520508	574.421204
2048.597656	577.006287
2047.674805	560.631531
2046.751953	614.666138
2045.828125	603.704590
2044.904297	627.933716
2043.980469	579.089539
2043.056641	565.437195
2042.131836	586.953735
2041.208008	608.460938
2040.283203	635.366150
2039.358398	597.385254
2038.433594	616.173523
2037.507813	621.443909
2036.582031	578.087769
2035.657227	545.553345
2034.730469	588.637817
2033.804688	607.407288
2032.878906	591.081482
2031.952148	593.651611
2031.101563	558.960632
2031.025391	598.918396
2030.175781	569.761841
2030.098633	550.237915
2029.250000	531.867859
2029.171875	587.871643
2028.324219	561.471069
2028.244141	601.224243
2027.397461	550.580383
2027.316406	582.225098
2026.470703	569.376343
2026.388672	544.369873
2025.544922	531.507690
2025.460938	622.386597
2024.618164	558.392944
2024.533203	619.557373
2023.690430	585.269043
2023.604492	614.036255
2022.763672	585.169495
2022.676758	624.672729
2021.836914	582.373779
2021.748047	632.612549
2020.909180	563.404541
2020.818359	586.721191
2019.981445	592.956299
2019.889648	559.685364
2019.053711	598.244751
2018.959961	548.802429
2018.125977	576.587891
2018.031250	642.819458
2017.198242	573.795410
2017.101563	583.520447
2016.269531	595.244568
2016.170898	591.458374
2015.341797	570.906067
2015.241211	615.519958
2014.413086	565.423218
2014.310547	669.130920
2013.484375	627.242920
2013.379883	620.624390
2012.555664	578.687012
2012.449219	639.291382
2011.625977	573.205383
2011.518555	628.409546
2010.697266	570.416138
2010.587891	596.052979
2009.767578	575.698364
2009.656250	577.132141
2008.838867	658.980347
2008.724609	622.629517
2007.909180	594.324646
2007.792969	643.958435
2006.979492	564.645447
2006.861328	616.991638
2006.048828	621.002686
2005.928711	616.856384
2005.119141	612.831787
2004.996094	573.818787
2004.188477	604.663574
2004.064453	613.905090
2003.258789	572.315735
2003.130859	635.212097
2002.328125	617.886414
2002.198242	573.441162
2001.397461	564.059326
2001.264648	624.217102
2000.465820	609.615417
2000.332031	648.186035
1999.535156	588.029053
1999.398438	613.231384
1998.603516	604.034363
1998.464844	578.291931
1997.672852	569.035583
1997.530273	615.638428
1996.741211	625.293396
1996.595703	650.292297
1995.808594	609.085205
1995.662109	569.883850
1994.876953	576.786255
1994.727539	676.755310
1993.945313	590.096863
1993.791992	649.862915
1993.012695	651.674927
1992.857422	647.046021
1992.080078	632.791748
1991.921875	638.883911
1991.148438	597.829895
1990.986328	649.433350
1990.214844	619.168274
1990.050781	651.962036
1989.282227	653.898621
1989.115234	630.447083
1988.349609	589.477295
1988.178711	630.307922
1987.416016	578.657898
1987.243164	587.445435
1986.482422	610.698242
1986.306641	603.333374
1985.549805	642.727234
1985.370117	693.946960
1984.615234	583.707886
1984.432617	629.751099
1983.681641	642.500977
1983.496094	645.618896
1982.748047	610.268372
1982.558594	592.130920
1981.813477	655.655151
1981.621094	626.666504
1980.878906	569.917969
1980.683594	634.526001
1979.944336	655.423645
1979.745117	621.058044
1979.009766	596.463806
1978.807617	612.925720
1978.075195	615.078064
1977.869141	639.432861
1977.140625	660.423401
1976.930664	655.273376
1976.205078	617.533447
1975.991211	673.769836
1975.269531	617.423950
1975.052734	617.707153
1974.333984	625.331482
1974.113281	609.584167
1973.398438	649.267334
1973.173828	662.675781
1972.462891	649.151978
1972.234375	593.348816
1971.526367	590.276001
1971.294922	667.701599
1970.590820	662.273254
1970.354492	643.616943
1969.654297	614.095642
1969.415039	600.930054
1968.717773	664.706787
1968.474609	709.790283
1967.781250	627.221802
1967.533203	653.818481
1966.843750	605.761414
1966.592773	688.216553
1965.907227	597.648987
1965.651367	688.063171
1964.969727	640.223694
1964.709961	624.165283
1964.032227	629.440674
1963.768555	666.512939
1963.094727	655.994446
1962.827148	663.709412
1962.157227	645.212219
1961.885742	594.550903
1961.219727	629.102417
1960.943359	623.608337
1960.281250	620.993896
1960.000977	695.101624
1959.343750	666.182861
1959.058594	671.074097
1958.405273	692.705688
1958.115234	644.405334
1957.466797	692.581116
1957.172852	646.912537
1956.528320	665.823547
1956.229492	683.877380
1955.588867	633.749878
1955.286133	707.575134
1954.650391	668.246094
1954.342773	651.777222
1953.710938	638.845154
1953.398438	694.013672
1952.771484	702.602905
1952.455078	648.836792
1951.832031	702.476013
1951.510742	653.986755
1950.892578	643.820007
1950.566406	706.782593
1949.952148	672.962830
1949.622070	653.693359
1949.012695	630.289856
1948.676758	682.651917
1948.072266	691.332031
1947.731445	669.271912
1947.131836	707.157715
1946.786133	684.989990
1946.191406	629.947327
1945.840820	682.191895
1945.250000	709.558777
1944.895508	660.889954
1944.309570	688.173584
1943.949219	697.742798
1943.368164	669.452698
1943.002930	734.578918
1942.426758	645.426270
1942.056641	678.936218
1941.485352	671.864807
1941.110352	641.806763
1940.543945	671.742493
1940.164063	668.067993
1939.602539	661.001648
1939.216797	691.677246
1938.660156	698.039124
1938.269531	696.800049
1937.718750	668.721558
1937.322266	704.559204
1936.776367	671.252686
1936.374023	685.932678
1935.833984	668.477356
1935.426758	743.805115
1934.891602	678.964050
1934.478516	667.163757
1933.948242	705.357056
1933.530273	659.103699
1933.005859	678.715637
1932.582031	706.399353
1932.062500	683.892822
1931.632813	729.956482
1931.119141	726.171692
1930.684570	656.021729
1930.175781	733.987854
1929.735352	700.651672
1929.231445	715.308167
1928.786133	700.492920
1928.288086	725.772095
1927.835938	647.677429
1927.343750	709.748840
1926.886719	734.394409
1926.399414	699.027039
1925.936523	702.648132
1925.455078	693.603821
1924.986328	689.333435
1924.510742	709.357239
1924.036133	694.437805
1923.566406	717.165710
1923.084961	686.390503
1922.621094	693.220642
1922.134766	717.785461
1921.676758	714.255920
1921.183594	691.335754
1920.731445	724.703796
1920.232422	685.922363
1919.786133	711.347900
1919.280273	740.942810
1918.839844	692.708984
1918.329102	656.714661
1917.894531	703.154663
1917.376953	719.595276
1916.948242	718.882324
1916.424805	680.046326
1916.002930	716.106812
1915.472656	716.642151
1915.056641	795.233276
1914.519531	658.740479
1914.109375	678.860718
1913.567383	663.837891
1913.163086	694.580811
1912.614258	708.281799
1912.216797	649.563416
1911.661133	697.629333
1911.269531	707.523071
1910.707031	707.958130
1910.322266	712.670715
1909.753906	647.502502
1909.375000	715.177246
1908.799805	686.667419
1908.427734	667.550537
1907.845703	710.092651
1907.479492	696.444824
1906.891602	699.451416
1906.532227	722.690735
1905.936523	720.243713
1905.583984	701.459534
1904.982422	699.130859
1904.635742	722.421387
1904.027344	712.059875
1903.687500	701.197998
1903.072266	732.834656
1902.739258	743.236572
1902.116211	730.049805
1901.790039	732.557373
1901.161133	729.882141
1900.840820	756.131958
1900.205078	721.868042
1899.891602	719.112976
1899.249023	737.391296
1898.942383	747.948242
1898.292969	721.536133
1897.993164	710.944458
1897.335938	752.734070
1897.043945	687.117615
1896.379883	668.942932
1896.093750	765.953064
1895.422852	739.325195
1895.143555	765.809448
1894.465820	728.707397
1894.193359	734.091980
1893.507813	767.708191
1893.243164	712.908875
1892.550781	702.264832
1892.292969	723.295654
1891.592773	741.253540
1891.342773	660.047607
1890.634766	748.910706
1890.391602	786.124023
1889.675781	777.434998
1889.440430	749.174561
1888.717773	772.038818
1888.489258	706.982483
1887.758789	743.176331
1887.538086	719.987793
1886.799805	771.681763
1886.585938	738.242493
1885.840820	768.896729
1885.634766	722.343079
1884.881836	732.237122
1884.682617	693.318542
1883.921875	768.540527
1883.730469	724.696228
1882.961914	682.409973
1882.778320	742.935852
1882.001953	734.332031
1881.825195	732.296570
1881.041992	749.782104
1880.873047	698.043274
1880.081055	733.991150
1879.919922	732.019653
1879.120117	728.616272
1878.966797	645.314514
1878.159180	671.211853
1878.013672	721.251587
1877.198242	736.080566
1877.060547	744.715027
1876.237305	728.108154
1876.106445	650.191223
1875.275391	761.735840
1875.153320	757.538818
1874.313477	712.174133
1874.199219	663.048279
1873.351563	727.599609
1873.245117	788.694214
1872.388672	688.460510
1872.291016	767.586365
1871.426758	750.636536
1871.335938	730.770996
1870.463867	742.671143
1870.381836	748.963257
1869.500977	747.690063
1869.426758	743.584229
1868.538086	721.559998
1868.471680	756.531494
1867.574219	731.771057
1867.516602	748.535583
1866.610352	721.222656
1866.561523	737.925903
1865.646484	746.991089
1865.605469	682.843750
1864.682617	806.457825
1864.650391	761.186340
1863.718750	736.271301
1863.694336	742.734192
1862.753906	772.385315
1862.738281	690.297119
1861.789063	746.291321
1861.781250	739.836243
1860.825195	797.197632
1860.824219	722.800110
1859.868164	726.487061
1859.858398	761.481567
1858.911133	752.475647
1858.893555	813.092041
1857.955078	749.719360
1857.927734	787.012390
1856.997070	796.587463
1856.961914	794.592163
1856.040039	744.209595
1855.996094	768.528809
1855.082031	717.959290
1855.029297	742.477661
1854.125000	764.806274
1854.062500	755.234924
1853.166992	754.220459
1853.095703	718.855652
1852.208984	790.605225
1852.128906	726.441772
1851.250000	774.800781
1851.161133	703.009094
1850.291992	727.703308
1850.194336	767.442749
1849.333008	748.425415
1849.226563	746.594604
1848.374023	810.855469
1848.258789	782.576843
1847.415039	729.890137
1847.290039	803.049072
1846.456055	781.874512
1846.322266	717.668335
1845.496094	781.723877
1845.353516	758.793335
1844.537109	768.546997
1844.383789	789.577515
1843.577148	789.236694
1843.415039	779.071655
1842.617188	755.229309
1842.446289	809.836121
1841.657227	747.272339
1841.476563	794.173157
1840.696289	801.795959
1840.506836	765.628113
1839.736328	786.024658
1839.536133	791.218933
1838.775391	775.463806
1838.566406	816.797424
1837.814453	824.746582
1837.595703	839.787598
1836.853516	790.771118
1836.625000	811.258179
1835.892578	824.427368
1835.654297	849.687317
1834.930664	761.862610
1834.682617	826.317200
1833.968750	787.712097
1833.711914	810.678833
1833.006836	800.555420
1832.740234	861.945007
1832.044922	821.189758
1831.767578	825.726440
1831.083008	852.208801
1830.795898	802.383667
1830.121094	839.054932
1829.823242	858.756897
1829.158203	805.128540
1828.850586	840.558105
1828.195313	862.099121
1827.877930	832.647461
1827.232422	854.143066
1826.905273	793.908997
1826.269531	890.316406
1825.931641	857.935730
1825.305664	840.834961
1824.958008	803.801147
1824.342773	851.049988
1823.984375	811.310852
1823.378906	882.014160
1823.010742	795.715393
1822.415039	829.969238
1822.036133	831.451416
1821.450195	796.096558
1821.062500	805.595886
1820.486328	777.792847
1820.086914	807.967407
1819.521484	808.746765
1819.112305	810.337585
1818.557617	795.630798
1818.137695	846.035095
1817.592773	772.155334
1817.162109	848.394653
1816.626953	854.904297
1816.186523	843.065369
1815.662109	808.115234
1815.210938	865.919312
1814.697266	844.211731
1814.234375	811.923828
1813.731445	833.690186
1813.257813	870.623108
1812.765625	802.463989
1812.281250	783.371704
1811.799805	843.716248
1811.304688	770.385437
1810.833008	763.336060
1810.328125	762.522888
1809.867188	858.908203
1809.350586	821.176758
1808.900391	809.595093
1808.373047	800.517639
1807.933594	817.194580
1807.395508	779.868286
1806.966797	848.060852
1806.416992	810.355286
1806.000000	847.894409
1805.439453	838.271667
1805.032227	845.143433
1804.460938	809.962463
1804.065430	816.553101
1803.482422	809.765930
1803.097656	818.976196
1802.502930	773.815491
1802.129883	847.228333
1801.524414	799.159729
1801.161133	841.896729
1800.544922	834.701965
1800.193359	818.493103
1799.564453	860.018738
1799.224609	833.820923
1798.584961	859.809448
1798.255859	869.790527
1797.604492	859.600037
1797.287109	838.653503
1796.625000	821.138733
1796.318359	851.388062
1795.643555	808.191040
1795.348633	804.790039
1794.663086	836.031433
1794.379883	809.789185
1793.681641	807.796570
1793.410156	817.364746
1792.701172	866.194702
1792.440430	866.184021
1791.719727	799.760742
1791.470703	811.887146
1790.737305	794.472351
1790.500000	868.418823
1789.755859	776.457581
1789.530273	881.129211
1788.773438	870.437561
1788.559570	844.892517
1787.791016	854.957153
1787.588867	891.082275
1786.807617	836.940247
1786.617188	890.906006
1785.825195	913.032898
1785.646484	857.262939
1784.841797	874.669067
1784.674805	890.553284
1783.858398	866.828064
1783.704102	849.203369
1782.875000	815.787109
1782.732422	939.084229
1781.890625	825.749512
1781.759766	897.740906
1780.906250	896.670227
1780.788086	905.278320
1779.921875	878.672729
1779.815430	869.100464
1778.937500	837.833862
1778.843750	925.485413
1777.952148	860.471619
1777.871094	889.317688
1776.966797	867.872192
1776.897461	901.989868
1775.981445	895.564941
1775.924805	899.241394
1774.996094	877.588928
1774.951172	963.281433
1774.009766	846.942871
1773.978516	891.179138
1773.024414	834.057617
1773.004883	916.679138
1772.038086	920.024170
1772.030273	952.437744
1771.056641	931.714478
1771.050781	831.110657
1770.082031	939.227478
1770.064453	843.570801
1769.108398	959.565857
1769.077148	873.752930
1768.133789	908.071167
1768.089844	921.643799
1767.159180	948.924683
1767.102539	923.946167
1766.183594	943.607117
1766.114258	893.347717
1765.208984	884.455139
1765.125977	943.727539
1764.233398	948.356750
1764.137695	870.137939
1763.257813	940.479553
1763.149414	885.094299
1762.282227	950.540100
1762.160156	900.042908
1761.305664	952.911743
1761.170898	912.456360
1760.330078	914.305054
1760.181641	912.228577
1759.353516	952.530701
1759.192383	944.842896
1758.376953	947.220032
1758.202148	841.053650
1757.400391	918.875549
1757.212891	886.294250
1756.422852	926.368652
1756.221680	918.889954
1755.446289	954.326843
1755.231445	870.707825
1754.468750	961.809631
1754.240234	898.244385
1753.491211	887.449646
1753.250000	908.109253
1752.513672	923.069397
1751.535156	974.013611
1750.557617	940.590820
1749.579102	914.847656
1748.600586	929.993530
1747.622070	917.034668
1746.643555	993.467468
1745.664063	990.714417
1744.684570	929.246216
1743.705078	1003.077820
1742.725586	921.216858
1741.746094	908.274780
1740.765625	951.455872
1739.785156	935.962402
1738.804688	996.968872
1737.824219	986.570801
1736.843750	945.591675
1735.862305	998.914246
1734.880859	991.069519
1733.899414	988.322266
1732.917969	944.828674
1731.935547	942.091675
1730.954102	980.086548
1729.971680	969.707825
1728.989258	997.502991
1728.006836	936.242004
1727.023438	953.857910
1726.041016	946.035583
1725.057617	996.695923
1724.074219	986.325806
1723.090820	981.042847
1722.106445	968.138855
1721.122070	980.645264
1720.138672	985.526489
1719.153320	995.484558
1718.168945	967.353760
1717.184570	1020.465332
1716.199219	1007.568359
1715.213867	956.614929
1714.228516	1070.582153
1713.243164	1001.881592
1712.256836	1027.036865
1711.270508	1029.363403
1710.285156	1024.084229
1709.297852	1028.944580
1708.311523	1051.539551
1707.325195	1008.259155
1706.337891	1084.037720
1705.350586	995.187012
1704.363281	1055.746582
1703.375000	1060.593872
1702.387695	1073.031250
1701.399414	1024.738159
1700.411133	1070.063721
1699.422852	1072.374390
1698.434570	1069.626831
1697.445313	1071.936523
1696.456055	1059.079346
1695.466797	1086.661133
1694.477539	1124.338013
1693.487305	1106.425537
1692.498047	1038.008789
1691.507813	1025.171143
1690.517578	1032.534912
1689.527344	1140.856323
1688.536133	1115.387573
1687.545898	1100.021240
1686.554688	1054.391357
1685.563477	1084.438599
1684.571289	1016.137512
1683.580078	1129.370239
1682.587891	1096.373413
1681.595703	1121.347168
1680.603516	1065.690918
1679.611328	1093.179443
1678.618164	1135.766357
1677.625000	1019.713684
1676.631836	981.744690
1675.638672	1062.079712
1674.645508	1046.763672
1673.651367	1119.504761
1672.657227	1141.911377
1671.663086	1020.970520
1670.668945	1083.614990
1669.674805	1015.522644
1668.679688	1113.326416
1667.684570	1108.071655
1666.689453	1085.234131
1665.694336	1110.126343
1664.698242	1114.919556
1663.703125	1129.752808
1662.707031	1116.969482
1661.710938	1069.057861
1660.713867	1131.562256
1659.717773	1116.277588
1658.720703	1100.999146
1657.723633	1060.652344
1656.726563	1002.773560
1655.729492	1110.342041
1654.731445	1059.994507
1653.733398	1062.280518
1652.735352	1114.662720
1651.737305	1094.397217
1650.739258	1144.246948
1649.740234	1073.917480
1648.741211	1071.192139
1647.742188	1108.504150
1646.743164	1043.228882
1645.743164	1075.528442
1644.744141	1067.803223
1643.744141	1137.587036
1642.743164	1092.356812
1641.743164	1069.637573
1640.743164	1099.399170
1639.742188	1156.627441
1638.741211	1128.913452
1637.740234	1148.655518
1636.738281	1145.920166
1635.737305	1118.225342
1634.735352	1140.452515
1633.733398	1195.105225
1632.730469	1187.373047
1631.728516	1144.728516
1630.725586	1159.450684
1629.722656	1106.857788
1628.719727	1221.277832
1627.716797	1178.661255
1626.712891	1158.484619
1625.709961	1198.096558
1624.706055	1175.433716
1623.701172	1152.780273
1622.697266	1164.986084
1621.692383	1229.450806
1620.688477	1194.358643
1619.682617	1184.158325
1618.677734	1164.013306
1617.672852	1225.937256
1616.666992	1208.277832
1615.661133	1148.369629
1614.655273	1195.346924
1613.649414	1180.189209
1612.642578	1157.585449
1611.635742	1120.089600
1610.628906	1199.312744
1609.622070	1166.788696
1608.615234	1208.738403
1607.607422	1163.818359
1606.599609	1198.307983
1605.591797	1155.889160
1604.583984	1239.964355
1603.575195	1252.101318
1602.567383	1192.345337
1601.558594	1202.008667
1600.549805	1251.313232
1599.540039	1243.618530
1598.531250	1275.555908
1597.521484	1245.572510
1596.511719	1260.165405
1595.500977	1254.950073
1594.491211	1281.908203
1593.480469	1259.370728
1592.469727	1343.211182
1591.458984	1310.777466
1590.448242	1228.904297
1589.436523	1283.032349
1588.425781	1248.159668
1587.414063	1257.781128
1586.402344	1287.162964
1585.389648	1173.269775
1584.376953	1229.821533
1583.365234	1224.624268
1582.352539	1207.086548
1581.338867	1216.703857
1580.326172	1231.251709
1579.312500	1211.256592
1578.298828	1220.866455
1577.285156	1119.507690
1576.270508	1175.974487
1575.256836	1121.499634
1574.242188	1113.869751
1573.227539	1170.301514
1572.212891	1138.031616
1571.197266	1155.030151
1570.182617	1196.643677
1569.166992	1181.620239
1568.150391	1171.525513
1567.134766	1186.041504
1566.119141	1198.091064
1565.102539	1234.731689
1564.085938	1209.879028
1563.068359	1239.125732
1562.051758	1302.772583
1561.034180	1250.888062
1560.016602	1250.622803
1558.999023	1309.313477
1557.981445	1225.532471
1556.962891	1242.460571
1555.944336	1198.008057
1554.925781	1197.753662
1553.907227	1214.676514
1552.888672	1265.939209
1551.869141	1157.744873
1550.849609	1216.354614
1549.830078	1196.481567
1548.810547	1169.263062
1547.790039	1186.169678
1546.769531	1151.613892
1545.749023	1202.812988
1544.728516	1253.990112
1543.708008	1202.300903
1542.686523	1175.115112
1541.665039	1177.312378
1540.643555	1196.638428
1539.622070	1191.490234
1538.599609	1156.991211
1537.577148	1188.536621
1536.554688	1210.288330
1535.532227	1156.250977
1534.508789	1195.108032
1533.486328	1192.409424
1532.462891	1199.483643
1531.439453	1194.342651
1530.415039	1181.878052
1529.391602	1193.832397
1528.367188	1156.964355
1527.342773	1173.799438
1526.318359	1200.386353
1525.292969	1153.783081
1524.267578	1165.730103
1523.242188	1177.671875
1522.216797	1170.106567
1521.191406	1177.167725
1520.165039	1162.295532
1519.138672	1208.333496
1518.112305	1205.638916
1517.085938	1168.853882
1516.059570	1222.164307
1515.032227	1195.127441
1514.004883	1172.969238
1512.977539	1221.378052
1511.949219	1228.413452
1510.921875	1211.125977
1509.893555	1225.454712
1508.865234	1278.672119
1507.835938	1237.080444
1506.807617	1275.692871
1505.778320	1263.271851
1504.749023	1282.431152
1503.719727	1279.727051
1502.689453	1306.157593
1501.660156	1206.358154
1500.629883	1354.130737
1499.599609	1373.249146
1498.568359	1254.093628
1497.538086	1273.225098
1496.506836	1260.827515
1495.475586	1326.007690
1494.444336	1352.381836
1493.412109	1327.859253
1492.379883	1262.163330
1491.347656	1278.845581
1490.315430	1322.157227
1489.283203	1370.292114
1488.250000	1270.756348
1487.216797	1301.941528
1486.183594	1294.402100
1485.150391	1354.595459
1484.116211	1351.884399
1483.083008	1329.831421
1482.048828	1331.961304
1481.013672	1334.090088
1479.979492	1382.127686
1478.944336	1432.560181
1477.909180	1466.063843
1476.874023	1429.525391
1475.838867	1429.215942
1474.802734	1479.593994
1473.766602	1491.339355
1472.730469	1510.317383
1471.694336	1550.996216
1470.657227	1533.778687
1469.621094	1533.446167
1468.583984	1658.462402
1467.545898	1535.190918
1466.508789	1515.581787
1465.470703	1561.023560
1464.432617	1553.459229
1463.394531	1521.818604
1462.356445	1634.636597
1461.317383	1530.784912
1460.278320	1602.643433
1459.239258	1479.596680
1458.200195	1539.408081
1457.160156	1527.049194
1456.121094	1553.164063
1455.081055	1463.887085
1454.040039	1477.987793
1453.000000	1566.566162
1451.958984	1530.192261
1450.917969	1609.113647
1449.876953	1555.937988
1448.835938	1620.415405
1447.793945	1497.657471
1446.751953	1588.514404
1445.709961	1638.547852
1444.667969	1666.972534
1443.625000	1592.270752
1442.582031	1632.680176
1441.539063	1692.247437
1440.496094	1629.570679
1439.453125	1638.798218
1438.409180	1648.021606
1437.365234	1630.897339
1436.321289	1671.244263
1435.276367	1687.635376
1434.232422	1701.625854
1433.187500	1639.041626
1432.142578	1734.372437
1431.096680	1741.167725
1430.051758	1733.612793
1429.005859	1754.749023
1427.959961	1861.920898
1426.914063	1763.538330
1425.867188	1701.035278
1424.820313	1765.153564
1423.773438	1786.258667
1422.726563	1730.953735
1421.679688	1673.285767
1420.631836	1660.985962
1419.583984	1655.849365
1418.536133	1696.037842
1417.487305	1733.823486
1416.439453	1640.451660
1415.390625	1644.858765
1414.341797	1677.863525
1413.291992	1646.517944
1412.243164	1667.596191
1411.193359	1731.536499
1410.143555	1778.779907
1409.092773	1697.444092
1408.042969	1716.111694
1406.992188	1777.604614
1405.941406	1732.009277
1404.890625	1674.540771
1403.838867	1650.390625
1402.788086	1718.975708
1401.736328	1625.891968
1400.683594	1649.298218
1399.631836	1565.774536
1398.579102	1665.198120
1397.526367	1638.705933
1396.473633	1647.841431
1395.420898	1519.287354
1394.367188	1592.525635
1393.313477	1580.309204
1392.259766	1558.608765
1391.206055	1510.828125
1390.151367	1519.978760
1389.096680	1604.988647
1388.041992	1526.416138
1386.987305	1616.126099
1385.931641	1561.277222
1384.876953	1534.876099
1383.821289	1574.793579
1382.764648	1555.503662
1381.708984	1635.638550
1380.652344	1578.478638
1379.595703	1656.206543
1378.539063	1632.183960
1377.481445	1603.441772
1376.424805	1678.747437
1375.367188	1633.459961
1374.309570	1668.547485
1373.250977	1623.282227
1372.192383	1691.428589
1371.133789	1667.434204
1370.075195	1541.915161
1369.016602	1572.261597
1367.957031	1583.712646
1366.897461	1486.611938
1365.837891	1547.619263
1364.778320	1563.784668
1363.717773	1462.036621
1362.657227	1468.783325
1361.596680	1435.456543
1360.536133	1510.545654
1359.474609	1479.580078
1358.414063	1498.093628
1357.352539	1436.529785
1356.290039	1511.550781
1355.228516	1506.505005
1354.166016	1499.108032
1353.103516	1494.066895
1352.041016	1569.007324
1350.977539	1547.489868
1349.914063	1596.520264
1348.850586	1645.528564
1347.787109	1593.454956
1346.723633	1635.392456
1345.659180	1646.771729
1344.594727	1615.869995
1343.530273	1603.766846
1342.464844	1683.225220
1341.399414	1668.765015
1340.333984	1694.202271
1339.268555	1644.555420
1338.203125	1555.057495
1337.136719	1538.293213
1336.070313	1570.769409
1335.003906	1572.760132
1333.936523	1586.466553
1332.870117	1579.080933
1331.802734	1569.356201
1330.735352	1697.801514
1329.666992	1613.133423
1328.599609	1626.814453
1327.531250	1621.767334
1326.461914	1658.836548
1325.393555	1705.245605
1324.324219	1658.088257
1323.255859	1622.642456
1322.185547	1554.486450
1321.116211	1605.550415
1320.045898	1570.139893
1318.975586	1537.081177
1317.905273	1534.398315
1316.834961	1487.352539
1315.763672	1580.392334
1314.692383	1559.029785
1313.621094	1509.676514
1312.549805	1462.678223
1311.477539	1508.992798
1311.475586	1545.678467
1310.405273	1455.020264
1310.403320	1513.039673
1309.333008	1405.734497
1309.330078	1449.834595
1308.260742	1479.998291
1308.257813	1435.592529
1307.187500	1461.021118
1307.184570	1444.656128
1306.114258	1483.986084
1306.111328	1425.760132
1305.041016	1446.383423
1305.038086	1330.005127
1303.967773	1446.054932
1303.964844	1374.014648
1302.893555	1475.991211
1302.891602	1350.483765
1301.819336	1398.847290
1301.817383	1413.097290
1300.745117	1393.875366
1300.743164	1377.929443
1299.670898	1379.599487
1299.668945	1396.298828
1298.595703	1421.152710
1298.594727	1419.314819
1297.520508	1395.249756
1297.519531	1409.753662
1296.445313	1353.084229
1296.445313	1409.499390
1295.370117	1432.499756
1295.370117	1429.479980
1294.294922	1450.841431
1294.293945	1412.887573
1293.219727	1401.761475
1293.217773	1459.031616
1292.143555	1508.421997
1292.141602	1470.312866
1291.067383	1505.824951
1291.065430	1425.854980
1289.992188	1447.467407
1289.988281	1462.677124
1288.916016	1516.893555
1288.911133	1504.124634
1287.838867	1574.681519
1287.833984	1506.101929
1286.762695	1565.106812
1286.756836	1533.599487
1285.685547	1548.570313
1285.678711	1558.764648
1284.608398	1597.035034
1284.600586	1641.894653
1283.531250	1543.364502
1283.522461	1534.866943
1282.454102	1559.326050
1282.444336	1464.975952
1281.376953	1477.841431
1281.365234	1427.561279
1280.298828	1570.354614
1280.286133	1561.617065
1279.220703	1437.875732
1279.207031	1524.197021
1278.142578	1507.174561
1278.126953	1514.584473
1277.064453	1486.033936
1277.047852	1410.046875
1275.985352	1423.178833
1275.967773	1474.538574
1274.907227	1538.790649
1274.887695	1492.714844
1273.828125	1480.582397
1273.806641	1427.587402
1272.749023	1392.279541
1272.726563	1450.392090
1271.669922	1466.141357
1271.645508	1433.870361
1270.589844	1421.872314
1270.563477	1445.101929
1269.509766	1433.187134
1269.482422	1375.421021
1268.429688	1356.531372
1268.400391	1372.793945
1267.349609	1388.683838
1267.318359	1381.720703
1266.269531	1372.229248
1266.236328	1369.852783
1265.189453	1311.821777
1265.154297	1429.584839
1264.108398	1383.288208
1264.071289	1373.840454
1263.027344	1376.094116
1262.988281	1373.524292
1261.946289	1378.151733
1261.905273	1338.589233
1260.865234	1391.767822
1260.821289	1234.448730
1259.783203	1352.214722
1259.738281	1391.030029
1258.701172	1375.074341
1258.654297	1372.258789
1257.619141	1400.235840
1257.569336	1369.636475
1256.537109	1390.734985
1256.485352	1362.404785
1255.455078	1369.688477
1255.400391	1336.738403
1254.372070	1364.814941
1254.315430	1315.692017
1253.290039	1373.796387
1253.230469	1296.958862
1252.207031	1336.604858
1252.144531	1427.937256
1251.124023	1384.824463
1251.058594	1376.950195
1250.040039	1375.335571
1249.972656	1383.537842
1248.957031	1363.542725
1248.886719	1397.026978
1247.873047	1411.729614
1247.800781	1355.285767
1246.789063	1393.015015
1246.713867	1364.173828
1245.705078	1415.813110
1245.626953	1455.854980
1244.620117	1413.242432
1244.539063	1437.122559
1243.536133	1482.128174
1243.452148	1390.812134
1242.451172	1378.143677
1242.364258	1392.787964
1241.366211	1419.359741
1241.276367	1408.549438
1240.280273	1453.648926
1240.187500	1417.411621
1239.195313	1478.711914
1239.099609	1387.225098
1238.109375	1430.073730
1238.010742	1490.231689
1237.023438	1464.340820
1236.921875	1441.676514
1235.937500	1450.253052
1235.832031	1468.883057
1234.851563	1445.376587
1234.743164	1383.641357
1233.765625	1465.813965
1233.653320	1381.025391
1232.678711	1479.341309
1232.563477	1412.813477
1231.591797	1393.952515
1231.472656	1435.414429
1230.504883	1441.985229
1230.381836	1496.976563
1229.416992	1409.521118
1229.291016	1368.279907
1228.330078	1393.161621
1228.200195	1322.133179
1227.242188	1326.240845
1227.109375	1379.096313
1226.154297	1399.527832
1226.017578	1332.968018
1225.066406	1360.202515
1224.925781	1270.832642
1223.978516	1394.402344
1223.833984	1346.081299
1222.889648	1387.247192
1222.741211	1311.436157
1221.800781	1364.020142
1221.648438	1434.691650
1220.711914	1343.097656
1220.555664	1340.562622
1219.623047	1322.182983
1219.462891	1321.952148
1218.533203	1363.241455
1218.369141	1344.508667
1217.444336	1312.500854
1217.276367	1337.335815
1216.354492	1365.015869
1216.181641	1398.731445
1215.264648	1334.937134
1215.087891	1421.253540
1214.173828	1469.984985
1213.993164	1423.204834
1213.083984	1442.190186
1212.899414	1427.438965
1211.993164	1418.990479
1211.803711	1509.305420
1210.902344	1480.601685
1210.708984	1445.031982
1209.811523	1441.362427
1209.613281	1433.281250
1208.720703	1502.945313
1208.517578	1428.381104
1207.628906	1440.809937
1207.421875	1400.670898
1206.537109	1435.953125
1206.326172	1439.113281
1205.445313	1502.080444
1205.229492	1477.537476
1204.353516	1472.030762
1204.132813	1481.749023
1203.261719	1458.014526
1203.036133	1460.888672
1202.168945	1494.349121
1201.938477	1417.252319
1201.076172	1558.125366
1200.840820	1521.706665
1199.983398	1452.597778
1199.743164	1475.798706
1198.890625	1516.357056
1198.645508	1564.251099
1197.796875	1495.484619
1197.546875	1488.761108
1196.703125	1522.630859
1196.449219	1520.271851
1195.609375	1531.480103
1195.350586	1567.694580
1194.515625	1588.317871
1194.250977	1637.842529
1193.421875	1546.882568
1193.151367	1591.970703
1192.327148	1573.996948
1192.052734	1530.204346
1191.232422	1550.852051
1190.952148	1593.491211
1190.137695	1591.656128
1189.852539	1554.479370
1189.042969	1538.835571
1188.751953	1551.839355
1187.948242	1575.060303
1187.651367	1515.126953
1186.852539	1522.262817
1186.550781	1417.114380
1185.756836	1515.121948
1185.449219	1534.843262
1184.661133	1464.637451
1184.348633	1445.951660
1183.564453	1338.901978
1183.247070	1397.951294
1182.468750	1352.324463
1182.144531	1347.704468
1181.372070	1361.181519
1181.042969	1370.067749
1180.275391	1292.528687
1179.940430	1297.173096
1179.178711	1383.442749
1178.837891	1215.243896
1178.081055	1337.598999
1177.734375	1235.355347
1176.984375	1289.494629
1176.631836	1219.198364
1175.886719	1245.964478
1175.528320	1243.830078
1174.789063	1273.049561
1174.424805	1218.617920
1173.690430	1145.292969
1173.320313	1247.766846
1172.592773	1256.616577
1172.215820	1204.453247
1171.494141	1258.646729
1171.111328	1174.740967
1170.395508	1237.920044
1170.006836	1271.766724
1169.296875	1196.724976
1168.902344	1162.868530
1168.198242	1216.962769
1167.796875	1237.231812
1167.098633	1248.563599
1166.691406	1239.197632
1165.999023	1173.283081
1165.584961	1198.207642
1164.899414	1245.800171
1164.479492	1247.646118
1163.799805	1152.366089
1163.373047	1242.828369
1162.699219	1249.855591
1162.266602	1224.457764
1161.598633	1201.897461
1161.159180	1190.285400
1160.498047	1287.980591
1160.051758	1199.032593
1159.397461	1199.153198
1158.944336	1207.775269
1158.296875	1196.646362
1157.836914	1202.971680
1157.195313	1212.302124
1156.729492	1189.144531
1156.093750	1202.983887
1155.621094	1252.024292
1154.992188	1250.402466
1154.512695	1199.850464
1153.890625	1232.004639
1153.403320	1195.052490
1152.788086	1218.150635
1152.294922	1201.528076
1151.686523	1222.445801
1151.185547	1156.164551
1150.583984	1233.541748
1150.076172	1275.305420
1149.480469	1244.633179
1148.965820	1238.956055
1148.377930	1203.587158
1147.856445	1263.430908
1147.274414	1205.614990
1146.746094	1236.107666
1146.170898	1221.236328
1145.634766	1253.817871
1145.067383	1261.769409
1144.524414	1174.748779
1143.963867	1252.459717
1143.413086	1268.962524
1142.860352	1288.441528
1142.301758	1192.177002
1141.755859	1208.947388
1141.190430	1268.349731
1140.651367	1240.396118
1140.078125	1254.553467
1139.546875	1265.043091
1138.965820	1225.029297
1138.441406	1269.316650
1137.853516	1229.227417
1137.335938	1167.267456
1136.740234	1143.556274
1136.231445	1212.268921
1135.627930	1215.155518
1135.125000	1189.414917
1134.514648	1250.790527
1134.019531	1223.089722
1133.400391	1205.586548
1132.913086	1229.626831
1132.287109	1216.516602
1131.807617	1195.483032
1131.172852	1220.709351
1130.701172	1220.098267
1130.058594	1222.656494
1129.593750	1237.926514
1128.943359	1197.688110
1128.487305	1181.215576
1127.829102	1222.062500
1127.379883	1194.527954
1126.713867	1241.941284
1126.272461	1259.760376
1125.598633	1264.051514
1125.165039	1232.421997
1124.482422	1216.689575
1124.057617	1211.864624
1123.366211	1191.751831
1122.949219	1186.802734
1122.250000	1301.201416
1121.840820	1270.030396
1121.133789	1260.581421
1120.732422	1233.689697
1120.016602	1224.458130
1119.624023	1267.265991
1118.899414	1289.059937
1118.514648	1217.413208
1117.782227	1252.946777
1117.406250	1257.740967
1116.665039	1288.430420
1116.296875	1336.362915
1115.546875	1265.752441
1115.187500	1282.019653
1114.428711	1258.735718
1114.077148	1299.782959
1113.310547	1227.134644
1112.966797	1258.981689
1112.191406	1195.548950
1111.857422	1321.777222
1111.072266	1186.319702
1110.746094	1269.731079
1109.953125	1320.043579
1109.635742	1226.709106
1108.833984	1237.097900
1108.524414	1280.471069
1107.713867	1245.724365
1107.414063	1241.963867
1106.593750	1189.620361
1106.302734	1207.970947
1105.473633	1189.328247
1105.190430	1243.711426
1104.352539	1146.650146
1104.079102	1142.274414
1103.231445	1179.822632
1102.966797	1153.284180
1102.110352	1159.464844
1101.854492	1177.775146
1100.989258	1161.408691
1100.742188	1143.828735
1099.867188	1034.090088
1099.629883	1188.532227
1098.745117	1100.678223
1098.516602	1102.932251
1097.623047	1169.460815
1097.403320	1109.446289
1096.500000	1169.172363
1096.290039	1055.332153
1095.376953	1099.864136
1095.176758	1124.710938
1094.253906	1117.399780
1094.062500	1151.416504
1093.130859	1112.673096
1092.948242	1079.374023
1092.006836	1110.173218
1091.833984	1124.026123
1090.882813	1067.638062
1090.719727	1058.747559
1089.758789	1096.281982
1089.604492	1107.870728
1088.634766	1078.225464
1088.490234	1100.918823
1087.509766	1086.848755
1087.375000	1085.002686
1086.384766	1039.916504
1086.258789	1131.848755
1085.258789	1141.847290
1085.143555	1124.895752
1084.133789	1074.935791
1084.027344	1097.782104
1083.007813	1072.448486
1082.911133	1097.558350
1081.880859	1072.182129
1081.794922	1041.348145
1080.754883	1063.038574
1080.678711	1106.066650
1079.627930	1089.399048
1079.561523	1040.923096
1078.500977	1095.782471
1078.444336	1085.472290
1077.374023	1111.033203
1077.327148	1091.963501
1076.246094	1088.585693
1076.209961	1087.265991
1075.118164	1125.995239
1075.092773	1051.256226
1073.990234	1043.723511
1073.974609	1084.584961
1072.861328	1114.356567
1072.856445	1100.013672
1071.738281	1072.964355
1071.732422	1021.053894
1070.619141	1050.395752
1070.603516	1076.156738
1069.500000	1092.634521
1069.474609	1064.818970
1068.380859	1094.644531
1068.344727	1077.831909
1067.261719	1127.922729
1067.214844	1148.367188
1066.142578	1069.631836
1066.084961	1106.049683
1065.022461	1049.318970
1064.954102	1070.387939
1063.902344	1044.639160
1063.824219	1105.495483
1062.782227	1135.923340
1062.692383	1098.586914
1061.662109	1108.915283
1061.561523	1140.298950
1060.541016	1166.686890
1060.429688	1102.454102
1059.419922	1126.301514
1059.297852	1159.605225
1058.298828	1092.622192
1058.166016	1123.982178
1057.177734	1130.296631
1057.033203	1121.491821
1056.056641	1134.521729
1055.900391	1147.694824
1054.934570	1123.145630
1054.767578	1123.133789
1053.812500	1078.354004
1053.634766	1149.322754
1052.689453	1104.862183
1052.500977	1135.800293
1051.567383	1133.586304
1051.367188	1144.333252
1050.444336	1197.924438
1050.233398	1159.474731
1049.321289	1113.082764
1049.098633	1115.106445
1048.198242	1128.432861
1047.963867	1154.482422
1047.075195	1072.568481
1046.829102	1105.732056
1045.951172	1145.764648
1045.693359	1162.706787
1044.827148	1132.181763
1044.557617	1109.575562
1043.703125	1131.947510
1043.421875	1159.916992
1042.579102	1091.691895
1042.286133	1133.217896
1041.454102	1149.262329
1041.149414	1163.728516
1040.329102	1122.354492
1040.012695	1093.055420
1039.204102	1153.230225
1038.875977	1099.374023
1038.079102	1148.547974
1037.738281	1129.869385
1036.953125	1119.435425
1036.600586	1158.151245
1035.827148	1156.954102
1035.462891	1162.250732
1034.701172	1154.493774
1034.325195	1192.706055
1033.575195	1116.518799
1033.186523	1148.483154
1032.448242	1120.725342
1032.047852	1203.075195
1031.322266	1124.930054
1030.908203	1202.768433
1030.195313	1157.971191
1029.769531	1079.582153
1029.067383	1188.780640
1028.629883	1140.730469
1027.940430	1137.532715
1027.490234	1133.859497
1026.812500	1148.380737
1026.349609	1100.680664
1025.684570	1183.605469
1025.208984	1126.703491
1024.556641	1121.310181
1024.068359	1172.435913
1023.427734	1178.681152
1022.926758	1172.135620
1022.299805	1154.069336
1021.786133	1193.738525
1021.170898	1191.477539
1020.644531	1156.206055
1020.041992	1127.017822
1019.501953	1134.017090
1018.912109	1137.851196
1018.360352	1192.819702
1017.782227	1177.452148
1017.217773	1159.691772
1016.653320	1186.057495
1016.074219	1225.019531
1015.522461	1192.446655
1014.931641	1078.177246
1014.392578	1189.985474
1013.788086	1139.119141
1013.261719	1205.216553
1012.644531	1200.029297
1012.131836	1174.011230
1011.500000	1180.052490
1011.000000	1175.975952
1010.356445	1221.257690
1009.869141	1235.400391
1009.210938	1179.443481
1008.737305	1230.722534
1008.066406	1227.177856
1007.606445	1228.255615
1006.920898	1220.311646
1006.473633	1148.487549
1005.775391	1176.346802
1005.341797	1234.365234
1004.629883	1206.588989
1004.209961	1212.029297
1003.484375	1188.825806
1003.077148	1238.261963
1002.337891	1234.313843
1001.944336	1165.178467
1001.190430	1229.633423
1000.810547	1173.759033
1000.043945	1272.907104
999.677734	1230.864624
998.896484	1248.606812
998.543945	1296.767700
997.749023	1195.998413
997.410156	1135.535645
996.601563	1186.975708
996.276367	1258.746704
995.453125	1201.908447
995.141602	1212.197998
994.304688	1256.015747
994.006836	1278.048950
993.155273	1164.286621
992.872070	1229.312378
992.006836	1177.037109
991.737305	1158.570190
990.857422	1137.578247
990.602539	1197.964722
989.708008	1198.168335
989.466797	1149.275391
988.331055	1144.630737
987.195313	1175.199829
986.058594	1214.557129
984.921875	1190.102783
983.785156	1150.263184
982.648438	1172.009277
981.511719	1129.991577
980.374023	1101.179321
979.236328	1160.278931
978.098633	1118.290039
976.959961	1113.660400
975.822266	1177.111694
974.683594	1102.210815
973.544922	1139.295410
972.405273	1136.859375
971.265625	1141.007080
970.126953	1199.997192
968.986328	1166.843140
967.846680	1223.609741
966.706055	1232.119629
965.565430	1242.817749
964.424805	1255.702637
963.284180	1207.234131
962.142578	1213.549316
961.000977	1281.183105
959.859375	1188.947998
958.717773	1221.531982
957.575195	1164.366943
956.432617	1161.931030
955.290039	1124.492310
954.146484	1146.125488
953.003906	1128.386963
951.860352	1060.370239
950.716797	1103.861572
949.572266	1033.693481
948.428711	1118.685303
947.284180	1055.097168
946.138672	1122.576050
944.994141	1017.526733
943.848633	1091.533691
942.704102	1080.387573
941.557617	1064.881714
940.412109	1093.015747
939.265625	1125.500122
938.119141	1151.428101
936.972656	1120.658081
935.826172	1109.519165
934.678711	1159.406372
933.531250	1148.263672
932.383789	1108.806519
931.236328	1097.679199
930.087891	1101.798828
928.939453	1145.102539
927.791016	1149.210083
926.641602	1153.315552
925.493164	1192.228882
924.343750	1218.074463
923.194336	1196.066162
922.043945	1206.680298
920.893555	1175.988770
919.743164	1232.240845
918.592773	1214.593506
917.442383	1181.747314
916.291016	1183.664917
915.139648	1211.638306
913.988281	1226.573975
912.835938	1219.798340
911.684570	1265.105469
910.532227	1188.899536
909.378906	1266.729248
908.226563	1207.904297
907.073242	1207.643799
905.919922	1257.239258
904.766602	1267.803955
903.612305	1252.363159
902.458984	1254.259033
901.304688	1325.458984
900.149414	1284.031616
898.995117	1279.424438
897.839844	1318.106689
896.684570	1337.296875
895.529297	1311.046265
894.373047	1334.555298
893.216797	1308.316406
892.060547	1413.973022
890.904297	1407.182129
889.747070	1452.260376
888.590820	1521.086060
887.432617	1615.803589
886.275391	1704.000854
885.117188	1805.115112
883.959961	1772.342041
882.801758	1659.726318
881.642578	1598.947021
880.483398	1553.295410
879.325195	1507.663452
878.165039	1466.364014
877.005859	1431.550171
875.845703	1437.705444
874.685547	1323.177246
873.525391	1411.225708
872.365234	1391.532104
871.204102	1335.235474
870.042969	1326.332397
868.881836	1257.158203
867.719727	1338.667969
866.558594	1224.334595
865.396484	1224.067871
864.233398	1232.404175
863.071289	1219.233521
861.908203	1283.463257
860.745117	1246.643799
859.582031	1220.584717
858.417969	1239.654297
857.253906	1224.347900
856.089844	1226.228027
854.925781	1219.518921
853.760742	1302.968750
852.596680	1274.784668
851.430664	1268.069092
850.265625	1297.824097
849.099609	1303.974243
847.933594	1355.150269
846.767578	1299.116089
845.601563	1343.840698
844.434570	1407.830933
843.267578	1420.376587
842.100586	1510.024292
840.933594	1561.087158
839.765625	1577.872559
838.597656	1658.864380
837.429688	1887.480591
836.260742	2013.298828
835.091797	2243.875732
833.922852	2589.834961
832.753906	2952.747314
831.583984	3469.410645
830.414063	3887.536377
829.244141	4339.665527
828.074219	4157.130859
826.903320	3874.294678
825.733398	3623.612061
824.561523	3133.937744
823.390625	2791.749756
822.218750	2468.916992
821.046875	2250.764160
819.875000	2079.632080
818.703125	1966.152100
817.530273	1901.758423
816.357422	1728.684082
815.184570	1666.501831
814.010742	1642.697632
812.836914	1595.472412
811.663086	1558.916016
810.489258	1590.510010
809.314453	1507.138550
808.139648	1511.062378
806.964844	1446.895020
805.790039	1452.957397
804.614258	1435.621582
803.438477	1403.408569
802.262695	1477.505127
801.086914	1326.272339
799.910156	1402.477783
798.733398	1427.661499
797.556641	1410.353271
796.378906	1384.558472
795.201172	1426.713623
794.023438	1388.190552
792.845703	1406.982300
791.666992	1417.278931
790.489258	1414.843628
789.309570	1480.272705
788.130859	1458.741821
786.951172	1469.017212
785.771484	1453.856079
784.591797	1523.455566
783.412109	1448.973999
782.231445	1455.005981
781.050781	1342.458374
779.870117	1365.446899
778.688477	1305.881348
777.506836	1322.519409
776.325195	1271.451904
775.143555	1319.816284
773.960938	1325.866577
772.778320	1268.489502
771.595703	1363.322754
770.413086	1244.679565
769.229492	1303.559082
768.045898	1332.840576
766.862305	1309.313843
765.677734	1439.924316
764.494141	1458.601074
763.309570	1479.379761
762.124023	1424.192139
760.939453	1592.629883
759.753906	1619.691162
758.568359	1777.467407
757.381836	1806.583130
756.196289	1858.868774
755.009766	1986.986084
753.822266	1898.064209
752.635742	1872.366333
751.448242	1796.143433
750.260742	1677.850220
749.073242	1654.322998
747.884766	1569.782349
746.696289	1575.742432
745.507813	1531.220093
744.319336	1501.437378
743.129883	1442.234497
741.940430	1456.624878
740.750977	1441.588501
739.561523	1470.678955
738.371094	1398.932373
737.180664	1419.619141
735.990234	1431.898071
734.798828	1385.397095
733.607422	1466.932251
732.416016	1298.751465
731.224609	1443.199463
730.032227	1365.278931
728.839844	1379.649414
727.647461	1289.200317
726.454102	1297.293823
725.260742	1349.385254
724.067383	1282.046753
722.874023	1271.286621
721.679688	1258.437256
720.486328	1333.517700
719.291016	1280.893555
718.096680	1291.067749
716.901367	1353.537720
715.706055	1280.028564
714.510742	1286.013550
713.315430	1300.358032
712.119141	1318.876221
710.922852	1337.385864
709.725586	1351.708618
708.529297	1340.960205
707.332031	1349.010742
706.134766	1419.690796
704.936523	1354.663818
703.738281	1412.789429
702.540039	1450.025024
701.341797	1433.010254
700.143555	1445.199097
698.944336	1388.578735
697.745117	1411.194092
696.544922	1535.915649
695.345703	1537.651855
694.145508	1585.214478
692.944336	1605.681763
691.744141	1603.236206
690.542969	1731.935791
689.341797	1669.108154
688.140625	1731.151367
686.938477	1720.357910
685.736328	1738.685913
684.534180	1771.560547
683.331055	1758.685913
682.128906	1772.835571
680.925781	1793.212158
679.721680	1784.495605
678.518555	1831.860229
677.314453	1767.073853
676.110352	1777.052490
674.905273	1805.706177
673.701172	1734.744141
672.496094	1885.794312
671.290039	1769.215454
670.084961	1781.255005
668.878906	1824.386353
667.672852	1790.808228
666.466797	1715.800659
665.259766	1705.051392
664.052734	1717.090820
662.845703	1673.212891
661.637695	1774.278198
660.429688	1782.153320
659.221680	1777.608398
658.013672	1715.135498
656.804688	1749.908081
655.595703	1704.013428
654.386719	1670.544556
653.177734	1682.565552
651.967773	1655.316162
650.757813	1675.599121
649.547852	1594.657349
648.336914	1598.423340
647.125977	1461.789551
645.915039	1496.546875
644.703125	1523.033325
643.492188	1539.191040
642.280273	1524.399414
641.067383	1550.860718
639.855469	1620.608521
638.642578	1500.677979
637.429688	1607.501099
636.215820	1471.144775
635.001953	1499.647095
633.788086	1507.541382
632.574219	1515.431763
631.359375	1554.196533
630.144531	1572.362671
628.929688	1534.965332
627.714844	1614.840820
626.499023	1581.563843
625.283203	1659.335449
624.067383	1630.174438
622.850586	1633.910522
621.633789	1746.546875
620.416992	1811.882690
619.200195	1790.927979
617.982422	1852.116455
616.764648	1820.897339
615.546875	1797.901978
614.328125	1764.657349
613.109375	1700.656006
611.890625	1640.785889
610.670898	1689.620239
609.452148	1648.230225
608.232422	1729.833008
607.011719	1635.175903
605.791992	1708.549194
604.571289	1790.081055
603.350586	1767.143677
602.128906	1619.337280
600.907227	1696.739136
599.685547	1639.052246
598.463867	1675.497803
597.241211	1638.295044
596.018555	1635.871582
594.795898	1627.316040
593.573242	1622.851929
592.349609	1640.867432
591.125977	1618.015381
589.901367	1672.787842
588.677734	1696.904663
587.453125	1731.217773
586.227539	1763.473633
585.002930	1814.079712
583.777344	1872.822632
582.551758	1821.397461
581.325195	1957.599365
580.099609	1912.294067
578.873047	1936.309082
577.645508	1972.539185
576.418945	1882.441162
575.191406	1914.592896
573.963867	1903.966553
572.735352	1899.452515
571.507813	1817.595825
570.279297	1870.080933
569.049805	1802.509766
567.821289	1830.565918
566.591797	1765.068481
565.362305	1728.063354
564.131836	1640.261719
562.901367	1554.532959
561.670898	1609.023926
560.440430	1633.022461
559.208984	1596.090210
557.977539	1620.080200
556.746094	1577.078613
555.513672	1477.278564
554.281250	1541.854004
553.048828	1590.172974
551.816406	1486.383423
550.583008	1504.282349
549.349609	1538.387573
548.116211	1562.344727
546.881836	1503.228027
545.647461	1490.723877
544.413086	1488.350220
543.177734	1465.732666
541.943359	1467.413696
540.707031	1499.446899
539.471680	1517.303345
538.235352	1466.383057
536.999023	1494.349243
535.762695	1423.241211
534.525391	1493.648682
533.289063	1505.422607
532.050781	1494.968262
530.813477	1472.400269
529.575195	1538.690796
528.336914	1449.502075
527.098633	1465.308350
525.859375	1414.517578
524.620117	1517.071655
523.380859	1488.478271
522.140625	1554.670654
520.900391	1562.368774
519.660156	1503.552002
518.419922	1481.032959
517.178711	1549.178467
515.937500	1540.757446
514.696289	1610.869995
513.454102	1562.175537
512.211914	1539.668335
510.969727	1593.633667
509.726563	1512.790161
508.483398	1524.500488
507.240234	1558.323120
505.997070	1610.222046
504.752930	1609.841797
503.508789	1579.321655
502.263672	1520.692017
501.019531	1594.642090
499.774414	1636.430664
498.528320	1589.872925
497.283203	1549.357910
496.037109	1593.133423
494.791016	1662.965820
493.543945	1624.467041
492.297852	1583.981323
491.050781	1525.473511
489.802734	1657.381714
488.554688	1604.894653
487.306641	1642.573486
486.058594	1594.119751
484.810547	1655.809082
483.561523	1599.367920
482.311523	1699.049805
481.062500	1678.638306
479.812500	1698.242188
478.562500	1781.830322
477.312500	1667.444336
476.061523	1739.006470
474.810547	1796.545654
473.558594	1834.078003
472.307617	1833.641113
471.055664	1907.091553
469.803711	1956.548828
468.550781	1940.114380
467.297852	2091.311523
466.044922	2162.634277
464.791016	2221.955322
463.538086	2382.946777
462.284180	2511.962891
461.029297	2752.533203
459.774414	3000.958984
458.519531	3197.468506
457.264648	3591.063477
456.009766	3787.336914
454.753906	3893.931641
453.497070	3920.863281
452.241211	3589.615723
450.984375	3346.057129
449.727539	3080.737305
448.469727	2789.695313
447.211914	2717.461914
445.954102	2559.803223
444.696289	2410.167725
443.437500	2407.602539
442.178711	2365.318359
440.919922	2317.097656
439.660156	2364.181641
438.400391	2333.844727
437.140625	2224.158936
435.879883	2142.295654
434.620117	2185.408936
433.358398	2311.772461
432.097656	2354.823486
430.835938	2415.688721
429.574219	2347.744873
428.311523	2363.024658
427.049805	2362.454590
425.787109	2290.612305
424.523438	2391.003906
423.260742	2265.760254
421.997070	2294.888184
420.732422	2391.249268
419.468750	2455.925293
418.204102	2453.354492
416.938477	2476.478027
415.673828	2622.099854
414.408203	2619.489502
413.142578	2743.280273
411.875977	2705.099609
410.609375	2848.549316
409.342773	2851.805664
408.076172	2967.526123
406.808594	3089.107666
405.541016	3048.915283
404.273438	3245.340088
403.004883	3291.859863
401.736328	3389.594482
400.466797	3485.310791
399.198242	3533.706543
397.928711	3698.264160
396.658203	3713.114258
395.388672	3830.307861
394.118164	3890.377197
392.847656	4011.404297
391.576172	4071.398926
390.304688	4127.430664
389.033203	4199.162109
387.760742	4312.131836
386.489258	4261.955078
385.215820	4205.909180
383.943359	4399.315430
382.669922	4292.210938
381.396484	4299.013184
380.123047	4409.826172
378.848633	4426.405273
377.574219	4466.514648
376.298828	4400.704590
375.024414	4362.374023
373.749023	4443.630371
372.472656	4458.217773
371.197266	4382.675293
369.920898	4506.956055
368.643555	4396.189453
367.367188	4489.080566
366.089844	4411.644531
364.812500	4457.522461
363.534180	4299.923340
362.255859	4453.374023
360.977539	4442.500977
359.698242	4316.296875
358.418945	4278.100586
357.139648	4321.985352
355.860352	4297.479004
354.580078	4175.338379
353.299805	4174.307617
352.018555	4229.883789
350.737305	4154.683105
349.456055	4087.322998
348.174805	3988.787354
346.892578	4052.151855
345.610352	3982.915283
344.327148	3991.674805
343.043945	3906.897461
341.760742	3828.005859
340.477539	3731.624268
339.193359	3656.708252
337.909180	3537.055664
336.625000	3526.447266
335.339844	3513.897705
334.054688	3392.422852
332.768555	3292.399414
331.483398	3211.867676
330.197266	3123.600342
328.910156	3173.347900
327.624023	3019.078613
326.336914	2962.000244
325.048828	2963.204102
323.760742	2754.743652
322.472656	2851.098877
321.184570	2745.608154
319.895508	2645.989258
318.606445	2614.298340
317.317383	2667.934814
316.027344	2642.068604
314.737305	2631.718262
313.447266	2549.687012
312.156250	2580.040527
310.866211	2608.441650
309.574219	2609.724365
308.283203	2549.069580
306.991211	2685.817383
305.698242	2673.536621
304.406250	2622.580078
303.113281	2674.128174
301.819336	2764.311523
300.526367	2790.673340
299.232422	2784.175537
297.937500	2893.577881
296.643555	2892.849854
295.348633	3011.822266
294.052734	3136.524658
292.757813	3153.101318
291.461914	3320.146484
290.166016	3462.033691
288.869141	3734.967529
287.572266	3868.966309
286.275391	4095.404297
284.977539	4319.800781
283.679688	4571.050293
282.381836	4677.738281
281.083008	5007.706543
279.784180	5352.904785
278.485352	5561.300293
277.185547	5658.006836
275.885742	5997.004883
274.585938	6303.141602
273.285156	6661.025879
271.984375	6959.148438
270.683594	7370.480957
269.381836	7685.557617
268.080078	7969.746094
266.777344	8380.503906
265.475586	8660.528320
264.172852	8815.677734
262.869141	8982.255859
261.565430	9311.776367
260.261719	9725.496094
258.958008	9613.745117
257.653320	9710.949219
256.348633	10131.909180
255.043945	10213.602539
253.738281	10364.194336
252.432617	10516.622070
251.125977	10584.750000
249.819336	11091.048828
248.512695	11143.686523
247.206055	11334.001953
245.898438	11518.480469
244.590820	11578.607422
243.282227	11543.146484
241.973633	11624.249023
240.665039	11527.664063
239.356445	11526.610352
238.046875	11386.185547
236.736328	11453.875000
235.426758	11347.884766
234.116211	11156.100586
232.805664	11242.862305
231.494141	11112.213867
230.182617	10985.442383
228.871094	11072.174805
227.558594	10941.664063
226.246094	10950.264648
224.933594	10734.158203
223.620117	10803.722656
222.306641	10835.184570
220.992188	10588.825195
219.678711	10430.095703
218.363281	10282.856445
217.048828	10166.112305
215.733398	9977.197266
214.417969	9852.987305
213.102539	9635.750000
211.786133	9532.582031
210.468750	9321.233398
209.152344	9134.670898
207.834961	8910.248047
206.517578	8767.524414
205.199219	8590.730469
203.880859	8577.111328
202.562500	8269.642578
201.243164	8100.692871
199.923828	7973.516113
198.604492	7780.102051
197.284180	7673.904785
195.963867	7601.842285
194.642578	7484.386719
193.322266	7448.362793
192.000000	7421.815918
190.678711	7406.629395
189.356445	7296.905273
188.034180	7429.206055
186.710938	7414.024902
185.387695	7376.177246
184.064453	7617.903809
182.740234	7670.662598
181.416016	7474.188965
180.091797	7685.495605
178.766602	7860.837891
177.441406	7970.062012
176.116211	8022.649902
174.790039	8237.352539
173.463867	8421.782227
172.136719	8591.037109
170.809570	8718.753906
169.482422	8869.002930
168.155273	9175.452148
166.827148	9116.547852
165.498047	9304.203125
164.169922	9538.792969
162.840820	9558.832031
161.510742	9712.367188
160.180664	9796.261719
158.850586	10145.108398
157.520508	10311.510742
156.189453	10353.846680
154.858398	10475.031250
153.526367	10956.612305
152.194336	11073.812500
150.862305	11311.037109
149.529297	11519.995117
148.196289	11914.503906
146.863281	12125.057617
145.529297	12298.008789
144.195313	12594.541016
142.860352	12523.724609
141.526367	12846.252930
140.190430	13046.899414
138.855469	13241.819336
137.519531	13238.263672
136.183594	13303.928711
134.846680	13414.446289
133.509766	13566.038086
132.171875	13401.618164
130.834961	13485.845703
129.496094	13532.657227
128.158203	13502.857422
126.819336	13499.212891
125.480469	13293.946289
124.140625	13210.100586
122.800781	13029.272461
121.460938	12882.115234
120.120117	12680.954102
118.779297	12897.511719
117.437500	12756.091797
116.095703	12607.291992
114.753906	12544.260742
113.411133	12691.701172
112.068359	12526.275391
110.725586	12552.649414
109.381836	12331.520508
108.038086	12043.538086
106.694336	11698.056641
105.349609	11161.253906
104.003906	10503.921875
102.659180	9638.819336
101.313477	8497.381836
99.966797	7648.153320
98.621094	6316.634766
