#Wave		#Intensity
3199.989258	70.924736
3199.284180	70.924736
3198.579102	49.639622
3197.874023	67.357605
3197.168945	38.990456
3196.463867	60.248608
3195.757813	53.152267
3195.052734	74.401581
3194.346680	38.966183
3193.640625	92.087517
3192.934570	49.577843
3192.228516	63.732975
3191.522461	49.562336
3190.816406	81.411087
3190.109375	60.163979
3189.403320	70.770042
3188.696289	74.296875
3187.990234	67.210419
3187.283203	88.420845
3186.576172	67.189255
3185.869141	53.035786
3185.162109	70.703224
3184.455078	56.553646
3183.747070	84.817062
3183.040039	91.870613
3182.332031	88.323135
3181.624023	52.985485
3180.916016	91.826935
3180.208008	70.624886
3179.500000	98.859131
3178.791992	63.542191
3178.083984	88.238991
3177.375977	91.753929
3176.666992	81.153992
3175.958008	49.390194
3175.250000	59.964226
3174.541016	56.427895
3173.832031	66.997398
3173.123047	91.665970
3172.413086	66.975929
3171.704102	66.965187
3170.995117	49.334843
3170.285156	52.850266
3169.575195	70.455681
3168.865234	84.533211
3168.155273	66.911339
3167.445313	63.379467
3166.735352	73.930779
3166.025391	63.359001
3165.315430	49.271255
3164.604492	59.819698
3163.893555	77.401192
3163.183594	45.729656
3162.472656	63.307713
3161.761719	59.780914
3161.050781	87.898827
3160.338867	73.823006
3159.627930	77.325798
3158.916992	56.227787
3158.205078	66.759613
3157.493164	77.287994
3156.782227	66.737823
3156.070313	80.774696
3155.358398	80.761490
3154.645508	73.726685
3153.933594	87.755486
3153.221680	59.663952
3152.508789	52.636028
3151.795898	66.661354
3151.083984	59.634575
3150.371094	73.654129
3149.658203	87.669060
3148.945313	98.173180
3148.231445	84.134567
3147.518555	77.110634
3146.804688	66.584557
3146.091797	59.565819
3145.377930	77.072433
3144.664063	80.562401
3143.950195	108.566132
3143.236328	70.031067
3142.522461	49.013618
3141.808594	66.507446
3141.093750	97.994698
3140.379883	80.482269
3139.665039	97.962128
3138.950195	66.463242
3138.235352	80.442108
3137.520508	90.919403
3136.805664	104.889511
3136.089844	66.418938
3135.375000	73.398148
3134.659180	83.869576
3133.944336	97.831482
3133.228516	76.854729
3132.512695	97.798729
3131.796875	76.828979
3131.081055	118.715782
3130.364258	87.276367
3129.648438	80.280777
3128.932617	83.757164
3128.215820	94.210968
3127.499023	94.195114
3126.782227	87.203011
3126.065430	104.625977
3125.348633	69.738892
3124.631836	80.186188
3123.914063	69.715347
3123.197266	66.218391
3122.479492	80.145554
3121.761719	73.163994
3121.043945	97.535469
3120.326172	90.553307
3119.608398	80.091270
3118.890625	90.522598
3118.171875	69.620949
3117.454102	90.491859
3116.735352	86.996613
3116.016602	80.023270
3115.298828	104.360413
3114.579102	86.952194
3113.860352	97.369865
3113.141602	76.491844
3112.422852	111.241882
3111.703125	83.417168
3110.983398	86.878036
3110.264648	107.710342
3109.544922	104.217987
3108.825195	86.833450
3108.104492	69.454865
3107.384766	90.275848
3106.665039	100.675026
3105.944336	83.302963
3105.224609	72.877579
3104.503906	93.683640
3103.783203	104.075035
3103.062500	79.777138
3102.341797	86.699348
3101.620117	90.151794
3100.899414	86.669479
3100.177734	90.120712
3099.457031	65.846077
3098.735352	103.949547
3098.013672	110.860359
3097.291992	96.986046
3096.570313	83.116516
3095.847656	76.176956
3095.125977	90.011719
3094.403320	110.764458
3093.680664	93.441307
3092.958984	86.504723
3092.236328	107.247238
3091.513672	110.687599
3090.790039	89.918045
3090.067383	107.191330
3089.343750	110.629868
3088.621094	86.414536
3087.897461	107.135361
3087.173828	89.839806
3086.450195	89.824142
3085.726563	127.804359
3085.002930	107.060638
3084.278320	107.041939
3083.554688	86.309059
3082.830078	103.552757
3082.105469	86.278870
3081.381836	103.516518
3080.657227	93.148544
3079.931641	86.233536
3079.207031	93.115891
3078.482422	110.340210
3077.756836	110.320847
3077.031250	124.089149
3076.306641	103.389458
3075.581055	110.262695
3074.854492	72.347168
3074.128906	120.557388
3073.403320	103.316704
3072.676758	106.741783
3071.951172	120.493675
3071.224609	106.704147
3070.498047	99.802391
3069.771484	110.107330
3069.044922	127.289108
3068.318359	110.068420
3067.590820	85.975746
3066.864258	110.029488
3066.136719	96.258759
3065.409180	113.427727
3064.682617	99.661247
3063.954102	134.003433
3063.226563	103.061279
3062.499023	123.651588
3061.771484	96.156380
3061.042969	92.705750
3060.314453	102.988083
3059.585938	133.860703
3058.857422	92.656303
3058.128906	130.381958
3057.400391	99.484299
3056.671875	133.765396
3055.942383	89.161034
3055.212891	116.574394
3054.484375	106.269455
3053.754883	109.677917
3053.025391	143.926559
3052.295898	92.507683
3051.565430	95.916740
3050.835938	126.724449
3050.105469	95.882423
3049.375000	119.831566
3048.645508	130.079544
3047.915039	119.788628
3047.184570	123.189072
3046.453125	102.639145
3045.722656	136.827637
3044.991211	95.762146
3044.260742	109.422791
3043.529297	123.078514
3042.797852	112.801689
3042.066406	123.034256
3041.334961	123.012108
3040.602539	116.157188
3039.871094	105.888947
3039.138672	136.606277
3038.407227	122.923485
3037.674805	102.417763
3036.942383	133.119064
3036.209961	146.745804
3035.476563	136.483063
3034.744141	95.520882
3034.010742	112.557831
3033.278320	119.357925
3032.544922	112.517113
3031.811523	112.496742
3031.078125	122.701500
3030.344727	146.533569
3029.610352	136.285583
3028.876953	132.854355
3028.142578	122.612541
3027.408203	153.237869
3026.673828	122.568031
3025.939453	129.353867
3025.205078	139.540649
3024.470703	119.098412
3023.735352	132.685516
3023.000977	119.055084
3022.265625	159.844864
3021.530273	153.015091
3020.794922	118.990059
3020.059570	129.165665
3019.324219	135.939056
3018.587891	139.312119
3017.852539	125.697754
3017.116211	112.088341
3016.379883	159.611816
3015.643555	118.838142
3014.907227	142.579712
3014.170898	139.159500
3013.434570	118.772964
3012.697266	176.430389
3011.959961	156.044464
3011.223633	159.407532
3010.486328	145.814209
3009.749023	132.225861
3009.010742	152.540329
3008.273438	159.290665
3007.536133	135.541641
3006.797852	138.904678
3006.059570	149.041061
3005.321289	179.493744
3004.583008	148.986282
3003.844727	128.646317
3003.106445	145.546692
3002.367188	135.367355
3001.628906	152.260239
3000.889648	169.146881
3000.150391	158.968781
2999.411133	172.466248
2998.671875	169.053375
2997.932617	169.022202
2997.192383	182.510284
2996.453125	162.201431
2995.712891	155.414322
2994.972656	175.653305
2994.232422	151.979584
2993.492188	172.211685
2992.751953	168.803772
2992.010742	151.895279
2991.270508	188.990265
2990.529297	161.961655
2989.788086	188.920273
2989.046875	188.885269
2988.305664	171.988632
2987.564453	178.700150
2986.822266	182.038086
2986.081055	178.633865
2985.338867	195.449829
2984.596680	178.567535
2983.854492	181.902954
2983.112305	178.501205
2982.370117	168.366058
2981.627930	175.068146
2980.884766	171.669510
2980.141602	168.272125
2979.399414	185.064896
2978.656250	201.851379
2977.913086	215.268036
2977.168945	184.961502
2976.425781	195.013947
2975.681641	188.254227
2974.938477	221.829666
2974.194336	215.067413
2973.450195	225.106674
2972.706055	248.578857
2971.961914	235.098251
2971.216797	204.833054
2970.472656	204.794769
2969.727539	245.036438
2968.982422	204.718170
2968.237305	255.010986
2967.492188	265.027618
2966.747070	251.561371
2966.001953	217.979034
2965.255859	201.173721
2964.509766	274.885895
2963.764648	254.724518
2963.018555	294.888855
2962.272461	234.526688
2961.525391	247.881683
2960.779297	257.882538
2960.032227	304.713013
2959.286133	287.916443
2958.539063	311.292999
2957.791992	304.541290
2957.044922	314.521973
2956.297852	321.153503
2955.549805	314.403625
2954.802734	284.247650
2954.054688	290.881073
2953.306641	314.226105
2952.558594	300.798096
2951.810547	334.157135
2951.062500	317.389435
2950.314453	330.690826
2949.565430	333.968109
2948.816406	333.905121
2948.067383	373.903137
2947.319336	297.063354
2946.569336	363.750458
2945.820313	333.652954
2945.071289	330.254028
2944.321289	340.197388
2943.571289	336.798431
2942.822266	356.738739
2942.072266	326.670868
2941.321289	309.945313
2940.571289	326.547211
2939.821289	319.822388
2939.070313	346.408630
2938.320313	356.333649
2937.569336	336.288544
2936.818359	322.908936
2936.066406	369.444275
2935.315430	316.131042
2934.564453	352.668762
2933.812500	329.316772
2933.060547	322.602631
2932.309570	359.118225
2931.556641	322.480072
2930.804688	315.770966
2930.052734	315.710938
2929.299805	292.392395
2928.547852	338.844910
2927.794922	318.852142
2927.041992	318.791473
2926.289063	338.651428
2925.536133	348.545380
2924.783203	388.305145
2924.029297	325.185059
2923.275391	335.075806
2922.522461	331.694977
2921.768555	344.896973
2921.014648	314.989990
2920.259766	295.039581
2919.505859	314.869751
2918.750977	298.240692
2917.997070	321.375793
2917.242188	347.814545
2916.487305	351.059967
2915.732422	324.502838
2914.977539	347.615112
2914.221680	317.758728
2913.466797	357.410187
2912.710938	337.489441
2911.955078	337.424835
2911.199219	324.130402
2910.443359	350.522858
2909.687500	333.924774
2908.930664	340.471893
2908.174805	310.662354
2907.417969	333.732758
2906.661133	350.186981
2905.904297	320.392639
2905.147461	369.866913
2904.389648	343.381897
2903.632813	353.219299
2902.875000	343.250000
2902.117188	356.383453
2901.359375	353.015747
2900.601563	333.156403
2899.843750	366.071777
2899.085938	356.109436
2898.327148	323.074158
2897.568359	306.531799
2896.810547	349.313049
2896.051758	322.887634
2895.291992	339.296112
2894.533203	372.165771
2893.774414	362.215454
2893.014648	375.314545
2892.254883	345.617798
2891.496094	332.387299
2890.736328	322.452179
2889.975586	361.866272
2889.215820	378.241699
2888.455078	361.726563
2887.695313	345.217773
2886.934570	371.448303
2886.173828	341.797852
2885.413086	391.020050
2884.652344	367.947723
2883.890625	328.461212
2883.129883	354.669495
2882.368164	367.734222
2881.606445	367.663055
2880.844727	367.591888
2880.083008	341.269226
2879.321289	393.695923
2878.558594	344.417175
2877.796875	373.866180
2877.034180	357.399261
2876.271484	334.382172
2875.508789	373.648773
2874.746094	367.022308
2873.983398	399.714569
2873.219727	350.501312
2872.456055	353.708344
2871.693359	343.816315
2870.929688	379.761383
2870.165039	376.414429
2869.401367	356.706085
2868.637695	428.618469
2867.873047	376.194977
2867.109375	366.309937
2866.344727	362.968658
2865.580078	392.322205
2864.814453	392.245850
2864.049805	359.488678
2863.285156	398.627991
2862.519531	365.882263
2861.753906	382.141846
2860.988281	395.129486
2860.222656	372.198181
2859.457031	391.711182
2858.690430	404.689270
2857.924805	385.032410
2857.158203	388.219604
2856.391602	404.452393
2855.625000	391.329132
2854.858398	355.387878
2854.091797	374.877258
2853.324219	391.099854
2852.557617	371.472260
2851.790039	403.978546
2851.022461	400.642303
2850.254883	439.643341
2849.487305	423.277435
2848.718750	406.917877
2847.951172	423.111786
2847.182617	400.250458
2846.414063	341.610321
2845.645508	432.621643
2844.876953	396.763153
2844.108398	390.182343
2843.338867	367.349670
2842.570313	393.279602
2841.800781	328.210327
2841.031250	406.121216
2840.261719	357.316559
2839.491211	376.732574
2838.721680	379.905670
2837.951172	405.802429
2837.181641	363.527557
2836.411133	389.417297
2835.640625	395.829773
2834.870117	405.483582
2834.098633	356.755402
2833.328125	405.324127
2832.556641	405.244385
2831.785156	398.682037
2831.013672	382.400177
2830.242188	349.924469
2829.470703	330.419159
2828.699219	404.845673
2827.926758	385.337158
2827.154297	388.498718
2826.381836	398.132690
2825.609375	375.400696
2824.836914	391.504547
2824.064453	391.427307
2823.291016	320.195526
2822.518555	391.272858
2821.745117	368.564484
2820.971680	336.167877
2820.198242	349.028442
2819.423828	378.039459
2818.650391	384.425690
2817.875977	377.890045
2817.102539	400.419678
2816.328125	371.283539
2815.553711	390.577576
2814.778320	403.409424
2814.003906	393.649658
2813.228516	393.571747
2812.454102	370.916321
2811.678711	374.067566
2810.903320	393.337982
2810.127930	393.260040
2809.351563	351.285645
2808.576172	376.993317
2807.799805	367.253998
2807.023438	428.378021
2806.247070	383.209564
2805.470703	360.596252
2804.694336	373.400543
2803.916992	337.924774
2803.140625	350.728424
2802.363281	395.697510
2801.585938	305.559296
2800.808594	302.282806
2800.031250	376.170837
2799.252930	366.452545
2798.475586	324.599548
2797.697266	318.108521
2796.918945	379.084198
2796.140625	353.313263
2795.362305	401.412415
2794.583984	401.332458
2793.804688	346.682190
2793.026367	346.613129
2792.247070	385.048950
2791.467773	349.683075
2790.688477	378.480499
2789.908203	352.750458
2789.128906	381.535706
2788.348633	333.376434
2787.569336	336.514801
2786.789063	371.694519
2786.007813	326.769592
2785.227539	329.907288
2784.447266	355.460144
2783.666016	320.170349
2782.884766	326.508484
2782.104492	316.841949
2781.323242	339.177063
2780.541016	310.316925
2779.759766	332.644348
2778.977539	322.984192
2778.196289	354.891754
2777.414063	364.410431
2776.631836	348.357727
2775.849609	341.897339
2775.066406	345.023468
2774.284180	316.208130
2773.500977	354.465302
2772.717773	386.321625
2771.934570	347.938904
2771.151367	398.932465
2770.368164	341.417633
2769.583984	312.637482
2768.800781	354.038696
2768.016602	376.289856
2767.232422	341.143433
2766.448242	347.450104
2765.664063	347.380280
2764.878906	372.801086
2764.094727	350.426270
2763.309570	369.466064
2762.524414	331.178802
2761.739258	353.398529
2760.954102	362.876770
2760.167969	340.526276
2759.382813	397.730927
2758.596680	378.563538
2757.810547	356.223297
2757.024414	308.452606
2756.238281	349.721100
2755.452148	390.972870
2754.665039	371.825989
2753.877930	384.460388
2753.090820	362.145752
2752.303711	339.840118
2751.516602	342.946899
2750.729492	355.576782
2749.941406	374.549835
2749.154297	374.474121
2748.366211	352.188324
2747.578125	323.567078
2746.790039	348.874298
2746.000977	383.684052
2745.212891	367.754913
2744.423828	355.001801
2743.634766	361.267944
2742.845703	370.699890
2742.056641	405.469849
2741.267578	392.719299
2740.477539	386.306763
2739.688477	383.062622
2738.898438	370.324280
2738.108398	392.400787
2737.318359	373.337860
2736.528320	357.445862
2735.737305	373.186279
2734.946289	379.434357
2734.156250	369.873352
2733.365234	347.673492
2732.574219	372.883026
2731.782227	391.763489
2730.991211	360.096405
2730.199219	375.813629
2729.407227	363.107300
2728.616211	413.542389
2727.823242	350.334778
2727.031250	375.507629
2726.239258	378.585999
2725.446289	334.349487
2724.653320	409.967651
2723.860352	337.366119
2723.067383	356.211151
2722.274414	375.048492
2721.481445	384.425018
2720.687500	352.842712
2719.893555	377.968567
2719.099609	368.444092
2718.305664	330.587372
2717.511719	371.441315
2716.717773	380.806854
2715.922852	371.289429
2715.127930	374.359344
2714.333008	393.154144
2713.538086	333.326477
2712.743164	383.561371
2711.947266	402.342621
2711.152344	411.688171
2710.356445	386.467682
2709.560547	370.681641
2708.764648	405.153595
2707.968750	376.809784
2707.171875	426.963470
2706.375977	379.793945
2705.579102	392.268585
2704.782227	373.363007
2703.985352	379.560028
2703.188477	363.800964
2702.390625	391.946320
2701.593750	369.921265
2700.795898	423.127991
2699.998047	391.704559
2699.200195	388.490967
2698.402344	363.352234
2697.603516	363.277435
2696.804688	369.464722
2696.006836	375.649414
2695.208008	403.739899
2694.409180	413.044037
2693.609375	353.517822
2692.810547	365.956238
2692.010742	390.898193
2691.210938	365.805206
2690.411133	387.610931
2689.611328	378.155121
2688.811523	434.319885
2688.011719	390.494720
2687.210938	349.810944
2686.410156	384.087921
2685.609375	384.008484
2684.808594	380.807648
2684.007813	430.660461
2683.206055	390.010254
2682.404297	383.690613
2681.603516	377.373535
2680.801758	364.822754
2679.999023	411.509583
2679.197266	364.671478
2678.395508	358.363434
2677.592773	361.404633
2676.790039	383.133972
2675.987305	389.282959
2675.184570	389.202087
2674.380859	410.912018
2673.578125	435.725220
2672.774414	413.852875
2671.970703	398.211670
2671.166992	379.466553
2670.363281	419.814117
2669.559570	419.726715
2668.754883	407.205566
2667.950195	382.258392
2667.146484	403.928741
2666.340820	416.270538
2665.536133	375.807709
2664.731445	400.570923
2663.925781	388.069122
2663.120117	384.884216
2662.314453	397.216888
2661.508789	387.826080
2660.703125	387.745056
2659.897461	490.007324
2659.090820	427.891602
2658.284180	381.301880
2657.477539	387.420837
2656.670898	402.833344
2655.864258	396.552856
2655.090820	403.548553
2655.056641	408.859497
2654.285156	422.173889
2654.250000	377.806122
2653.479492	350.720306
2653.442383	430.361023
2652.673828	425.140961
2652.634766	408.602478
2651.868164	384.736969
2651.827148	414.706421
2651.062500	378.470367
2651.018555	436.278656
2650.256836	381.510834
2650.210938	436.187103
2649.450195	440.372070
2649.402344	439.188385
2648.644531	396.890778
2648.593750	426.727264
2647.837891	409.227203
2647.785156	401.904999
2647.031250	375.064026
2646.976563	485.275543
2646.224609	452.483032
2646.166992	407.916595
2645.417969	365.645966
2645.358398	398.561920
2644.610352	402.764709
2644.548828	420.100922
2643.803711	408.894409
2643.739258	373.687592
2642.997070	415.022064
2642.929688	423.011749
2642.189453	399.470947
2642.120117	438.357788
2641.381836	414.886505
2641.309570	419.747192
2640.574219	421.009949
2640.500000	413.487274
2639.766602	427.131317
2639.689453	434.995605
2638.958984	399.209503
2638.878906	413.312897
2638.150391	411.520569
2638.068359	403.974365
2637.342773	386.703979
2637.256836	431.637207
2636.534180	402.106049
2636.446289	400.721375
2635.725586	368.021149
2635.634766	400.636719
2634.916992	395.789520
2634.823242	412.876740
2634.108398	411.182312
2634.011719	428.192078
2633.299805	423.478851
2633.200195	418.861938
2632.491211	429.590118
2632.388672	381.822754
2631.681641	386.258240
2631.576172	397.134766
2630.873047	414.000366
2630.763672	440.141479
2630.063477	376.863342
2629.952148	440.048279
2629.253906	432.394531
2629.138672	452.261505
2628.444336	416.882751
2628.326172	436.785858
2627.634766	419.901093
2627.513672	405.940216
2626.825195	413.657379
2626.700195	442.749969
2626.014648	444.453491
2625.886719	445.730042
2625.205078	432.035675
2625.073242	439.488739
2624.394531	416.536499
2624.259766	417.886566
2623.583984	456.571350
2623.446289	384.005341
2622.773438	425.650940
2622.631836	451.494324
2621.962891	385.489075
2621.818359	420.690979
2621.152344	416.258667
2621.003906	426.741699
2620.341797	413.106201
2620.189453	438.928650
2619.530273	416.119476
2619.375000	426.560120
2618.718750	416.049805
2618.559570	423.401215
2617.908203	456.037445
2617.745117	444.783325
2617.096680	428.233612
2616.929688	438.554932
2616.284180	446.643524
2616.114258	478.321594
2615.472656	452.728088
2615.298828	453.695526
2614.661133	437.255646
2614.483398	453.598755
2613.848633	458.733307
2613.666992	422.859955
2613.037109	384.778595
2612.851563	435.023895
2612.224609	480.122772
2612.035156	496.188873
2611.412109	436.961121
2611.218750	450.149292
2610.599609	421.504028
2610.402344	410.252472
2609.787109	421.432831
2609.584961	462.200592
2608.973633	455.193542
2608.768555	400.896210
2608.161133	430.515656
2607.951172	425.287384
2607.347656	479.636230
2607.133789	406.842560
2606.535156	427.295746
2606.316406	440.396881
2605.721680	482.547180
2605.499023	522.859253
2604.908203	439.442902
2604.680664	473.835175
2604.093750	445.513306
2603.863281	452.339172
2603.280273	463.869476
2603.044922	433.908020
2602.466797	420.790131
2602.226563	424.649811
2601.652344	463.711639
2601.408203	427.613037
2600.837891	405.294769
2600.589844	409.198883
2600.023438	466.623474
2599.770508	439.641632
2599.208984	451.197052
2598.951172	415.127869
2598.394531	494.083832
2598.132813	469.970184
2597.580078	484.794434
2597.313477	472.920197
2596.764648	466.304779
2596.493164	472.818451
2595.950195	521.435852
2595.673828	463.567322
2595.134766	423.210724
2594.853516	451.270966
2594.319336	478.330139
2594.034180	487.755402
2593.503906	438.394104
2593.213867	451.076508
2592.688477	487.361511
2592.392578	496.686584
2591.872070	432.114288
2591.572266	447.835449
2591.056641	484.129944
2590.751953	456.876343
2590.240234	444.220062
2589.930664	475.048798
2589.423828	450.269714
2589.109375	465.812622
2588.608398	419.566833
2588.288086	465.711975
2587.791992	474.610596
2587.466797	523.432312
2586.974609	434.729523
2586.644531	447.255280
2586.158203	449.959229
2585.823242	468.451782
2585.340820	449.881500
2585.000977	447.061737
2584.524414	507.941620
2584.178711	413.518555
2583.707031	486.438232
2583.356445	459.027771
2582.889648	419.059753
2582.534180	501.477936
2582.072266	434.278687
2581.710938	483.137604
2581.254883	467.838867
2580.888672	461.767212
2580.437500	486.101135
2580.065430	479.890686
2579.619141	464.619781
2579.242188	434.237152
2578.800781	461.482910
2578.417969	497.898071
2577.983398	473.625275
2577.594727	500.825195
2577.165039	449.101959
2576.770508	476.439178
2576.346680	482.624207
2575.947266	455.097656
2575.527344	427.567200
2575.123047	421.632080
2574.708984	494.670105
2574.298828	467.030243
2573.889648	497.636780
2573.473633	445.704529
2573.071289	467.025391
2572.649414	466.826813
2572.251953	454.736145
2571.824219	469.755768
2571.432617	436.348328
2570.999023	445.413147
2570.613281	509.492493
2570.173828	451.374695
2569.793945	466.698853
2569.348633	478.534485
2568.973633	439.169067
2568.522461	451.177643
2568.154297	442.141327
2567.697266	466.215973
2567.333984	490.843262
2566.871094	469.140778
2566.513672	490.757111
2566.044922	453.907959
2565.693359	487.623291
2565.218750	484.062561
2564.873047	499.726074
2564.392578	456.734070
2564.052734	444.799866
2563.565430	544.331970
2563.231445	487.366119
2562.738281	486.768097
2562.411133	481.189331
2561.911133	459.456726
2561.589844	447.609924
2561.083984	414.024811
2560.768555	541.908325
2560.256836	471.340912
2559.947266	487.022675
2559.428711	486.341217
2559.125977	483.893372
2558.601563	486.234436
2558.304688	508.150421
2557.773438	455.933380
2557.482422	477.637848
2556.945313	470.927002
2556.660156	471.469879
2556.117188	491.950165
2555.838867	480.510071
2555.288086	464.685028
2555.016602	459.140320
2554.459961	476.649841
2554.194336	456.018860
2553.630859	431.303284
2553.371094	541.046448
2552.801758	530.717896
2552.548828	501.442841
2551.972656	476.334930
2551.726563	501.353821
2551.142578	461.159332
2550.903320	504.302734
2550.313477	470.097961
2550.080078	455.614258
2549.483398	521.211548
2549.256836	446.422577
2548.653320	469.890442
2548.433594	494.924713
2547.823242	448.706451
2547.610352	464.478516
2546.993164	469.682800
2546.786133	506.889496
2546.163086	496.670044
2545.962891	509.833832
2545.332031	490.541260
2545.138672	518.845459
2544.500977	475.388733
2544.314453	530.887390
2543.669922	466.259094
2543.490234	473.163696
2542.838867	505.252716
2542.666016	476.111694
2542.006836	505.140747
2541.841797	509.378754
2541.175781	502.022583
2541.016602	500.193207
2540.343750	480.873016
2540.192383	506.165527
2539.511719	477.761475
2539.367188	460.619019
2538.679688	486.667725
2538.541992	490.834930
2537.847656	486.559601
2537.716797	602.831055
2537.014648	489.454224
2536.891602	539.118958
2536.181641	489.345337
2536.065430	493.598969
2535.348633	465.224854
2535.240234	508.648651
2534.515625	468.122040
2534.414063	526.719971
2533.682617	492.018677
2533.587891	499.386017
2532.848633	482.910706
2532.761719	526.530457
2532.015625	527.784668
2531.935547	481.053284
2531.181641	533.663147
2531.109375	487.016510
2530.347656	455.610626
2530.282227	486.928741
2529.513672	464.499176
2529.456055	517.079468
2528.678711	482.371979
2528.628906	504.892914
2527.843750	524.200195
2527.801758	465.505798
2527.009766	476.166779
2526.974609	522.843872
2526.174805	520.971558
2526.147461	498.575958
2525.338867	484.933899
2525.319336	504.528046
2524.503906	472.854279
2524.492188	525.580811
2523.667969	427.867126
2523.664063	480.185150
2522.835938	468.020203
2522.833008	478.625092
2522.007813	513.219421
2521.997070	523.378784
2521.179688	534.255066
2521.160156	442.529541
2520.351563	537.175964
2520.324219	514.175598
2519.522461	518.974670
2519.488281	496.127716
2518.694336	500.779938
2518.651367	475.099823
2517.865234	488.624115
2517.814453	522.791016
2517.036133	515.676086
2516.977539	480.859467
2516.207031	470.355743
2516.139648	477.765167
2515.377930	548.648499
2515.302734	474.672180
2514.548828	539.506531
2514.464844	480.534546
2513.718750	476.125671
2513.626953	456.554047
2512.888672	515.206604
2512.789063	495.234467
2512.058594	512.100281
2511.951172	533.897339
2511.229492	505.983185
2511.112305	515.884766
2510.398438	481.800751
2510.274414	471.048370
2509.568359	481.712708
2509.435547	530.554749
2508.738281	508.716034
2508.596680	506.594940
2507.907227	523.670959
2507.757813	446.894348
2507.076172	514.547974
2506.917969	494.451050
2506.245117	493.394257
2506.078125	530.074341
2505.414063	478.264130
2505.239258	479.340546
2504.583008	538.324463
2504.399414	523.880737
2503.751953	541.232544
2503.558594	496.978516
2502.919922	484.013641
2502.718750	473.063690
2502.087891	492.942017
2501.877930	535.422119
2501.255859	549.950134
2501.037109	535.300354
2500.423828	525.811951
2500.196289	520.312500
2499.591797	555.756165
2499.355469	543.974365
2498.759766	504.593842
2498.514648	487.385132
2497.926758	498.495026
2497.672852	522.928284
2497.094727	489.395966
2496.831055	460.428436
2496.261719	519.324585
2495.989258	498.931152
2495.428711	522.230164
2495.147461	504.755554
2494.595703	507.130035
2494.305664	477.924042
2493.762695	510.036682
2493.462891	477.814819
2492.928711	521.941223
2492.620117	528.146545
2492.095703	521.844788
2491.777344	501.327789
2491.261719	479.768646
2490.934570	510.110291
2490.427734	530.645935
2490.091797	512.958557
2489.593750	557.524841
2489.248047	539.520569
2488.759766	530.449646
2488.404297	521.614563
2487.924805	524.358765
2487.560547	524.457947
2487.090820	536.244812
2486.716797	515.450439
2486.255859	533.150208
2485.873047	527.178772
2485.420898	527.062073
2485.028320	527.057617
2484.585938	547.923096
2484.184570	529.896729
2483.750977	529.860107
2483.339844	544.572998
2482.916016	538.740723
2482.494141	491.186432
2482.080078	508.716187
2481.649414	538.405640
2481.245117	511.613556
2480.803711	532.366394
2480.409180	550.405823
2479.958984	523.372864
2479.573242	550.303467
2479.113281	532.120789
2478.737305	487.406372
2478.267578	540.864563
2477.900391	511.232971
2477.420898	567.333313
2477.064453	499.181335
2476.575195	531.752014
2476.227539	537.939514
2475.728516	508.001099
2475.391602	507.959259
2474.881836	516.741943
2474.554688	549.688660
2474.035156	516.622253
2473.717773	528.677917
2473.187500	531.259766
2472.879883	573.374084
2472.340820	510.481293
2472.042969	504.594421
2471.493164	551.663940
2471.205078	519.426208
2470.645508	542.687683
2470.368164	546.190918
2469.797852	545.510315
2469.530273	543.104736
2468.949219	536.539490
2468.692383	545.986633
2468.101563	545.256714
2467.854492	530.969604
2467.252930	536.289917
2467.015625	539.817383
2466.404297	456.624054
2466.177734	554.625549
2465.555664	574.328674
2465.338867	518.746033
2464.707031	538.859741
2464.500000	563.359863
2463.857422	506.351135
2463.661133	542.392944
2463.007813	509.176178
2462.822266	530.372681
2462.158203	553.195129
2461.983398	610.707764
2461.308594	564.833252
2461.143555	551.023010
2460.458984	523.525024
2460.304688	518.162109
2459.608398	552.807190
2459.464844	562.725464
2458.757813	555.617554
2458.625000	580.480591
2457.907227	555.487366
2457.785156	607.157715
2457.056641	555.357178
2456.944336	505.869537
2456.205078	514.098999
2456.104492	559.326843
2455.354492	555.096558
2455.263672	544.348572
2454.502930	543.220886
2454.422852	559.116089
2453.651367	516.672485
2453.582031	582.798401
2452.799805	519.485962
2452.741211	606.471680
2451.947266	572.180359
2451.900391	576.633850
2451.095703	551.510681
2451.059570	520.061218
2450.243164	568.977966
2450.217773	585.329773
2449.390625	521.928894
2449.375977	537.688660
2448.537109	518.874268
2448.534180	546.497314
2447.692383	561.241638
2447.684570	509.959412
2446.850586	573.011353
2446.831055	518.629272
2446.008789	561.029297
2445.977539	524.365540
2445.166016	557.955261
2445.124023	524.241516
2444.323242	569.718689
2444.270508	553.397766
2443.480469	560.710632
2443.416016	564.976074
2442.637695	554.671997
2442.562500	573.622131
2441.794922	578.291626
2441.708008	561.782349
2440.952148	536.671387
2440.853516	529.471252
2440.108398	560.285339
2439.998047	552.742004
2439.264648	539.431580
2439.143555	552.610718
2438.421875	577.852661
2438.288086	549.556152
2437.577148	586.631226
2437.432617	543.580505
2436.733398	586.519714
2436.577148	566.825317
2435.889648	541.983337
2435.720703	505.347565
2435.044922	559.646790
2434.865234	519.829041
2434.201172	553.619263
2434.008789	537.223206
2433.356445	583.113525
2433.152344	569.203979
2432.511719	662.906372
2432.295898	536.966736
2431.666992	556.261841
2431.438477	539.756042
2430.821289	529.531311
2430.582031	565.879089
2429.976563	532.388062
2429.724609	559.911255
2429.130859	570.729431
2428.867188	530.622131
2428.285156	614.969299
2428.008789	568.387451
2427.439453	555.731506
2427.151367	547.852417
2426.593750	597.001770
2426.292969	547.720947
2425.747070	555.519287
2425.434570	527.200500
2424.901367	570.184753
2424.576172	535.809875
2424.054688	578.937012
2423.717773	550.237610
2423.208008	634.937012
2422.858398	576.300720
2422.361328	608.241882
2422.000000	541.243042
2421.514648	557.940369
2421.140625	532.385010
2420.667969	546.027527
2420.281250	517.714172
2419.820313	566.579468
2419.420898	535.036072
2418.973633	616.627197
2418.561523	526.185608
2418.125977	569.312134
2417.701172	604.531311
2417.278320	583.949158
2416.840820	578.233887
2416.430664	530.761047
2415.979492	549.044067
2415.582031	557.192200
2415.119141	540.198303
2414.734375	554.137695
2414.257813	516.838745
2413.885742	515.720581
2413.396484	508.004791
2413.037109	524.460754
2412.188477	589.168518
2411.339844	594.945801
2410.491211	556.550171
2409.641602	606.493530
2408.791992	573.997498
2407.942383	562.114929
2407.092773	564.949158
2406.243164	538.363403
2405.393555	573.555359
2404.542969	570.504089
2403.693359	546.872620
2402.842773	567.344421
2401.992188	596.625305
2401.141602	605.325562
2400.290039	537.636841
2399.439453	613.903748
2398.587891	637.279297
2397.736328	590.176880
2396.884766	554.835083
2396.033203	601.688843
2395.180664	519.406433
2394.329102	572.116638
2393.476563	563.205750
2392.624023	589.491821
2391.771484	580.580933
2390.918945	586.331665
2390.066406	609.666687
2389.212891	553.868530
2388.359375	594.780396
2387.505859	585.876831
2386.652344	591.620667
2385.798828	579.792786
2384.945313	553.331055
2384.090820	576.640381
2383.236328	561.895569
2382.381836	576.416138
2381.527344	561.676941
2380.672852	564.492493
2379.818359	596.549500
2378.962891	584.738525
2378.107422	552.470276
2377.251953	590.355835
2376.396484	581.474792
2375.541016	563.832886
2374.684570	595.852234
2373.829102	627.858948
2372.972656	627.736450
2372.116211	583.826843
2371.259766	598.305664
2370.403320	615.696716
2369.545898	583.484741
2368.688477	597.954956
2367.832031	577.424011
2366.974609	623.962463
2366.116211	594.688965
2365.258789	579.999695
2364.401367	623.596191
2363.542969	582.686035
2362.684570	602.961853
2361.826172	629.054321
2360.967773	620.195801
2360.108398	634.629944
2359.250000	593.757385
2358.390625	567.450867
2357.531250	642.984741
2356.671875	610.861023
2355.812500	581.658142
2354.953125	564.097534
2354.092773	549.450928
2353.232422	633.633667
2352.372070	598.637024
2351.511719	604.330139
2350.651367	615.830688
2349.790039	636.039490
2348.929688	586.551086
2348.068359	586.435547
2347.207031	618.248352
2346.345703	629.734558
2345.484375	623.807556
2344.622070	658.494873
2343.759766	606.159851
2342.897461	626.338257
2342.035156	649.407837
2341.172852	657.975342
2340.310547	562.211487
2339.447266	651.920654
2338.584961	631.513855
2337.721680	625.596497
2336.858398	616.785706
2335.994141	634.034546
2335.130859	602.068970
2334.266602	671.405640
2333.403320	642.338562
2332.539063	645.104248
2331.674805	630.515137
2330.809570	650.632141
2329.945313	633.156494
2329.080078	607.016052
2328.214844	664.695251
2327.349609	661.674072
2326.484375	673.098145
2325.619141	655.635010
2324.752930	635.291138
2323.887695	612.068054
2323.021484	637.925415
2322.155273	620.482849
2321.289063	640.557373
2320.421875	623.121094
2319.555664	620.112976
2318.688477	666.128479
2317.821289	640.048035
2316.954102	596.682800
2316.085938	657.085083
2315.218750	616.614929
2314.350586	648.181030
2313.483398	673.973999
2312.615234	665.200745
2311.746094	650.672729
2310.877930	685.085144
2310.008789	621.633972
2309.140625	641.651489
2308.271484	650.153870
2307.402344	690.291077
2306.533203	655.645630
2305.663086	692.890503
2304.793945	649.634766
2303.923828	701.235474
2303.053711	652.248535
2302.183594	660.736450
2301.312500	666.348755
2300.442383	680.573547
2299.571289	677.566406
2298.700195	640.114685
2297.829102	671.555420
2296.958008	677.159607
2296.086914	677.023987
2295.214844	671.152039
2294.343750	602.195251
2293.471680	647.946899
2292.599609	650.683411
2291.726563	641.955322
2290.854492	647.557190
2289.981445	713.315857
2289.108398	724.629272
2288.235352	718.756653
2287.362305	652.763428
2286.489258	652.632324
2285.615234	649.639343
2284.742188	715.318054
2283.868164	703.731506
2282.994141	715.030457
2282.119141	740.622620
2281.245117	691.871094
2280.370117	720.315857
2279.496094	723.028687
2278.621094	720.025879
2277.746094	659.890808
2276.870117	682.606689
2275.995117	708.168823
2275.119141	656.637085
2274.243164	705.028992
2273.367188	716.302002
2272.491211	719.010803
2271.614258	673.223450
2270.738281	750.093384
2269.861328	624.476440
2268.984375	652.859497
2268.107422	704.033752
2267.230469	709.591064
2266.352539	712.296875
2265.474609	720.698792
2264.597656	720.553101
2263.719727	686.237854
2262.840820	669.017761
2261.962891	691.652893
2261.083984	739.890381
2260.206055	685.682617
2259.327148	657.098022
2258.447266	719.533020
2257.568359	713.700439
2256.689453	753.355774
2255.809570	753.203064
2254.929688	696.216370
2254.049805	710.280823
2253.169922	661.847473
2252.289063	658.873230
2251.409180	692.812256
2250.528320	769.319763
2249.647461	649.957397
2248.766602	703.741089
2247.885742	731.968994
2247.003906	757.348877
2246.122070	765.702820
2245.240234	725.852112
2244.358398	776.730591
2243.476563	717.054321
2242.594727	793.416443
2241.711914	764.924438
2240.829102	716.616638
2239.946289	747.621643
2239.063477	685.180298
2238.180664	741.655701
2237.296875	775.466614
2236.413086	715.887146
2235.530273	727.057251
2234.645508	774.992493
2233.761719	735.244385
2232.877930	701.166931
2231.993164	751.904663
2231.108398	743.272766
2230.223633	760.074402
2229.338867	759.919189
2228.454102	776.710388
2227.568359	776.551697
2226.682617	765.099976
2225.796875	764.943604
2224.911133	730.922119
2224.025391	773.095337
2223.138672	767.295349
2222.252930	758.677246
2221.366211	772.620911
2220.479492	772.462769
2219.592773	797.672241
2218.705078	817.235229
2217.818359	774.805664
2216.930664	794.365173
2216.042969	777.304443
2215.155273	782.776550
2214.266602	779.800903
2213.378906	804.972229
2212.490234	776.666992
2211.601563	768.067261
2210.712891	790.412476
2209.824219	795.874695
2208.934570	826.639954
2208.044922	784.303284
2207.156250	781.331604
2206.266602	803.650757
2205.375977	848.435791
2204.486328	772.423401
2203.595703	831.237427
2202.706055	822.643433
2201.815430	853.351990
2200.923828	878.434875
2200.033203	791.270386
2199.141602	835.992920
2198.250977	796.553955
2197.359375	813.214966
2196.467773	841.083496
2195.575195	857.728333
2194.683594	863.156372
2193.791016	801.336975
2192.898438	789.966492
2192.005859	798.205627
2191.113281	882.045166
2190.220703	842.669128
2189.327148	828.500183
2188.433594	873.103577
2187.540039	844.944885
2186.646484	883.931763
2185.752930	825.018860
2184.858398	875.177979
2183.963867	807.904541
2183.069336	883.200806
2182.174805	860.663147
2181.280273	863.278748
2180.384766	821.201965
2179.490234	815.446655
2178.594727	848.782288
2177.699219	843.023499
2176.803711	854.012329
2175.907227	873.367432
2175.010742	839.709534
2174.115234	845.113708
2173.218750	819.841187
2172.321289	867.067017
2171.424805	841.800232
2170.527344	875.067505
2169.630859	835.878174
2168.733398	810.633362
2167.834961	807.679810
2166.937500	835.357178
2166.039063	876.942688
2165.141602	848.926697
2164.243164	851.532898
2163.344727	826.315857
2162.445313	792.764343
2161.546875	889.936035
2160.647461	770.190491
2159.748047	881.225769
2158.848633	814.338684
2157.949219	864.186157
2157.048828	866.784241
2156.149414	752.722900
2155.249023	838.652832
2154.348633	819.042969
2153.448242	827.199585
2152.546875	860.330017
2151.645508	768.585999
2150.745117	829.455688
2149.843750	832.055969
2148.941406	867.930359
2148.040039	792.895203
2147.137695	895.285339
2146.236328	809.190918
2145.333984	875.516602
2144.430664	897.493774
2143.528320	811.452637
2142.625977	805.744995
2141.722656	827.722717
2140.819336	838.620239
2139.916016	808.005981
2139.011719	807.836670
2138.108398	860.221069
2137.204102	846.213684
2136.299805	904.097534
2135.395508	851.387207
2134.491211	837.390259
2133.585938	900.765442
2132.681641	908.863831
2131.776367	894.863342
2130.871094	933.334229
2129.964844	980.071106
2129.059570	1024.028076
2128.153320	957.582275
2127.247070	987.730164
2126.340820	1023.382141
2125.434570	1064.534790
2124.528320	1050.524292
2123.621094	973.115540
2122.713867	1025.276978
2121.806641	1044.349731
2120.899414	1000.050354
2119.991211	964.032654
2119.083984	1021.659241
2118.175781	1013.184143
2117.267578	1034.991577
2116.359375	1018.260803
2115.450195	957.513428
2114.541992	968.314880
2113.632813	965.360107
2112.723633	1022.900574
2111.814453	981.447205
2110.904297	951.005493
2109.995117	981.032349
2109.084961	901.150024
2108.174805	922.934082
2107.264648	862.321350
2106.353516	867.630188
2105.443359	842.740784
2104.532227	927.641907
2103.621094	905.494019
2102.709961	891.585449
2101.797852	896.882019
2100.886719	915.887085
2099.974609	896.501709
2099.062500	893.570557
2098.150391	926.266113
2097.238281	972.646973
2096.325195	936.829956
2095.412109	936.631042
2094.499023	909.050964
2093.585938	938.970581
2092.672852	946.981812
2091.758789	960.462280
2090.845703	919.221313
2089.931641	888.938599
2089.017578	899.687866
2088.102539	948.708923
2087.188477	934.839661
2086.273438	997.496521
2085.358398	937.173706
2084.443359	904.193542
2083.527344	925.849731
2082.612305	879.233154
2081.696289	966.404175
2080.780273	938.904236
2079.864258	895.043152
2078.948242	954.872620
2078.031250	889.205688
2077.114258	970.827026
2076.197266	973.346008
2075.280273	940.427429
2074.363281	877.544556
2073.445313	855.559143
2072.528320	909.858643
2071.610352	958.687744
2070.692383	898.577332
2069.773438	892.940125
2068.855469	925.410339
2067.936523	908.884766
2067.017578	941.337463
2066.098633	927.535400
2065.178711	843.033142
2064.259766	910.824219
2063.339844	956.839722
2062.419922	891.409241
2061.500000	945.560303
2060.580078	986.105347
2059.659180	860.959290
2058.738281	925.943237
2057.817383	885.022217
2056.896484	906.545532
2055.975586	952.482056
2055.053711	898.016235
2054.131836	832.723938
2053.209961	916.612610
2052.288086	878.457092
2051.366211	859.292847
2050.443359	899.759338
2049.520508	872.469971
2048.597656	915.624939
2047.674805	901.885559
2046.751953	912.521973
2045.828125	958.347229
2044.904297	922.954285
2043.980469	901.106628
2043.056641	903.617310
2042.131836	952.109314
2041.208008	876.183777
2040.283203	940.882690
2039.358398	910.944885
2038.433594	948.582886
2037.507813	910.550415
2036.582031	921.158508
2035.657227	842.636841
2034.730469	934.260071
2033.804688	912.460754
2032.878906	939.252808
2031.952148	949.842590
2031.101563	842.491394
2031.025391	892.981934
2030.175781	896.497253
2030.098633	941.338440
2029.250000	893.645996
2029.171875	930.347290
2028.324219	847.605408
2028.244141	919.360840
2027.397461	879.848999
2027.316406	951.506775
2026.470703	855.413757
2026.388672	916.266174
2025.544922	906.530884
2025.460938	940.315674
2024.618164	906.377014
2024.533203	878.155273
2023.690430	960.164856
2023.604492	945.292603
2022.763672	911.462219
2022.676758	899.313354
2021.836914	903.218567
2021.748047	966.416626
2020.909180	921.934753
2020.818359	923.143921
2019.981445	929.863342
2019.889648	925.633484
2019.053711	900.061890
2018.959961	928.121826
2018.125977	894.519470
2018.031250	1005.918335
2017.198242	929.386963
2017.101563	898.137451
2016.269531	964.242371
2016.170898	916.760498
2015.341797	872.516846
2015.241211	921.936035
2014.413086	877.752258
2014.310547	943.232788
2013.484375	907.214050
2013.379883	953.773376
2012.555664	872.067871
2012.449219	1004.600708
2011.625977	866.535828
2011.518555	939.928772
2010.697266	885.221313
2010.587891	942.408081
2009.767578	882.378784
2009.656250	944.886169
2008.838867	981.746216
2008.724609	941.995544
2007.909180	898.210144
2007.792969	920.323914
2006.979492	898.055115
2006.861328	930.852600
2006.048828	922.094971
2005.928711	944.058472
2005.119141	929.999146
2004.996094	1021.612000
2004.188477	978.211304
2004.064453	930.240417
2003.258789	953.859558
2003.130859	913.955017
2002.328125	918.770264
2002.198242	961.987732
2001.397461	923.982910
2001.264648	951.060364
2000.465820	931.879089
2000.332031	977.635986
1999.535156	939.772400
1999.398438	1020.267029
1998.603516	934.239807
1998.464844	955.788086
1997.672852	939.445496
1997.530273	936.841064
1996.741211	963.434875
1996.595703	950.015503
1995.808594	947.167786
1995.662109	979.237061
1994.876953	920.175293
1994.727539	914.823364
1993.945313	901.238831
1993.791992	906.598877
1993.012695	903.763184
1992.857422	946.505310
1992.080078	957.231567
1991.921875	935.604065
1991.148438	919.532104
1990.986328	1004.884460
1990.214844	946.174927
1990.050781	975.271118
1989.282227	935.289429
1989.115234	964.370361
1988.349609	921.728149
1988.178711	964.157471
1987.416016	921.566345
1987.243164	961.274414
1986.482422	897.297913
1986.306641	947.713928
1985.549805	934.632568
1985.370117	926.152283
1984.615234	926.435425
1984.432617	997.995361
1983.681641	896.824280
1983.496094	1003.110352
1982.748047	902.019470
1982.558594	970.881348
1981.813477	920.593384
1981.621094	965.333130
1980.878906	890.998474
1980.683594	975.783691
1979.944336	936.319458
1979.745117	994.225952
1979.009766	976.274841
1978.807617	943.372620
1978.075195	863.783508
1977.869141	996.449585
1977.140625	970.581726
1976.930664	982.910034
1976.205078	983.776245
1975.991211	1038.617554
1975.269531	1004.984436
1975.052734	985.136414
1974.333984	1010.150818
1974.113281	955.636353
1973.398438	935.158752
1973.173828	952.762756
1972.462891	956.363831
1972.234375	939.247253
1971.526367	937.497192
1971.294922	989.581604
1970.590820	966.705322
1970.354492	999.999878
1969.654297	939.833313
1969.415039	957.233643
1968.717773	1009.072937
1968.474609	994.238098
1967.781250	984.871704
1967.533203	1012.621338
1966.843750	963.347473
1966.592773	993.795349
1965.907227	963.175354
1965.651367	1004.200317
1964.969727	936.327148
1964.709961	988.040344
1964.032227	978.833618
1963.768555	1009.063416
1963.094727	1034.657837
1962.827148	998.218994
1962.157227	967.818359
1961.885742	1043.118286
1961.219727	996.967407
1960.943359	1003.080627
1960.281250	932.823486
1960.000977	981.632080
1959.343750	956.638550
1959.058594	981.412720
1958.405273	1001.758972
1958.115234	1028.927124
1957.466797	985.596252
1957.172852	994.230286
1956.528320	1004.061951
1956.229492	1081.480469
1955.588867	1025.183716
1955.286133	991.135254
1954.650391	961.102905
1954.342773	975.016296
1953.710938	998.195557
1953.398438	974.797852
1952.771484	1013.983704
1952.455078	1035.490601
1951.832031	1013.800659
1951.510742	1029.963013
1950.892578	973.711243
1950.566406	1040.320435
1949.952148	978.855042
1949.622070	992.449463
1949.012695	965.380676
1948.676758	968.413208
1948.072266	1031.680176
1947.731445	962.905029
1947.131836	991.615906
1946.786133	1068.478638
1946.191406	956.882019
1945.840820	1060.305908
1945.250000	991.256226
1944.895508	1033.631958
1944.309570	991.076294
1943.949219	946.181519
1943.368164	1012.148682
1943.002930	990.888855
1942.426758	1081.022583
1942.056641	1051.426514
1941.485352	961.324341
1941.110352	1032.701416
1940.543945	979.735107
1940.164063	990.219360
1939.602539	968.938110
1939.216797	1058.635864
1938.660156	1021.844299
1938.269531	1055.757568
1937.718750	1026.965210
1937.322266	1047.603027
1936.776367	1053.309570
1936.374023	1005.155212
1935.833984	1076.991333
1935.426758	1094.606812
1934.891602	1005.184998
1934.478516	1091.722534
1933.948242	1023.563232
1933.530273	1094.112061
1933.005859	973.002502
1932.582031	1104.407959
1932.062500	964.872070
1931.632813	1035.642212
1931.119141	1054.804199
1930.684570	1122.350464
1930.175781	1038.712036
1929.735352	1032.539307
1929.231445	1027.924316
1928.786133	1048.105957
1928.288086	974.759583
1927.835938	1034.704224
1927.343750	1043.436768
1926.886719	968.663635
1926.399414	1061.779785
1925.936523	1081.604370
1925.455078	1064.231812
1924.986328	1039.262207
1924.510742	1024.333008
1924.036133	1060.069824
1923.566406	1061.193604
1923.084961	1049.309570
1922.621094	1103.332031
1922.134766	1104.285400
1921.676758	1005.249084
1921.183594	1059.347168
1920.731445	983.904358
1920.232422	1045.965942
1919.786133	1015.455688
1919.280273	1008.943420
1918.839844	1002.048462
1918.329102	1092.773193
1917.894531	999.219788
1917.376953	1066.261597
1916.948242	954.104797
1916.424805	1100.152222
1916.002930	998.850037
1915.472656	1060.525391
1915.056641	988.097168
1914.519531	1131.144043
1914.109375	1080.365967
1913.567383	1044.298340
1913.163086	1098.652588
1912.614258	1120.134521
1912.216797	1050.919678
1911.661133	1114.633301
1911.269531	1042.804565
1910.707031	1109.134399
1910.322266	1063.727051
1909.753906	1093.151978
1909.375000	1042.416992
1908.799805	1069.314087
1908.427734	1073.885620
1907.845703	985.220825
1907.479492	1055.219482
1906.891602	1071.444214
1906.532227	1065.573242
1905.936523	1120.961060
1905.583984	1054.826416
1904.982422	1063.097900
1904.635742	1107.361206
1904.027344	1094.268555
1903.687500	1075.521729
1903.072266	1075.696655
1902.739258	1014.702393
1902.116211	1020.499695
1901.790039	1030.323486
1901.161133	1077.818726
1900.840820	1074.919312
1900.205078	1046.185547
1899.891602	1048.377197
1899.249023	1074.708618
1898.942383	1061.349121
1898.292969	1053.547363
1897.993164	1079.582397
1897.335938	1082.055176
1897.043945	1053.053833
1896.379883	1066.127808
1896.093750	1079.177856
1895.422852	1026.695313
1895.143555	1015.815979
1894.465820	1036.906250
1894.193359	1055.092773
1893.507813	1044.500977
1893.243164	973.344238
1892.550781	1078.198486
1892.292969	1065.217163
1891.592773	1041.408936
1891.342773	1046.609375
1890.634766	1059.434692
1890.391602	1017.491577
1889.675781	1134.846313
1889.440430	1067.245117
1888.717773	1116.326416
1888.489258	1090.697876
1887.758789	1131.714111
1887.538086	1077.354004
1886.799805	1071.490479
1886.585938	1053.506226
1885.840820	1068.636108
1885.634766	1061.187744
1884.881836	1073.600342
1884.682617	1045.230225
1883.921875	1109.824707
1883.730469	1000.395874
1882.961914	1036.638062
1882.778320	1063.212036
1882.001953	1088.477905
1881.825195	1023.640381
1881.041992	1064.794678
1880.873047	1099.549316
1880.081055	1116.603638
1879.919922	1115.083740
1879.120117	1066.902466
1878.966797	1049.291870
1878.159180	1053.646484
1878.013672	1051.715942
1877.198242	1063.805420
1877.060547	1043.649902
1876.237305	1112.965332
1876.106445	1093.265137
1875.275391	1143.903687
1875.153320	1082.572754
1874.313477	1083.856201
1874.199219	1103.333252
1873.351563	1114.786499
1873.245117	1147.667969
1872.388672	1000.216248
1872.291016	1053.139038
1871.426758	1140.240356
1871.335938	1034.604126
1870.463867	1080.248901
1870.381836	1073.688599
1869.500977	1056.631348
1869.426758	1078.720825
1868.538086	1064.171143
1868.471680	1096.839722
1867.574219	1141.770508
1867.516602	1073.075562
1866.610352	1115.560181
1866.561523	1062.404053
1865.646484	1076.393433
1865.605469	1062.201416
1864.682617	1122.817505
1864.650391	1025.378174
1863.718750	1138.109497
1863.694336	1114.101318
1862.753906	1041.942627
1862.738281	1111.273804
1861.789063	1090.932739
1861.781250	1116.290039
1860.825195	1066.415161
1860.824219	1126.946411
1859.868164	1115.863159
1859.858398	1144.812378
1858.911133	1071.232666
1858.893555	1110.880493
1857.955078	1115.436157
1857.927734	1146.863525
1856.997070	1099.551880
1856.961914	1125.887939
1856.040039	1096.729858
1855.996094	1174.788208
1855.082031	1070.411987
1855.029297	1151.228394
1854.125000	1117.191406
1854.062500	1132.852417
1853.166992	1153.513550
1853.095703	1140.342896
1852.208984	1056.749512
1852.128906	1114.222046
1851.250000	1098.286621
1851.161133	1090.697998
1850.291992	1045.910522
1850.194336	1222.223633
1849.333008	1110.903198
1849.226563	1180.601074
1848.374023	1126.333008
1848.258789	1113.170410
1847.415039	1102.655396
1847.290039	1187.789673
1846.456055	1086.805664
1846.322266	1117.807129
1845.496094	1112.653687
1845.353516	1148.513794
1844.537109	1104.623535
1844.383789	1163.723755
1843.577148	1127.853149
1843.415039	1235.679810
1842.617188	1106.801636
1842.446289	1147.697632
1841.657227	1124.814087
1841.476563	1124.219116
1840.696289	1135.009766
1840.506836	1131.685913
1839.736328	1155.612427
1839.536133	1126.262695
1838.775391	1155.389038
1838.566406	1169.798218
1837.814453	1123.944824
1837.595703	1195.280518
1836.853516	1238.181152
1836.625000	1213.024170
1835.892578	1107.905518
1835.654297	1120.042358
1834.930664	1170.096069
1834.682617	1176.407959
1833.968750	1130.873779
1833.711914	1212.157837
1833.006836	1133.253784
1832.740234	1142.398682
1832.044922	1182.409302
1831.767578	1196.145752
1831.083008	1138.010498
1830.795898	1193.288574
1830.121094	1200.134277
1829.823242	1216.143799
1829.158203	1184.318115
1828.850586	1133.596680
1828.195313	1204.861450
1827.877930	1151.315063
1827.232422	1209.819580
1826.905273	1240.964600
1826.269531	1204.393066
1825.931641	1225.255493
1825.305664	1102.947144
1824.958008	1224.962158
1824.342773	1224.681641
1823.984375	1191.291870
1823.378906	1237.413940
1823.010742	1149.937012
1822.415039	1234.579224
1822.036133	1195.852905
1821.450195	1146.171631
1821.062500	1246.877686
1820.486328	1182.245117
1820.086914	1133.719360
1819.521484	1200.159424
1819.112305	1123.189453
1818.557617	1174.008911
1818.137695	1217.777832
1817.592773	1220.419922
1817.162109	1248.242310
1816.626953	1126.919312
1816.186523	1271.004395
1815.662109	1175.911255
1815.210938	1224.584106
1814.697266	1258.548706
1814.234375	1198.676270
1813.731445	1193.575073
1813.257813	1177.901855
1812.765625	1167.455688
1812.281250	1223.698364
1811.799805	1234.517334
1811.304688	1218.283936
1810.833008	1148.885498
1810.328125	1200.078003
1809.867188	1109.854248
1809.350586	1253.509766
1808.900391	1151.021851
1808.373047	1263.436768
1807.933594	1187.000977
1807.395508	1209.435059
1806.966797	1168.669189
1806.416992	1211.698486
1806.000000	1183.950195
1805.439453	1190.959106
1805.032227	1212.147583
1804.460938	1195.780518
1804.065430	1139.556763
1803.482422	1203.153809
1803.097656	1203.920776
1802.502930	1172.215454
1802.129883	1224.348267
1801.524414	1192.356567
1801.161133	1257.680054
1800.544922	1184.408813
1800.193359	1198.046753
1799.564453	1133.081055
1799.224609	1184.903442
1798.584961	1173.627075
1798.255859	1182.089111
1797.604492	1203.950195
1797.287109	1192.178223
1796.625000	1180.705688
1796.318359	1202.263062
1795.643555	1231.407715
1795.348633	1176.231567
1794.663086	1134.250000
1794.379883	1157.946899
1793.681641	1212.968994
1793.410156	1204.130371
1792.701172	1207.577393
1792.440430	1111.087280
1791.719727	1199.641113
1791.470703	1211.387207
1790.737305	1178.976563
1790.500000	1213.724854
1789.755859	1181.233765
1789.530273	1167.109741
1788.773438	1188.579956
1788.559570	1244.155762
1787.791016	1180.655029
1787.588867	1215.580444
1786.807617	1213.436157
1786.617188	1241.088745
1785.825195	1210.595093
1785.646484	1253.714844
1784.841797	1200.127319
1784.674805	1235.449585
1783.858398	1255.756836
1783.704102	1302.111816
1782.875000	1176.664917
1782.732422	1229.814453
1781.890625	1204.323853
1781.759766	1260.438477
1780.906250	1239.589355
1780.788086	1237.042236
1779.921875	1251.981689
1779.815430	1239.368042
1778.937500	1205.973022
1778.843750	1205.701782
1777.952148	1286.900024
1777.871094	1236.305786
1776.966797	1273.894287
1776.897461	1248.909058
1775.981445	1200.006348
1775.924805	1302.615356
1774.996094	1235.219116
1774.951172	1315.200195
1774.009766	1227.306396
1773.978516	1314.938721
1773.024414	1219.397339
1773.004883	1278.728882
1772.038086	1282.458008
1772.030273	1316.982666
1771.056641	1311.587036
1771.050781	1201.056274
1770.082031	1247.170898
1770.064453	1251.423340
1769.108398	1239.225464
1769.077148	1220.721436
1768.133789	1297.977417
1768.089844	1202.694458
1767.159180	1318.235840
1767.102539	1288.461914
1766.183594	1274.382446
1766.114258	1280.549438
1765.208984	1266.437256
1765.125977	1219.508545
1764.233398	1220.048096
1764.137695	1221.734375
1763.257813	1273.619385
1763.149414	1256.833862
1762.282227	1286.175537
1762.160156	1302.028442
1761.305664	1332.027100
1761.170898	1316.869141
1760.330078	1326.638672
1760.181641	1293.797974
1759.353516	1359.660767
1759.192383	1270.737915
1758.376953	1313.307739
1758.202148	1272.946045
1757.400391	1302.806763
1757.212891	1270.102661
1756.422852	1325.577271
1756.221680	1305.126709
1755.446289	1284.375488
1755.231445	1370.418457
1754.468750	1325.046265
1754.240234	1284.287598
1753.491211	1311.993286
1753.250000	1334.416016
1752.513672	1347.527954
1751.535156	1360.040039
1750.557617	1369.990967
1749.579102	1362.049683
1748.600586	1400.100098
1747.622070	1384.492432
1746.643555	1297.381714
1745.664063	1343.081909
1744.684570	1317.283081
1743.705078	1332.332397
1742.725586	1329.512451
1741.746094	1364.963501
1740.765625	1377.442871
1739.785156	1377.165405
1738.804688	1333.541504
1737.824219	1343.469849
1736.843750	1302.418701
1735.862305	1319.993774
1734.880859	1319.727539
1733.899414	1398.425049
1732.917969	1382.862549
1731.935547	1331.659302
1730.954102	1305.933472
1729.971680	1389.660034
1728.989258	1379.200562
1728.006836	1384.009888
1727.023438	1332.857544
1726.041016	1396.165405
1725.057617	1375.542114
1724.074219	1395.600098
1723.090820	1410.566772
1722.106445	1400.116821
1721.122070	1382.049316
1720.138672	1430.029419
1719.153320	1391.646851
1718.168945	1419.293335
1717.184570	1426.620605
1716.199219	1395.875610
1715.213867	1405.741821
1714.228516	1369.939331
1713.243164	1427.998291
1712.256836	1399.813232
1711.270508	1366.568604
1710.285156	1406.848389
1709.297852	1401.493408
1708.311523	1413.877319
1707.325195	1433.855957
1706.337891	1398.104736
1705.350586	1357.303345
1704.363281	1427.916260
1703.375000	1422.562622
1702.387695	1386.842163
1701.399414	1396.680176
1700.411133	1406.513916
1699.422852	1439.106323
1698.434570	1441.341064
1697.445313	1377.842896
1696.456055	1415.475952
1695.466797	1422.767944
1694.477539	1417.423950
1693.487305	1348.929688
1692.498047	1381.486206
1691.507813	1464.530151
1690.517578	1428.886963
1689.527344	1383.161987
1688.536133	1430.825317
1687.545898	1380.072388
1686.554688	1422.671509
1685.563477	1354.287231
1684.571289	1432.173950
1683.580078	1467.172974
1682.587891	1406.382446
1681.595703	1471.610718
1680.603516	1473.827881
1679.611328	1428.186035
1678.618164	1422.855957
1677.625000	1440.188232
1676.631836	1439.892212
1675.638672	1502.515503
1674.645508	1416.653687
1673.651367	1403.783569
1672.657227	1441.223022
1671.663086	1393.146973
1670.668945	1470.799927
1669.674805	1432.791870
1668.679688	1427.470337
1667.684570	1479.941528
1666.689453	1489.684814
1665.694336	1471.796509
1664.698242	1438.848877
1663.703125	1493.784302
1662.707031	1546.187012
1661.710938	1475.601074
1660.713867	1395.008057
1659.717773	1429.838745
1658.720703	1497.258545
1657.723633	1466.859619
1656.726563	1516.695068
1655.729492	1488.810791
1654.731445	1443.396729
1653.733398	1535.796997
1652.735352	1502.916016
1651.737305	1465.039673
1650.739258	1532.339478
1649.740234	1466.936157
1648.741211	1459.123901
1647.742188	1496.355469
1646.743164	1533.571411
1645.743164	1508.241089
1644.744141	1527.933838
1643.744141	1542.618042
1642.743164	1572.293945
1641.743164	1529.481812
1640.743164	1556.649170
1639.742188	1568.816406
1638.741211	1560.997681
1637.740234	1645.573853
1636.738281	1637.742065
1635.737305	1597.464844
1634.735352	1582.159424
1633.733398	1694.105225
1632.730469	1596.467896
1631.728516	1618.581177
1630.725586	1620.737549
1629.722656	1635.357544
1628.719727	1662.433228
1627.716797	1634.676025
1626.712891	1644.300781
1625.709961	1614.067749
1624.706055	1643.614990
1623.701172	1673.149780
1622.697266	1647.907715
1621.692383	1672.451416
1620.688477	1667.125732
1619.682617	1644.387939
1618.677734	1649.018799
1617.672852	1656.134277
1616.666992	1635.898804
1615.661133	1739.953979
1614.655273	1734.619873
1613.649414	1659.718750
1612.642578	1691.664551
1611.635742	1698.761230
1610.628906	1715.786865
1609.622070	1683.154785
1608.615234	1816.830688
1607.607422	1811.487061
1606.599609	1848.321899
1605.591797	1855.375854
1604.583984	1894.665649
1603.575195	1986.006348
1602.567383	1933.533081
1601.558594	2042.175537
1600.549805	2044.224609
1599.540039	2118.115234
1598.531250	2164.729736
1597.521484	2107.320557
1596.511719	2084.595703
1595.500977	2155.939697
1594.491211	2049.073242
1593.480469	2103.074951
1592.469727	2087.790527
1591.458984	1983.478271
1590.448242	2020.150513
1589.436523	1925.784546
1588.425781	1846.287720
1587.414063	1880.494019
1586.402344	1897.391846
1585.389648	1859.941406
1584.376953	1787.933228
1583.365234	1807.308350
1582.352539	1722.998901
1581.338867	1811.481934
1580.326172	1746.946289
1579.312500	1837.853638
1578.298828	1714.145752
1577.285156	1671.864014
1576.270508	1728.213989
1575.256836	1720.454468
1574.242188	1697.911987
1573.227539	1744.365234
1572.212891	1702.120850
1571.197266	1768.255127
1570.182617	1802.352295
1569.166992	1897.977539
1568.150391	1907.420654
1567.134766	1892.252930
1566.119141	1904.152954
1565.102539	2002.134644
1564.085938	1991.874023
1563.068359	2035.706421
1562.051758	2158.177979
1561.034180	2020.098267
1560.016602	1963.158447
1558.999023	1992.219971
1557.981445	1996.709229
1556.962891	1986.463623
1555.944336	1858.385376
1554.925781	1924.259888
1553.907227	1894.404541
1552.888672	1830.214478
1551.869141	1812.655640
1550.849609	1844.150635
1549.830078	1851.113892
1548.810547	1669.325195
1547.790039	1791.508301
1546.769531	1778.875854
1545.749023	1673.159302
1544.728516	1680.150757
1543.708008	1679.793091
1542.686523	1750.431763
1541.665039	1698.658569
1540.643555	1671.378418
1539.622070	1690.594849
1538.599609	1770.954834
1537.577148	1824.379272
1536.554688	1792.204712
1535.532227	1733.154297
1534.508789	1720.564453
1533.486328	1712.866821
1532.462891	1741.816406
1531.439453	1743.886841
1530.415039	1763.049438
1529.391602	1706.521118
1528.367188	1757.414307
1527.342773	1737.515991
1526.318359	1724.945313
1525.292969	1648.958496
1524.267578	1731.523804
1523.242188	1748.220947
1522.216797	1701.530029
1521.191406	1720.663330
1520.165039	1737.351563
1519.138672	1698.000854
1518.112305	1678.151978
1517.085938	1755.715942
1516.059570	1767.512573
1515.032227	1657.600464
1514.004883	1669.412720
1512.977539	1773.674561
1511.949219	1717.346436
1510.921875	1816.688965
1509.893555	1799.278687
1508.865234	1789.168579
1507.835938	1728.023926
1506.807617	1773.820557
1505.778320	1788.015625
1504.749023	1814.348511
1503.719727	1838.241699
1502.689453	1789.290283
1501.660156	1888.423828
1500.629883	1798.227417
1499.599609	1780.856689
1498.568359	1909.036133
1497.538086	1862.546387
1496.506836	1881.542480
1495.475586	1861.744019
1494.444336	1904.968018
1493.412109	1969.981079
1492.379883	1950.175659
1491.347656	2015.150513
1490.315430	2007.451172
1489.283203	2021.544067
1488.250000	2103.404297
1487.216797	2204.588867
1486.183594	2346.859863
1485.150391	2343.934082
1484.116211	2459.510742
1483.083008	2570.201416
1482.048828	2613.158203
1481.013672	2750.352539
1479.979492	2836.744629
1478.944336	2964.167480
1477.909180	3052.890869
1476.874023	3037.741455
1475.838867	3020.184326
1474.802734	3043.667236
1473.766602	2989.918213
1472.730469	3059.237061
1471.694336	3075.458984
1470.657227	3055.499512
1469.621094	3078.947754
1468.583984	3078.279785
1467.545898	2884.809326
1466.508789	2879.364258
1465.470703	2820.923584
1464.432617	2733.606445
1463.394531	2658.366699
1462.356445	2645.751953
1461.317383	2630.735840
1460.278320	2512.251709
1459.239258	2478.023682
1458.200195	2472.674316
1457.160156	2481.755615
1456.121094	2440.342773
1455.081055	2478.271973
1454.040039	2391.216064
1453.000000	2383.487305
1451.958984	2500.675293
1450.917969	2495.327148
1449.876953	2547.608398
1448.835938	2551.854248
1447.793945	2589.699219
1446.751953	2603.531982
1445.709961	2619.757324
1444.667969	2688.742676
1443.625000	2568.256104
1442.582031	2586.875000
1441.539063	2464.065674
1440.496094	2401.220215
1439.453125	2458.197266
1438.409180	2416.938721
1437.365234	2461.912598
1436.321289	2370.389404
1435.276367	2317.207275
1434.232422	2261.654541
1433.187500	2215.697266
1432.142578	2246.311279
1431.096680	2236.252441
1430.051758	2180.765381
1429.005859	2354.806152
1427.959961	2308.877441
1426.914063	2284.475098
1425.867188	2274.417969
1424.820313	2371.850342
1423.773438	2385.658447
1422.726563	2406.622559
1421.679688	2410.868164
1420.631836	2515.343750
1419.583984	2521.949219
1418.536133	2480.843018
1417.487305	2563.769287
1416.439453	2587.049561
1415.390625	2610.319336
1414.341797	2807.561523
1413.291992	2814.092285
1412.243164	2827.766602
1411.193359	2931.941406
1410.143555	2928.914795
1409.092773	2978.264404
1408.042969	2922.864258
1406.992188	2924.599854
1405.941406	2897.784668
1404.890625	2904.281494
1403.838867	2896.506836
1402.788086	2824.541016
1401.736328	2731.213379
1400.683594	2687.833252
1399.631836	2606.456299
1398.579102	2551.245117
1397.526367	2496.057861
1396.473633	2395.781006
1395.420898	2376.260254
1394.367188	2316.400879
1393.313477	2292.160156
1392.259766	2215.739014
1391.206055	2246.082031
1390.151367	2217.129639
1389.096680	2178.707031
1388.041992	2187.705322
1386.987305	2130.348145
1385.931641	2141.721680
1384.876953	2119.929199
1383.821289	2138.404053
1382.764648	2159.237793
1381.708984	2135.088135
1380.652344	2146.447021
1379.595703	2079.722168
1378.539063	2209.362061
1377.481445	2102.447998
1376.424805	2168.185059
1375.367188	2238.620361
1374.309570	2127.043701
1373.250977	2183.279053
1372.192383	2189.880371
1371.133789	2135.071533
1370.075195	2089.731934
1369.016602	2046.773071
1367.957031	2084.080811
1366.897461	2085.976074
1365.837891	2005.299316
1364.778320	2101.556885
1363.717773	1997.330688
1362.657227	2006.315552
1361.596680	2149.649170
1360.536133	2130.317139
1359.474609	2162.825684
1358.414063	2192.964111
1357.352539	2199.539063
1356.290039	2290.870605
1355.228516	2311.543701
1354.166016	2292.199707
1353.103516	2449.328613
1352.041016	2366.448730
1350.977539	2429.417969
1349.914063	2428.874023
1348.850586	2618.741211
1347.787109	2547.647705
1346.723633	2587.021729
1345.659180	2769.677246
1344.594727	2754.964355
1343.530273	2895.233643
1342.464844	2840.589355
1341.399414	2743.721924
1340.333984	2778.303955
1339.268555	2632.227051
1338.203125	2676.199951
1337.136719	2556.005615
1336.070313	2478.064697
1335.003906	2381.407227
1333.936523	2357.437744
1332.870117	2377.992920
1331.802734	2302.503174
1330.735352	2227.047363
1329.666992	2193.767822
1328.599609	2256.473633
1327.531250	2262.985596
1326.461914	2253.116455
1325.393555	2168.398682
1324.324219	2179.602539
1323.255859	2165.082031
1322.185547	2176.281006
1321.116211	2061.274414
1320.045898	2077.164307
1318.975586	2041.655029
1317.905273	2078.560791
1316.834961	2010.377686
1315.763672	2054.276611
1314.692383	2098.155273
1313.621094	2046.346680
1312.549805	2069.211426
1311.477539	1987.112549
1311.475586	1983.970459
1310.405273	2089.259766
1310.403320	1951.331665
1309.333008	2007.192993
1309.330078	1920.681274
1308.260742	1962.454468
1308.257813	1929.660034
1307.187500	1948.028198
1307.184570	1919.994629
1306.114258	1956.904785
1306.111328	1921.980591
1305.041016	1944.814941
1305.038086	1891.355835
1303.967773	1974.645020
1303.964844	1888.687866
1302.893555	1999.805176
1302.891602	1988.470947
1301.819336	1976.075439
1301.817383	1922.929688
1300.745117	1929.086182
1300.743164	1994.739136
1299.670898	1977.503540
1299.668945	1915.256592
1298.595703	1979.379639
1298.594727	1994.020996
1297.520508	1911.492188
1297.519531	1926.198120
1296.445313	1922.681519
1296.445313	1958.413330
1295.370117	1967.361694
1295.370117	1985.001465
1294.294922	1915.854614
1294.293945	1975.253906
1293.219727	2017.792603
1293.217773	1937.631104
1292.143555	1998.833496
1292.141602	1974.353760
1291.067383	1921.785889
1291.065430	1948.358887
1289.992188	1995.785645
1289.988281	1936.305908
1288.916016	1953.610229
1288.911133	1996.214722
1287.838867	2064.737305
1287.833984	2025.927612
1286.762695	2006.309082
1286.756836	2041.705811
1285.685547	2066.308105
1285.678711	2129.383789
1284.608398	2093.787354
1284.600586	2070.920654
1283.531250	2056.272217
1283.522461	2000.891479
1282.454102	2007.168213
1282.444336	2053.747803
1281.376953	1918.641846
1281.365234	2044.008179
1280.298828	2043.548584
1280.286133	2022.687988
1279.220703	2098.834717
1279.207031	1973.580322
1278.142578	2031.207642
1278.126953	1996.287231
1277.064453	1975.196411
1277.047852	1968.045654
1275.985352	1991.059570
1275.967773	2032.409546
1274.907227	1981.424683
1274.887695	2029.629272
1273.828125	2032.035645
1273.806641	1957.437378
1272.749023	2010.812988
1272.726563	1956.988281
1271.669922	2075.296387
1271.645508	1968.102661
1270.589844	2063.335938
1270.563477	2006.957520
1269.509766	2039.802734
1269.482422	1937.147705
1268.429688	2057.946045
1268.400391	2075.368652
1267.349609	1953.415283
1267.318359	1963.984253
1266.269531	2071.071289
1266.236328	2028.213745
1265.189453	2086.884033
1265.154297	2020.818726
1264.108398	1989.344360
1264.071289	2015.735718
1263.027344	2090.738037
1262.988281	2049.898438
1261.946289	2014.043823
1261.905273	1998.652222
1260.865234	2062.220947
1260.821289	2014.343506
1259.783203	2020.231934
1259.738281	1960.821777
1258.701172	2100.743896
1258.654297	1981.126587
1257.619141	2017.171509
1257.569336	1978.363892
1256.537109	2002.935547
1256.485352	1996.349365
1255.455078	2009.492432
1255.400391	1965.927246
1254.372070	1965.241211
1254.315430	1974.690063
1253.290039	1946.403931
1253.230469	1988.055908
1252.207031	1943.732788
1252.144531	1927.715332
1251.124023	1943.370239
1251.058594	1964.111206
1250.040039	1949.930420
1249.972656	1938.334229
1248.957031	1866.507813
1248.886719	1990.821045
1247.873047	1919.214111
1247.800781	2027.176147
1246.789063	1953.449829
1246.713867	1895.580444
1245.705078	2019.954834
1245.626953	1925.040527
1244.620117	2176.347412
1244.539063	1972.881836
1243.536133	2079.128418
1243.452148	2041.390381
1242.451172	2131.743896
1242.364258	2077.690430
1241.366211	2156.689453
1241.276367	2198.991455
1240.280273	2142.462158
1240.187500	2209.967529
1239.195313	2324.019043
1239.099609	2195.674072
1238.109375	2342.004883
1238.010742	2259.457764
1237.023438	2355.378418
1236.921875	2401.263916
1235.937500	2405.578369
1235.832031	2354.802979
1234.851563	2296.951904
1234.743164	2276.239258
1233.765625	2390.864502
1233.653320	2234.416504
1232.678711	2254.672607
1232.563477	2227.016113
1231.591797	2258.847168
1231.472656	2240.255371
1230.504883	2223.922852
1230.381836	2109.063477
1229.416992	2140.724609
1229.291016	2071.901123
1228.330078	2039.165527
1228.200195	1998.093750
1227.242188	2013.495728
1227.109375	1986.173462
1226.154297	1985.537109
1226.017578	1935.322998
1225.066406	1957.588745
1224.925781	1948.610107
1223.978516	1911.273071
1223.833984	1909.237793
1222.889648	1949.955078
1222.741211	1929.390381
1221.800781	1951.880737
1221.648438	1858.005737
1220.711914	1917.071045
1220.555664	1843.845581
1219.623047	1916.706177
1219.462891	1820.543213
1218.533203	1826.835327
1218.369141	1792.678223
1217.444336	1865.494995
1217.276367	1815.119141
1216.354492	1844.491943
1216.181641	1860.404297
1215.264648	1834.965088
1215.087891	1814.268921
1214.173828	1965.330933
1213.993164	1907.505737
1213.083984	1955.784058
1212.899414	1925.329712
1211.993164	2026.474243
1211.803711	1972.828857
1210.902344	2044.422119
1210.708984	2002.042725
1209.811523	2071.528809
1209.613281	2124.816650
1208.720703	2162.774902
1208.517578	2067.273682
1207.628906	2178.394775
1207.421875	2212.786133
1206.537109	2370.353271
1206.326172	2337.703857
1205.445313	2278.307861
1205.229492	2378.196777
1204.353516	2422.097412
1204.132813	2505.295654
1203.261719	2492.586914
1203.036133	2436.333740
1202.168945	2471.511475
1201.938477	2488.166504
1201.076172	2548.827637
1200.840820	2455.688477
1199.983398	2516.311035
1199.743164	2386.785645
1198.890625	2595.875244
1198.645508	2340.684326
1197.796875	2332.407227
1197.546875	2258.182129
1196.703125	2299.949951
1196.449219	2232.614746
1195.609375	2233.218018
1195.350586	2170.654053
1194.515625	2184.794189
1194.250977	2170.141357
1193.421875	2122.679199
1193.151367	2094.578613
1192.327148	2108.562012
1192.052734	2139.557617
1191.232422	2137.846191
1190.952148	2002.661499
1190.137695	2064.357422
1189.852539	1918.100342
1189.042969	1920.119751
1188.751953	1949.455566
1187.948242	1928.878174
1187.651367	1948.993896
1186.852539	1976.431274
1186.550781	1941.719116
1185.756836	1973.765747
1185.449219	1852.710327
1184.661133	1875.283569
1184.348633	1859.080811
1183.564453	1915.975586
1183.247070	1842.753906
1182.468750	1824.383789
1182.144531	1758.368652
1181.372070	1894.709839
1181.042969	1726.194580
1180.275391	1709.693970
1179.940430	1775.675781
1179.178711	1802.805908
1178.837891	1695.900146
1178.081055	1797.897095
1177.734375	1734.030884
1176.984375	1765.650757
1176.631836	1697.359741
1175.886719	1763.028320
1175.528320	1669.768188
1174.789063	1753.574463
1174.424805	1698.816772
1173.690430	1739.570190
1173.320313	1745.967651
1172.592773	1723.294800
1172.215820	1616.503052
1171.494141	1670.608887
1171.111328	1674.967773
1170.395508	1763.580933
1170.006836	1645.150146
1169.296875	1701.806641
1168.902344	1644.757568
1168.198242	1721.945435
1167.796875	1664.721436
1167.098633	1685.219727
1166.691406	1657.539917
1165.999023	1766.745972
1165.584961	1611.928345
1164.899414	1695.925049
1164.479492	1722.294189
1163.799805	1684.227417
1163.373047	1687.986816
1162.699219	1715.710815
1162.266602	1696.619507
1161.598633	1713.101440
1161.159180	1655.558350
1160.498047	1767.282104
1160.051758	1693.548828
1159.397461	1735.138428
1158.944336	1681.855347
1158.296875	1759.774048
1157.836914	1701.764893
1157.195313	1718.563110
1156.729492	1732.946777
1156.093750	1740.921997
1155.621094	1750.578125
1154.992188	1776.887817
1154.512695	1799.775635
1153.890625	1790.150269
1153.403320	1801.598022
1152.788086	1869.192017
1152.294922	1749.316772
1151.686523	1787.174927
1151.185547	1760.164673
1150.583984	1770.948730
1150.076172	1888.173096
1149.480469	1877.151611
1148.965820	1723.275269
1148.377930	1822.380615
1147.856445	1815.196533
1147.274414	1788.026733
1146.746094	1803.501465
1146.170898	1819.392822
1145.634766	1850.338135
1145.067383	1812.236206
1144.524414	1809.383179
1143.963867	1841.319702
1143.413086	1802.196777
1142.860352	1827.367798
1142.301758	1857.996460
1141.755859	1863.228027
1141.190430	1808.073120
1140.651367	1867.384766
1140.078125	1800.891235
1139.546875	1812.700317
1138.965820	1811.694702
1138.441406	1776.138184
1137.853516	1777.548218
1137.335938	1796.144043
1136.740234	1810.818115
1136.231445	1784.477905
1135.627930	1760.964722
1135.125000	1847.437256
1134.514648	1756.046997
1134.019531	1833.504150
1133.400391	1766.846558
1132.913086	1790.192017
1132.287109	1795.596558
1131.807617	1864.411255
1131.172852	1813.112427
1130.701172	1793.996338
1130.058594	1837.349854
1129.593750	1847.853760
1128.943359	1850.360718
1128.487305	1836.191772
1127.829102	1838.699585
1127.379883	1973.567871
1126.713867	1914.472778
1126.272461	1887.382935
1125.598633	1884.871094
1125.165039	1907.319824
1124.482422	1967.317627
1124.057617	1913.708008
1123.366211	2007.161011
1122.949219	2003.575684
1122.250000	1977.557373
1121.840820	1978.359985
1121.133789	2015.139038
1120.732422	2043.369019
1120.016602	2088.518066
1119.624023	2092.567383
1118.899414	2193.192139
1118.514648	2139.490967
1117.782227	2134.484131
1117.406250	2238.238037
1116.665039	2232.384766
1116.296875	2253.563232
1115.546875	2294.455811
1115.187500	2356.753174
1114.428711	2293.894775
1114.077148	2297.709961
1113.310547	2414.035400
1112.966797	2461.658203
1112.191406	2288.302979
1111.857422	2371.092529
1111.072266	2234.123535
1110.746094	2345.850586
1109.953125	2280.481445
1109.635742	2284.605225
1108.833984	2201.766357
1108.524414	2275.142822
1107.713867	2047.185059
1107.414063	2096.938965
1106.593750	1988.652344
1106.302734	2130.258057
1105.473633	1988.164063
1105.190430	1954.403687
1104.352539	1771.284424
1104.079102	1942.765991
1103.231445	1862.290894
1102.966797	1823.223022
1102.110352	1786.021729
1101.854492	1755.424438
1100.989258	1703.102173
1100.742188	1680.911377
1099.867188	1678.167847
1099.629883	1678.324463
1098.745117	1711.175781
1098.516602	1691.462280
1097.623047	1704.071411
1097.403320	1695.611206
1096.500000	1621.252441
1096.290039	1641.378174
1095.376953	1656.475464
1095.176758	1652.270020
1094.253906	1696.132690
1094.062500	1687.846436
1093.130859	1637.854736
1092.948242	1694.235840
1092.006836	1641.899536
1091.833984	1660.238281
1090.882813	1643.717773
1090.719727	1659.900879
1089.758789	1618.850464
1089.604492	1590.041260
1088.634766	1620.672852
1088.490234	1652.499390
1087.509766	1582.487305
1087.375000	1629.745728
1086.384766	1528.766113
1086.258789	1550.968994
1085.258789	1566.152344
1085.143555	1566.338989
1084.133789	1523.565918
1084.027344	1660.115479
1083.007813	1565.375122
1082.911133	1576.900269
1081.880859	1542.787964
1081.794922	1507.155396
1080.754883	1571.255249
1080.678711	1629.993042
1079.627930	1499.864990
1079.561523	1490.870605
1078.500977	1570.473755
1078.444336	1589.041992
1077.374023	1554.559326
1077.327148	1550.677612
1076.246094	1492.093994
1076.209961	1442.976440
1075.118164	1522.753418
1075.092773	1498.599243
1073.990234	1513.509888
1073.974609	1516.182739
1072.861328	1517.563110
1072.856445	1527.051514
1071.738281	1520.032837
1071.732422	1590.274902
1070.619141	1555.479614
1070.603516	1501.305054
1069.500000	1535.051025
1069.474609	1567.342651
1068.380859	1483.354980
1068.344727	1511.620483
1067.261719	1500.918823
1067.214844	1557.708008
1066.142578	1560.903320
1066.084961	1532.984863
1065.022461	1540.489502
1064.954102	1621.062744
1063.902344	1680.797729
1063.824219	1664.876221
1062.782227	1615.733765
1062.692383	1657.827393
1061.662109	1637.713867
1061.561523	1664.041016
1060.541016	1713.222900
1060.429688	1705.600342
1059.419922	1721.791626
1059.297852	1720.633179
1058.298828	1672.380859
1058.166016	1700.326782
1057.177734	1752.294312
1057.033203	1768.336548
1056.056641	1760.848999
1055.900391	1734.784912
1054.934570	1731.516113
1054.767578	1756.413574
1053.812500	1782.403320
1053.634766	1716.263062
1052.689453	1677.341064
1052.500977	1781.993408
1051.567383	1641.361694
1051.367188	1702.168213
1050.444336	1667.742432
1050.233398	1681.899536
1049.321289	1676.302734
1049.098633	1619.769287
1048.198242	1707.116333
1047.963867	1623.766357
1047.075195	1642.231445
1046.829102	1634.369019
1045.951172	1697.511475
1045.693359	1640.561768
1044.827148	1723.852295
1044.557617	1646.750977
1043.703125	1705.704712
1043.421875	1707.961304
1042.579102	1638.649536
1042.286133	1678.922852
1041.454102	1691.660889
1041.149414	1636.699463
1040.329102	1600.188599
1040.012695	1618.689697
1039.204102	1633.187256
1038.875977	1646.862305
1038.079102	1617.297729
1037.738281	1595.885498
1036.953125	1628.067871
1036.600586	1610.863159
1035.827148	1592.199707
1035.462891	1617.044434
1034.701172	1629.612305
1034.325195	1548.541016
1033.575195	1607.076782
1033.186523	1510.815308
1032.448242	1606.742920
1032.047852	1576.291992
1031.322266	1624.159302
1030.908203	1564.915771
1030.195313	1628.258301
1029.769531	1507.465332
1029.067383	1661.187866
1028.629883	1493.918091
1027.940430	1587.667603
1027.490234	1537.399414
1026.812500	1551.865845
1026.349609	1499.732300
1025.684570	1536.027344
1025.208984	1569.493530
1024.556641	1637.644653
1024.068359	1503.347656
1023.427734	1610.716553
1022.926758	1562.117065
1022.299805	1541.712524
1021.786133	1535.432495
1021.170898	1565.752075
1020.644531	1535.038696
1020.041992	1603.066528
1019.501953	1530.266357
1018.912109	1571.739868
1018.360352	1525.496094
1017.782227	1527.146606
1017.217773	1542.608765
1016.653320	1635.254517
1016.074219	1537.837036
1015.522461	1559.693604
1014.931641	1581.180908
1014.392578	1526.189575
1013.788086	1620.129150
1013.261719	1616.538086
1012.644531	1558.508057
1012.131836	1589.668701
1011.500000	1647.702881
1011.000000	1679.965698
1010.356445	1725.927734
1009.869141	1686.244141
1009.210938	1708.008911
1008.737305	1749.968140
1008.066406	1768.708374
1007.606445	1742.974243
1006.920898	1770.434204
1006.473633	1782.364258
1005.775391	1970.762817
1005.341797	1876.941772
1004.629883	1939.706299
1004.209961	1951.610107
1003.484375	1943.566650
1003.077148	1990.931030
1002.337891	2047.739868
1001.944336	2028.028320
1001.190430	2101.713867
1000.810547	2091.585693
1000.043945	2125.144531
999.677734	2236.732422
998.896484	1991.669556
998.543945	2240.673340
997.749023	2015.115601
997.410156	2215.948242
996.601563	2125.666504
996.276367	2226.504639
995.453125	1998.826050
995.141602	2177.548340
994.304688	2081.024414
994.006836	2210.143311
993.155273	1949.908081
992.872070	2053.260254
992.006836	1862.373047
991.737305	2004.370483
990.857422	1851.011719
990.602539	1940.086304
989.708008	1815.736084
989.466797	1873.627197
988.331055	1818.201904
987.195313	1780.405762
986.058594	1738.224854
984.921875	1757.656494
983.785156	1636.320923
982.648438	1581.003052
981.511719	1677.399902
980.374023	1582.533081
979.236328	1575.606079
978.098633	1575.272949
976.959961	1500.256470
975.822266	1576.802612
974.683594	1646.729370
973.544922	1606.867554
972.405273	1536.296509
971.265625	1571.078979
970.126953	1592.683716
968.986328	1590.152710
967.846680	1574.465576
966.706055	1576.323853
965.565430	1602.292358
964.424805	1580.037598
963.284180	1632.285767
962.142578	1559.651733
961.000977	1629.402100
959.859375	1548.040894
958.717773	1532.387817
957.575195	1501.420532
956.432617	1503.289307
955.290039	1498.593872
954.146484	1544.207275
953.003906	1497.955566
951.860352	1462.655151
950.716797	1514.804077
949.572266	1527.593506
948.428711	1555.671875
947.284180	1509.466187
946.138672	1467.647949
944.994141	1497.904175
943.848633	1504.133423
942.704102	1488.533936
941.557617	1510.037231
940.412109	1498.806030
939.265625	1515.935181
938.119141	1517.791626
936.972656	1467.320801
935.826172	1453.927856
934.678711	1512.458618
933.531250	1507.776978
932.383789	1485.669922
931.236328	1552.867554
930.087891	1478.500732
928.939453	1515.192749
927.791016	1510.514648
926.641602	1538.479492
925.493164	1531.622437
924.343750	1516.067749
923.194336	1646.222046
922.043945	1600.210205
920.893555	1599.866333
919.743164	1603.869019
918.592773	1601.351318
917.442383	1598.834595
916.291016	1615.865479
915.139648	1576.432617
913.988281	1595.631592
912.835938	1664.742676
911.684570	1577.584351
910.532227	1566.396851
909.378906	1628.961792
908.226563	1578.733032
907.073242	1563.215698
905.919922	1569.381470
904.766602	1618.888062
903.612305	1612.038452
902.458984	1704.839111
901.304688	1732.626099
900.149414	1769.062134
898.995117	1788.163452
897.839844	1850.543823
896.684570	1858.799316
895.529297	1899.502686
894.373047	1953.166016
893.216797	2037.081055
892.060547	2019.343750
890.904297	1958.382446
889.747070	1960.119385
888.590820	1946.730835
887.432617	1887.984375
886.275391	1870.297485
885.117188	1977.853394
883.959961	1936.407837
882.801758	1836.706299
881.642578	1950.672241
880.483398	1930.832520
879.325195	1816.098145
878.165039	1878.239746
877.005859	1964.069580
875.845703	1903.289307
874.685547	1892.100342
873.525391	1857.216187
872.365234	1833.117310
871.204102	1849.947266
870.042969	1735.428345
868.881836	1769.493164
867.719727	1734.672607
866.558594	1615.949585
865.396484	1634.958862
864.233398	1690.523071
863.071289	1625.644775
861.908203	1648.938599
860.745117	1637.832031
859.582031	1596.645142
858.417969	1596.296631
857.253906	1653.943604
856.089844	1707.270142
854.925781	1696.161987
853.760742	1721.550171
852.596680	1656.790894
851.430664	1619.952881
850.265625	1683.953491
849.099609	1773.662354
847.933594	1794.716553
846.767578	1738.586060
845.601563	1703.912842
844.434570	1626.398315
843.267578	1761.010010
842.100586	1730.637817
840.933594	1852.318848
839.765625	1789.825562
838.597656	1934.984985
837.429688	1953.820679
836.260742	1976.926880
835.091797	2062.055420
833.922852	2194.195557
832.753906	2401.111572
831.583984	2541.669434
830.414063	2759.103760
829.244141	2895.247070
828.074219	3076.191406
826.903320	3084.058105
825.733398	2976.614746
824.561523	2971.690186
823.390625	2949.692627
822.218750	2795.403076
821.046875	2600.645996
819.875000	2583.009521
818.703125	2484.346191
817.530273	2285.521484
816.357422	2233.860596
815.184570	2152.387207
814.010742	2164.696289
812.836914	2042.801025
811.663086	2001.886719
810.489258	2029.124512
809.314453	2007.389404
808.139648	1989.920166
806.964844	1993.736206
805.790039	2014.568970
804.614258	2022.631226
803.438477	1945.634644
802.262695	1966.463623
801.086914	1978.781372
799.910156	2042.092651
798.733398	2048.014404
797.556641	2051.809082
796.378906	1979.154053
795.201172	2042.408447
794.023438	2014.362183
792.845703	1999.060913
791.666992	2015.591309
790.489258	2087.265625
789.309570	2012.577148
788.130859	2020.611816
786.951172	2092.236572
785.771484	2083.295166
784.591797	1998.078735
783.412109	2076.015381
782.231445	2005.663208
781.050781	1920.520142
779.870117	1962.432861
778.688477	2004.326904
777.506836	1976.373047
776.325195	2071.133789
775.143555	1992.414917
773.960938	1966.596313
772.778320	2031.697388
771.595703	2100.996582
770.413086	2028.679810
769.229492	2043.017334
768.045898	2040.450073
766.862305	2044.219116
765.677734	2060.654297
764.494141	2015.866943
763.309570	2085.060303
762.124023	2160.552246
760.939453	2284.527344
759.753906	2473.825195
758.568359	2793.765625
757.381836	2989.188965
756.196289	3304.655518
755.009766	3356.594727
753.822266	3282.113281
752.635742	2965.457520
751.448242	2678.422607
750.260742	2492.565430
749.073242	2237.334961
747.884766	2118.995605
746.696289	2099.587402
745.507813	1975.021484
744.319336	1913.596558
743.129883	1946.806274
741.940430	1910.637817
740.750977	1882.890991
739.561523	1855.156494
738.371094	1972.368652
737.180664	1885.825317
735.990234	1856.008667
734.798828	1954.249512
733.607422	1924.430420
732.416016	1890.428223
731.224609	1831.269043
730.032227	1757.455811
728.839844	1782.221924
727.647461	1769.244019
726.454102	1710.164307
725.260742	1699.303467
724.067383	1703.111084
722.874023	1721.577515
721.679688	1725.378174
720.486328	1622.411621
719.291016	1712.044067
718.096680	1692.826172
716.901367	1640.144531
715.706055	1671.148438
714.510742	1658.225586
713.315430	1772.835327
712.119141	1667.928955
710.922852	1596.504395
709.725586	1644.195923
708.529297	1721.107788
707.332031	1670.601440
706.134766	1707.804565
704.936523	1726.204834
703.738281	1713.294067
702.540039	1681.611694
701.341797	1766.753540
700.143555	1753.841797
698.944336	1740.935791
697.745117	1794.738770
696.544922	1808.921021
695.345703	1841.848511
694.145508	1822.684204
692.944336	1893.080078
691.744141	1928.047729
690.542969	1915.121338
689.341797	1945.905396
688.140625	2030.773682
686.938477	2069.838135
685.736328	2081.847656
684.534180	2035.631226
683.331055	2091.297852
682.128906	2078.353516
680.925781	2119.439697
679.721680	2118.958740
678.518555	2187.016846
677.314453	2130.455566
676.110352	2146.579834
674.905273	2110.808350
673.701172	2114.478760
672.496094	2107.774414
671.290039	2090.702393
670.084961	2216.718994
668.878906	2158.166260
667.672852	2112.075928
666.466797	2039.067505
665.259766	2109.042969
664.052734	2069.208496
662.845703	2083.232910
661.637695	1946.116089
660.429688	2013.978149
659.221680	2081.809082
658.013672	2108.230469
656.804688	2006.395752
655.595703	2045.229736
654.386719	1997.210449
653.177734	1918.207397
651.967773	1994.232422
650.757813	1878.075928
649.547852	1958.206177
648.336914	1968.084595
647.125977	1916.017944
645.915039	1857.782349
644.703125	1888.313599
643.492188	1892.008301
642.280273	1893.638306
641.067383	1884.955811
639.855469	1903.080933
638.642578	1849.049683
637.429688	1776.494751
636.215820	1856.444580
635.001953	1812.760132
633.788086	1834.999023
632.574219	1826.342407
631.359375	1776.518677
630.144531	1876.956543
628.929688	1753.070313
627.714844	1832.895752
626.499023	1834.531738
625.283203	1768.312866
624.067383	1864.524902
622.850586	1938.084961
621.633789	2017.775391
620.416992	1994.714355
619.200195	2068.193115
617.982422	2006.117310
616.764648	2124.722412
615.546875	2062.661621
614.328125	2056.031006
613.109375	2028.888794
611.890625	2092.002197
610.670898	2019.752319
609.452148	2193.540283
608.232422	2379.545166
607.011719	2676.114990
605.791992	2978.693848
604.571289	2992.343750
603.350586	2762.313721
602.128906	2556.956055
600.907227	2163.393555
599.685547	1970.545898
598.463867	1894.396729
597.241211	1820.327881
596.018555	1789.234619
594.795898	1794.954102
593.573242	1784.319580
592.349609	1722.604248
591.125977	1726.291626
589.901367	1772.869141
588.677734	1725.492676
587.453125	1753.674561
586.227539	1734.898926
585.002930	1779.389771
583.777344	1842.220947
582.551758	1847.912842
581.325195	1871.954346
580.099609	1912.294067
578.873047	1858.856689
577.645508	1958.274902
576.418945	2000.603027
575.191406	1865.709717
573.963867	1906.002930
572.735352	1936.097900
571.507813	1921.400269
570.279297	1884.325317
569.049805	1989.677856
567.821289	1956.671631
566.591797	1944.015503
565.362305	1852.077271
564.131836	1808.962769
562.901367	1820.734009
561.670898	1797.962280
560.440430	1773.169922
559.208984	1736.204956
557.977539	1680.985474
556.746094	1700.890503
555.513672	1694.406006
554.281250	1631.119263
553.048828	1586.116333
551.816406	1634.413452
550.583008	1709.043091
549.349609	1635.676880
548.116211	1653.532104
546.881836	1665.301147
545.647461	1652.759155
544.413086	1702.996704
543.177734	1761.308594
541.943359	1823.640991
540.707031	1841.425903
539.471680	1847.063965
538.235352	1858.766968
536.999023	1801.711914
535.762695	1803.311279
534.525391	1744.274414
533.289063	1725.679077
532.050781	1694.970825
530.813477	1585.506348
529.575195	1688.117432
528.336914	1671.570679
527.098633	1659.068115
525.859375	1666.749756
524.620117	1702.670898
523.380859	1607.475952
522.140625	1703.886719
520.900391	1669.214600
519.660156	1628.512085
518.419922	1722.834229
517.178711	1686.166992
515.937500	1641.460449
514.696289	1681.345459
513.454102	1646.726318
512.211914	1696.654053
510.969727	1700.278320
509.726563	1683.783691
508.483398	1671.319092
507.240234	1737.278931
505.997070	1678.571045
504.752930	1750.527100
503.508789	1655.675659
502.263672	1715.549561
501.019531	1721.169067
499.774414	1760.919800
498.528320	1746.451294
497.283203	1760.086670
496.037109	1737.598877
494.791016	1737.187378
493.543945	1696.665649
492.297852	1830.601196
491.050781	1749.984741
489.802734	1847.770142
488.554688	1889.407837
487.306641	1912.997192
486.058594	1764.346069
484.810547	1884.058472
483.561523	1921.643555
482.311523	1931.193237
481.062500	1926.732666
479.812500	2054.292969
478.562500	1949.814331
477.312500	1997.334473
476.061523	1998.858032
474.810547	1966.408081
473.558594	2047.854004
472.307617	2061.348145
471.055664	2068.844727
469.803711	2094.305908
468.550781	2251.490723
467.297852	2209.047607
466.044922	2276.352295
464.791016	2371.548340
463.538086	2444.763672
462.284180	2569.778076
461.029297	2628.958252
459.774414	2861.472168
458.519531	2934.499023
457.264648	3174.794922
456.009766	3197.930176
454.753906	3336.518066
453.497070	3248.146484
452.241211	3153.847656
450.984375	2964.105225
449.727539	2857.985596
448.469727	2747.939453
447.211914	2687.643311
445.954102	2490.243408
444.696289	2515.476074
443.437500	2415.548584
442.178711	2462.632080
440.919922	2444.170898
439.660156	2364.181641
438.400391	2385.443359
437.140625	2398.758301
435.879883	2376.361328
434.620117	2413.468750
433.358398	2387.113281
432.097656	2352.841309
430.835938	2528.645264
429.574219	2460.674316
428.311523	2527.426270
427.049805	2609.987549
425.787109	2534.125977
424.523438	2644.355469
423.260742	2728.806396
421.997070	2674.731689
420.732422	2816.492188
419.468750	2825.698242
418.204102	2692.561279
416.938477	2767.014648
415.673828	2859.215088
414.408203	2860.498291
413.142578	2855.855469
411.875977	2991.405762
410.609375	2957.121826
409.342773	3021.532471
408.076172	3079.992188
406.808594	3087.135254
405.541016	3309.236572
404.273438	3239.425049
403.004883	3339.167969
401.736328	3385.653076
400.466797	3384.829834
399.198242	3464.765869
397.928711	3629.340332
396.658203	3543.799316
395.388672	3714.178467
394.118164	3666.045898
392.847656	3562.850830
391.576172	3654.424805
390.304688	3706.625732
389.033203	3786.323242
387.760742	3728.401855
386.489258	3758.930420
385.215820	3777.656982
383.943359	3784.589600
382.669922	3836.678955
381.396484	3790.591064
380.123047	3872.090332
378.848633	3831.901611
377.574219	3736.807373
376.298828	3816.297119
375.024414	3740.858398
373.749023	3710.539307
372.472656	3762.540039
371.197266	3747.902588
369.920898	3694.097900
368.643555	3577.656250
367.367188	3647.255859
366.089844	3564.154785
364.812500	3594.586914
363.534180	3536.970459
362.255859	3551.746582
360.977539	3439.418701
359.698242	3450.300781
358.418945	3398.637451
357.139648	3317.690674
355.860352	3426.262939
354.580078	3366.830078
353.299805	3270.330078
352.018555	3222.675781
350.737305	3216.025391
349.456055	3180.113037
348.174805	3272.951172
346.892578	3172.690430
345.610352	3168.006592
344.327148	3188.662109
343.043945	3226.843994
341.760742	3093.574219
340.477539	3114.231201
339.193359	3043.362549
337.909180	3071.807373
336.625000	2965.952393
335.339844	3023.586426
334.054688	2921.685303
332.768555	2952.074707
331.483398	2978.560059
330.197266	2835.925781
328.910156	2938.213135
327.624023	2836.457275
326.336914	2812.443604
325.048828	2815.626465
323.760742	2867.340576
322.472656	2777.346680
321.184570	2776.654053
319.895508	2838.036865
318.606445	2742.298340
317.317383	2650.484619
316.027344	2742.866455
314.737305	2777.063477
313.447266	2764.744141
312.156250	2692.384521
310.866211	2703.329346
309.574219	2735.564209
308.283203	2802.621582
306.991211	2799.984131
305.698242	2739.311035
304.406250	2831.458252
303.113281	2853.950195
301.819336	2909.292969
300.526367	2900.831543
299.232422	2942.608643
297.937500	3092.535645
296.643555	3080.170410
295.348633	3160.482666
294.052734	3194.429688
292.757813	3400.100830
291.461914	3385.739258
290.166016	3521.823486
288.869141	3625.058838
287.572266	3728.241455
286.275391	3827.516846
284.977539	4053.907471
283.679688	4139.564941
282.381836	4383.092773
281.083008	4536.007813
279.784180	4806.257813
278.485352	4878.164551
277.185547	5088.550781
275.885742	5244.975098
274.585938	5514.768066
273.285156	5722.907227
271.984375	5829.079590
270.683594	5964.018066
269.381836	6371.655762
268.080078	6360.433594
266.777344	6737.041992
265.475586	6637.435059
264.172852	6896.722656
262.869141	7044.605957
261.565430	7309.408691
260.261719	7343.976563
258.958008	7620.067383
257.653320	7752.277344
256.348633	7962.975586
255.043945	8041.392578
253.738281	8167.644043
252.432617	8085.143555
251.125977	8351.041992
249.819336	8362.298828
248.512695	8536.160156
247.206055	8539.708984
245.898438	8690.487305
244.590820	8783.836914
243.282227	8886.693359
241.973633	8794.611328
240.665039	8666.282227
239.356445	8709.885742
238.046875	8858.467773
236.736328	8951.620117
235.426758	8607.752930
234.116211	8708.549805
232.805664	8712.026367
231.494141	8507.668945
230.182617	8448.287109
228.871094	8434.671875
227.558594	8367.715820
226.246094	8346.504883
224.933594	8243.422852
223.620117	8286.979492
222.306641	8359.060547
220.992188	8151.397461
219.678711	8033.247070
218.363281	8141.466309
217.048828	8205.898438
215.733398	8281.701172
214.417969	8072.418457
213.102539	7977.230957
211.786133	8070.121582
210.468750	8087.010254
209.152344	7974.803223
207.834961	7963.237305
206.517578	7828.349609
205.199219	7942.015137
203.880859	7915.291016
202.562500	7820.329102
201.243164	7674.240723
199.923828	7816.244141
198.604492	7812.306152
197.284180	7768.597656
195.963867	7747.630859
194.642578	7703.958984
193.322266	7840.083008
192.000000	7822.892578
190.678711	7975.933594
189.356445	7879.296387
188.034180	7945.280762
186.710938	7975.321289
185.387695	8113.039063
184.064453	8150.571777
182.740234	8310.828125
181.416016	8282.208984
180.091797	8598.997070
178.766602	8543.897461
177.441406	8613.326172
176.116211	8760.039063
174.790039	8853.881836
173.463867	9107.889648
172.136719	9290.154297
170.809570	9342.330078
169.482422	9409.542969
168.155273	9591.576172
166.827148	9893.985352
165.498047	10115.310547
164.169922	10372.261719
162.840820	10732.525391
161.510742	10695.827148
160.180664	11078.367188
158.850586	11537.757813
157.520508	11810.888672
156.189453	12215.360352
154.858398	12486.282227
153.526367	12879.087891
152.194336	13115.898438
150.862305	13592.759766
149.529297	13679.172852
148.196289	13998.088867
146.863281	14324.330078
145.529297	14451.706055
144.195313	14721.427734
142.860352	14709.990234
141.526367	15151.798828
140.190430	15121.521484
138.855469	15291.549805
137.519531	15233.172852
136.183594	15300.172852
134.846680	15434.468750
133.509766	15400.397461
132.171875	15386.905273
130.834961	15401.449219
129.496094	15505.664063
128.158203	15338.976563
126.819336	15280.683594
125.480469	15388.569336
124.140625	15341.484375
122.800781	15272.031250
121.460938	15491.742188
120.120117	15217.145508
118.779297	15216.751953
117.437500	15330.048828
116.095703	15210.364258
114.753906	15228.590820
113.411133	15582.020508
112.068359	15361.815430
110.725586	15350.193359
109.381836	15197.152344
108.038086	14984.662109
106.694336	14225.505859
105.349609	13557.865234
104.003906	12661.956055
102.659180	11484.077148
101.313477	10340.277344
99.966797	9003.945313
98.621094	7753.752930
