#Wave		#Intensity
3199.922852	21.277060
3199.217773	31.915588
3198.512695	28.365015
3197.807617	31.905691
3197.101563	17.722631
3196.396484	31.895779
3195.691406	31.890818
3194.985352	56.685955
3194.279297	28.338560
3193.574219	46.042976
3192.868164	21.247286
3192.162109	49.569248
3191.455078	28.320852
3190.749023	31.855968
3190.042969	31.850975
3189.335938	31.845978
3188.629883	31.840975
3187.922852	31.835970
3187.215820	21.220640
3186.508789	31.825947
3185.801758	31.820930
3185.094727	42.421211
3184.387695	42.414513
3183.679688	45.941792
3182.972656	31.800825
3182.264648	28.262922
3181.557617	28.258444
3180.849609	28.253960
3180.141602	31.780659
3179.433594	31.775608
3178.724609	31.770554
3178.016602	45.883492
3177.308594	17.644686
3176.599609	45.868866
3175.890625	31.750299
3175.182617	56.435959
3174.473633	31.740150
3173.764648	31.735069
3173.055664	24.678879
3172.345703	31.724899
3171.636719	38.768654
3170.927734	28.190859
3170.217773	21.139746
3169.507813	31.704517
3168.797852	31.699411
3168.087891	31.694304
3167.377930	31.689194
3166.667969	42.245438
3165.958008	31.678959
3165.248047	63.347675
3164.537109	42.224949
3163.826172	45.736290
3163.116211	45.728874
3162.405273	42.204422
3161.694336	45.714035
3160.983398	31.643036
3160.271484	56.245140
3159.560547	31.632742
3158.849609	31.627590
3158.137695	21.081623
3157.425781	49.182430
3156.713867	45.661945
3156.001953	56.190136
3155.290039	17.556545
3154.578125	24.575142
3153.866211	42.121914
3153.153320	56.153347
3152.441406	63.162155
3151.728516	52.626488
3151.015625	31.570705
3150.302734	45.594635
3149.589844	49.093834
3148.876953	31.555124
3148.164063	45.572113
3147.451172	45.564598
3146.737305	28.035126
3146.023438	42.045742
3145.310547	52.548492
3144.596680	45.534492
3143.882813	45.526955
3143.168945	38.516426
3142.455078	28.007303
3141.740234	14.001328
3141.026367	45.496761
3140.311523	31.492525
3139.596680	41.983051
3138.881836	41.976067
3138.167969	45.466499
3137.452148	45.458923
3136.737305	31.466316
3136.022461	48.939434
3135.306641	31.455811
3134.591797	41.934074
3133.875977	31.445295
3133.160156	48.906719
3132.444336	31.434769
3131.728516	31.429501
3131.012695	31.424229
3130.296875	48.873932
3129.580078	48.865723
3128.864258	41.877869
3128.147461	45.360062
3127.430664	52.329723
3126.713867	31.392548
3125.997070	41.849674
3125.280273	59.277042
3124.563477	52.294449
3123.845703	31.371370
3123.128906	45.306545
3122.411133	45.298885
3121.693359	48.775162
3120.975586	48.766903
3120.257813	31.344839
3119.540039	31.339525
3118.822266	31.334209
3118.104492	52.214817
3117.385742	55.686344
3116.666992	31.318243
3115.949219	45.229767
3115.230469	45.222069
3114.511719	66.082542
3113.791992	31.296921
3113.073242	52.152637
3112.354492	31.286243
3111.634766	27.805246
3110.915039	59.076054
3110.196289	48.642548
3109.476563	24.317114
3108.756836	31.259508
3108.036133	27.781469
3107.316406	52.081329
3106.596680	62.486877
3105.875977	59.005257
3105.155273	58.995121
3104.435547	45.106167
3103.714844	69.382172
3102.994141	41.622139
3102.272461	52.018719
3101.551758	31.205856
3100.831055	65.867676
3100.109375	48.525707
3099.387695	31.189714
3098.666992	45.044029
3097.945313	55.429230
3097.222656	41.564735
3096.500977	58.873192
3095.779297	51.937943
3095.056641	51.928947
3094.334961	27.690639
3093.612305	44.989491
3092.889648	58.822201
3092.166992	44.973877
3091.444336	48.424995
3090.721680	55.333233
3089.999023	62.239063
3089.275391	51.856861
3088.551758	62.217403
3087.829102	44.926964
3087.105469	31.097862
3086.381836	41.456585
3085.658203	48.357578
3084.933594	55.256157
3084.209961	69.058128
3083.485352	65.593758
3082.761719	31.065294
3082.037109	69.021912
3081.312500	27.603931
3080.587891	31.048983
3079.863281	48.289955
3079.137695	65.524872
3078.413086	48.273014
3077.687500	62.054413
3076.962891	55.149788
3076.237305	68.925125
3075.511719	48.239101
3074.786133	55.120705
3074.060547	51.666565
3073.333984	30.994480
3072.608398	27.545795
3071.881836	30.983557
3071.155273	51.630154
3070.429688	65.386650
3069.703125	48.171131
3068.975586	41.282246
3068.249023	61.912426
3067.522461	55.023537
3066.794922	55.013802
3066.067383	68.755074
3065.340820	48.120029
3064.613281	54.984573
3063.885742	51.538898
3063.157227	54.965073
3062.429688	61.824734
3061.702148	51.511463
3060.973633	44.635338
3060.245117	61.791790
3059.516602	58.348534
3058.788086	72.064781
3058.059570	51.465679
3057.331055	72.039116
3056.602539	30.868406
3055.873047	61.725807
3055.143555	68.571999
3054.415039	85.699699
3053.685547	61.692768
3052.956055	89.095863
3052.226563	30.835363
3051.496094	75.361855
3050.766602	78.773300
3050.036133	71.910583
3049.305664	65.050308
3048.576172	78.731003
3047.845703	37.647209
3047.114258	61.593475
3046.383789	78.688660
3045.653320	71.833275
3044.921875	30.780161
3044.191406	75.226875
3043.459961	54.700623
3042.728516	71.781662
3041.997070	47.845833
3041.265625	71.755829
3040.533203	54.661266
3039.801758	54.651421
3039.069336	95.622749
3038.336914	75.118614
3037.604492	68.277336
3036.872070	61.438511
3036.139648	78.490593
3035.407227	68.240356
3034.674805	54.582424
3033.941406	51.161770
3033.208008	71.613525
3032.474609	47.733711
3031.742188	74.996544
3031.007813	68.166328
3030.274414	57.930882
3029.541016	78.362869
3028.806641	88.568047
3028.073242	47.681835
3027.338867	74.915001
3026.604492	40.855309
3025.870117	64.675819
3025.135742	61.260696
3024.400391	71.457817
3023.666016	74.846954
3022.930664	74.833336
3022.196289	74.819717
3021.460938	61.204983
3020.725586	88.391090
3019.989258	67.980759
3019.253906	84.960449
3018.518555	61.160366
3017.782227	67.943558
3017.045898	74.724274
3016.310547	64.522812
3015.574219	98.464195
3014.837891	81.472717
3014.100586	88.245972
3013.364258	84.836372
3012.626953	122.142014
3011.890625	71.236465
3011.153320	98.356148
3010.416016	91.556190
3009.678711	94.929756
3008.941406	81.353439
3008.203125	94.894936
3007.465820	71.158142
3006.727539	98.247963
3005.989258	98.229919
3005.250977	108.371719
3004.512695	101.579811
3003.774414	115.102615
3003.036133	81.233963
3002.296875	104.907890
3001.558594	115.039085
3000.819336	91.337746
3000.080078	111.614456
2999.340820	114.975517
2998.601563	98.049271
2997.862305	104.791954
2997.122070	94.633339
2996.382813	114.890694
2995.642578	111.490967
2994.902344	124.981934
2994.162109	87.808914
2993.421875	87.792679
2992.681641	84.400429
2991.940430	124.889526
2991.200195	121.491646
2990.458984	134.965729
2989.717773	111.326103
2988.976563	165.271774
2988.235352	134.890717
2987.494141	134.865707
2986.751953	124.727646
2986.010742	138.186081
2985.268555	151.639496
2984.526367	128.027359
2983.784180	138.109116
2983.041992	124.611900
2982.299805	101.017899
2981.556641	127.932205
2980.814453	117.810379
2980.071289	137.980774
2979.328125	151.414124
2978.584961	181.663101
2977.841797	137.903702
2977.098633	164.781036
2976.355469	141.214554
2975.611328	181.527725
2974.867188	171.410873
2974.123047	194.901489
2973.379883	191.505356
2972.634766	174.674026
2971.890625	157.848953
2971.146484	188.040207
2970.401367	204.791229
2969.657227	191.326523
2968.912109	167.798889
2968.166992	184.544250
2967.421875	197.928589
2966.675781	184.475159
2965.930664	204.561401
2965.185547	217.934433
2964.439453	187.723709
2963.693359	254.720123
2962.947266	224.513779
2962.201172	244.573608
2961.455078	244.527710
2960.708008	261.227142
2959.961914	287.965576
2959.214844	224.303131
2958.467773	244.344055
2957.720703	254.337784
2956.973633	287.749176
2956.226563	257.587433
2955.479492	264.228271
2954.731445	264.178558
2953.983398	287.532623
2953.235352	244.022430
2952.488281	290.766479
2951.739258	267.321075
2950.991211	290.656860
2950.243164	303.963074
2949.494141	290.547241
2948.745117	310.526398
2947.997070	347.189758
2947.248047	287.045013
2946.498047	286.990814
2945.749023	300.282471
2945.000000	296.889893
2944.250000	306.839386
2943.500977	283.439331
2942.750977	276.717804
2942.000977	326.665222
2941.250977	309.939941
2940.500000	283.224823
2939.750000	286.502594
2938.999023	283.117523
2938.248047	352.997314
2937.498047	312.976013
2936.747070	282.956573
2935.995117	306.200775
2935.244141	262.883392
2934.493164	279.468536
2933.741211	339.290222
2932.989258	286.013885
2932.237305	279.309326
2931.485352	315.825531
2930.733398	269.231628
2929.981445	299.089386
2929.228516	252.516342
2928.476563	242.502441
2927.723633	295.597412
2926.970703	259.013580
2926.217773	272.244476
2925.464844	258.914948
2924.710938	258.865601
2923.958008	242.225494
2923.204102	242.179306
2922.450195	255.400696
2921.696289	291.830841
2920.942383	255.303268
2920.188477	291.719482
2919.434570	261.834534
2918.679688	265.098267
2917.924805	301.491669
2917.170898	301.434052
2916.416016	311.311951
2915.660156	284.762848
2914.905273	284.708405
2914.150391	268.104279
2913.394531	258.125092
2912.638672	271.310333
2911.883789	238.178116
2911.127930	241.439896
2910.371094	254.620697
2909.615234	281.020935
2908.859375	304.105530
2908.102539	267.693756
2907.345703	274.250885
2906.588867	267.591095
2905.832031	260.933838
2905.075195	264.186066
2904.318359	260.833649
2903.560547	290.493073
2902.802734	283.836426
2902.045898	263.983154
2901.288086	270.530731
2900.530273	263.881683
2899.771484	286.916138
2899.013672	286.860962
2898.254883	316.475342
2897.497070	270.270660
2896.738281	309.762817
2895.979492	316.292603
2895.220703	260.232300
2894.460938	293.116638
2893.702148	283.181702
2892.942383	286.419281
2892.183594	312.696411
2891.423828	292.890656
2890.664063	289.543884
2889.903320	328.963623
2889.143555	249.964096
2888.383789	309.106445
2887.623047	269.593964
2886.862305	276.116058
2886.101563	276.062714
2885.340820	276.009369
2884.580078	292.381958
2883.818359	272.618073
2883.057617	285.701019
2882.295898	282.362457
2881.534180	272.459869
2880.772461	262.561066
2880.010742	246.103348
2879.249023	275.582367
2878.486328	262.408539
2877.724609	301.711334
2876.961914	288.537506
2876.199219	291.759766
2875.436523	262.205109
2874.673828	262.154236
2873.910156	281.761139
2873.147461	284.982086
2872.383789	239.076477
2871.620117	327.438446
2870.856445	284.816101
2870.092773	274.941437
2869.329102	307.612762
2868.565430	255.203522
2867.800781	261.696289
2867.036133	277.998230
2866.271484	277.944153
2865.506836	297.505829
2864.742188	274.567322
2863.977539	274.513855
2863.211914	238.519165
2862.447266	251.539703
2861.681641	274.353485
2860.916016	277.565491
2860.150391	261.187164
2859.383789	300.306671
2858.618164	225.186081
2857.851563	303.452454
2857.085938	280.557190
2856.319336	290.287415
2855.552734	293.491760
2854.786133	290.174042
2854.018555	299.896606
2853.251953	296.578888
2852.484375	237.868439
2851.716797	299.720795
2850.949219	289.890594
2850.181641	286.577362
2849.414063	296.289063
2848.646484	253.912354
2847.877930	237.589401
2847.109375	309.131165
2846.340820	221.229492
2845.572266	237.449844
2844.803711	276.428528
2844.035156	266.619965
2843.265625	253.564407
2842.497070	273.015808
2841.727539	237.217209
2840.958008	276.157623
2840.188477	250.117233
2839.418945	237.077591
2838.648438	211.055038
2837.878906	262.955414
2837.108398	295.361023
2836.337891	266.097198
2835.567383	249.822647
2834.796875	230.310669
2834.025391	233.508560
2833.254883	265.888000
2832.483398	236.658615
2831.711914	259.300873
2830.940430	252.768585
2830.168945	236.518906
2829.397461	285.062531
2828.625977	233.187042
2827.853516	281.712189
2827.081055	265.469482
2826.308594	229.812424
2825.536133	262.128693
2824.763672	271.783539
2823.991211	278.199707
2823.217773	236.099670
2822.445313	236.053070
2821.671875	258.637238
2820.898438	235.959869
2820.125000	229.449890
2819.350586	216.480362
2818.577148	190.594299
2817.802734	216.394806
2817.028320	248.643372
2816.253906	225.994736
2815.479492	200.127182
2814.705078	229.132553
2813.930664	222.634048
2813.155273	229.041870
2812.379883	235.447128
2811.604492	216.052505
2810.829102	232.129837
2810.053711	232.083847
2809.278320	232.037842
2808.501953	206.214981
2807.726563	260.939087
2806.950195	264.108154
2806.173828	235.074036
2805.397461	247.905594
2804.620117	251.075302
2803.843750	257.462006
2803.066406	247.757980
2802.290039	205.887802
2801.512695	225.145035
2800.735352	228.316010
2799.957031	215.410309
2799.179688	228.225235
2798.401367	244.248856
2797.624023	215.281815
2796.845703	215.238983
2796.067383	224.831787
2795.289063	244.054489
2794.509766	208.689240
2793.731445	234.327393
2792.952148	208.606110
2792.172852	192.521103
2791.393555	218.147095
2790.614258	214.896194
2789.834961	195.612747
2789.054688	224.428864
2788.275391	217.973099
2787.495117	192.290817
2786.714844	189.048233
2785.934570	208.231888
2785.153320	214.596146
2784.373047	230.564713
2783.591797	198.502151
2782.811523	195.261475
2782.030273	192.022064
2781.249023	169.585571
2780.466797	217.537964
2779.685547	188.708405
2778.904297	207.857483
2778.122070	230.196030
2777.339844	191.791611
2776.557617	198.144974
2775.775391	156.567078
2774.992188	198.065582
2774.209961	169.280182
2773.426758	191.599518
2772.643555	191.561096
2771.860352	185.138580
2771.077148	207.441254
2770.293945	223.353439
2769.509766	178.646881
2768.726563	194.558411
2767.942383	175.386276
2767.158203	188.103851
2766.374023	178.503357
2765.589844	194.402069
2764.804688	197.549271
2764.020508	219.808990
2763.235352	187.914810
2762.450195	200.614410
2761.665039	213.308899
2760.879883	200.533661
2760.093750	168.668945
2759.308594	197.271088
2758.522461	222.680542
2757.736328	181.289047
2756.950195	244.849854
2756.164063	200.291306
2755.376953	190.715149
2754.590820	190.676666
2753.803711	181.106277
2753.016602	209.659668
2752.229492	200.089279
2751.442383	209.574997
2750.654297	209.532654
2749.867188	203.142120
2749.079102	212.621429
2748.291016	199.887177
2747.502930	206.191101
2746.714844	206.149384
2745.926758	187.082352
2745.137695	209.236191
2744.349609	206.024231
2743.560547	196.475616
2742.771484	228.119019
2741.982422	199.563690
2741.192383	196.356216
2740.403320	212.148361
2739.613281	202.608093
2738.823242	183.576340
2738.033203	202.525894
2737.243164	183.501831
2736.453125	205.606857
2735.662109	230.865433
2734.872070	205.523346
2734.081055	173.869034
2733.290039	208.600449
2732.499023	195.918152
2731.708008	205.356293
2730.916016	202.155838
2730.125000	202.114716
2729.333008	211.545776
2728.541016	179.935135
2727.749023	205.147415
2726.956055	186.172791
2726.164063	179.825211
2725.371094	186.096924
2724.578125	201.826691
2723.786133	195.479736
2722.992188	208.048889
2722.199219	182.793533
2721.406250	154.397507
2720.612305	148.065338
2719.818359	217.328125
2719.024414	188.942368
2718.230469	195.200562
2717.436523	226.638184
2716.642578	204.562088
2715.847656	176.202057
2715.052734	198.186768
2714.257813	207.581757
2713.462891	182.382996
2712.667969	194.921204
2711.872070	191.738037
2711.077148	191.698761
2710.281250	188.517517
2709.485352	207.326767
2708.689453	207.284256
2707.893555	194.681641
2707.096680	182.084167
2706.300781	191.463013
2705.503906	175.733246
2704.707031	194.521851
2703.910156	181.934677
2703.112305	197.578094
2702.315430	194.401978
2701.517578	166.148163
2700.720703	188.053574
2699.922852	194.282059
2699.124023	228.704391
2698.326172	162.879181
2697.528320	191.030472
2696.729492	190.991119
2695.930664	215.994629
2695.131836	203.431274
2694.333008	200.260269
2693.534180	203.347397
2692.734375	212.688766
2691.935547	187.627838
2691.135742	168.830200
2690.335938	165.669510
2689.536133	184.386459
2688.736328	193.722015
2687.935547	218.673203
2687.134766	203.011703
2686.334961	240.441071
2685.534180	190.439880
2684.732422	177.915207
2683.931641	202.843765
2683.130859	196.561707
2682.329102	199.640381
2681.527344	187.124084
2680.725586	171.494858
2679.923828	208.868607
2679.121094	187.007736
2678.319336	190.085083
2677.516602	196.276642
2676.713867	202.465622
2675.911133	208.651993
2675.108398	186.813721
2674.305664	180.549088
2673.501953	196.072891
2672.698242	196.032135
2671.895508	211.546234
2671.091797	208.391891
2670.287109	183.471085
2669.483398	195.869019
2668.678711	223.803696
2667.875000	183.356491
2667.070313	214.389175
2666.265625	192.599396
2665.459961	177.030273
2664.655273	208.044800
2663.849609	217.314896
2663.043945	204.854126
2662.238281	223.430573
2661.432617	192.358353
2660.626953	204.725784
2659.821289	198.480484
2659.014648	207.740814
2658.208008	238.696976
2657.401367	207.653915
2656.594727	198.314468
2655.788086	207.566986
2655.012695	198.666473
2654.980469	192.036682
2654.208008	195.562317
2654.172852	222.963623
2653.402344	195.530792
2653.366211	185.764084
2652.596680	183.086594
2652.558594	222.870163
2651.791016	164.441055
2651.750000	219.728653
2650.985352	198.538239
2650.942383	207.306061
2650.178711	217.116074
2650.133789	201.075623
2649.373047	235.687851
2649.326172	225.775970
2648.566406	195.341156
2648.517578	191.714661
2647.759766	204.609909
2647.708984	225.681137
2646.953125	185.978806
2646.899414	210.179337
2646.146484	170.452850
2646.090820	222.496048
2645.339844	216.904709
2645.281250	225.538834
2644.533203	213.771255
2644.472656	237.847061
2643.726563	204.443527
2643.663086	216.179108
2642.918945	195.118790
2642.853516	225.396454
2642.111328	216.763260
2642.042969	225.348984
2641.303711	207.439499
2641.233398	240.733124
2640.496094	176.449509
2640.422852	225.254028
2639.688477	188.801010
2639.612305	237.546616
2638.880859	188.770081
2638.801758	225.159027
2638.073242	191.833191
2637.991211	234.362686
2637.264648	238.205338
2637.180664	212.731735
2636.456055	204.142456
2636.369141	209.604401
2635.648438	188.646088
2635.558594	172.578934
2634.839844	200.983246
2634.747070	184.866928
2634.031250	207.133209
2633.935547	212.552032
2633.221680	210.190079
2633.124023	224.826340
2632.413086	169.978622
2632.311523	240.174591
2631.604492	203.940659
2631.500000	255.516327
2630.794922	219.354446
2630.687500	221.605789
2629.985352	206.962189
2629.875000	203.095627
2629.175781	194.574020
2629.062500	236.894699
2628.366211	225.421417
2628.250000	236.844498
2627.556641	209.946762
2627.436523	239.869537
2626.747070	209.911896
2626.624023	205.998093
2625.937500	225.309158
2625.810547	209.028336
2625.126953	194.412552
2624.997070	221.277145
2624.316406	209.807190
2624.183594	236.593369
2623.505859	203.602463
2623.369141	199.679260
2622.695313	225.159119
2622.555664	205.779495
2621.884766	215.869980
2621.741211	214.947815
2621.074219	212.750580
2620.926758	270.162628
2620.263672	200.383713
2620.112305	254.758286
2619.452148	221.926376
2619.297852	236.291733
2618.640625	206.480240
2618.482422	260.786011
2617.830078	206.445648
2617.667969	266.865295
2617.018555	209.491791
2616.852539	220.806992
2616.206055	249.499802
2616.037109	233.024368
2615.394531	224.820084
2615.221680	223.778305
2614.583008	221.703079
2614.406250	248.249008
2613.770508	267.846161
2613.589844	232.875290
2612.958984	233.941147
2612.774414	223.635101
2612.146484	187.736923
2611.958008	251.152908
2611.333984	236.939423
2611.141602	241.912689
2610.521484	212.286499
2610.325195	238.799454
2609.708984	209.174561
2609.507813	223.444016
2608.895508	224.517075
2608.691406	217.275787
2608.083008	206.028763
2607.874023	241.705841
2607.269531	202.919342
2607.056641	198.829330
2606.456055	242.847153
2606.239258	223.252808
2605.642578	202.850555
2605.421875	247.665802
2604.829102	245.837738
2604.603516	223.157150
2604.015625	208.926590
2603.786133	247.559647
2603.202148	221.178787
2602.967773	244.450912
2602.387695	233.426788
2602.149414	232.178528
2601.574219	218.032654
2601.331055	210.748428
2600.759766	233.347305
2600.512695	235.132523
2599.945313	208.748840
2599.693359	216.763931
2599.130859	224.059784
2598.874023	219.769699
2598.316406	233.227890
2598.054688	216.670746
2597.500977	208.641937
2597.235352	237.981445
2596.686523	233.148163
2596.416016	247.081406
2595.871094	205.503342
2595.596680	234.829300
2595.055664	254.535172
2594.776367	222.582428
2594.240234	242.226898
2593.956055	222.534470
2593.424805	223.791534
2593.135742	222.486511
2592.609375	208.427567
2592.315430	210.250122
2591.793945	223.714691
2591.495117	252.855011
2590.977539	205.291901
2590.673828	237.571503
2590.162109	211.383652
2589.853516	246.655594
2589.345703	223.599274
2589.032227	210.068649
2588.529297	217.435806
2588.210938	240.461411
2587.712891	205.150543
2587.389648	206.934692
2586.896484	208.176575
2586.567383	231.229935
2586.079102	220.384201
2585.746094	246.389114
2585.262695	223.406494
2584.923828	222.006317
2584.445313	238.667038
2584.101563	231.079819
2583.627930	223.329239
2583.279297	246.229080
2582.810547	232.466904
2582.456055	258.332550
2581.993164	192.669434
2581.633789	243.083801
2581.175781	232.386337
2580.810547	230.879517
2580.358398	232.346024
2579.987305	218.680496
2579.540039	253.702255
2579.164063	233.815872
2578.722656	216.984711
2578.340820	245.908722
2577.904297	216.946991
2577.517578	221.573288
2577.085938	241.349731
2576.693359	257.940216
2576.267578	244.362259
2575.869141	221.476944
2575.449219	222.941711
2575.044922	230.528564
2574.629883	235.116699
2574.220703	206.217499
2573.811523	210.652252
2573.396484	245.587952
2572.992188	216.720276
2572.571289	284.941193
2572.172852	222.786148
2571.746094	242.450302
2571.353516	241.055191
2570.921875	209.067780
2570.534180	222.708252
2570.095703	266.579010
2569.714844	247.071381
2569.270508	221.091125
2568.894531	253.127579
2568.445313	251.322693
2568.075195	250.034012
2567.619141	260.349762
2567.254883	219.503555
2566.792969	205.812958
2566.434570	262.138794
2565.966797	214.845963
2565.614258	243.807220
2565.140625	217.824295
2564.793945	213.293839
2564.314453	220.801300
2563.973633	237.628494
2563.487305	235.873032
2563.152344	237.586685
2562.660156	220.704605
2562.332031	234.499405
2561.833984	211.588165
2561.510742	240.547913
2561.005859	247.806091
2560.689453	222.239273
2560.178711	220.559464
2559.868164	252.638428
2559.351563	220.511063
2559.046875	222.160843
2558.523438	241.602905
2558.224609	261.677521
2557.695313	238.530457
2557.403320	249.462372
2556.867188	244.515457
2556.581055	179.459473
2556.039063	232.389511
2555.758789	258.497559
2555.209961	241.390549
2554.937500	231.086304
2554.381836	220.220398
2554.114258	221.925140
2553.552734	268.428772
2553.291992	246.202057
2552.723633	244.246521
2552.469727	221.846436
2551.894531	259.266327
2551.646484	267.383850
2551.065430	268.251343
2550.824219	221.767670
2550.235352	283.259125
2550.000977	233.877747
2549.405273	219.929291
2549.177734	218.651978
2548.575195	262.049652
2548.354492	248.975998
2547.745117	258.980347
2547.530273	206.431137
2546.915039	231.826508
2546.707031	236.746475
2546.083984	243.815521
2545.882813	273.120300
2545.253906	273.855591
2545.059570	285.208099
2544.422852	240.698898
2544.235352	233.586227
2543.591797	258.694000
2543.411133	257.808868
2542.760742	261.644104
2542.586914	215.307755
2541.928711	237.532211
2541.761719	221.333176
2541.097656	246.497742
2540.937500	230.387833
2540.265625	258.464661
2540.112305	263.686218
2539.433594	285.449921
2539.287109	242.426666
2538.601563	249.337692
2538.461914	239.353424
2537.768555	219.248276
2537.636719	257.485992
2536.936523	252.229599
2536.811523	242.296265
2536.103516	237.163177
2535.986328	230.140121
2535.270508	252.117386
2535.160156	221.015930
2534.437500	252.061249
2534.333984	299.680054
2533.604492	261.005280
2533.507813	233.042572
2532.770508	239.951370
2532.681641	263.260468
2531.936523	251.892761
2531.855469	254.136734
2531.103516	254.834610
2531.029297	266.190521
2530.268555	227.801270
2530.203125	238.923416
2529.434570	254.720840
2529.375977	217.713715
2528.600586	260.656006
2528.548828	235.813950
2527.765625	248.616241
2527.721680	272.043884
2526.930664	290.486542
2526.894531	265.950409
2526.095703	227.546768
2526.067383	262.880737
2525.260742	248.449371
2525.240234	220.538177
2524.425781	308.247620
2524.412109	296.011383
2523.589844	287.234375
2523.583984	250.658127
2522.755859	232.496124
2522.753906	299.135376
2521.927734	286.793884
2521.917969	284.114868
2521.099609	280.705200
2521.082031	263.121002
2520.271484	256.511963
2520.246094	260.072571
2519.443359	253.448135
2519.409180	298.866821
2518.614258	298.652466
2518.572266	256.967682
2517.785156	253.356033
2517.735352	265.871857
2516.956055	268.387939
2516.898438	295.678528
2516.126953	274.369202
2516.061523	274.710083
2515.297852	250.203262
2515.223633	265.692291
2514.468750	283.311127
2514.386719	262.647766
2513.638672	277.232697
2513.548828	274.524353
2512.808594	295.259247
2512.710938	280.428986
2511.979492	268.094666
2511.872070	289.313507
2511.148438	252.986984
2511.034180	280.302338
2510.318359	280.041595
2510.195313	262.351410
2509.488281	255.905212
2509.356445	307.000946
2508.658203	258.868530
2508.517578	277.132294
2507.827148	276.878479
2507.678711	265.152588
2506.996094	237.710831
2506.838867	282.963959
2506.165039	285.802460
2506.000000	247.165100
2505.333984	288.757996
2505.160156	282.835663
2504.502930	297.727081
2504.320313	303.607300
2503.670898	240.543427
2503.479492	273.779724
2502.839844	300.624115
2502.639648	312.395020
2502.007813	267.506348
2501.798828	279.604370
2501.175781	318.544556
2500.958984	285.488464
2500.343750	282.431000
2500.117188	300.289307
2499.511719	249.334717
2499.276367	252.661209
2498.679688	255.295807
2498.435547	282.321747
2497.846680	237.231262
2497.593750	282.257416
2497.014648	297.235077
2496.751953	249.518066
2496.181641	279.169403
2495.910156	326.675293
2495.348633	279.117950
2495.068359	261.280579
2494.515625	306.072906
2494.226563	296.841949
2493.681641	297.015961
2493.383789	296.774109
2492.848633	272.964264
2492.541016	278.903900
2492.014648	251.920486
2491.698242	314.436676
2491.181641	290.854431
2490.855469	305.467590
2490.347656	263.819153
2490.012695	290.572510
2489.513672	323.718201
2489.168945	299.398956
2488.678711	314.667786
2488.325195	284.511963
2487.844727	296.631866
2487.481445	272.594757
2487.009766	245.649567
2486.637695	314.004456
2486.175781	314.492981
2485.793945	331.702087
2485.340820	263.526215
2484.949219	293.133575
2484.505859	302.400146
2484.104492	301.946960
2483.670898	254.447937
2483.259766	275.241241
2482.834961	308.273804
2482.415039	284.054565
2482.000000	311.208923
2481.570313	278.072693
2481.164063	281.232727
2480.724609	283.923676
2480.328125	272.206604
2479.878906	283.858185
2479.492188	314.026123
2479.033203	322.222961
2478.656250	278.085693
2478.187500	286.682648
2477.820313	298.961182
2477.341797	322.074127
2476.983398	266.025909
2476.495117	292.458435
2476.147461	298.849823
2475.649414	298.297668
2475.310547	271.902649
2474.802734	315.945160
2474.473633	286.788849
2473.955078	277.495026
2473.636719	277.774872
2473.108398	271.527954
2472.799805	304.599426
2472.260742	259.662170
2471.961914	271.699738
2471.414063	306.802277
2471.125000	319.411407
2470.566406	247.744308
2470.287109	283.536560
2469.717773	294.865204
2469.449219	283.483551
2468.870117	318.380402
2468.611328	301.331390
2468.021484	285.886261
2467.773438	325.138367
2467.173828	288.766357
2466.934570	268.412598
2466.325195	294.590942
2466.096680	304.143951
2465.475586	335.755402
2465.257813	274.274506
2464.626953	297.398163
2464.418945	265.281036
2463.777344	317.935760
2463.580078	277.151764
2462.928711	282.543579
2462.741211	283.058899
2462.079102	300.132446
2461.902344	271.089722
2461.228516	273.586243
2461.062500	300.823303
2460.378906	317.638763
2460.223633	321.612000
2459.528320	302.862366
2459.383789	300.710236
2458.677734	296.912018
2458.543945	312.560760
2457.827148	320.354736
2457.704102	321.430573
2456.976563	290.896179
2456.863281	267.808411
2456.125977	287.890289
2456.023438	300.483948
2455.274414	296.633636
2455.182617	309.350922
2454.422852	302.436523
2454.341797	300.370728
2453.571289	273.009583
2453.500977	303.287506
2452.719727	349.252686
2452.660156	291.338898
2451.867188	325.696869
2451.819336	309.117645
2451.015625	299.218536
2450.978516	294.200684
2450.163086	287.416748
2450.136719	303.058594
2449.310547	281.484741
2449.294922	270.324738
2448.458008	296.075531
2448.453125	258.393463
2447.611328	296.947845
2447.604492	281.351898
2446.769531	282.047089
2446.750977	269.565216
2445.926758	287.930420
2445.897461	301.724518
2445.084961	261.165771
2445.043945	298.724487
2444.242188	258.149078
2444.190430	298.653809
2443.399414	264.033508
2443.335938	263.455658
2442.556641	284.746185
2442.482422	275.099609
2441.713867	308.416565
2441.627930	283.812073
2440.870117	290.568146
2440.773438	310.071564
2440.027344	293.477448
2439.917969	348.016541
2439.183594	284.530151
2439.063477	286.533783
2438.339844	299.292572
2438.208008	260.157593
2437.496094	266.645691
2437.352539	298.087219
2436.652344	299.178833
2436.497070	262.955536
2435.807617	299.121948
2435.640625	315.471466
2434.963867	278.337769
2434.785156	277.431915
2434.119141	299.008118
2433.928711	309.481781
2433.274414	281.191742
2433.072266	291.894257
2432.429688	292.975586
2432.215820	300.579285
2431.584961	278.125824
2431.358398	288.837250
2430.740234	313.571472
2430.501953	291.685028
2429.894531	307.596375
2429.644531	288.699097
2429.048828	313.451904
2428.787109	294.460876
2428.203125	328.174713
2427.928711	282.731293
2427.357422	328.112091
2427.071289	300.147827
2426.511719	286.673828
2426.212891	273.855591
2425.666016	298.438416
2425.354492	282.527832
2424.819336	286.564301
2424.496094	314.491486
2423.973633	292.416901
2423.637695	276.569519
2423.126953	280.548431
2422.778320	276.502960
2422.280273	283.447327
2421.918945	293.895538
2421.432617	259.776978
2421.059570	273.460663
2420.585938	271.533051
2420.200195	325.746918
2419.739258	295.088074
2419.340820	284.959778
2418.891602	315.683746
2418.480469	281.983948
2418.043945	280.226227
2417.620117	302.260254
2417.196289	289.020050
2416.759766	264.413788
2416.348633	294.861847
2415.899414	339.878357
2415.500000	274.168915
2415.039063	284.615540
2414.652344	282.958740
2414.177734	293.257202
2413.803711	274.063629
2413.316406	284.477600
2412.955078	276.957336
2412.106445	291.633057
2411.257813	321.029236
2410.409180	288.576294
2409.559570	291.464874
2408.709961	288.465240
2407.861328	288.409729
2407.011719	306.008514
2406.161133	276.531342
2405.311523	288.243073
2404.460938	279.365417
2403.611328	311.652893
2402.760742	299.834564
2401.910156	267.447845
2401.059570	285.026733
2400.208008	284.971680
2399.357422	279.042053
2398.505859	290.734985
2397.654297	281.870331
2396.802734	264.202332
2395.951172	287.631348
2395.098633	281.706787
2394.247070	293.387756
2393.394531	263.997864
2392.541992	261.013977
2391.689453	310.810333
2390.836914	278.502441
2389.983398	281.379486
2389.130859	310.629578
2388.277344	287.130096
2387.423828	316.367676
2386.570313	257.731018
2385.716797	266.465546
2384.862305	292.762360
2384.008789	283.924316
2383.154297	283.869110
2382.299805	292.591644
2381.445313	277.907990
2380.590820	304.176910
2379.735352	280.723999
2378.880859	257.280243
2378.025391	292.306946
2377.169922	312.707489
2376.314453	306.802673
2375.458008	315.506927
2374.602539	321.286957
2373.746094	321.224274
2372.889648	300.724030
2372.033203	268.555420
2371.176758	297.688080
2370.320313	318.055511
2369.462891	294.654388
2368.606445	300.430389
2367.749023	285.790497
2366.891602	274.071930
2366.034180	335.235168
2365.175781	311.853424
2364.318359	288.480774
2363.459961	282.597534
2362.601563	302.931793
2361.743164	299.960205
2360.884766	288.254730
2360.026367	305.664764
2359.166992	279.410095
2358.307617	343.374207
2357.448242	302.575500
2356.588867	302.516083
2355.729492	285.007233
2354.870117	311.120239
2354.009766	287.802338
2353.149414	345.876221
2352.289063	310.936798
2351.428711	299.254120
2350.568359	305.004852
2349.707031	316.561768
2348.846680	310.692139
2347.985352	301.921661
2347.124023	307.667236
2346.262695	301.802704
2345.400391	322.052856
2344.539063	272.675690
2343.676758	301.624237
2342.814453	289.966095
2341.952148	307.303406
2341.089844	301.445709
2340.227539	310.080017
2339.364258	310.018768
2338.500977	324.441528
2337.638672	309.896271
2336.774414	304.043701
2335.911133	280.822937
2335.047852	344.446594
2334.183594	344.378448
2333.319336	303.803192
2332.455078	303.743042
2331.590820	341.281738
2330.726563	297.839447
2329.861328	320.909027
2328.997070	300.611938
2328.131836	312.112030
2327.266602	358.279785
2326.401367	326.432159
2325.535156	329.255585
2324.669922	294.538635
2323.803711	303.141327
2322.937500	317.513580
2322.071289	331.880066
2321.205078	340.470154
2320.338867	346.172028
2319.471680	348.987396
2318.604492	288.361969
2317.737305	314.252045
2316.870117	328.601868
2316.002930	322.772675
2315.134766	314.064453
2314.267578	351.451660
2313.399414	325.460083
2312.531250	345.552460
2311.663086	336.846497
2310.793945	333.900879
2309.925781	307.933380
2309.056641	313.626556
2308.187500	316.440735
2307.318359	322.129883
2306.449219	322.065582
2305.579102	304.751221
2304.709961	330.560272
2303.839844	339.115814
2302.969727	344.794647
2302.099609	318.871277
2301.228516	327.423950
2300.358398	330.230042
2299.487305	341.647919
2298.616211	318.616241
2297.745117	330.031830
2296.874023	332.835022
2296.002930	324.162292
2295.130859	332.701691
2294.258789	324.032410
2293.387695	301.031708
2292.514648	326.768921
2291.642578	341.032471
2290.770508	346.694550
2289.897461	338.030975
2289.024414	337.963135
2288.151367	317.850677
2287.278320	343.553345
2286.405273	329.172485
2285.531250	369.171478
2284.657227	297.566803
2283.783203	366.162476
2282.909180	326.047882
2282.035156	380.312683
2281.161133	300.186462
2280.286133	314.417786
2279.411133	311.496735
2278.536133	311.434021
2277.661133	334.224243
2276.786133	351.293182
2275.910156	342.656006
2275.035156	354.006500
2274.159180	365.352417
2273.283203	319.618896
2272.406250	330.967102
2271.530273	348.015869
2270.653320	402.133881
2269.777344	333.618225
2268.900391	344.954315
2268.022461	350.585236
2267.145508	376.161804
2266.268555	353.292725
2265.390625	336.129974
2264.512695	327.518066
2263.634766	335.994080
2262.756836	344.466614
2261.877930	409.860779
2261.000000	375.629700
2260.121094	369.863464
2259.242188	375.477631
2258.363281	369.713684
2257.483398	383.855682
2256.604492	389.463501
2255.724609	355.277893
2254.844727	355.205872
2253.964844	375.021332
2253.084961	355.061829
2252.204102	366.349457
2251.324219	346.399719
2250.443359	309.425476
2249.562500	366.126434
2248.681641	363.214478
2247.800781	351.792542
2246.918945	380.085663
2246.037109	388.516083
2245.155273	382.766479
2244.273438	371.349731
2243.391602	368.440063
2242.509766	340.029327
2241.626953	337.127136
2240.744141	322.896393
2239.861328	387.963165
2238.978516	385.052887
2238.095703	362.328888
2237.211914	319.803314
2236.328125	348.033539
2235.444336	350.791565
2234.560547	384.660675
2233.676758	361.959747
2232.791992	344.922516
2231.908203	373.118683
2231.023438	364.564301
2230.138672	330.583832
2229.253906	381.364990
2228.368164	378.462769
2227.483398	375.561676
2226.597656	330.313812
2225.711914	429.037903
2224.826172	386.619568
2223.940430	411.933685
2223.053711	377.998779
2222.166992	386.382355
2221.280273	360.925690
2220.393555	346.756042
2219.506836	335.410736
2218.620117	371.976044
2217.732422	414.161163
2216.844727	380.274170
2215.957031	368.931152
2215.069336	385.749634
2214.181641	351.889191
2213.292969	382.776886
2212.404297	368.628571
2211.515625	385.433197
2210.626953	399.418091
2209.738281	396.523865
2208.848633	385.195831
2207.959961	410.416321
2207.070313	376.606079
2206.180664	362.479095
2205.291016	396.116638
2204.400391	379.182617
2203.510742	381.912811
2202.620117	356.565796
2201.729492	381.755646
2200.838867	364.838379
2199.947266	406.851318
2199.056641	378.714600
2198.165039	384.246002
2197.273438	361.733734
2196.381836	381.284088
2195.489258	355.978668
2194.597656	375.522095
2193.705078	350.228210
2192.812500	355.758423
2191.919922	400.495728
2191.027344	383.612518
2190.134766	355.538177
2189.241211	397.448792
2188.347656	383.374908
2187.454102	408.475677
2186.560547	380.419250
2185.666992	394.323730
2184.772461	427.794708
2183.877930	366.205994
2182.983398	374.514893
2182.088867	410.763397
2181.194336	368.772430
2180.298828	441.318024
2179.404297	404.923157
2178.508789	360.167358
2177.613281	415.921082
2176.716797	424.207367
2175.821289	332.040863
2174.924805	410.083069
2174.028320	401.630707
2173.131836	398.758881
2172.235352	356.856934
2171.338867	420.892303
2170.441406	381.789886
2169.543945	370.565765
2168.646484	378.845673
2167.749023	398.262299
2166.851563	398.179535
2165.953125	389.745056
2165.054688	395.230652
2164.156250	417.410309
2163.257813	400.630524
2162.359375	397.765564
2161.459961	380.996796
2160.560547	453.208344
2159.662109	380.838104
2158.761719	377.979523
2157.862305	377.900757
2156.962891	416.715424
2156.062500	411.073486
2155.162109	452.641937
2154.261719	388.691101
2153.361328	380.282654
2152.459961	380.203278
2151.559570	427.292572
2150.658203	449.395721
2149.756836	393.832489
2148.855469	379.885742
2147.953125	426.935608
2147.051758	390.813873
2146.149414	399.045624
2145.247070	387.879883
2144.344727	409.958649
2143.441406	387.717560
2142.539063	443.013031
2141.635742	440.152039
2140.732422	412.383118
2139.829102	406.762543
2138.924805	428.809418
2138.021484	448.081055
2137.117188	387.149353
2136.212891	417.480682
2135.308594	433.978241
2134.404297	420.069122
2133.499023	453.137360
2132.593750	447.517303
2131.689453	472.280182
2130.783203	441.806763
2129.877930	389.260406
2128.972656	471.982544
2128.066406	474.642883
2127.160156	474.543060
2126.253906	452.376129
2125.347656	446.765320
2124.440430	427.370697
2123.534180	545.816650
2122.626953	487.824280
2121.719727	443.633698
2120.811523	506.903107
2119.904297	465.481384
2118.996094	470.890747
2118.087891	536.867432
2117.179688	478.949890
2116.271484	489.856873
2115.363281	470.493530
2114.454102	484.148407
2113.544922	506.048279
2112.635742	514.190430
2111.726563	527.827271
2110.817383	489.236481
2109.907227	447.913971
2108.997070	458.808685
2108.086914	483.432617
2107.176758	475.091766
2106.266602	466.754364
2105.355469	472.145599
2104.444336	469.301178
2103.533203	488.408875
2102.622070	474.588928
2101.710938	466.260223
2100.798828	435.997986
2099.886719	477.028687
2098.974609	474.186554
2098.062500	452.162872
2097.150391	449.327118
2096.237305	441.014069
2095.325195	432.704498
2094.412109	476.421448
2093.498047	470.845245
2092.584961	481.692719
2091.670898	503.480774
2090.757813	465.073517
2089.843750	470.444855
2088.929688	486.752136
2088.014648	492.116486
2087.100586	481.078094
2086.185547	450.914642
2085.270508	448.086334
2084.355469	467.112396
2083.439453	461.550659
2082.524414	469.643707
2081.608398	496.842560
2080.692383	466.714020
2079.776367	507.545471
2078.860352	471.971069
2077.943359	444.594543
2077.026367	479.950439
2076.109375	498.932739
2075.192383	496.100250
2074.275391	436.038818
2073.357422	435.945557
2072.439453	465.817108
2071.521484	473.887909
2070.603516	492.846802
2069.685547	449.184021
2068.766602	435.479065
2067.848633	473.481995
2066.929688	457.057037
2066.009766	462.399017
2065.090820	459.580414
2064.170898	486.670074
2063.251953	467.537933
2062.332031	440.260956
2061.411133	448.317627
2060.491211	431.922333
2059.570313	439.977264
2058.650391	475.181885
2057.729492	472.364960
2056.807617	483.119995
2055.886719	461.307434
2054.964844	442.217224
2054.043945	520.781738
2053.122070	461.009521
2052.199219	469.043915
2051.277344	455.389557
2050.354492	422.770569
2049.432617	501.254425
2048.509766	568.868713
2047.585938	525.412964
2046.663086	438.652191
2045.739258	484.578918
2044.815430	481.767670
2043.891602	524.959167
2042.967773	457.210938
2042.043945	473.340912
2041.119141	540.844055
2040.194336	494.765228
2039.269531	473.033722
2038.344727	483.741180
2037.418945	470.127014
2036.493164	494.336792
2035.568359	515.835327
2034.641602	480.621887
2033.715820	523.710266
2032.790039	499.306061
2031.863281	456.023834
2031.011719	450.940277
2030.936523	536.858215
2030.085938	440.139313
2030.009766	488.192139
2029.160156	469.762573
2029.083008	461.119995
2028.233398	456.186493
2028.155273	469.107849
2027.307617	456.109283
2027.227539	501.351105
2026.380859	445.238342
2026.299805	487.767822
2025.454102	477.538330
2025.372070	493.050232
2024.527344	472.062286
2024.444336	525.267090
2023.600586	469.285034
2023.515625	506.301086
2022.672852	493.474487
2022.586914	503.498322
2021.746094	463.733154
2021.658203	503.388611
2020.818359	512.176086
2020.729492	495.204926
2019.890625	468.965515
2019.800781	511.241425
2018.962891	452.717041
2018.871094	465.397247
2018.035156	455.333984
2017.941406	511.018433
2017.107422	460.643799
2017.011719	475.950134
2016.179688	447.098175
2016.082031	513.483765
2015.250977	465.871918
2015.152344	486.493530
2014.322266	479.254272
2014.221680	502.510590
2013.393555	460.328217
2013.291016	502.400757
2012.464844	495.238892
2012.360352	526.465332
2011.536133	468.243286
2011.429688	520.979309
2010.606445	486.996887
2010.498047	515.495544
2009.677734	521.884705
2009.566406	493.908478
2008.748047	451.863525
2008.635742	555.525391
2007.818359	467.920837
2007.703125	515.157043
2006.888672	521.614807
2006.771484	509.679138
2005.958008	446.253113
2005.839844	528.341003
2005.028320	481.117462
2004.907227	496.048981
2004.097656	505.220276
2003.974609	530.790039
2003.167969	467.516541
2003.041992	514.592529
2002.237305	483.553986
2002.108398	493.042938
2001.306641	483.470123
2001.175781	495.613678
2000.375000	483.386200
2000.242188	503.540039
1999.444336	472.562164
1999.308594	511.462830
1998.512695	523.486389
1998.375000	497.964264
1997.581055	485.818176
1997.440430	508.561310
1996.649414	483.049957
1996.506836	535.209961
1995.717773	477.599487
1995.572266	561.846741
1994.786133	501.660248
1994.637695	524.274841
1993.854492	531.076965
1993.703125	502.765137
1992.921875	490.758087
1992.767578	537.412415
1991.989258	525.528748
1991.832031	537.293945
1991.056641	512.032776
1990.896484	515.795349
1990.124023	487.820160
1989.960938	577.135864
1989.191406	487.734650
1989.025391	499.539795
1988.258789	484.969696
1988.089844	592.905640
1987.325195	508.994843
1987.153320	563.403015
1986.391602	543.725281
1986.216797	536.582886
1985.458008	527.561768
1985.280273	536.464294
1984.524414	522.113953
1984.342773	493.651520
1983.590820	460.450165
1983.406250	512.216919
1982.656250	500.517456
1982.468750	541.442871
1981.722656	500.429199
1981.531250	498.657166
1980.788086	500.340851
1980.593750	535.871094
1979.853516	513.628174
1979.655273	535.752380
1978.918945	470.742615
1978.717773	530.304016
1977.984375	465.310944
1977.779297	514.200928
1977.048828	475.923462
1976.840820	567.360168
1976.113281	497.225159
1975.901367	535.277405
1975.178711	470.409180
1974.962891	535.158630
1974.243164	526.444092
1974.023438	521.730347
1973.307617	478.257660
1973.083984	508.307983
1972.371094	507.557587
1972.144531	548.105652
1971.435547	507.467316
1971.205078	550.643921
1970.499023	494.024963
1970.264648	515.947632
1969.562500	550.005493
1969.324219	553.057922
1968.625977	515.204529
1968.383789	523.693054
1967.689453	557.816284
1967.443359	582.046936
1966.752930	533.700195
1966.502930	563.317200
1965.815430	490.916473
1965.561523	533.969482
1964.878906	496.163788
1964.620117	600.249756
1963.941406	546.749329
1963.678711	541.697510
1963.003906	501.319397
1962.737305	499.100067
1962.065430	519.892395
1961.794922	501.642883
1961.127930	522.464783
1960.852539	546.642090
1960.190430	557.018127
1959.910156	541.213989
1959.251953	482.307068
1958.967773	533.135803
1958.313477	535.504456
1958.025391	567.490295
1957.375000	543.399292
1957.082031	556.758484
1956.436523	529.985352
1956.139648	527.476868
1955.497070	505.925018
1955.196289	559.159363
1954.558594	535.118958
1954.251953	590.827515
1953.619141	550.993347
1953.308594	606.588318
1952.679688	550.893921
1952.364258	577.321472
1951.740234	540.151062
1951.419922	569.249023
1950.800781	566.657104
1950.475586	558.533020
1949.860352	526.656433
1949.531250	587.518982
1948.920898	569.111511
1948.585938	568.865845
1947.980469	563.690613
1947.641602	552.866333
1947.040039	542.320984
1946.696289	547.452698
1946.099609	568.802246
1945.750000	528.820923
1945.158203	534.151855
1944.804688	528.702026
1944.217773	528.740906
1943.858398	562.940979
1943.276367	533.957886
1942.913086	507.325500
1942.334961	544.484924
1941.965820	581.179565
1941.393555	584.218933
1941.019531	559.919617
1940.452148	557.562012
1940.073242	520.185425
1939.510742	568.078735
1939.125977	559.667236
1938.568359	583.899719
1938.178711	583.295044
1937.625977	567.871582
1937.231445	596.357178
1936.684570	533.277405
1936.283203	585.669922
1935.741211	588.885376
1935.335938	604.000549
1934.798828	572.864807
1934.387695	617.048889
1933.856445	551.546692
1933.439453	582.636658
1932.913086	559.399292
1932.491211	600.955261
1931.969727	572.550354
1931.541992	577.102722
1931.026367	519.441223
1930.593750	553.260925
1930.083008	540.543823
1929.644531	561.037537
1929.139648	564.287781
1928.695313	579.344116
1928.195313	564.184143
1927.745117	579.212769
1927.251953	564.080505
1926.795898	547.495178
1926.307617	593.102417
1925.845703	578.950073
1925.363281	571.814941
1924.895508	618.283569
1924.418945	518.773621
1923.945313	565.535217
1923.473633	555.726501
1922.994141	596.964355
1922.529297	560.915771
1922.042969	573.165833
1921.583984	581.975037
1921.092773	630.864807
1920.638672	558.063965
1920.140625	546.625122
1919.693359	579.115845
1919.189453	604.303650
1918.748047	571.077271
1918.238281	614.673279
1917.801758	552.467957
1917.286133	611.907043
1916.856445	610.509521
1916.333984	590.762695
1915.910156	586.614868
1915.380859	619.503113
1914.963867	597.073914
1914.428711	566.873535
1914.017578	586.397522
1913.475586	603.477539
1913.070313	588.929749
1912.522461	582.354004
1912.124023	580.899109
1911.569336	574.353149
1911.176758	604.550903
1910.616211	589.953979
1910.229492	559.567627
1909.662109	595.061890
1909.282227	617.521179
1908.708984	626.375610
1908.334961	548.805603
1907.754883	586.928955
1907.386719	596.187439
1906.799805	610.371155
1906.439453	574.976379
1905.845703	573.565063
1905.491211	593.328369
1904.890625	604.854614
1904.542969	572.125549
1903.935547	586.391174
1903.594727	601.015198
1902.980469	617.663269
1902.646484	590.360840
1902.025391	612.288208
1901.697266	613.966003
1901.069336	596.451538
1900.748047	592.774841
1900.113281	648.622803
1899.798828	576.859680
1899.157227	619.710754
1898.849609	539.881775
1898.201172	598.654541
1897.900391	600.341492
1897.245117	606.357605
1896.951172	600.229065
1896.288086	598.379028
1896.000977	592.220276
1895.331055	598.241211
1895.050781	568.424866
1894.374023	626.833191
1894.100586	576.211548
1893.416016	597.965454
1893.150391	578.734009
1892.458984	592.606323
1892.200195	594.406006
1891.500977	608.129578
1891.249023	599.553528
1890.542969	634.083130
1890.298828	581.036926
1889.584961	644.371826
1889.347656	644.014709
1888.625977	581.626343
1888.396484	620.240295
1887.666992	607.567749
1887.444336	596.474670
1886.708008	596.999207
1886.493164	591.107971
1885.749023	641.169495
1885.541016	583.116577
1884.790039	648.838379
1884.588867	588.258850
1883.830078	614.820801
1883.637695	556.639893
1882.870117	648.537659
1882.684570	574.910950
1881.910156	650.991211
1881.732422	566.928284
1880.950195	637.823364
1880.779297	611.432007
1879.989258	616.853210
1879.827148	600.821655
1879.028320	601.097046
1878.874023	619.070190
1878.067383	603.558899
1877.920898	637.311707
1877.106445	574.808228
1876.966797	647.679688
1876.145508	587.676147
1876.013672	626.583435
1875.183594	597.938293
1875.059570	579.283142
1874.221680	628.988586
1874.105469	592.276672
1873.259766	626.243530
1873.151367	594.784424
1872.296875	626.097534
1872.197266	578.953247
1871.334961	602.575684
1871.243164	573.604797
1870.372070	618.015320
1870.288086	610.157532
1869.409180	630.851501
1869.333008	646.696289
1868.445313	643.681580
1868.377930	636.102356
1867.482422	630.556702
1867.422852	583.637024
1866.518555	599.277954
1866.467773	654.176941
1865.554688	638.042786
1865.511719	559.868713
1864.590820	627.521179
1864.556641	612.076111
1863.625977	624.781738
1863.600586	625.035339
1862.662109	676.472290
1862.644531	653.677795
1861.697266	634.853821
1861.688477	630.024963
1860.731445	663.201843
1860.731445	619.449707
1859.774414	601.038757
1859.766602	644.916016
1858.818359	582.634766
1858.800781	649.943420
1857.861328	642.604065
1857.835938	626.491394
1856.903320	626.810730
1856.869141	615.991333
1855.946289	574.466431
1855.903320	662.423035
1854.988281	621.349060
1854.936523	662.267151
1854.031250	636.891113
1853.970703	636.247498
1853.073242	678.524231
1853.003906	623.168762
1852.115234	600.117737
1852.036133	661.799133
1851.156250	636.524292
1851.069336	630.628540
1850.198242	657.267578
1850.101563	648.567261
1849.239258	618.025696
1849.133789	666.497375
1848.280273	641.371582
1848.166016	627.599243
1847.321289	612.574463
1847.198242	697.167664
1846.362305	620.275085
1846.229492	694.421265
1845.402344	604.521362
1845.260742	655.543701
1844.443359	646.087952
1844.291992	691.512268
1843.483398	617.311768
1843.322266	668.131531
1842.523438	604.171692
1842.353516	631.866516
1841.563477	611.866150
1841.383789	698.755981
1840.602539	650.795715
1840.414063	662.500610
1839.642578	684.504822
1839.444336	703.578674
1838.681641	580.285400
1838.473633	672.492371
1837.720703	689.443481
1837.502930	705.820313
1836.759766	673.703064
1836.532227	654.144958
1835.797852	668.371338
1835.561523	697.760254
1834.836914	650.040771
1834.589844	702.742371
1833.875000	634.316833
1833.619141	669.119019
1832.913086	738.160095
1832.647461	671.532410
1831.951172	641.866821
1831.674805	653.366089
1830.989258	685.910828
1830.703125	691.785583
1830.026367	711.754089
1829.730469	681.336060
1829.063477	696.033020
1828.757813	681.173279
1828.100586	664.738220
1827.785156	719.558167
1827.137695	713.935425
1826.812500	698.832214
1826.174805	672.266602
1825.838867	716.645264
1825.211914	669.540710
1824.865234	680.521545
1824.248047	687.572693
1823.891602	675.223694
1823.284180	671.874146
1822.917969	710.996643
1822.320313	606.903198
1821.943359	697.995300
1821.356445	694.950256
1820.968750	664.475708
1820.391602	676.666565
1819.994141	664.316101
1819.427734	699.863342
1819.019531	718.006958
1818.462891	660.853088
1818.043945	722.961670
1817.498047	668.497253
1817.069336	617.701599
1816.533203	678.728943
1816.093750	704.676514
1815.567383	681.186401
1815.117188	691.697571
1814.602539	670.695007
1814.141602	655.673645
1813.636719	662.796692
1813.165039	686.242798
1812.670898	685.963867
1812.188477	734.716980
1811.705078	654.773193
1811.211914	691.030273
1810.739258	613.244507
1810.234375	642.247009
1809.772461	626.059448
1809.257813	677.905640
1808.805664	680.253540
1808.280273	670.069092
1807.838867	693.050232
1807.301758	710.817200
1806.872070	667.059265
1806.324219	702.976257
1805.905273	661.758362
1805.345703	687.471924
1804.937500	684.888794
1804.367188	692.415283
1803.970703	720.929993
1803.388672	715.237061
1803.002930	645.867676
1802.410156	755.924133
1802.035156	637.991821
1801.430664	740.421448
1801.066406	676.603149
1800.451172	689.190308
1800.098633	728.109009
1799.471680	676.263000
1799.129883	696.988403
1798.491211	696.508911
1798.161133	642.651672
1797.511719	737.150391
1797.192383	673.490112
1796.531250	701.269714
1796.223633	673.357422
1795.550781	693.450378
1795.253906	699.018677
1794.569336	726.415955
1794.285156	701.459717
1793.588867	693.111877
1793.315430	709.056519
1792.607422	713.323242
1792.345703	729.539551
1791.625977	720.789734
1791.375000	726.818115
1790.643555	718.067078
1790.405273	734.405151
1789.662109	720.437073
1789.434570	687.885681
1788.679688	730.440979
1788.464844	680.022156
1787.697266	730.261963
1787.493164	697.914978
1786.714844	730.082886
1786.522461	736.399231
1785.731445	722.274048
1785.551758	697.638794
1784.748047	775.491211
1784.580078	748.976685
1783.764648	668.537964
1783.608398	766.841370
1782.781250	739.531250
1782.636719	699.797058
1781.796875	719.023560
1781.665039	722.808777
1780.812500	741.707397
1780.693359	714.950134
1779.828125	708.511597
1779.720703	748.234558
1778.843750	731.186523
1778.748047	709.524963
1777.858398	743.697266
1777.775391	701.673340
1776.873047	718.137817
1776.802734	750.358704
1775.887695	768.699707
1775.830078	732.225098
1774.902344	763.437073
1774.856445	737.216980
1773.916016	786.069702
1773.882813	724.229431
1772.930664	775.734863
1772.909180	721.517639
1771.943359	757.801575
1771.935547	754.747253
1770.960938	762.296936
1770.957031	757.613831
1769.987305	767.277405
1769.970703	777.691589
1769.012695	756.862000
1768.983398	754.705505
1768.038086	756.711182
1767.996094	802.625000
1767.063477	789.900208
1767.007813	756.862000
1766.087891	730.768372
1766.020508	794.634094
1765.113281	769.076355
1765.032227	728.655090
1764.137695	799.679810
1764.043945	804.356384
1763.162109	753.393921
1763.054688	783.925659
1762.186523	755.805481
1762.066406	773.617615
1761.209961	776.146790
1761.077148	806.282593
1760.234375	770.869568
1760.087891	801.027527
1759.257813	752.791809
1759.098633	848.826599
1758.281250	742.401184
1758.108398	750.114563
1757.304688	739.693115
1757.118164	777.702026
1756.327148	795.842590
1756.127930	752.263672
1755.350586	713.812256
1755.137695	741.980347
1754.373047	764.828369
1754.146484	799.825928
1753.395508	774.904846
1753.155273	736.563416
1752.417969	779.863342
1751.439453	761.812012
1750.461914	817.889038
1749.483398	784.504822
1748.504883	758.798523
1747.526367	781.635437
1746.546875	763.601440
1745.568359	791.534668
1744.588867	776.058594
1743.609375	806.530212
1742.629883	734.917603
1741.649414	783.244080
1740.669922	767.781799
1739.689453	767.627136
1738.708984	752.174072
1737.728516	823.400879
1736.747070	769.711853
1735.766602	838.358032
1734.785156	878.951843
1733.803711	774.340393
1732.822266	820.023926
1731.839844	837.681335
1730.857422	786.599487
1729.875977	768.624756
1728.893555	829.539795
1727.910156	829.372009
1726.927734	816.486389
1725.944336	829.036438
1724.960938	778.017761
1723.977539	798.196472
1722.994141	831.074402
1722.009766	851.234009
1721.026367	805.332764
1720.041992	861.048767
1719.057617	878.650269
1718.073242	855.621582
1717.087891	883.370544
1716.102539	855.274231
1715.117188	809.427490
1714.131836	847.316223
1713.146484	875.043945
1712.160156	872.330200
1711.174805	889.900146
1710.188477	948.019775
1709.202148	879.400879
1708.214844	858.951660
1707.228516	830.910828
1706.241211	919.387817
1705.253906	954.651733
1704.266602	941.798584
1703.278320	850.483337
1702.291016	890.800842
1701.302734	941.222534
1700.314453	885.378113
1699.326172	870.022583
1698.336914	907.774170
1697.348633	915.173096
1696.359375	864.434387
1695.370117	884.474243
1694.380859	904.505859
1693.390625	934.633301
1692.401367	894.033813
1691.411133	929.200928
1690.420898	881.045471
1689.429688	956.584167
1688.439453	898.348816
1687.448242	888.073059
1686.457031	963.563538
1685.465820	867.533813
1684.474609	925.347717
1683.482422	907.511841
1682.491211	889.683228
1681.499023	960.055908
1680.506836	911.991821
1679.513672	936.992493
1678.521484	951.909668
1677.528320	916.465393
1676.535156	906.208008
1675.541992	966.423157
1674.547852	973.773010
1673.554688	910.680359
1672.560547	925.583984
1671.566406	953.054688
1670.572266	925.202942
1669.577148	970.257507
1668.582031	859.481079
1667.587891	927.143738
1666.592773	911.880188
1665.596680	976.992432
1664.601563	908.993103
1663.605469	951.484253
1662.609375	893.557983
1661.613281	941.053589
1660.617188	905.733826
1659.620117	920.597351
1658.623047	927.930908
1657.625977	937.768738
1656.628906	927.547302
1655.631836	894.772705
1654.633789	929.669495
1653.635742	901.918518
1652.637695	939.303955
1651.639648	984.186768
1650.641602	961.448975
1649.642578	958.746582
1648.643555	968.558838
1647.644531	950.842590
1646.645508	1015.689575
1645.645508	975.460083
1644.645508	917.742554
1643.645508	982.555786
1642.645508	972.353333
1641.645508	942.162231
1640.644531	981.943909
1639.644531	1044.191650
1638.643555	969.048218
1637.641602	1006.302246
1636.640625	1031.058105
1635.638672	1043.323608
1634.636719	965.747070
1633.634766	970.536011
1632.632813	972.828430
1631.630859	1047.443237
1630.627930	997.357300
1629.625000	989.670959
1628.622070	979.495300
1627.618164	1011.685059
1626.615234	1004.000183
1625.611328	1001.300049
1624.607422	1040.935547
1623.603516	1013.331116
1622.598633	998.184204
1621.594727	1050.238892
1620.589844	1057.484253
1619.584961	992.583740
1618.580078	1032.170898
1617.574219	1074.228027
1616.568359	1071.517456
1615.562500	1078.750122
1614.556641	1063.614136
1613.550781	1011.215820
1612.543945	1068.137207
1611.538086	1107.649902
1610.531250	1085.071045
1609.523438	1134.493408
1608.516602	1054.833008
1607.508789	1109.203735
1606.500977	1086.642944
1605.493164	1126.101563
1604.485352	1128.345337
1603.476563	1123.149902
1602.468750	1170.012207
1601.459961	1083.025513
1600.450195	1105.098389
1599.441406	1104.866333
1598.431641	1171.506836
1597.422852	1178.689453
1596.413086	1131.403076
1595.402344	1207.896484
1594.392578	1145.775635
1593.381836	1110.896484
1592.371094	1140.346436
1591.360352	1130.213989
1590.349609	1129.976196
1589.337891	1166.819458
1588.326172	1159.159058
1587.314453	1200.922485
1586.302734	1180.905396
1585.291016	1175.716553
1584.278320	1140.896118
1583.265625	1098.683472
1582.252930	1177.441528
1581.240234	1162.385742
1580.226563	1154.738281
1579.213867	1119.958374
1578.200195	1159.183594
1577.185547	1136.746338
1576.171875	1183.347046
1575.157227	1200.350586
1574.142578	1101.526367
1573.127930	1091.438599
1572.113281	1027.163940
1571.098633	1120.529419
1570.083008	1095.670654
1569.067383	1090.515503
1568.051758	1090.284668
1567.035156	1035.920288
1566.019531	1035.700928
1565.002930	1055.158203
1563.986328	1101.656616
1562.969727	1089.130493
1561.952148	1086.441650
1560.934570	1091.126343
1559.916992	1117.921631
1558.899414	1134.879639
1557.881836	1090.432129
1556.863281	1095.111572
1555.845703	994.228760
1554.827148	1072.557251
1553.807617	1030.614136
1552.789063	1064.741699
1551.769531	1079.232300
1550.750000	988.268555
1549.730469	1032.190063
1548.710938	1061.385376
1547.690430	1048.906128
1546.669922	1004.579407
1545.649414	1048.459717
1544.628906	994.355225
1543.607422	1052.910645
1542.586914	1057.582520
1541.565430	1047.566895
1540.543945	1081.602661
1539.521484	1005.529236
1538.500000	956.394470
1537.477539	1071.129028
1536.455078	1026.890869
1535.432617	977.782715
1534.409180	1026.452759
1533.385742	1026.233643
1532.362305	1023.571594
1531.338867	1006.256409
1530.315430	1003.599609
1529.291016	1040.005127
1528.266602	1115.447754
1527.242188	1037.120239
1526.217773	1032.018921
1525.193359	1039.115967
1524.167969	1046.209717
1523.142578	1050.862305
1522.117188	1072.576416
1521.090820	1052.849487
1520.065430	1042.877563
1519.039063	1103.556885
1518.012695	1071.657837
1516.985352	1071.428101
1515.958984	1076.067505
1514.931641	1068.534668
1513.904297	1026.936035
1512.876953	1111.869873
1511.848633	1036.225220
1510.821289	1070.049927
1509.792969	1077.114380
1508.764648	1030.696167
1507.735352	1093.664307
1506.707031	1056.981689
1505.677734	1064.042480
1504.648438	1049.240967
1503.619141	1063.584961
1502.588867	1109.483521
1501.559570	1060.700195
1500.529297	1065.325439
1499.499023	1091.784180
1498.467773	1057.589844
1497.437500	1069.487793
1496.406250	1108.051270
1495.375000	1107.812622
1494.342773	1090.608765
1493.311523	1100.065918
1492.279297	1097.406128
1491.247070	1102.013550
1490.214844	1094.511353
1489.182617	1101.538086
1488.149414	1132.765991
1487.116211	1166.400269
1486.083008	1105.663574
1485.049805	1103.005859
1484.015625	1141.461060
1482.981445	1097.693481
1481.947266	1155.471558
1480.913086	1126.220337
1479.877930	1186.383179
1478.843750	1137.811768
1477.808594	1113.413452
1476.773438	1132.489990
1475.737305	1127.416504
1474.702148	1158.549683
1473.666016	1097.970703
1472.629883	1182.173706
1471.592773	1143.324341
1470.556641	1143.076416
1469.519531	1150.061646
1468.482422	1123.296631
1467.445313	1168.842651
1466.407227	1151.722778
1465.369141	1129.792358
1464.331055	1122.321777
1463.292969	1112.446411
1462.254883	1121.834229
1461.215820	1157.693237
1460.176758	1193.536499
1459.137695	1284.697388
1458.098633	1207.449097
1457.058594	1228.829224
1456.019531	1233.370361
1454.979492	1216.276001
1453.938477	1199.188965
1452.898438	1174.901245
1451.857422	1145.819702
1450.816406	1234.429688
1449.775391	1188.540039
1448.734375	1202.684326
1447.692383	1190.421875
1446.650391	1149.370361
1445.608398	1168.311646
1444.566406	1199.236938
1443.523438	1148.618164
1442.480469	1186.726196
1441.437500	1184.070190
1440.394531	1212.568115
1439.350586	1190.740356
1438.307617	1159.340820
1437.263672	1240.510864
1436.218750	1175.593872
1435.174805	1184.911865
1434.129883	1237.303833
1433.084961	1344.705078
1432.040039	1277.429443
1430.995117	1267.583008
1429.949219	1300.781372
1428.903320	1312.449463
1427.857422	1355.183594
1426.811523	1333.380371
1425.764648	1356.978516
1424.718750	1456.998779
1423.671875	1339.667236
1422.624023	1317.885986
1421.577148	1379.657471
1420.529297	1322.080200
1419.481445	1393.366943
1418.433594	1328.655640
1417.385742	1371.291016
1416.336914	1320.918701
1415.288086	1342.082520
1414.239258	1346.553955
1413.189453	1386.764526
1412.140625	1391.223877
1411.090820	1340.901733
1410.041016	1323.938232
1408.990234	1366.498535
1407.940430	1428.080933
1406.889648	1344.479858
1405.838867	1289.464600
1404.788086	1381.944214
1403.736328	1269.871704
1402.685547	1324.274292
1401.633789	1331.113037
1400.581055	1304.678101
1399.529297	1313.893799
1398.476563	1306.477295
1397.423828	1291.939331
1396.371094	1362.884766
1395.318359	1312.732910
1394.264648	1319.562622
1393.210938	1257.578247
1392.157227	1278.650391
1391.102539	1294.969604
1390.048828	1384.789063
1388.994141	1332.327271
1387.939453	1369.954834
1386.884766	1334.106689
1385.829102	1321.965454
1384.773438	1212.717285
1383.717773	1314.275146
1382.662109	1311.616089
1381.605469	1398.904419
1380.549805	1299.201538
1379.493164	1376.989868
1378.435547	1334.106201
1377.378906	1369.283447
1376.321289	1316.962769
1375.263672	1404.132813
1374.206055	1368.370605
1373.147461	1351.526611
1372.089844	1367.761963
1371.031250	1367.457520
1369.972656	1327.012207
1368.913086	1326.716675
1367.854492	1307.539795
1366.794922	1311.967773
1365.734375	1278.647583
1364.674805	1238.266235
1363.614258	1242.706177
1362.554688	1247.144165
1361.493164	1239.794800
1360.432617	1215.953003
1359.372070	1222.749390
1358.310547	1215.410034
1357.249023	1236.332764
1356.186523	1184.259766
1355.125000	1174.579590
1354.062500	1263.743896
1353.000000	1277.578003
1351.937500	1237.303223
1350.874023	1269.950928
1349.810547	1206.183350
1348.747070	1241.173828
1347.683594	1259.697144
1346.619141	1275.862427
1345.555664	1223.895630
1344.491211	1235.364136
1343.425781	1307.877319
1342.361328	1253.590210
1341.295898	1295.555176
1340.230469	1285.878296
1339.165039	1363.006348
1338.098633	1289.991577
1337.033203	1268.597412
1335.966797	1359.743164
1334.899414	1324.279541
1333.833008	1363.818237
1332.765625	1410.367432
1331.698242	1485.002686
1330.630859	1482.326538
1329.563477	1489.016357
1328.495117	1448.889038
1327.426758	1502.386230
1326.358398	1562.878052
1325.289063	1501.708618
1324.220703	1419.519409
1323.151367	1505.707153
1322.082031	1477.316772
1321.011719	1483.994141
1319.942383	1469.640015
1318.872070	1487.995483
1317.800781	1335.857178
1316.730469	1438.290039
1315.659180	1447.302124
1314.587891	1320.947754
1313.516602	1364.981445
1312.445313	1364.672363
1311.373047	1345.705200
1311.369141	1363.805908
1310.300781	1336.073364
1310.296875	1333.499023
1309.228516	1226.204712
1309.224609	1342.584473
1308.156250	1270.209229
1308.151367	1291.074463
1307.083008	1220.988281
1307.079102	1311.813965
1306.009766	1302.247314
1306.005859	1316.238403
1304.936523	1257.699341
1304.932617	1316.002563
1303.863281	1299.327515
1303.858398	1234.258911
1302.789063	1257.128174
1302.785156	1241.022461
1301.714844	1254.515015
1301.710938	1212.864136
1300.640625	1261.210693
1300.636719	1252.214111
1299.566406	1288.841064
1299.562500	1275.260010
1298.491211	1223.422729
1298.488281	1272.703613
1297.416016	1248.723389
1297.414063	1339.936279
1296.340820	1257.738525
1296.338867	1295.503174
1295.264648	1236.533325
1295.263672	1276.665771
1294.189453	1229.280273
1294.188477	1269.460083
1293.113281	1240.616455
1293.113281	1199.492554
1292.037109	1296.890869
1292.037109	1316.983521
1290.961914	1285.037109
1290.959961	1300.427856
1289.885742	1261.570801
1289.883789	1311.739502
1288.809570	1312.445923
1288.806641	1285.907715
1287.732422	1437.622070
1287.729492	1329.705688
1286.656250	1367.698730
1286.651367	1417.564819
1285.579102	1358.163330
1285.574219	1356.932861
1284.501953	1418.267822
1284.496094	1405.322144
1283.424805	1357.668579
1283.416992	1300.669067
1282.347656	1315.654175
1282.338867	1339.776855
1281.270508	1310.774170
1281.259766	1323.248413
1280.192383	1268.783203
1280.180664	1306.727417
1279.114258	1282.465942
1279.101563	1197.559204
1278.036133	1266.000488
1278.022461	1174.126709
1276.958008	1186.947998
1276.942383	1176.172974
1275.878906	1205.273193
1275.862305	1192.106812
1274.800781	1207.369507
1274.782227	1166.376831
1273.721680	1214.098877
1273.702148	1129.090088
1272.642578	1188.393799
1272.621094	1184.347290
1271.562500	1176.594604
1271.540039	1177.137573
1270.483398	1187.956665
1270.458984	1162.994507
1269.403320	1139.117188
1269.376953	1121.118896
1268.323242	1129.647827
1268.295898	1162.460327
1267.243164	1173.413574
1267.213867	1162.193115
1266.163086	1115.347168
1266.130859	1094.936035
1265.082031	1087.378296
1265.048828	1138.563965
1264.000977	1126.500732
1263.965820	1122.139526
1262.920898	1123.979736
1262.882813	1135.731567
1261.838867	1107.585571
1261.799805	1158.548706
1260.757813	1132.810913
1260.715820	1086.754395
1259.676758	1183.452393
1259.632813	1153.401245
1258.594727	1171.677734
1258.548828	1081.640991
1257.512695	1183.013062
1257.463867	1092.920166
1256.430664	1129.660034
1256.379883	1118.025269
1255.347656	1048.609985
1255.294922	1131.595337
1254.265625	1101.528320
1254.209961	1092.163574
1253.182617	1122.102905
1253.125000	1131.072632
1252.099609	1101.118042
1252.039063	1114.689819
1251.016602	1126.300537
1250.953125	1119.037231
1249.932617	1100.707153
1249.867188	1111.872314
1248.849609	1148.951416
1248.781250	1166.850708
1247.765625	1084.149048
1247.694336	1189.590088
1246.681641	1134.684082
1246.607422	1147.907227
1245.597656	1141.389282
1245.520508	1078.644897
1244.512695	1141.175415
1244.433594	1138.177979
1243.428711	1147.876465
1243.345703	1078.145020
1242.343750	1126.920288
1242.257813	1165.229736
1241.258789	1152.053955
1241.169922	1141.981934
1240.173828	1161.052124
1240.082031	1166.986328
1239.087891	1160.833862
1238.993164	1129.968384
1238.001953	1165.221191
1237.904297	1180.221313
1236.916016	1167.304199
1236.815430	1131.739136
1235.830078	1118.743530
1235.726563	1175.082642
1234.744141	1146.150635
1234.636719	1181.692993
1233.658203	1139.031250
1233.546875	1206.652344
1232.571289	1161.822632
1232.457031	1121.512695
1231.484375	1085.696411
1231.366211	1091.443237
1230.397461	1124.587158
1230.276367	1047.633179
1229.309570	1128.973145
1229.185547	1123.021118
1228.222656	1103.471436
1228.094727	1115.885254
1227.134766	1156.127075
1227.002930	1095.007690
1226.046875	1070.880859
1225.911133	1142.848145
1224.958984	1121.224731
1224.819336	1121.973633
1223.870117	1086.554565
1223.727539	1071.349121
1222.782227	1086.348267
1222.634766	1064.232910
1221.693359	1065.475220
1221.542969	1075.424927
1220.604492	1129.556152
1220.449219	1139.226440
1219.515625	1133.932007
1219.356445	1038.328979
1218.425781	1106.176392
1218.263672	1111.255127
1217.335938	1133.500000
1217.169922	1056.130981
1216.246094	1169.989258
1216.076172	1126.733032
1215.156250	1096.368896
1214.981445	1076.200684
1214.066406	1155.783325
1213.887695	1105.645630
1212.975586	1189.954224
1212.792969	1171.618164
1211.885742	1173.680176
1211.697266	1196.459961
1210.794922	1239.920898
1210.602539	1298.904419
1209.704102	1239.683472
1209.506836	1227.849854
1208.612305	1324.213989
1208.411133	1211.589478
1207.521484	1264.404785
1207.315430	1229.554199
1206.429688	1234.390259
1206.219727	1217.861938
1205.337891	1199.807617
1205.123047	1187.934204
1204.245117	1185.841553
1204.026367	1196.773071
1203.153320	1148.992310
1202.929688	1119.004272
1202.060547	1164.790039
1201.832031	1093.677368
1200.967773	1166.853882
1200.734375	1109.365479
1199.875000	1127.741455
1199.636719	1161.484741
1198.782227	1157.255981
1198.539063	1117.950073
1197.688477	1147.886353
1197.440430	1081.264771
1196.595703	1213.964233
1196.341797	1149.283936
1195.501953	1216.015625
1195.243164	1176.315918
1194.407227	1158.648193
1194.144531	1205.609619
1193.313477	1208.691162
1193.044922	1232.615112
1192.218750	1208.457275
1191.945313	1266.428711
1191.124023	1217.359375
1190.845703	1241.124878
1190.029297	1319.882568
1189.745117	1274.919922
1188.934570	1223.736938
1188.645508	1238.265381
1187.839844	1266.869995
1187.544922	1242.515259
1186.744141	1177.618164
1186.443359	1178.633667
1185.648438	1204.770752
1185.342773	1117.052612
1184.552734	1188.567383
1184.241211	1096.358643
1183.456055	1092.539551
1183.139648	1048.442139
1182.360352	1096.887939
1182.038086	1057.268555
1181.263672	1078.434570
1180.935547	1050.212646
1180.166992	1071.385986
1179.833008	1036.356812
1179.070313	1091.689087
1178.730469	1015.705627
1177.972656	1061.853760
1177.627930	972.397583
1176.875977	1041.142700
1176.524414	1006.158081
1175.778320	1031.828491
1175.420898	999.121887
1174.679688	949.643311
1174.317383	983.028687
1173.582031	949.457764
1173.212891	1050.729614
1172.484375	987.971436
1172.109375	982.560303
1171.385742	962.742310
1171.004883	1045.701904
1170.287109	1033.095581
1169.899414	909.679382
1169.188477	1014.692505
1168.794922	1011.267761
1168.088867	959.902039
1167.689453	1017.811768
1166.989258	971.084839
1166.583984	933.901855
1165.890625	977.715576
1165.477539	996.978943
1164.790039	966.157043
1164.372070	962.837769
1163.690430	970.513000
1163.265625	1003.281006
1162.590820	974.867065
1162.159180	971.413513
1161.490234	970.131409
1161.051758	1009.576416
1160.389648	933.596191
1159.944336	905.465698
1159.289063	956.123108
1158.836914	925.565979
1158.187500	928.687256
1157.729492	979.510559
1157.085938	948.935852
1156.622070	961.224365
1155.985352	971.446045
1155.513672	988.063904
1154.882813	959.907898
1154.405273	974.294800
1153.781250	959.718384
1153.295898	933.474854
1152.679688	984.481079
1152.187500	989.606201
1151.577148	1002.430054
1151.078125	971.338745
1150.474609	961.416992
1149.967773	1002.649048
1149.372070	968.027893
1148.858398	1009.165527
1148.268555	981.435791
1147.748047	1004.418335
1147.165039	983.507568
1146.637695	988.415710
1146.062500	1003.703918
1145.527344	1039.949829
1144.958008	967.260925
1144.416016	960.933960
1143.854492	994.246582
1143.305664	989.950623
1142.750977	984.991882
1142.193359	1032.449219
1141.646484	939.518250
1141.082031	1045.692627
1140.541992	1011.761963
1139.969727	991.481750
1139.436523	973.089783
1138.857422	984.498901
1138.332031	963.846008
1137.745117	961.789001
1137.226563	995.323547
1136.632813	986.269165
1136.121094	1085.591309
1135.519531	1012.983337
1135.015625	1033.367432
1134.406250	999.264709
1133.910156	1055.768921
1133.292969	1023.717407
1132.803711	1028.434814
1132.178711	1001.024658
1131.697266	1041.788696
1131.064453	924.489014
1130.590820	998.652222
1129.950195	1009.512329
1129.484375	1002.970581
1128.835938	1020.481201
1128.377930	1032.130493
1127.720703	984.356873
1127.270508	968.699036
1126.605469	977.392395
1126.163086	1002.369080
1125.490234	1006.289978
1125.055664	1002.168457
1124.374023	994.841919
1123.947266	972.630859
1123.257813	1019.240662
1122.839844	1037.866699
1122.141602	1001.075989
1121.731445	949.683228
1121.025391	1003.070984
1120.623047	981.067322
1119.908203	1029.687744
1119.513672	1100.378784
1118.791016	1022.722839
1118.405273	1064.087158
1117.673828	1047.084106
1117.295898	1063.873413
1116.556641	1028.933838
1116.186523	1005.068176
1115.438477	945.940552
1115.077148	964.310974
1114.320313	959.123596
1113.966797	988.895691
1113.202148	949.948303
1112.857422	952.662170
1112.083008	947.481140
1111.747070	927.701599
1110.963867	998.632874
1110.636719	965.785950
1109.844727	953.717590
1109.525391	976.845276
1108.724609	911.057129
1108.415039	972.147583
1107.605469	951.017456
1107.303711	926.953674
1106.485352	968.639221
1106.192383	902.022827
1105.364258	972.864014
1105.081055	931.077393
1104.244141	923.547607
1103.968750	921.895142
1103.123047	863.104065
1102.856445	903.724243
1102.001953	923.093506
1101.744141	883.312927
1100.879883	898.345764
1100.631836	898.864319
1099.758789	920.410583
1099.519531	882.955444
1098.636719	895.675293
1098.406250	909.731628
1097.513672	899.909546
1097.292969	893.826721
1096.391602	906.368469
1096.179688	907.117554
1095.268555	952.899231
1095.066406	920.402893
1094.145508	941.534729
1093.952148	897.771851
1093.021484	934.626282
1092.837891	881.881775
1091.898438	949.968567
1091.723633	928.816589
1090.774414	896.352844
1090.609375	962.273804
1089.650391	902.802002
1089.494141	890.314758
1088.525391	860.339600
1088.378906	854.259277
1087.400391	946.805908
1087.263672	916.852905
1086.275391	871.023376
1086.148438	945.802368
1085.150391	924.122131
1085.033203	903.034912
1084.024414	908.346558
1083.916992	878.207336
1082.898438	941.426208
1082.800781	869.068909
1081.772461	872.378784
1081.684570	893.525208
1080.645508	872.161987
1080.568359	920.210327
1079.518555	863.070374
1079.451172	920.022522
1078.391602	896.127747
1078.333984	895.216187
1077.264648	840.464966
1077.216797	874.895081
1076.136719	866.860046
1076.099609	870.242004
1075.008789	897.674744
1074.981445	899.140747
1073.880859	870.859741
1073.863281	840.815308
1072.751953	870.642456
1072.745117	831.700256
1071.626953	851.647644
1071.623047	897.002991
1070.508789	889.465393
1070.494141	905.635986
1069.389648	884.814392
1069.365234	858.921631
1068.270508	909.206116
1068.235352	865.346313
1067.151367	853.183044
1067.105469	869.554993
1066.031250	884.270081
1065.975586	862.701111
1064.912109	877.390930
1064.844727	897.869019
1063.791992	946.405457
1063.713867	906.487732
1062.670898	877.030518
1062.583008	884.156494
1061.550781	870.156738
1061.452148	901.613281
1060.429688	856.593506
1060.320313	901.386902
1059.309570	887.640869
1059.188477	868.029541
1058.188477	927.594482
1058.056641	940.680969
1057.066406	893.963440
1056.923828	867.593079
1055.945313	875.948303
1055.791016	885.031189
1054.823242	909.194092
1054.658203	867.156250
1053.701172	915.690491
1053.524414	895.615112
1052.579102	906.591675
1052.391602	890.978516
1051.456055	895.269470
1051.257813	908.392395
1050.333008	915.123840
1050.123047	925.797302
1049.209961	903.804321
1048.989258	885.896484
1048.086914	888.037964
1047.854492	905.501099
1046.963867	914.556885
1046.718750	883.246033
1045.839844	918.817261
1045.583984	865.406128
1044.715820	874.141663
1044.448242	904.813904
1043.591797	880.632263
1043.312500	913.388428
1042.466797	900.460205
1042.175781	851.546265
1041.342773	864.707336
1041.040039	875.528320
1040.217773	895.642334
1039.903320	934.686157
1039.092773	906.566589
1038.765625	879.481201
1037.966797	866.391357
1037.628906	846.285583
1036.841797	912.853821
1036.491211	903.207581
1035.715820	870.473083
1035.352539	900.780762
1034.589844	916.915222
1034.214844	858.818604
1033.463867	914.505127
1033.076172	924.477051
1032.336914	872.150146
1031.937500	924.241394
1031.209961	931.875183
1030.798828	908.642151
1030.083008	958.300903
1029.659180	895.244873
1028.956055	940.358948
1028.519531	967.407288
1027.828125	929.076477
1027.379883	934.263489
1026.701172	999.824036
1026.239258	855.092957
1025.573242	959.719849
1025.098633	903.097900
1024.444336	932.928162
1023.958008	931.355225
1023.316406	950.457947
1022.817383	928.925781
1022.187500	945.829651
1021.675781	930.877930
1021.058594	958.919983
1020.534180	943.777649
1019.929688	1005.216736
1019.391602	943.535400
1018.799805	920.887451
1018.250000	906.086670
1017.670898	918.481934
1017.107422	936.486572
1016.541016	947.055847
1015.963867	934.058289
1015.411133	911.461365
1014.821289	918.509460
1014.280273	926.753601
1013.677734	929.204773
1013.150391	966.364319
1012.534180	985.796204
1012.019531	946.264099
1011.389648	961.504456
1010.888672	959.328674
1010.245117	948.148438
1009.756836	961.337830
1009.100586	943.535461
1008.625977	989.860168
1007.956055	982.595581
1007.494141	978.607544
1006.810547	936.499023
1006.362305	945.273743
1005.665039	951.533752
1005.229492	942.867432
1004.519531	940.378235
1004.097656	1008.899414
1003.373047	948.859863
1002.964844	1048.417236
1002.226563	878.830872
1001.832031	911.379883
1001.080078	893.864075
1000.698242	900.157166
999.932617	908.889282
999.565430	930.849426
998.786133	910.832336
998.431641	959.323242
997.637695	958.521790
997.297852	987.785034
996.490234	943.027344
996.164063	991.986145
995.341797	921.008789
995.029297	914.639282
994.193359	905.531738
993.894531	910.039856
993.044922	896.591064
992.759766	940.690613
991.895508	905.059875
991.625000	865.605530
990.746094	891.773438
990.489258	883.039978
989.596680	913.285583
989.354492	981.927307
988.218750	964.111023
987.082031	933.097900
985.946289	924.100098
984.809570	915.106018
983.672852	950.101807
982.536133	985.082703
981.398438	932.113525
980.261719	925.322815
979.124023	920.732300
977.985352	1023.796021
976.847656	979.649048
975.708984	966.265381
974.570313	1016.559509
973.431641	963.661194
972.291992	952.483765
971.153320	1000.554321
970.013672	1017.892151
968.874023	1015.483032
967.733398	1054.738159
966.592773	1067.668335
965.453125	1113.471069
964.311523	1104.469116
963.170898	1069.179443
962.029297	1062.380859
960.887695	1123.475342
959.746094	1059.739746
958.604492	1074.837891
957.461914	1072.420654
956.319336	1037.182129
955.176758	997.583008
954.033203	999.557800
952.890625	1005.905151
951.747070	948.847412
950.603516	872.141541
949.458984	930.960083
948.314453	858.660278
947.169922	899.981079
946.025391	956.571838
944.880859	897.413452
943.735352	890.672729
942.589844	936.316101
941.444336	848.832458
940.298828	920.644531
939.152344	911.723083
938.005859	865.733582
936.859375	935.315491
935.711914	900.239197
934.565430	961.066528
933.417969	947.787781
932.269531	936.692932
931.122070	1019.252014
929.973633	921.049500
928.825195	994.868469
927.676758	1005.537537
926.528320	1022.729980
925.378906	1044.265991
924.229492	1054.917236
923.080078	1096.008423
921.929688	1056.638184
920.780273	1095.537476
919.629883	1045.317993
918.478516	1038.574951
917.328125	997.078186
916.176758	966.458252
915.025391	977.106995
913.874023	942.162537
912.721680	1024.435303
911.570313	985.155640
910.417969	1019.655029
909.264648	1067.153442
908.112305	1019.215454
906.958984	990.810669
905.805664	1012.273010
904.652344	986.048828
903.498047	990.169373
902.344727	974.792114
901.189453	911.775208
900.035156	987.362610
898.880859	1034.774902
897.725586	1049.701538
896.570313	978.066956
895.414063	1055.737671
894.258789	1040.368774
893.102539	1068.255615
891.946289	1150.180054
890.790039	1154.254028
889.632813	1285.828369
888.475586	1421.666748
887.318359	1458.080688
886.161133	1587.343628
885.002930	1599.954468
883.844727	1560.750488
882.686523	1508.614014
881.528320	1409.028687
880.369141	1363.419312
879.209961	1233.712769
878.050781	1261.477661
876.890625	1198.682251
875.731445	1107.893433
874.571289	1090.412842
873.410156	1072.939697
872.250000	1033.933838
871.088867	1074.626465
869.927734	1005.493652
868.766602	1065.548096
867.605469	1045.946655
866.443359	1017.746948
865.281250	1064.851929
864.118164	997.946655
862.956055	1014.931274
861.792969	973.863586
860.629883	1031.683350
859.466797	973.438660
858.302734	932.406555
857.138672	988.049255
855.974609	994.275818
854.810547	1019.822571
853.645508	1049.651123
852.480469	950.703064
851.315430	1010.571655
850.150391	971.738525
848.984375	971.526001
847.818359	1016.341187
846.652344	1028.980957
845.486328	1037.328735
844.319336	1082.099731
843.152344	1073.293457
841.985352	1135.171509
840.817383	1154.194946
839.649414	1192.478027
838.481445	1217.901611
837.313477	1337.472046
836.144531	1486.942627
834.976563	1674.849731
833.807617	2063.697510
832.637695	2375.403564
831.468750	2913.559082
830.298828	3248.449707
829.128906	3589.602783
827.958008	3569.587891
826.788086	3427.844971
825.617188	3091.855469
824.445313	2689.834961
823.274414	2366.960693
822.102539	2091.173096
820.930664	1851.774048
819.758789	1640.208130
818.586914	1556.681763
817.414063	1355.933472
816.241211	1272.506104
815.068359	1297.797974
813.894531	1197.375366
812.720703	1165.159912
811.546875	1226.661987
810.373047	1154.000122
809.198242	1104.785645
808.023438	1108.798218
806.848633	1070.254028
805.673828	1055.126709
804.498047	1093.175903
803.322266	1031.270752
802.146484	1079.937500
800.969727	1032.940186
799.793945	1032.711670
798.617188	1064.349976
797.439453	1078.982300
796.262695	1116.966675
795.084961	1021.182495
793.907227	995.485474
792.728516	1075.904785
791.550781	1060.814941
790.372070	1113.608765
789.193359	1117.603271
788.013672	1159.759888
786.834961	1151.023560
785.655273	1201.630859
784.474609	1125.087158
783.294922	1040.103882
782.114258	1092.819580
780.933594	1009.998413
779.752930	1014.007935
778.571289	988.385132
777.389648	1013.557251
776.208008	994.292297
775.026367	987.726013
773.843750	1006.537476
772.661133	995.743042
771.478516	976.498718
770.295898	1026.997314
769.112305	1018.317810
767.928711	1043.437744
766.745117	1041.093506
765.560547	1049.306641
764.375977	1068.070068
763.191406	1067.831909
762.006836	1154.098389
760.821289	1117.981201
759.636719	1180.999634
758.450195	1300.918091
757.264648	1374.407227
756.078125	1350.917725
754.891602	1375.900513
753.705078	1314.502563
752.518555	1337.375977
751.331055	1200.210938
750.143555	1149.418701
748.955078	1208.093018
747.767578	1205.718506
746.579102	1173.892578
745.390625	1192.559326
744.201172	1160.750244
743.012695	1112.136597
741.823242	1172.841675
740.632813	1115.841309
739.443359	1126.095825
738.252930	1067.030762
737.062500	1140.291016
735.872070	1049.756226
734.680664	1120.888184
733.489258	1114.341064
732.297852	1114.090942
731.106445	1120.133789
729.914063	1161.825439
728.721680	1184.628052
727.529297	1217.901367
726.335938	1171.521362
725.142578	1234.116333
723.949219	1206.606445
722.755859	1149.788086
721.561523	1260.504150
720.367188	1155.551025
719.172852	1125.990234
717.978516	1083.887817
716.783203	1068.999878
715.587891	1049.935669
714.392578	1028.788818
713.196289	1053.643799
712.000000	1053.406250
710.803711	994.659424
709.607422	1065.466187
708.410156	1029.718384
707.212891	1016.956848
706.015625	1052.218872
704.818359	1037.370483
703.620117	978.706116
702.421875	1120.354980
701.223633	1072.127319
700.024414	1101.080444
698.825195	1111.256104
697.625977	1119.342651
696.426758	1131.593384
695.226563	1127.170410
694.026367	1131.081543
692.826172	1128.743042
691.625000	1103.502563
690.423828	1174.027466
689.222656	1152.950195
688.021484	1098.591675
686.819336	1146.187256
685.617188	1162.565308
684.415039	1156.064087
683.211914	1139.171631
682.009766	1195.027588
680.806641	1167.744629
679.602539	1163.324951
678.399414	1173.445313
677.195313	1214.707397
675.991211	1245.570801
674.786133	1207.929199
673.581055	1230.479858
672.375977	1230.200195
671.170898	1200.883667
669.965820	1223.420166
668.759766	1231.434326
667.553711	1187.628540
666.346680	1174.925293
665.140625	1172.586060
663.933594	1178.532837
662.725586	1151.344482
661.518555	1132.449585
660.310547	1154.959595
659.102539	1185.736572
657.893555	1102.711182
656.685547	1189.332764
655.476563	1091.868652
654.267578	1201.194946
653.057617	1138.911133
651.847656	1202.713257
650.637695	1159.051636
649.427734	1181.508301
648.216797	1152.326904
647.005859	1110.770996
645.794922	1112.581299
644.583984	1075.180542
643.372070	1165.716187
642.160156	1120.069214
640.947266	1082.692017
639.735352	1125.741943
638.522461	1117.239014
637.309570	1141.713379
636.095703	1087.881958
634.881836	1149.430054
633.667969	1128.572266
632.454102	1072.721436
631.239258	1125.996338
630.024414	1125.738037
628.809570	1071.983521
627.594727	1182.819702
626.378906	1104.397217
625.163086	1104.143677
623.947266	1085.389160
622.730469	1157.071411
621.513672	1160.915039
620.296875	1154.485474
619.079102	1180.919067
617.862305	1192.967285
616.643555	1194.745728
615.425781	1155.476074
614.207031	1167.521484
612.989258	1200.075195
611.769531	1060.335083
610.550781	1099.049683
609.331055	1068.046509
608.111328	1106.741333
606.891602	1045.014771
605.670898	1104.182495
604.450195	1038.388428
603.229492	1032.005981
602.007813	1054.286621
600.787109	1058.136597
599.564453	988.321045
598.342773	1020.824585
597.120117	977.638123
595.897461	1040.800903
594.674805	983.319214
593.452148	1021.925049
592.228516	939.953552
591.004883	998.980347
589.780273	1029.385620
588.556641	978.098389
587.332031	973.788940
586.106445	932.743164
584.881836	1003.945984
583.656250	983.312622
582.430664	1011.639038
581.204102	1021.600098
579.978516	964.280945
578.751953	1051.698853
577.524414	1016.813782
576.297852	992.131042
575.070313	1006.157959
573.842773	965.198608
572.614258	991.439880
571.385742	1007.492188
570.157227	1037.780884
568.928711	1002.954956
567.699219	1012.891296
566.469727	969.953308
565.240234	953.463745
564.009766	999.989258
562.780273	999.756409
561.548828	928.419250
560.318359	985.073120
559.086914	986.874146
557.855469	968.372864
556.624023	984.384338
555.391602	984.154663
554.160156	1000.154724
552.926758	1040.486084
551.694336	1028.076538
550.460938	997.427063
549.227539	1015.435425
547.994141	998.987366
546.759766	976.469299
545.525391	1020.799683
544.291016	1002.336670
543.055664	963.637634
541.821289	951.268250
540.584961	965.210083
539.349609	1015.559753
538.113281	938.464844
536.876953	1009.017700
535.640625	1018.889282
534.403320	1010.565857
533.166016	1024.473511
531.928711	1038.374390
530.691406	1009.854797
529.453125	1031.829346
528.214844	1011.399475
526.975586	1003.088745
525.737305	1091.636841
524.498047	1004.634766
523.257813	1079.022583
522.018555	1084.817993
520.778320	1048.276245
519.538086	1068.184082
518.296875	1061.887695
517.055664	1021.347839
515.814453	1035.205444
514.573242	992.677063
513.331055	1068.939819
512.088867	1082.775879
510.846680	1072.459961
509.603516	1048.067261
508.360352	1037.764038
507.117188	1047.572632
505.874023	1113.662598
504.629883	1047.077881
503.385742	1155.331177
502.140625	1104.838135
500.896484	1128.676758
499.651367	1114.354980
498.405273	1114.091309
497.160156	1099.779419
495.914063	1101.525513
494.667969	1121.324097
493.420898	1161.167969
492.173828	1122.797852
490.926758	1178.658325
489.679688	1194.411133
488.431641	1172.088623
487.183594	1135.754761
485.935547	1149.503540
484.686523	1209.295044
483.437500	1221.017822
482.188477	1230.733643
480.939453	1262.452637
479.689453	1238.149658
478.439453	1273.850952
477.188477	1265.550781
475.937500	1323.215210
474.686523	1302.916870
473.435547	1406.495483
472.183594	1386.186523
470.931641	1483.704956
469.679688	1441.426147
468.426758	1544.872314
467.173828	1624.323120
465.920898	1663.835571
464.667969	1767.154053
463.414063	1834.529907
462.160156	2031.456055
460.905273	2096.742920
459.651367	2259.636963
458.396484	2496.162598
457.140625	2621.040771
455.885742	2831.480469
454.629883	2759.136719
453.373047	2712.700684
452.117188	2564.808105
450.860352	2414.997070
449.603516	2094.219482
448.345703	1863.070313
447.087891	1757.266968
445.830078	1605.804321
444.572266	1510.047485
443.313477	1406.390747
442.054688	1404.066895
440.795898	1425.569824
439.536133	1373.617188
438.276367	1405.039185
437.016602	1414.621460
435.755859	1453.952393
434.495117	1526.976563
433.234375	1582.121948
431.972656	1559.937378
430.710938	1547.671631
429.449219	1477.957397
428.187500	1479.581665
426.924805	1483.185181
425.662109	1417.495728
424.399414	1371.630493
423.135742	1282.253784
421.872070	1283.922363
420.607422	1255.922485
419.343750	1251.664063
418.079102	1271.130127
416.814453	1282.680908
415.548828	1193.454224
414.283203	1236.624878
413.017578	1250.150146
411.750977	1265.643066
410.484375	1202.168091
409.217773	1209.770752
407.951172	1215.396362
406.683594	1209.183716
405.416016	1204.946045
404.147461	1218.454712
402.879883	1249.696655
401.611328	1247.422363
400.341797	1237.268188
399.072266	1323.633789
397.802734	1256.358398
396.533203	1332.833252
395.263672	1318.730835
393.993164	1265.279663
392.721680	1310.219116
391.451172	1315.800171
390.179688	1344.974243
388.908203	1393.792603
387.635742	1428.829102
386.363281	1400.971680
385.090820	1357.412354
383.817383	1400.287231
382.544922	1380.310303
381.270508	1399.602539
379.997070	1432.622559
378.722656	1416.575684
377.448242	1447.613403
376.173828	1480.596802
374.898438	1386.126343
373.623047	1424.988403
372.347656	1395.244751
371.071289	1436.044189
369.794922	1425.898438
368.517578	1451.004517
367.241211	1436.944214
365.963867	1438.548340
364.686523	1404.930298
363.408203	1459.359619
362.129883	1457.044800
360.851563	1423.446289
359.572266	1489.558960
358.292969	1467.694458
357.013672	1406.763794
355.733398	1470.877686
354.453125	1478.326416
353.172852	1450.628052
351.892578	1420.991211
350.611328	1531.871704
349.330078	1492.474243
348.047852	1423.839111
346.765625	1493.686401
345.483398	1483.569336
344.201172	1440.323730
342.917969	1469.195068
341.634766	1435.714233
340.350586	1400.302246
339.066406	1417.478760
337.782227	1405.447632
336.498047	1401.206543
335.212891	1445.608398
333.927734	1394.675293
332.642578	1417.664795
331.356445	1382.317139
330.070313	1442.228149
328.783203	1391.345581
327.497070	1346.316284
326.209961	1423.671143
324.921875	1425.258301
323.634766	1475.376465
322.346680	1405.139771
321.057617	1404.789185
319.768555	1402.498779
318.479492	1454.510986
317.190430	1427.003540
315.900391	1511.935669
314.610352	1565.818604
313.320313	1503.429810
312.029297	1487.558228
310.738281	1580.134888
309.447266	1587.482910
308.155273	1668.374878
306.863281	1666.021606
305.571289	1673.341797
304.278320	1738.678345
302.985352	1745.975952
301.692383	1770.666992
300.398438	1857.187134
299.104492	1937.867188
297.810547	1912.269165
296.515625	2054.689209
295.220703	2112.090332
293.925781	2123.139160
292.629883	2136.111572
291.333984	2293.763672
290.038086	2370.331787
288.741211	2423.722900
287.444336	2529.134033
286.147461	2547.767334
284.849609	2601.071533
283.551758	2754.512695
282.253906	2748.038574
280.955078	2791.624023
279.656250	2800.541260
278.357422	2878.727295
277.057617	2856.836182
275.757813	2848.418457
274.458008	2903.457764
273.157227	3041.128662
271.856445	3155.666992
270.554688	3104.910156
269.253906	3326.941406
267.952148	3324.175049
266.649414	3542.196777
265.346680	3606.554688
264.043945	3670.879150
262.741211	3808.070313
261.437500	3895.324463
260.133789	4034.304443
258.830078	4157.876953
257.525391	4149.149902
256.220703	4374.175293
254.915039	4449.676758
253.609375	4622.803711
252.303711	4600.561523
250.998047	4943.907227
249.691406	4915.851563
248.384766	5167.113281
247.077148	5292.016602
245.769531	5395.822754
244.461914	5390.614746
243.154297	5448.474121
241.845703	5475.733398
240.536133	5436.124023
239.227539	5316.331055
237.917969	5171.780273
236.608398	4960.500977
235.297852	4766.502441
233.987305	4799.611816
232.676758	4683.945801
231.365234	4564.524902
230.053711	4496.631348
228.742188	4428.771973
227.429688	4305.696777
226.117188	4308.393066
224.803711	4177.793945
223.491211	4083.431641
222.177734	4057.632813
220.863281	3967.154297
219.548828	3988.952637
218.234375	4126.744141
216.919922	3903.229492
215.604492	3909.819092
214.289063	3908.803711
212.972656	3791.903076
211.656250	3878.282959
210.339844	3905.755371
209.022461	3815.520264
207.705078	3812.628662
206.387695	3798.354248
205.069336	3638.033936
203.750977	3750.862305
202.432617	3670.260010
201.113281	3703.416748
199.793945	3603.919434
198.474609	3669.277832
197.154297	3592.565430
195.833984	3546.185547
194.513672	3639.898193
193.192383	3529.189453
191.871094	3620.963867
190.548828	3648.384033
189.226563	3683.352295
187.904297	3640.797607
186.581055	3893.080078
185.257813	3672.892090
183.934570	3906.143555
182.610352	3873.013428
181.286133	3983.376953
179.961914	3955.904297
178.636719	4064.299072
177.311523	4110.386230
175.985352	4203.594238
174.660156	4215.681641
173.333008	4280.538086
172.006836	4379.277832
170.679688	4502.454590
169.352539	4467.362305
168.024414	4526.430664
166.696289	4487.583496
165.368164	4623.770508
164.039063	4761.765625
162.709961	4717.241211
161.380859	4783.681641
160.050781	4949.719238
158.720703	5027.336426
157.389648	5133.094727
156.058594	5360.889648
154.727539	5607.341309
153.395508	5630.251953
152.063477	5870.867188
150.731445	5998.770020
149.398438	6132.230469
148.065430	6293.749023
146.732422	6406.433105
145.398438	6522.804199
144.064453	6543.544434
142.729492	6592.372559
141.395508	6702.977051
140.059570	6772.329102
138.724609	6757.408203
137.388672	6806.120117
136.051758	6912.800781
134.715820	6757.573730
133.378906	6838.028809
132.041016	6836.187988
130.703125	6877.329590
129.365234	6776.454102
128.026367	6862.414551
126.687500	6804.542969
125.348633	6705.630371
124.008789	6793.401855
122.668945	6744.919922
121.329102	6948.278809
119.988281	6629.381348
118.647461	6834.522461
117.306641	6860.626953
115.964844	6897.895020
114.622070	7018.966797
113.280273	7097.138672
111.937500	7111.965820
110.593750	7069.083984
109.250000	6968.540527
107.906250	6905.254883
106.562500	6695.082031
105.217773	6258.195313
103.873047	6003.700684
102.527344	5381.415039
101.181641	4798.480469
99.834961	4232.577637
98.489258	3692.976807
