#Wave		#Intensity
3199.956055	24.823456
3199.250977	53.193123
3198.545898	42.547901
3197.840820	3.545109
3197.134766	24.811907
3196.429688	17.720036
3195.724609	28.347645
3195.018555	24.800327
3194.312500	17.711758
3193.606445	35.417988
3192.901367	31.871212
3192.195313	21.244154
3191.488281	21.240829
3190.782227	24.777086
3190.076172	14.156116
3189.369141	49.538628
3188.663086	24.765425
3187.956055	24.761532
3187.249023	24.757635
3186.541992	35.362480
3185.834961	35.356907
3185.127930	21.210796
3184.420898	31.811169
3183.712891	28.272125
3183.005859	28.267653
3182.297852	35.328968
3181.590820	10.597011
3180.882813	38.849541
3180.174805	45.905804
3179.466797	14.122619
3178.757813	49.421303
3178.049805	3.529531
3177.341797	42.347622
3176.632813	17.642029
3175.924805	45.861954
3175.215820	24.690952
3174.506836	28.213718
3173.797852	31.735353
3173.088867	45.832611
3172.379883	7.050041
3171.669922	42.293457
3170.960938	21.143332
3170.250977	56.373158
3169.541016	10.568267
3168.832031	24.655319
3168.122070	35.216209
3167.412109	35.210529
3166.701172	42.245815
3165.991211	38.719074
3165.281250	35.193466
3164.570313	10.556332
3163.860352	42.218491
3163.149414	56.282196
3162.438477	14.068267
3161.727539	52.747437
3161.016602	28.127396
3160.305664	14.061411
3159.593750	59.751270
3158.882813	31.627874
3158.170898	31.622719
3157.458984	31.617559
3156.748047	31.612398
3156.036133	42.142979
3155.324219	35.113407
3154.611328	45.639957
3153.899414	31.591719
3153.187500	14.038463
3152.474609	21.054239
3151.761719	66.660812
3151.049805	17.539438
3150.336914	38.580421
3149.624023	28.053871
3148.911133	17.530783
3148.197266	35.055786
3147.484375	28.040005
3146.770508	28.035378
3146.057617	14.015373
3145.343750	28.026114
3144.629883	56.042953
3143.916016	45.527363
3143.202148	21.009148
3142.488281	24.506609
3141.774414	28.002907
3141.059570	27.998259
3140.344727	31.492807
3139.630859	24.490334
3138.916016	31.482332
3138.201172	27.979635
3137.486328	27.974974
3136.771484	17.481443
3136.055664	48.939873
3135.340820	45.436577
3134.625000	48.923523
3133.910156	27.951624
3133.194336	38.427052
3132.478516	41.913399
3131.762695	27.937584
3131.046875	48.882572
3130.330078	41.892315
3129.614258	55.847042
3128.897461	34.898537
3128.181641	27.914133
3127.464844	38.375473
3126.748047	20.928553
3126.031250	20.925026
3125.314453	24.408413
3124.596680	62.753899
3123.879883	52.286087
3123.162109	38.336651
3122.445313	3.484561
3121.727539	62.711483
3121.009766	34.833813
3120.291992	52.241867
3119.574219	52.233013
3118.856445	48.742542
3118.137695	34.810188
3117.419922	20.882566
3116.701172	20.879017
3115.982422	24.354710
3115.263672	41.743824
3114.544922	41.736713
3113.826172	45.207069
3113.107422	38.245613
3112.387695	59.096767
3111.668945	59.086678
3110.949219	20.850559
3110.229492	27.795992
3109.509766	38.212952
3108.790039	27.786480
3108.070313	45.145294
3107.350586	10.416359
3106.629883	41.658291
3105.910156	17.354643
3105.189453	52.054989
3104.468750	17.348680
3103.748047	55.506233
3103.027344	45.091057
3102.306641	20.807674
3101.585938	41.608181
3100.864258	45.067760
3100.143555	55.458450
3099.421875	38.121105
3098.700195	41.579479
3097.978516	31.179222
3097.256836	31.173832
3096.535156	13.852640
3095.813477	24.237925
3095.090820	51.929417
3094.369141	44.997696
3093.646484	24.225327
3092.923828	55.362572
3092.201172	27.676481
3091.478516	48.425430
3090.755859	24.208508
3090.032227	20.746540
3089.309570	34.571552
3088.585938	58.761410
3087.863281	58.751175
3087.139648	17.276745
3086.416016	44.911705
3085.692383	65.628731
3084.967773	44.896030
3084.244141	41.435249
3083.519531	37.975674
3082.795898	6.903461
3082.071289	51.766899
3081.346680	13.802090
3080.622070	44.848934
3079.897461	31.043821
3079.171875	44.833214
3078.447266	58.617760
3077.721680	44.817478
3076.997070	27.575142
3076.271484	31.016584
3075.545898	44.793858
3074.820313	27.560600
3074.094727	34.444687
3073.368164	41.326347
3072.642578	44.762321
3071.916016	44.754429
3071.189453	41.304493
3070.463867	13.765735
3069.737305	34.408260
3069.009766	13.760873
3068.283203	68.792206
3067.556641	44.707024
3066.829102	68.767868
3066.102539	41.253418
3065.375000	54.994816
3064.647461	44.675369
3063.919922	20.615746
3063.192383	34.353481
3062.463867	54.955814
3061.736328	30.907156
3061.007813	58.369812
3060.279297	20.597448
3059.551758	13.729191
3058.823242	37.748558
3058.094727	24.017532
3057.365234	44.596046
3056.636719	27.438831
3055.907227	41.150909
3055.178711	24.000416
3054.449219	58.276321
3053.719727	27.419256
3052.990234	47.975128
3052.260742	27.409460
3051.530273	37.681267
3050.800781	34.249573
3050.070313	27.394754
3049.340820	65.050888
3048.610352	27.384943
3047.879883	37.647549
3047.149414	37.640797
3046.417969	30.791492
3045.687500	34.206631
3044.957031	37.620537
3044.225586	54.710949
3043.494141	44.444656
3042.762695	23.927435
3042.031250	71.769394
3041.299805	30.752777
3040.568359	17.081800
3039.835938	40.988934
3039.103516	37.566422
3038.372070	34.145134
3037.639648	47.794563
3036.907227	34.132813
3036.174805	44.364647
3035.441406	34.120487
3034.708984	34.114323
3033.975586	44.340603
3033.243164	44.332584
3032.509766	51.143726
3031.776367	54.543430
3031.042969	44.308514
3030.309570	27.261837
3029.575195	13.628448
3028.841797	57.910400
3028.107422	40.870514
3027.373047	61.294643
3026.638672	37.451038
3025.904297	37.444233
3025.169922	47.647640
3024.435547	34.027840
3023.700195	71.445465
3022.965820	54.424736
3022.230469	54.414829
3021.495117	71.406456
3020.759766	50.995323
3020.024414	64.582298
3019.289063	50.976730
3018.552734	61.160919
3017.817383	30.574879
3017.081055	50.948830
3016.344727	40.751617
3015.608398	47.534870
3014.872070	61.105087
3014.135742	54.305702
3013.398438	71.263199
3012.662109	57.678696
3011.924805	44.099163
3011.187500	44.091087
3010.451172	33.910007
3009.712891	57.636444
3008.975586	44.066845
3008.238281	61.004440
3007.500000	50.827702
3006.762695	71.145721
3006.024414	64.358116
3005.286133	71.119583
3004.547852	44.018318
3003.809570	54.166428
3003.071289	91.389030
3002.332031	60.914810
3001.592773	50.752998
3000.854492	54.126560
3000.115234	67.645737
2999.375977	71.014931
2998.636719	60.858719
2997.896484	60.847492
2997.157227	60.836266
2996.416992	70.962540
2995.677734	70.949440
2994.937500	64.180496
2994.197266	70.923225
2993.457031	97.923492
2992.715820	67.520950
2991.975586	81.010155
2991.234375	60.746372
2990.494141	80.980171
2989.752930	94.459366
2989.011719	80.950172
2988.270508	70.818268
2987.528320	97.778526
2986.787109	70.792007
2986.044922	70.778877
2985.303711	57.286549
2984.561523	53.906742
2983.819336	87.582184
2983.077148	70.726311
2982.334961	97.651520
2981.591797	94.266693
2980.849609	90.883118
2980.106445	70.673714
2979.363281	94.214081
2978.620117	117.745674
2977.876953	94.178993
2977.133789	84.072716
2976.389648	84.057045
2975.646484	90.764687
2974.902344	131.080093
2974.158203	120.974434
2973.414063	83.994339
2972.669922	120.929268
2971.925781	120.906677
2971.181641	100.736740
2970.436523	110.789703
2969.692383	140.978714
2968.947266	124.172302
2968.202148	137.570587
2967.457031	150.963852
2966.710938	93.915482
2965.965820	117.372360
2965.220703	124.056107
2964.474609	144.146301
2963.728516	174.283768
2962.982422	170.900101
2962.236328	154.116272
2961.490234	123.939827
2960.743164	120.567467
2959.997070	127.241760
2959.250000	154.000565
2958.502930	170.707672
2957.755859	153.942688
2957.008789	170.643494
2956.261719	157.230118
2955.514648	157.200531
2954.766602	133.762512
2954.018555	133.737320
2953.271484	207.253815
2952.523438	170.450851
2951.775391	153.711014
2951.026367	223.841232
2950.278320	173.694763
2949.529297	177.001648
2948.781250	250.426773
2948.032227	186.950043
2947.283203	186.914734
2946.534180	180.205170
2945.784180	163.488617
2945.035156	240.182770
2944.285156	193.443985
2943.536133	196.742020
2942.786133	226.710617
2942.036133	196.667587
2941.286133	163.303177
2940.535156	199.925217
2939.785156	193.224442
2939.034180	166.541245
2938.284180	196.481415
2937.533203	193.114609
2936.782227	189.749069
2936.031250	176.399872
2935.279297	199.660080
2934.528320	179.659973
2933.776367	192.931488
2933.025391	209.523712
2932.273438	182.882782
2931.521484	212.768616
2930.768555	206.080414
2930.016602	172.808777
2929.264648	215.969894
2928.511719	189.352951
2927.758789	215.887711
2927.005859	189.280884
2926.252930	189.244843
2925.500000	225.722763
2924.747070	209.085663
2923.993164	225.636749
2923.240234	172.512863
2922.486328	208.966110
2921.732422	218.875122
2920.978516	198.939423
2920.223633	198.901459
2919.469727	159.090790
2918.715820	185.570465
2917.960938	202.100647
2917.206055	188.812073
2916.451172	211.959000
2915.696289	195.362335
2914.941406	198.635574
2914.185547	225.077255
2913.430664	182.012955
2912.674805	175.360718
2911.918945	191.867447
2911.163086	208.367844
2910.407227	185.180374
2909.651367	188.451050
2908.894531	201.637039
2908.138672	188.378815
2907.381836	168.517136
2906.625000	135.448578
2905.868164	198.179398
2905.111328	165.117798
2904.353516	188.198151
2903.596680	168.355484
2902.838867	188.125870
2902.081055	184.789902
2901.323242	178.156021
2900.565430	174.823212
2899.807617	187.981262
2899.049805	168.161407
2898.291016	164.832413
2897.532227	135.136566
2896.773438	187.836609
2896.014648	164.737228
2895.255859	184.470154
2894.497070	164.673767
2893.738281	177.813385
2892.978516	207.408966
2892.218750	167.870117
2891.458984	157.964935
2890.699219	174.385971
2889.939453	157.903992
2889.179688	184.185760
2888.418945	151.266235
2887.659180	141.373734
2886.898438	131.485046
2886.137695	164.324539
2885.376953	147.863510
2884.616211	170.831467
2883.854492	134.667984
2883.093750	131.357986
2882.332031	164.165726
2881.570313	154.285904
2880.808594	177.230347
2880.046875	147.663361
2879.285156	111.546257
2878.522461	170.567108
2877.760742	88.546532
2876.998047	140.991211
2876.235352	154.076797
2875.472656	157.324509
2874.709961	131.078323
2873.946289	163.816101
2873.183594	127.751762
2872.419922	144.102203
2871.656250	140.799820
2870.892578	130.951126
2870.128906	134.198822
2869.365234	160.352798
2868.600586	150.506012
2867.836914	130.849350
2867.072266	150.447479
2866.307617	137.338364
2865.542969	85.002449
2864.778320	143.822296
2864.013672	147.062347
2863.248047	127.429207
2862.483398	147.005066
2861.717773	140.444138
2860.952148	179.602844
2860.186523	117.535301
2859.419922	166.475876
2858.654297	153.389023
2857.887695	137.044296
2857.122070	127.230591
2856.355469	123.944069
2855.588867	140.225113
2854.822266	153.239380
2854.054688	136.910568
2853.288086	133.624680
2852.520508	156.408081
2851.752930	153.119644
2850.985352	127.031876
2850.217773	159.572937
2849.450195	156.285767
2848.682617	120.446701
2847.914063	110.659088
2847.145508	159.448059
2846.377930	133.389587
2845.609375	110.594093
2844.839844	113.824554
2844.071289	130.059708
2843.302734	123.532509
2842.533203	126.758499
2841.763672	146.231125
2840.994141	126.708778
2840.224609	142.925446
2839.455078	159.135727
2838.684570	90.916855
2837.915039	149.334061
2837.144531	149.304733
2836.374023	126.559578
2835.603516	116.801270
2834.833008	132.997513
2834.062500	132.971375
2833.291016	123.217522
2832.520508	110.225571
2831.749023	136.134201
2830.977539	132.866760
2830.206055	158.760727
2829.433594	129.575073
2828.662109	155.459457
2827.889648	119.809723
2827.118164	106.836266
2826.345703	142.420273
2825.573242	122.975075
2824.799805	129.421921
2824.027344	90.577477
2823.254883	109.965233
2822.481445	103.476265
2821.708008	103.455841
2820.934570	119.597198
2820.161133	116.341858
2819.387695	106.625633
2818.613281	93.682800
2817.839844	129.192123
2817.065430	116.249916
2816.291016	119.455460
2815.516602	112.976051
2814.741211	116.180954
2813.966797	125.837791
2813.192383	109.683029
2812.416992	129.013306
2811.641602	116.088982
2810.866211	119.290039
2810.090820	116.042984
2809.314453	80.569435
2808.539063	109.552711
2807.762695	115.973991
2806.986328	99.846680
2806.209961	128.808868
2805.433594	106.246231
2804.657227	86.911484
2803.880859	99.767441
2803.103516	122.271294
2802.326172	99.727821
2801.548828	93.275230
2800.771484	93.256691
2799.994141	102.883484
2799.216797	122.149841
2798.438477	122.125549
2797.660156	83.542961
2796.881836	93.163994
2796.103516	128.476486
2795.325195	93.126907
2794.546875	77.055199
2793.767578	121.979759
2792.989258	83.443207
2792.209961	115.513725
2791.430664	112.282623
2790.651367	118.675110
2789.871094	89.790283
2789.091797	112.215462
2788.311523	102.576523
2787.531250	108.965805
2786.751953	115.352524
2785.970703	105.718697
2785.190430	76.870972
2784.410156	80.057930
2783.628906	108.857025
2782.847656	92.830078
2782.067383	99.212311
2781.285156	67.194901
2780.503906	89.575279
2779.722656	105.549736
2778.940430	108.726448
2778.159180	118.296272
2777.376953	67.127686
2776.594727	111.857063
2775.812500	105.444099
2775.029297	115.006874
2774.247070	99.013847
2773.463867	67.060448
2772.680664	95.781425
2771.897461	102.146362
2771.114258	67.020096
2770.331055	111.677742
2769.546875	105.275017
2768.763672	66.979744
2767.979492	108.421608
2767.195313	66.952835
2766.411133	92.440094
2765.626953	66.925919
2764.841797	121.079697
2764.056641	105.127007
2763.272461	101.920837
2762.487305	101.900322
2761.702148	79.593605
2760.916016	79.577576
2760.130859	101.838791
2759.344727	101.818275
2758.559570	108.160118
2757.773438	104.957779
2756.987305	127.195900
2756.201172	108.094711
2755.414063	79.465378
2754.627930	95.339211
2753.840820	66.723976
2753.053711	66.710510
2752.266602	117.513832
2751.479492	117.490097
2750.692383	107.942062
2749.904297	85.701370
2749.116211	92.031013
2748.328125	114.222298
2747.540039	95.166000
2746.751953	91.975189
2745.963867	104.640244
2745.174805	136.321808
2744.386719	91.919350
2743.597656	76.055779
2742.808594	85.545418
2742.019531	117.205154
2741.229492	107.680206
2740.440430	139.322601
2739.650391	94.973419
2738.861328	101.284431
2738.071289	98.099380
2737.280273	104.407181
2736.490234	104.385986
2735.700195	79.064232
2734.909180	75.886246
2734.118164	97.999817
2733.327148	66.373482
2732.536133	107.439980
2731.745117	116.896202
2730.953125	91.602707
2730.162109	97.900215
2729.370117	113.667435
2728.578125	101.017151
2727.786133	104.152725
2726.994141	97.820503
2726.201172	104.110291
2725.409180	97.780640
2724.616211	122.989281
2723.823242	85.129059
2723.030273	122.939117
2722.236328	116.610748
2721.443359	100.831955
2720.649414	100.811371
2719.856445	97.641075
2719.062500	107.068329
2718.268555	88.155907
2717.473633	107.024574
2716.679688	94.414146
2715.884766	75.515869
2715.089844	103.813080
2714.295898	132.098694
2713.500000	81.758644
2712.705078	110.037186
2711.910156	106.871368
2711.114258	78.565796
2710.318359	106.827583
2709.522461	65.968216
2708.726563	94.220985
2707.930664	100.481773
2707.134766	91.042923
2706.337891	78.469170
2705.541016	84.729309
2704.744141	125.499130
2703.947266	94.105011
2703.150391	75.268539
2702.352539	103.472977
2701.555664	109.721504
2700.757813	100.296173
2699.959961	97.141930
2699.162109	100.254906
2698.364258	109.631233
2697.565430	90.818604
2696.767578	97.061958
2695.968750	93.911575
2695.169922	115.800407
2694.371094	128.292923
2693.571289	100.110413
2692.772461	109.473175
2691.972656	112.577744
2691.173828	112.554512
2690.374023	78.146713
2689.573242	87.506248
2688.773438	81.239014
2687.973633	112.461540
2687.172852	103.068436
2686.372070	84.311287
2685.571289	103.025810
2684.770508	87.397751
2683.969727	115.465981
2683.167969	96.721741
2682.367188	87.343475
2681.565430	99.800438
2680.763672	77.952934
2679.961914	127.816307
2679.159180	74.803787
2678.357422	90.369156
2677.554688	112.159126
2676.751953	71.642342
2675.949219	105.884087
2675.146484	87.180550
2674.343750	124.517761
2673.540039	90.256615
2672.736328	118.242699
2671.932617	118.218109
2671.128906	90.200310
2670.325195	87.071831
2669.521484	80.835587
2668.716797	102.577644
2667.912109	111.879578
2667.107422	93.213554
2666.302734	93.194122
2665.498047	111.809624
2664.693359	105.575951
2663.887695	62.090546
2663.082031	96.220253
2662.276367	114.819550
2661.470703	108.590401
2660.665039	120.975456
2659.858398	93.038589
2659.052734	65.113396
2658.246094	99.199661
2657.439453	99.178909
2656.632813	114.651611
2655.826172	117.725655
2655.051758	86.917404
2655.018555	130.090576
2654.246094	111.750946
2654.210938	83.612137
2653.440430	65.177544
2653.404297	89.786804
2652.634766	99.302139
2652.596680	105.245216
2651.829102	121.004944
2651.788086	99.033546
2651.023438	105.474434
2650.980469	142.330856
2650.217773	93.050621
2650.171875	102.085495
2649.411133	99.237923
2649.364258	80.414108
2648.604492	108.523888
2648.555664	108.227028
2647.798828	102.305916
2647.747070	111.295837
2646.992188	120.887360
2646.938477	108.181549
2646.185547	130.165222
2646.128906	108.158806
2645.378906	111.552040
2645.320313	95.777649
2644.571289	117.730202
2644.510742	83.401695
2643.764648	127.003990
2643.701172	135.885269
2642.957031	102.206047
2642.891602	98.804840
2642.150391	114.575951
2642.081055	92.610031
2641.342773	108.364937
2641.271484	117.281326
2640.535156	80.486504
2640.460938	129.599411
2639.727539	129.995361
2639.651367	123.401985
2638.918945	99.027863
2638.840820	98.700768
2638.111328	105.199844
2638.029297	104.847443
2637.303711	108.276176
2637.218750	114.074600
2636.495117	117.537674
2636.408203	123.297852
2635.686523	126.796112
2635.596680	135.598999
2634.877930	120.591080
2634.785156	126.326912
2634.069336	105.113365
2633.973633	110.897743
2633.260742	98.913918
2633.162109	101.634773
2632.452148	139.074738
2632.349609	113.930031
2631.642578	89.611137
2631.538086	86.199081
2630.833984	111.223022
2630.725586	86.180832
2630.024414	105.026581
2629.913086	104.625992
2629.214844	132.805740
2629.100586	86.144333
2628.405273	86.463821
2628.288086	129.189117
2627.595703	89.536964
2627.474609	119.935883
2626.785156	135.826630
2626.662109	135.283585
2625.975586	108.025955
2625.848633	126.032959
2625.165039	123.437706
2625.035156	119.859566
2624.355469	98.733727
2624.221680	98.325432
2623.544922	117.226768
2623.407227	86.016479
2622.734375	107.954018
2622.593750	92.140930
2621.923828	120.271553
2621.779297	119.757751
2621.113281	111.001350
2620.964844	132.012512
2620.301758	110.982796
2620.150391	119.706818
2619.491211	154.116989
2619.335938	128.887604
2618.679688	126.354774
2618.521484	147.268753
2617.868164	160.227982
2617.706055	110.428047
2617.056641	141.716370
2616.890625	138.005646
2616.245117	132.451767
2616.076172	110.380989
2615.433594	123.190254
2615.259766	131.815842
2614.621094	120.090302
2614.444336	125.658073
2613.809570	157.014740
2613.628906	147.080505
2612.997070	116.971680
2612.812500	125.604439
2612.185547	120.029655
2611.996094	131.703354
2611.373047	129.240906
2611.179688	134.737442
2610.559570	135.372391
2610.363281	97.969925
2609.747070	129.197266
2609.546875	137.740753
2608.934570	110.721794
2608.729492	104.048531
2608.121094	101.477814
2607.912109	134.622223
2607.308594	113.758888
2607.095703	97.886116
2606.495117	104.517487
2606.277344	128.448013
2605.681641	122.940895
2605.459961	116.189980
2604.868164	107.555031
2604.642578	119.222054
2604.054688	101.391808
2603.824219	103.914894
2603.240234	122.878273
2603.005859	113.059601
2602.426758	113.643066
2602.187500	100.815300
2601.612305	101.340080
2601.369141	134.391556
2600.798828	113.604370
2600.550781	116.040504
2599.984375	101.305542
2599.731445	116.015579
2599.169922	135.051010
2598.913086	122.095413
2598.354492	85.926880
2598.093750	146.483002
2597.540039	116.595123
2597.274414	76.276817
2596.725586	125.778488
2596.455078	109.814980
2595.910156	131.891449
2595.634766	140.288940
2595.094727	104.268410
2594.815430	103.669495
2594.279297	113.449120
2593.995117	131.083176
2593.463867	101.166992
2593.174805	118.863762
2592.648438	116.475334
2592.354492	91.413948
2591.833008	128.713791
2591.533203	118.812492
2591.016602	125.627571
2590.712891	137.061752
2590.201172	107.224602
2589.891602	112.670891
2589.384766	131.710419
2589.070313	127.869064
2588.568359	85.750145
2588.249023	136.972961
2587.751953	110.231186
2587.427734	109.554680
2586.935547	159.195358
2586.606445	115.616043
2586.118164	134.680511
2585.784180	73.004860
2585.301758	104.053322
2584.961914	136.854492
2584.484375	125.454376
2584.139648	127.703194
2583.666992	110.136009
2583.317383	112.476067
2582.849609	100.940529
2582.495117	75.980873
2582.032227	143.738876
2581.671875	130.658768
2581.214844	103.963295
2580.849609	109.365005
2580.397461	100.888046
2580.026367	91.117722
2579.579102	119.210625
2579.203125	139.683517
2578.761719	128.358368
2578.379883	130.545364
2577.943359	122.224815
2577.555664	115.340599
2577.125000	125.258644
2576.732422	142.627090
2576.306641	116.073174
2575.908203	94.052734
2575.488281	134.377106
2575.083984	124.365257
2574.668945	100.765259
2574.259766	127.370827
2573.850586	137.383209
2573.434570	103.087257
2573.031250	82.415535
2572.610352	121.252708
2572.211914	125.127655
2571.785156	145.471542
2571.392578	115.951698
2570.959961	121.199844
2570.573242	125.083900
2570.134766	124.202736
2569.753906	140.313477
2569.309570	99.946236
2568.933594	134.189377
2568.484375	109.008453
2568.114258	143.313538
2567.658203	118.066696
2567.293945	109.752823
2566.832031	136.201019
2566.473633	140.215103
2566.005859	78.676720
2565.653320	118.857147
2565.179688	127.065361
2564.833008	127.977516
2564.353516	120.988144
2564.012695	106.629181
2563.526367	114.913574
2563.191406	143.162567
2562.699219	96.748131
2562.371094	130.955460
2561.872070	129.976807
2561.549805	121.797569
2561.044922	114.838043
2560.728516	161.353333
2560.217773	81.577553
2559.907227	109.579155
2559.389648	154.057114
2559.085938	118.689796
2558.562500	117.782516
2558.264648	124.754417
2557.734375	141.911850
2557.442383	124.732368
2556.906250	178.105515
2556.620117	121.668594
2556.078125	111.668732
2555.798828	152.058823
2555.249023	108.626762
2554.976563	130.747437
2554.420898	144.803802
2554.154297	127.684174
2553.591797	105.562859
2553.331055	127.661537
2552.762695	138.709198
2552.508789	133.716934
2551.933594	93.457336
2551.686523	127.616234
2551.103516	138.648056
2550.863281	151.897095
2550.274414	114.510086
2550.040039	133.645691
2549.444336	99.421021
2549.216797	121.474480
2548.614258	126.507904
2548.393555	136.634476
2547.784180	129.491394
2547.570313	127.502800
2546.954102	102.365906
2546.746094	173.008682
2546.123047	120.403854
2545.922852	145.665558
2545.292969	108.339493
2545.098633	127.434624
2544.461914	132.385635
2544.274414	148.647186
2543.630859	153.412994
2543.450195	154.686798
2542.799805	147.364151
2542.625977	139.496490
2541.967773	147.331482
2541.801758	130.375580
2541.136719	108.219536
2540.976563	148.540939
2540.304688	120.217247
2540.151367	136.390717
2539.472656	129.204849
2539.327148	112.123398
2538.640625	105.143387
2538.501953	157.550583
2537.807617	165.188599
2537.676758	136.317398
2536.975586	117.107697
2536.850586	139.321671
2536.142578	147.102585
2536.025391	139.296661
2535.309570	162.076981
2535.199219	148.354568
2534.476563	120.030289
2534.374023	130.165298
2533.643555	126.003731
2533.547852	121.062225
2532.809570	122.976227
2532.721680	127.092461
2531.976563	113.952553
2531.895508	130.095047
2531.142578	152.902206
2531.068359	154.270981
2530.308594	149.870667
2530.242188	127.023781
2529.473633	161.824173
2529.415039	154.215347
2528.639648	146.807632
2528.588867	142.094376
2527.804688	116.820778
2527.761719	154.159668
2526.969727	152.731461
2526.934570	169.242783
2526.134766	155.691345
2526.106445	138.995728
2525.299805	137.696121
2525.279297	172.202682
2524.464844	143.650726
2524.452148	154.048203
2523.628906	137.634430
2523.624023	132.880264
2522.795898	157.011871
2522.792969	158.543243
2521.967773	132.832108
2521.957031	131.591278
2521.139648	147.899841
2521.121094	155.482056
2520.311523	165.979904
2520.285156	137.510925
2519.482422	165.949768
2519.448242	155.412201
2518.654297	132.735703
2518.612305	140.437134
2517.825195	147.792435
2517.775391	155.342316
2516.996094	168.874924
2516.937500	146.347305
2516.166992	138.693436
2516.100586	134.370331
2515.337891	150.726288
2515.263672	143.296051
2514.507813	150.698837
2514.425781	146.248413
2513.678711	174.778793
2513.587891	158.151382
2512.848633	156.669662
2512.750000	140.215805
2512.018555	153.628754
2511.912109	161.062637
2511.188477	171.671371
2511.073242	137.170517
2510.358398	171.640030
2510.234375	158.008575
2509.528320	126.448486
2509.395508	154.992218
2508.697266	174.587418
2508.556641	169.856873
2507.867188	150.478867
2507.717773	148.963531
2507.036133	183.550613
2506.878906	169.779953
2506.205078	159.449203
2506.039063	131.028519
2505.374023	159.419998
2505.199219	163.748505
2504.542969	180.442383
2504.359375	166.687927
2503.710938	177.402466
2503.519531	145.818817
2502.879883	183.382462
2502.678711	178.513107
2502.047852	156.297333
2501.838867	190.370712
2501.215820	174.299622
2500.998047	166.536499
2500.383789	159.244522
2500.157227	160.552231
2499.551758	195.263992
2499.316406	145.653122
2498.719727	168.196487
2498.474609	169.394638
2497.886719	189.186234
2497.633789	148.557922
2497.053711	207.165817
2496.791992	181.199341
2496.221680	147.090652
2495.950195	190.067413
2495.388672	189.081696
2495.108398	142.518021
2494.554688	189.046829
2494.265625	198.885971
2493.721680	189.011948
2493.423828	160.259521
2492.888672	164.979980
2492.581055	166.157074
2492.054688	191.941254
2491.738281	177.984695
2491.220703	182.910202
2490.895508	174.978226
2490.387695	152.896652
2490.051758	171.973099
2489.552734	197.829666
2489.208984	177.862442
2488.718750	191.799332
2488.365234	154.112091
2487.884766	188.767532
2487.521484	177.780853
2487.049805	155.779266
2486.677734	168.853043
2486.215820	191.692795
2485.833008	148.082687
2485.380859	134.759018
2484.989258	180.619354
2484.545898	206.592163
2484.144531	183.538101
2483.710938	200.566757
2483.299805	192.374710
2482.875000	167.606766
2482.455078	195.289352
2482.040039	200.492279
2481.609375	189.327866
2481.204102	173.528244
2480.764648	180.411530
2480.368164	179.478592
2479.918945	195.154343
2479.532227	164.491455
2479.073242	153.722488
2478.696289	173.431442
2478.227539	159.598038
2477.860352	164.430222
2477.381836	183.199844
2477.023438	176.355942
2476.535156	162.478424
2476.187500	164.368973
2475.688477	194.929016
2475.350586	191.230057
2474.841797	206.695038
2474.513672	173.269928
2473.995117	144.653030
2473.676758	167.263885
2473.148438	162.328018
2472.839844	167.232666
2472.300781	162.290375
2472.001953	182.130127
2471.453125	191.753220
2471.165039	167.170197
2470.605469	168.113800
2470.327148	167.138947
2469.757813	200.510223
2469.489258	167.107697
2468.910156	179.827667
2468.651367	152.158890
2468.061523	170.943909
2467.813477	161.079254
2467.212891	185.637253
2466.975586	181.925827
2466.364258	209.161530
2466.136719	152.073425
2465.515625	156.098282
2465.297852	184.838943
2464.666992	185.507538
2464.458984	178.842850
2463.817383	214.903030
2463.620117	169.868835
2462.967773	173.648209
2462.781250	166.857361
2462.118164	153.010147
2461.942383	205.553513
2461.268555	185.334351
2461.102539	220.407303
2460.418945	161.761993
2460.263672	178.675034
2459.568359	158.783707
2459.423828	190.550888
2458.717773	164.626038
2458.583984	172.654266
2457.867188	205.734329
2457.744141	166.669296
2457.016602	214.501221
2456.903320	184.491989
2456.166016	161.572601
2456.063477	196.357727
2455.314453	149.786713
2455.222656	163.600616
2454.462891	161.496750
2454.382813	160.595779
2453.611328	152.651947
2453.541992	154.618637
2452.759766	173.160522
2452.701172	169.453842
2451.907227	143.777451
2451.859375	151.587982
2451.055664	158.411301
2451.018555	163.446381
2450.203125	167.172546
2450.176758	166.386703
2449.350586	126.082886
2449.334961	142.590225
2448.497070	170.025177
2448.493164	154.443558
2447.651367	175.200897
2447.644531	164.123489
2446.809570	190.012482
2446.791016	137.713959
2445.967773	163.261078
2445.937500	169.904724
2445.125000	148.391068
2445.083984	166.935852
2444.282227	154.297470
2444.230469	158.112320
2443.439453	163.168335
2443.375977	146.365631
2442.596680	151.272858
2442.522461	143.404327
2441.753906	142.347458
2441.667969	128.740707
2440.911133	174.935562
2440.813477	155.037231
2440.067383	133.400116
2439.958008	131.604141
2439.223633	154.121979
2439.103516	154.963608
2438.380859	165.945984
2438.248047	128.618454
2437.536133	165.914459
2437.392578	116.898048
2436.692383	127.374390
2436.537109	151.931290
2435.848633	142.158325
2435.680664	134.368744
2435.003906	159.897690
2434.825195	119.734901
2434.160156	148.025253
2433.968750	160.581680
2433.315430	124.317535
2433.112305	140.110565
2432.470703	156.847015
2432.255859	128.404007
2431.625000	147.940689
2431.398438	113.785446
2430.780273	121.288246
2430.541992	137.093262
2429.935547	133.095856
2429.684570	148.725174
2429.089844	147.856079
2428.827148	180.759857
2428.244141	141.914749
2427.968750	131.165237
2427.398438	135.975677
2427.111328	142.790115
2426.552734	130.038864
2426.252930	142.755859
2425.706055	130.014023
2425.394531	148.546951
2424.860352	156.577866
2424.536133	163.071198
2424.013672	165.409134
2423.677734	119.362709
2423.166992	129.939468
2422.818359	168.813934
2422.320313	144.677628
2421.959961	139.674454
2421.473633	121.033623
2421.100586	142.549988
2420.626953	129.864868
2420.240234	130.881683
2419.779297	129.839996
2419.380859	145.389023
2418.931641	132.765457
2418.520508	130.818527
2418.084961	156.338242
2417.661133	165.663437
2417.237305	144.511414
2416.799805	130.755310
2416.388672	132.689102
2415.939453	116.198830
2415.541016	144.455978
2415.079102	153.926178
2414.692383	141.480728
2414.217773	116.142555
2413.844727	150.294403
2413.356445	148.045868
2412.996094	173.836594
2412.147461	141.399216
2411.298828	138.426773
2410.449219	132.510788
2409.600586	182.535294
2408.750977	126.572701
2407.901367	138.320267
2407.051758	138.293640
2406.202148	141.208847
2405.352539	158.829330
2404.501953	144.095139
2403.651367	144.067337
2402.801758	152.858307
2401.950195	132.255692
2401.099609	129.291718
2400.249023	158.645554
2399.397461	120.429832
2398.546875	146.837265
2397.695313	155.617416
2396.843750	132.102448
2395.991211	161.427307
2395.139648	155.527115
2394.288086	102.686707
2393.435547	140.800217
2392.583008	129.041855
2391.730469	108.491447
2390.877930	149.513275
2390.024414	105.518318
2389.171875	137.733307
2388.318359	131.846725
2387.464844	164.044067
2386.611328	161.083435
2385.757813	120.057053
2384.903320	146.382599
2384.049805	155.135391
2383.195313	117.060547
2382.340820	108.259949
2381.486328	137.492645
2380.631836	140.390686
2379.776367	128.666412
2378.921875	128.641357
2378.066406	146.154877
2377.210938	154.893982
2376.355469	149.019867
2375.499023	131.462479
2374.643555	151.882568
2373.787109	134.331436
2372.930664	148.903625
2372.074219	154.712769
2371.217773	145.926926
2370.361328	166.324203
2369.503906	169.209091
2368.647461	125.423599
2367.790039	157.477905
2366.932617	139.952972
2366.075195	148.670944
2365.216797	125.325478
2364.359375	128.214905
2363.500977	151.497040
2362.642578	142.728851
2361.784180	165.998993
2360.925781	171.789825
2360.067383	151.378296
2359.208008	139.706406
2358.348633	142.588959
2357.490234	148.379791
2356.629883	165.803680
2355.770508	139.596725
2354.911133	151.200089
2354.050781	122.099144
2353.190430	177.299606
2352.330078	148.204956
2351.469727	165.608246
2350.609375	148.146652
2349.749023	151.021759
2348.887695	153.895721
2348.026367	142.252930
2347.165039	150.932556
2346.303711	168.314682
2345.442383	182.788528
2344.580078	171.149155
2343.717773	153.713837
2342.856445	121.786934
2341.994141	133.359360
2341.130859	153.622849
2340.268555	127.510773
2339.405273	170.946579
2338.542969	162.222321
2337.679688	136.123978
2336.816406	173.740936
2335.953125	144.755478
2335.088867	159.199539
2334.225586	176.531830
2333.361328	144.669586
2332.497070	188.033218
2331.632813	170.642517
2330.767578	156.150345
2329.903320	147.446106
2329.038086	135.854782
2328.172852	161.837433
2327.307617	167.584106
2326.442383	155.995636
2325.577148	173.294083
2324.710938	187.697998
2323.845703	144.354416
2322.979492	135.666199
2322.113281	144.297073
2321.246094	170.236725
2320.379883	204.820419
2319.512695	181.705933
2318.646484	155.716980
2317.779297	175.867523
2316.912109	138.360016
2316.043945	158.505966
2315.176758	169.999832
2314.308594	164.204422
2313.440430	144.010269
2312.572266	141.101944
2311.704102	158.348175
2310.835938	164.073578
2309.966797	152.529221
2309.098633	166.885468
2308.229492	152.468369
2307.360352	172.571259
2306.490234	138.029449
2305.621094	140.876923
2304.750977	155.221115
2303.881836	160.937881
2303.011719	158.032410
2302.141602	172.364517
2301.270508	183.818726
2300.400391	163.680817
2299.529297	152.164001
2298.658203	157.874435
2297.787109	134.883881
2296.916016	163.549820
2296.044922	146.304749
2295.172852	143.407288
2294.300781	183.524551
2293.428711	146.216812
2292.556641	160.519608
2291.684570	140.426498
2290.812500	163.320511
2289.939453	137.505463
2289.066406	146.070236
2288.193359	183.267029
2287.320313	154.600510
2286.447266	151.707062
2285.573242	183.156616
2284.699219	163.091080
2283.825195	180.222336
2282.951172	151.585129
2282.077148	151.554642
2281.203125	162.959946
2280.328125	140.060181
2279.453125	180.041138
2278.578125	134.289368
2277.703125	154.258835
2276.828125	157.083832
2275.952148	162.763184
2275.077148	162.730377
2274.201172	171.260605
2273.325195	196.909988
2272.448242	185.457504
2271.572266	159.746536
2270.695313	165.418381
2269.819336	153.979126
2268.942383	139.693604
2268.064453	148.216324
2267.187500	196.631943
2266.310547	156.703934
2265.432617	170.915207
2264.554688	162.336624
2263.676758	193.625580
2262.798828	162.270966
2261.919922	179.315842
2261.041992	153.668182
2260.163086	187.778656
2259.284180	179.206970
2258.405273	153.574875
2257.525391	159.230576
2256.646484	170.569611
2255.766602	173.377289
2254.886719	136.400375
2254.006836	190.353592
2253.126953	173.271851
2252.247070	178.916595
2251.366211	198.755875
2250.485352	141.939667
2249.604492	173.131241
2248.723633	124.856186
2247.842773	204.268616
2246.960938	136.151413
2246.080078	144.631470
2245.198242	155.943420
2244.316406	164.415985
2243.433594	161.548355
2242.551758	164.349106
2241.668945	181.313828
2240.786133	181.276932
2239.903320	184.071899
2239.020508	175.540512
2238.137695	192.489090
2237.253906	183.959442
2236.371094	200.899368
2235.487305	198.029419
2234.603516	183.846970
2233.718750	189.465149
2232.834961	163.981155
2231.950195	158.294327
2231.065430	161.088120
2230.180664	203.438187
2229.295898	209.046555
2228.411133	172.286957
2227.525391	183.546967
2226.639648	208.918457
2225.753906	160.890778
2224.868164	186.256500
2223.982422	194.682877
2223.095703	183.359406
2222.209961	169.220200
2221.323242	177.644852
2220.436523	163.512573
2219.549805	180.390717
2218.662109	228.260239
2217.775391	191.586624
2216.887695	197.181107
2216.000000	183.059219
2215.112305	197.100281
2214.223633	191.429581
2213.335938	151.986420
2212.447266	163.211182
2211.558594	185.684952
2210.669922	165.957016
2209.781250	188.420975
2208.891602	177.135574
2208.001953	222.076752
2207.113281	182.683838
2206.222656	179.836349
2205.333008	179.799377
2204.443359	176.953613
2203.552734	162.876160
2202.662109	196.534241
2201.771484	196.493790
2200.880859	159.969147
2199.990234	202.024689
2199.098633	157.097961
2198.208008	171.089310
2197.316406	190.683212
2196.424805	168.215210
2195.532227	173.786560
2194.640625	187.762878
2193.748047	204.535263
2192.855469	196.089233
2191.962891	184.845993
2191.070313	196.008301
2190.176758	198.767380
2189.284180	162.339813
2188.390625	212.677200
2187.497070	198.644226
2186.603516	187.414261
2185.708984	184.578857
2184.815430	184.540695
2183.920898	187.298019
2183.026367	181.669449
2182.131836	190.014862
2181.237305	195.563034
2180.341797	184.349838
2179.446289	201.067261
2178.551758	201.025604
2177.655273	187.026733
2176.759766	184.197113
2175.864258	198.110352
2174.967773	198.069275
2174.071289	172.926025
2173.174805	167.313049
2172.278320	172.854279
2171.381836	164.456207
2170.484375	181.142960
2169.586914	203.395218
2168.689453	233.995193
2167.791992	172.674850
2166.894531	167.069962
2165.996094	172.603073
2165.097656	192.050568
2164.199219	166.965759
2163.300781	161.366653
2162.402344	216.965164
2161.502930	169.642563
2160.604492	180.729019
2159.705078	200.150452
2158.805664	222.343063
2157.905273	200.067062
2157.005859	188.912842
2156.105469	208.316299
2155.205078	169.395264
2154.304688	188.794662
2153.404297	188.755280
2152.502930	224.793915
2151.602539	160.929947
2150.701172	202.507462
2149.799805	152.542236
2148.898438	183.012451
2147.996094	207.925232
2147.094727	216.197037
2146.192383	188.440048
2145.290039	163.465256
2144.387695	196.671280
2143.484375	180.013489
2142.582031	215.970978
2141.678711	207.620911
2140.775391	193.738937
2139.872070	199.232590
2138.968750	188.124680
2138.064453	193.617172
2137.160156	207.403473
2136.255859	207.359985
2135.351563	229.430237
2134.447266	201.745697
2133.542969	207.229477
2132.637695	226.523331
2131.732422	234.761459
2130.827148	220.905548
2129.921875	234.662827
2129.015625	234.613510
2128.109375	229.045029
2127.204102	220.719879
2126.296875	273.083374
2125.390625	245.447556
2124.484375	226.095093
2123.577148	256.370941
2122.669922	272.853546
2121.762695	281.062622
2120.855469	234.169495
2119.947266	275.435455
2119.040039	231.317017
2118.131836	253.293793
2117.223633	244.982529
2116.315430	253.186935
2115.406250	288.902374
2114.498047	283.339630
2113.588867	264.027771
2112.679688	225.476089
2111.770508	230.926712
2110.860352	225.380814
2109.951172	206.097412
2109.041016	200.559052
2108.130859	225.237869
2107.220703	211.459091
2106.309570	222.396912
2105.399414	241.565247
2104.488281	203.091400
2103.577148	211.280060
2102.666016	227.695190
2101.753906	233.132401
2100.842773	222.114365
2099.930664	222.067261
2099.018555	224.761139
2098.106445	191.828552
2097.194336	210.966629
2096.281250	232.835800
2095.368164	219.093033
2094.455078	232.736893
2093.541992	210.787445
2092.628906	232.637985
2091.714844	224.379501
2090.800781	227.067535
2089.887695	232.489578
2088.972656	216.032562
2088.058594	183.178482
2087.143555	218.674011
2086.229492	226.825958
2085.314453	207.651810
2084.399414	204.875870
2083.483398	221.218765
2082.568359	223.902115
2081.652344	223.854340
2080.736328	182.866348
2079.820313	259.232758
2078.903320	212.798294
2077.987305	223.663254
2077.070313	242.704590
2076.153320	190.850464
2075.236328	218.068192
2074.319336	220.746826
2073.401367	204.351486
2072.483398	231.548798
2071.565430	253.287399
2070.647461	168.822113
2069.729492	196.009506
2068.810547	225.906998
2067.892578	206.810272
2066.973633	206.765930
2066.053711	231.201782
2065.134766	220.274445
2064.215820	220.227173
2063.295898	195.715469
2062.375977	195.673462
2061.456055	198.348541
2060.535156	198.305923
2059.615234	206.411118
2058.694336	217.228149
2057.773438	230.755280
2056.852539	227.991455
2055.930664	219.801590
2055.009766	217.041275
2054.087891	208.857239
2053.166016	197.964859
2052.244141	230.457367
2051.321289	230.407700
2050.399414	227.647934
2049.476563	203.213257
2048.553711	230.258667
2047.630859	230.208969
2046.707031	211.204987
2045.783203	249.059784
2044.860352	249.005981
2043.936523	224.598160
2043.011719	221.844193
2042.087891	200.157562
2041.163086	251.494965
2040.238281	251.440536
2039.313477	240.573807
2038.388672	264.844147
2037.463867	270.190582
2036.538086	229.612244
2035.612305	229.562485
2034.686523	251.113907
2033.760742	226.763367
2032.833984	248.306000
2031.907227	199.681046
2031.056641	259.225739
2030.980469	242.802597
2030.130859	194.419312
2030.053711	242.749863
2029.204102	237.583450
2029.126953	229.213959
2028.278320	240.242630
2028.199219	250.732529
2027.351563	229.406372
2027.272461	247.982559
2026.425781	245.558151
2026.344727	210.200363
2025.499023	215.838684
2025.416992	277.511902
2024.572266	196.919373
2024.488281	239.739639
2023.645508	253.524338
2023.560547	218.142517
2022.717773	226.515152
2022.631836	255.790436
2021.791016	204.907394
2021.703125	228.815262
2020.863281	264.177704
2020.774414	239.530838
2019.935547	242.570801
2019.844727	242.169388
2019.007813	212.886932
2018.916016	244.806763
2018.080078	191.296082
2017.986328	225.926163
2017.152344	266.691193
2017.056641	239.321915
2016.223633	253.178619
2016.126953	250.023361
2015.295898	277.371613
2015.196289	247.280930
2014.367188	242.322006
2014.265625	271.412140
2013.438477	242.280441
2013.335938	257.919525
2012.509766	207.248795
2012.405273	257.863129
2011.581055	250.270462
2011.473633	241.693817
2010.651367	252.918045
2010.542969	238.956039
2009.722656	228.663116
2009.611328	273.799805
2008.792969	223.244339
2008.679688	257.637512
2007.863281	255.476578
2007.748047	257.581085
2006.933594	258.121246
2006.816406	228.016617
2006.002930	247.323471
2005.883789	246.740356
2005.073242	252.656387
2004.952148	270.818604
2004.142578	247.237946
2004.019531	281.482361
2003.212891	241.821320
2003.085938	251.938431
2002.282227	257.898041
2002.153320	227.766663
2001.351563	271.283173
2001.220703	275.938995
2000.419922	273.921600
2000.287109	243.737213
1999.489258	228.228333
1999.353516	259.750702
1998.557617	260.403534
1998.419922	227.566559
1997.625977	260.358215
1997.485352	219.486526
1996.695313	257.629242
1996.550781	254.227234
1995.762695	257.584320
1995.617188	267.548706
1994.831055	249.491287
1994.682617	235.391037
1993.899414	236.036560
1993.747070	254.059372
1992.966797	252.085922
1992.812500	227.266190
1992.034180	241.316650
1991.876953	261.966797
1991.101563	265.401855
1990.941406	227.166000
1990.168945	251.953598
1990.005859	277.882996
1989.236328	257.269196
1989.070313	256.450775
1988.303711	246.506409
1988.133789	261.735718
1987.370117	262.536804
1987.198242	226.965546
1986.436523	243.741364
1986.261719	282.976868
1985.502930	249.054504
1985.325195	218.858246
1984.569336	259.720825
1984.387695	269.509705
1983.635742	283.768646
1983.451172	285.457031
1982.702148	264.982513
1982.513672	248.052628
1981.767578	270.287994
1981.576172	277.330780
1980.833008	272.915924
1980.638672	290.599640
1979.898438	251.466339
1979.700195	271.877045
1978.963867	251.421875
1978.761719	277.146545
1978.029297	286.142365
1977.824219	293.070801
1977.093750	280.744171
1976.885742	266.368896
1976.159180	278.021149
1975.946289	303.593201
1975.223633	264.607819
1975.007813	279.563232
1974.288086	272.577881
1974.068359	244.896271
1973.352539	267.185730
1973.128906	279.439087
1972.416992	251.109955
1972.189453	252.769669
1971.480469	291.128906
1971.250000	271.334473
1970.543945	285.736237
1970.309570	273.933685
1969.608398	253.645859
1969.369141	289.826508
1968.671875	272.287018
1968.428711	252.544846
1967.734375	277.576447
1967.488281	300.328583
1966.797852	282.863953
1966.547852	252.432388
1965.861328	274.809265
1965.606445	255.032730
1964.923828	208.070786
1964.665039	292.159851
1963.986328	293.380646
1963.723633	284.128479
1963.048828	314.661072
1962.782227	313.268036
1962.111328	242.618881
1961.839844	284.001678
1961.173828	277.229004
1960.898438	275.977386
1960.235352	269.183716
1959.956055	286.527893
1959.296875	290.453033
1959.012695	283.811432
1958.358398	285.072388
1958.070313	312.918335
1957.419922	327.641113
1957.127930	275.730743
1956.481445	300.949463
1956.184570	288.922363
1955.542969	295.569702
1955.241211	294.157837
1954.603516	266.231018
1954.297852	291.442474
1953.664063	276.830353
1953.353516	286.079437
1952.725586	298.071198
1952.409180	270.125580
1951.785156	284.713043
1951.465820	315.075836
1950.845703	287.321960
1950.520508	254.121811
1949.906250	268.650665
1949.576172	317.580994
1948.965820	281.899200
1948.631836	298.988281
1948.025391	273.871307
1947.686523	296.275818
1947.084961	289.772461
1946.741211	275.051453
1946.144531	316.299744
1945.795898	288.210266
1945.204102	308.269867
1944.849609	285.501923
1944.262695	278.986725
1943.904297	277.508850
1943.322266	270.966431
1942.958008	285.373444
1942.380859	308.101868
1942.011719	237.757645
1941.439453	294.768005
1941.065430	279.962585
1940.498047	305.334656
1940.118164	256.134430
1939.555664	297.315247
1939.170898	311.515991
1938.614258	273.373993
1938.223633	298.248871
1937.671875	297.206818
1937.276367	263.877472
1936.729492	291.846283
1936.329102	316.581482
1935.787109	286.487640
1935.380859	290.134155
1934.844727	283.783112
1934.432617	295.342560
1933.901367	304.944763
1933.484375	300.548584
1932.958984	288.981720
1932.536133	313.659576
1932.015625	296.880951
1931.587891	292.507019
1931.072266	333.929871
1930.638672	295.075409
1930.128906	291.472626
1929.689453	334.518677
1929.185547	341.755188
1928.740234	344.976501
1928.241211	283.419312
1927.791016	318.570190
1927.297852	341.629669
1926.840820	292.175812
1926.353516	283.315155
1925.890625	310.530853
1925.409180	312.383545
1924.940430	310.460358
1924.464844	299.091888
1923.990234	336.694092
1923.519531	330.792938
1923.040039	289.280762
1922.575195	322.794403
1922.088867	289.214996
1921.629883	304.217316
1921.137695	318.064148
1920.684570	290.936768
1920.186523	307.479675
1919.739258	293.527435
1919.235352	317.919434
1918.793945	338.419556
1918.283203	288.951843
1917.847656	333.070190
1917.331055	312.522156
1916.902344	301.293457
1916.378906	288.820190
1915.956055	322.377197
1915.426758	312.379669
1915.009766	314.391632
1914.474609	296.561768
1914.063477	309.050476
1913.521484	291.246399
1913.116211	316.916077
1912.568359	333.151794
1912.169922	306.295349
1911.615234	317.339813
1911.222656	340.558319
1910.662109	306.779114
1910.275391	308.821106
1909.708008	332.923401
1909.328125	308.763702
1908.753906	277.809509
1908.380859	308.706268
1907.799805	311.809113
1907.432617	284.906616
1906.845703	309.118073
1906.485352	316.503967
1905.891602	301.190125
1905.537109	345.452454
1904.936523	332.542419
1904.588867	332.205292
1903.981445	329.848328
1903.640625	303.146698
1903.026367	358.562317
1902.692383	329.445770
1902.071289	319.230377
1901.743164	313.573792
1901.115234	319.157074
1900.793945	295.073151
1900.159180	326.930054
1899.845703	358.236115
1899.203125	339.929108
1898.895508	373.970673
1898.247070	321.551270
1897.946289	310.706177
1897.290039	371.136383
1896.997070	315.913208
1896.333984	331.855408
1896.046875	305.325562
1895.376953	342.228729
1895.096680	286.846924
1894.419922	295.136902
1894.146484	278.899719
1893.461914	310.736237
1893.196289	357.766449
1892.504883	305.443298
1892.246094	339.288269
1891.546875	339.303131
1891.294922	299.779785
1890.588867	313.130585
1890.344727	318.127502
1889.629883	354.799347
1889.393555	281.266418
1888.671875	336.459839
1888.442383	349.545715
1887.712891	359.850555
1887.491211	331.086212
1886.753906	312.841156
1886.539063	346.786865
1885.794922	302.343109
1885.587891	359.854858
1884.835938	323.119507
1884.635742	323.020416
1883.875977	317.834259
1883.683594	320.333771
1882.916016	333.388153
1882.731445	304.522125
1881.956055	317.686890
1881.778320	307.089264
1880.996094	364.474121
1880.826172	325.400604
1880.035156	281.100494
1879.873047	288.607208
1879.074219	312.261322
1878.919922	314.784637
1878.113281	288.774597
1877.966797	304.234192
1877.152344	322.520050
1877.013672	325.154236
1876.191406	330.246094
1876.059570	338.201172
1875.229492	319.770203
1875.106445	340.758240
1874.267578	350.885559
1874.152344	314.486389
1873.305664	324.818329
1873.198242	322.287323
1872.342773	332.536438
1872.244141	319.606384
1871.380859	319.472198
1871.289063	330.022522
1870.417969	337.574768
1870.334961	361.384521
1869.455078	353.072693
1869.379883	316.805847
1868.491211	347.799164
1868.424805	321.980988
1867.528320	332.148407
1867.469727	316.685211
1866.564453	355.419464
1866.513672	329.708527
1865.600586	339.774139
1865.558594	329.645660
1864.636719	272.274292
1864.602539	295.578186
1863.671875	347.392487
1863.646484	345.211273
1862.708008	329.167969
1862.690430	363.448517
1861.743164	331.682037
1861.734375	342.465179
1860.778320	334.558502
1860.778320	347.148193
1859.821289	344.947479
1859.812500	344.476654
1858.864258	344.881470
1858.847656	318.501343
1857.907227	331.754242
1857.881836	315.837677
1856.950195	318.632019
1856.916016	364.939697
1855.993164	349.905823
1855.949219	315.689148
1855.035156	331.563568
1854.983398	325.962860
1854.077148	375.873962
1854.016602	364.682068
1853.119141	302.729248
1853.049805	320.637756
1852.161133	349.637329
1852.083008	325.732544
1851.203125	375.657501
1851.115234	328.240265
1850.244141	365.152374
1850.147461	348.834473
1849.286133	336.397125
1849.179688	356.502167
1848.327148	378.048065
1848.211914	340.921509
1847.368164	354.514771
1847.244141	361.497955
1846.408203	338.809143
1846.275391	371.738525
1845.449219	338.743866
1845.306641	384.555084
1844.489258	323.047272
1844.337891	325.117218
1843.530273	388.102905
1843.369141	355.996429
1842.570313	356.777435
1842.399414	345.595734
1841.609375	354.104858
1841.429688	345.513794
1840.649414	369.655731
1840.459961	340.276093
1839.688477	343.557251
1839.490234	322.154633
1838.728516	348.695221
1838.519531	363.304108
1837.767578	366.839691
1837.549805	363.217743
1836.805664	395.381866
1836.579102	381.159149
1835.844727	345.892181
1835.607422	352.745789
1834.882813	371.827087
1834.636719	398.996918
1833.921875	337.959137
1833.665039	383.460510
1832.959961	340.492798
1832.693359	396.233826
1831.998047	345.624115
1831.721680	378.132996
1831.035156	387.127838
1830.749023	367.755859
1830.073242	405.236359
1829.777344	321.388153
1829.110352	386.977539
1828.804688	375.291687
1828.147461	386.902344
1827.832031	362.352570
1827.184570	415.384857
1826.858398	369.973694
1826.221680	353.008453
1825.885742	375.022430
1825.258789	407.437836
1824.912109	349.252289
1824.294922	329.519318
1823.938477	379.977600
1823.331055	381.337860
1822.963867	382.453308
1822.367188	331.984619
1821.990234	359.265900
1821.403320	360.444275
1821.015625	346.351807
1820.438477	360.373993
1820.041016	379.613007
1819.474609	373.264252
1819.066406	346.185394
1818.509766	323.950867
1818.090820	369.175629
1817.544922	347.207550
1817.115234	394.717834
1816.580078	375.636261
1816.139648	368.997955
1815.614258	372.972778
1815.164063	330.481018
1814.649414	403.974854
1814.187500	381.626373
1813.683594	365.059692
1813.211914	381.534332
1812.717773	408.993958
1812.235352	355.842102
1811.751953	346.800385
1811.257813	365.993774
1810.786133	318.269348
1810.281250	386.375580
1809.819336	367.360931
1809.303711	368.375031
1808.852539	372.462006
1808.326172	401.533966
1807.885742	377.561066
1807.348633	401.436768
1806.918945	346.460663
1806.371094	347.657196
1805.952148	395.508057
1805.392578	388.463867
1804.984375	379.923309
1804.414063	373.039276
1804.017578	372.096680
1803.435547	372.948761
1803.049805	356.522583
1802.456055	365.196747
1802.082031	371.950439
1801.477539	380.427246
1801.113281	366.712341
1800.498047	367.571838
1800.145508	374.386108
1799.518555	377.690277
1799.176758	423.360260
1798.538086	392.906403
1798.208008	371.657745
1797.558594	425.970062
1797.239258	369.004089
1796.578125	362.113831
1796.270508	441.169678
1795.597656	407.916077
1795.301758	379.176361
1794.616211	372.132599
1794.332031	373.943756
1793.635742	333.818268
1793.362305	379.026794
1792.654297	379.593689
1792.392578	384.107788
1791.672852	351.484039
1791.422852	358.257996
1790.690430	384.500793
1790.452148	355.610321
1789.708984	399.681091
1789.482422	399.338470
1788.726563	409.763672
1788.511719	376.076691
1787.744141	379.129364
1787.541016	404.331268
1786.760742	379.036377
1786.569336	352.754272
1785.778320	422.178528
1785.598633	393.873901
1784.794922	391.563416
1784.626953	404.091217
1783.811523	394.009216
1783.656250	393.717896
1782.828125	426.950165
1782.684570	373.057373
1781.843750	370.948730
1781.711914	421.857117
1780.859375	378.477783
1780.740234	380.624817
1779.875000	386.003021
1779.767578	349.693970
1778.890625	398.602234
1778.795898	408.752228
1777.905273	408.656860
1777.823242	416.381836
1776.919922	390.792725
1776.849609	413.729401
1775.934570	398.307159
1775.876953	380.247101
1774.949219	418.499634
1774.903320	428.977325
1773.962891	408.253204
1773.929688	374.959473
1772.977539	425.897919
1772.956055	441.645203
1771.991211	377.637360
1771.982422	441.557312
1771.008789	413.235901
1771.003906	423.153107
1770.034180	425.984467
1770.017578	417.981750
1769.060547	425.899567
1769.030273	458.399567
1768.085938	430.944977
1768.042969	392.454651
1767.110352	430.859070
1767.054688	417.670532
1766.135742	441.029633
1766.067383	407.443878
1765.160156	479.395844
1765.079102	475.654633
1764.185547	428.038086
1764.090820	414.829468
1763.209961	445.890747
1763.102539	422.312592
1762.233398	473.984558
1762.113281	412.094574
1761.257813	420.096924
1761.124023	442.322479
1760.281250	412.329803
1760.134766	414.415894
1759.305664	453.216034
1759.145508	399.154633
1758.329102	445.445251
1758.155273	439.465485
1757.351563	417.201416
1757.165039	411.580231
1756.375000	452.943970
1756.174805	419.050415
1755.397461	399.124908
1755.184570	444.183167
1754.420898	399.044952
1754.193359	403.701691
1753.443359	439.884460
1753.202148	433.870483
1752.464844	416.783691
1751.487305	470.385376
1750.509766	424.284271
1749.531250	454.864105
1748.552734	470.102203
1747.574219	413.811218
1746.594727	475.021118
1745.616211	444.285278
1744.636719	380.374695
1743.657227	423.687927
1742.677734	449.120911
1741.697266	436.273987
1740.717773	415.779785
1739.737305	397.844055
1738.756836	504.854187
1737.775391	453.767334
1736.794922	466.419556
1735.813477	463.777283
1734.833008	484.065399
1733.851563	415.193359
1732.869141	463.496521
1731.887695	415.025696
1730.905273	425.124481
1729.922852	435.219116
1728.940430	432.586517
1727.958008	440.131378
1726.975586	445.129547
1725.992188	445.039459
1725.008789	490.715576
1724.025391	475.363892
1723.041992	457.476837
1722.057617	467.548248
1721.074219	444.588898
1720.089844	462.278717
1719.105469	515.513977
1718.120117	474.785980
1717.135742	492.458740
1716.150391	510.124298
1715.165039	489.721344
1714.179688	466.789764
1713.194336	466.694885
1712.208008	494.494598
1711.222656	486.787964
1710.236328	496.828308
1709.250000	491.658569
1708.262695	476.355652
1707.276367	526.924438
1706.289063	498.956604
1705.301758	529.242065
1704.314453	463.308899
1703.327148	508.776520
1702.338867	490.957794
1701.350586	500.978394
1700.362305	488.227783
1699.374023	528.594727
1698.385742	477.913879
1697.396484	508.153809
1696.407227	490.356689
1695.417969	492.783569
1694.428711	545.740967
1693.439453	505.212372
1692.449219	500.057953
1691.458984	545.406128
1690.468750	585.686646
1689.478516	502.274933
1688.487305	489.554657
1687.497070	504.592133
1686.505859	522.145813
1685.514648	474.122192
1684.522461	514.367493
1683.531250	521.824707
1682.539063	526.758362
1681.546875	536.729675
1680.554688	556.774170
1679.562500	536.509277
1678.569336	546.472290
1677.576172	523.699890
1676.583008	536.178589
1675.589844	536.068359
1674.596680	483.117157
1673.602539	503.143494
1672.608398	535.737549
1671.614258	528.083252
1670.620117	512.889526
1669.625977	477.592804
1668.630859	512.678223
1667.635742	489.959045
1666.640625	547.636169
1665.645508	555.057983
1664.649414	499.700226
1663.654297	487.044434
1662.658203	529.614258
1661.662109	496.881378
1660.665039	541.940491
1659.668945	521.760803
1658.671875	491.557648
1657.674805	574.201172
1656.677734	526.451172
1655.679688	558.925415
1654.682617	506.186432
1653.684570	548.672729
1652.686523	581.122070
1651.688477	540.932678
1650.689453	503.263641
1649.691406	498.152832
1648.692383	583.143494
1647.693359	583.022644
1646.693359	555.382813
1645.694336	532.756775
1644.694336	550.151062
1643.694336	560.037598
1642.694336	562.420959
1641.694336	577.299011
1640.693359	557.190186
1639.692383	574.561096
1638.691406	569.446594
1637.690430	621.766357
1636.689453	584.189087
1635.687500	589.059631
1634.685547	611.396545
1633.683594	531.430054
1632.681641	576.219727
1631.678711	531.208862
1630.676758	558.525818
1629.673828	608.267517
1628.670898	605.648376
1627.666992	635.424500
1626.664063	617.852661
1625.660156	580.361450
1624.656250	560.317993
1623.652344	649.833313
1622.647461	557.594910
1621.643555	592.320923
1620.638672	622.055969
1619.633789	589.585876
1618.628906	594.437073
1617.623047	631.612854
1616.617188	596.674805
1615.611328	661.176270
1614.605469	666.008240
1613.599609	623.630920
1612.592773	616.048279
1611.586914	618.402832
1610.580078	635.654602
1609.572266	630.556458
1608.565430	595.676575
1607.557617	645.181091
1606.549805	630.160217
1605.541992	577.939148
1604.534180	602.617004
1603.526367	595.052490
1602.517578	629.631714
1601.508789	659.239746
1600.500000	646.712219
1599.490234	619.326111
1598.481445	624.149597
1597.471680	609.160889
1596.461914	631.314636
1595.452148	623.756226
1594.441406	670.644470
1593.430664	630.916504
1592.420898	628.310181
1591.409180	638.070557
1590.398438	600.846924
1589.387695	662.522949
1588.375977	652.497131
1587.364258	642.475464
1586.352539	637.399048
1585.339844	654.554871
1584.328125	654.416931
1583.315430	664.154846
1582.302734	597.366455
1581.289063	624.387756
1580.276367	606.984070
1579.262695	666.061462
1578.249023	660.988098
1577.235352	636.190002
1576.220703	618.798340
1575.207031	581.695435
1574.192383	650.572632
1573.177734	645.507568
1572.163086	620.738647
1571.147461	650.160095
1570.131836	618.013855
1569.117188	598.189636
1568.100586	620.213501
1567.084961	659.452515
1566.068359	597.809814
1565.052734	607.521606
1564.036133	619.688293
1563.018555	639.225464
1562.001953	661.212341
1560.984375	567.686462
1559.966797	700.243896
1558.949219	606.749268
1557.931641	658.195557
1556.913086	623.679871
1555.894531	623.547424
1554.875977	633.232605
1553.857422	608.559448
1552.837891	620.696899
1551.819336	588.678223
1550.799805	642.503845
1549.780273	615.397644
1548.759766	593.205383
1547.740234	610.234375
1546.719727	646.857849
1545.699219	609.974731
1544.678711	609.844849
1543.657227	641.547546
1542.636719	590.000122
1541.615234	592.322021
1540.593750	660.714355
1539.571289	601.855896
1538.549805	584.605225
1537.527344	567.361877
1536.504883	652.815979
1535.481445	635.565369
1534.458984	630.541809
1533.435547	586.425293
1532.412109	635.158447
1531.388672	593.502075
1530.365234	608.026550
1529.340820	603.013916
1528.316406	605.325867
1527.291992	595.435242
1526.267578	639.224060
1525.243164	639.087341
1524.217773	675.531738
1523.192383	655.881409
1522.166992	609.424744
1521.140625	675.098022
1520.115234	640.840271
1519.088867	648.011414
1518.062500	664.921875
1517.036133	674.519714
1516.008789	662.202271
1514.981445	671.796448
1513.954102	681.386475
1512.926758	727.467285
1511.899414	695.688965
1510.871094	668.788147
1509.842773	671.075989
1508.814453	680.655518
1507.786133	670.787720
1506.756836	663.354004
1505.727539	672.928833
1504.698242	726.218323
1503.668945	706.635742
1502.639648	696.772644
1501.609375	665.068420
1500.579102	691.619385
1499.548828	664.782166
1498.518555	642.807861
1497.487305	630.543579
1496.456055	635.257019
1495.424805	610.878967
1494.393555	649.524902
1493.361328	613.038696
1492.330078	646.822327
1491.297852	678.169250
1490.264648	687.708984
1489.232422	622.193909
1488.199219	643.843811
1487.166016	692.103638
1486.132813	675.018250
1485.099609	595.048828
1484.065430	686.818481
1483.032227	669.745117
1481.998047	669.600342
1480.962891	688.789978
1479.928711	611.319885
1478.893555	642.592590
1477.858398	669.021118
1476.823242	664.046875
1475.788086	700.116028
1474.751953	605.831238
1473.715820	663.615540
1472.679688	646.583435
1471.643555	709.157898
1470.606445	706.592590
1469.569336	638.929810
1468.532227	742.444153
1467.495117	655.522705
1466.458008	655.380493
1465.419922	660.056152
1464.381836	659.912842
1463.343750	642.914063
1462.305664	635.552246
1461.266602	697.992798
1460.227539	666.558533
1459.188477	642.355408
1458.149414	630.189209
1457.109375	661.314270
1456.069336	714.063965
1455.029297	639.392883
1453.989258	689.721069
1452.949219	689.570862
1451.908203	718.246643
1450.867188	689.270508
1449.826172	660.306885
1448.784180	684.168884
1447.743164	643.218567
1446.701172	695.868286
1445.659180	683.721375
1444.617188	712.354126
1443.574219	664.239136
1442.531250	740.812622
1441.488281	683.124512
1440.445313	709.335754
1439.401367	737.931335
1438.358398	670.700073
1437.314453	720.844971
1436.269531	747.024719
1435.225586	737.286194
1434.180664	796.956421
1433.135742	758.498169
1432.090820	751.155518
1431.045898	796.433167
1430.000000	801.041077
1428.954102	786.521667
1427.908203	800.690063
1426.862305	819.631287
1425.816406	829.007874
1424.769531	876.596985
1423.722656	888.344788
1422.674805	864.274841
1421.627930	844.989319
1420.580078	854.349609
1419.532227	863.705688
1418.484375	827.734863
1417.436523	877.635437
1416.387695	870.289490
1415.338867	886.784912
1414.290039	812.707397
1413.241211	872.098145
1412.191406	886.199829
1411.141602	845.515259
1410.091797	835.804260
1409.041992	835.620178
1407.991211	844.956787
1406.940430	866.187256
1405.889648	835.067932
1404.838867	803.962158
1403.788086	827.565491
1402.736328	844.025696
1401.684570	836.708374
1400.632813	824.641235
1399.580078	791.195679
1398.528320	800.522705
1397.475586	805.095642
1396.421875	857.154297
1395.369141	840.347778
1394.315430	806.935242
1393.261719	787.774231
1392.208008	789.972229
1391.154297	860.950378
1390.099609	856.017273
1389.045898	839.232727
1387.990234	895.931396
1386.935547	836.491272
1385.880859	829.198486
1384.825195	864.543884
1383.769531	885.664978
1382.712891	894.938721
1381.657227	863.968689
1380.600586	918.206726
1379.543945	880.147095
1378.487305	875.220703
1377.429688	889.215881
1376.373047	915.026794
1375.315430	858.090149
1374.257813	931.163513
1373.199219	893.151062
1372.140625	831.532410
1371.082031	812.453064
1370.023438	864.219849
1368.964844	835.698669
1367.905273	847.313538
1366.845703	823.527954
1365.786133	773.802185
1364.726563	759.477905
1363.666016	789.963867
1362.605469	756.781616
1361.544922	777.826172
1360.484375	732.878601
1359.422852	758.630920
1358.361328	734.906799
1357.299805	781.841492
1356.238281	762.831421
1355.176758	828.569824
1354.114258	814.264343
1353.051758	757.614075
1351.988281	795.081543
1350.925781	797.255371
1349.862305	794.725647
1348.798828	811.002747
1347.735352	801.420227
1346.670898	850.583862
1345.607422	801.060974
1344.542969	779.743713
1343.477539	770.176453
1342.413086	842.778320
1341.347656	844.936218
1340.282227	779.044006
1339.216797	818.750854
1338.150391	816.221436
1337.084961	823.072815
1336.018555	825.232178
1334.952148	883.643616
1333.884766	815.487549
1332.817383	780.161621
1331.750000	838.543457
1330.682617	843.038208
1329.615234	817.094604
1328.546875	809.888306
1327.478516	858.849792
1326.410156	830.580200
1325.341797	811.679749
1324.272461	830.205444
1323.203125	881.455811
1322.133789	808.792725
1321.063477	778.228760
1319.994141	810.763855
1318.923828	836.276306
1317.853516	838.422668
1316.782227	842.902893
1315.711914	824.037109
1314.640625	786.508972
1313.569336	776.997620
1312.497070	825.810425
1311.425781	823.291077
1311.421875	811.298340
1310.353516	804.450623
1310.349609	804.304382
1309.281250	818.255493
1309.277344	822.807983
1308.208008	727.173279
1308.204102	792.364624
1307.135742	775.941589
1307.130859	808.533386
1306.062500	764.117371
1306.057617	801.399719
1304.988281	742.982056
1304.984375	812.902283
1303.915039	761.441895
1303.911133	745.220886
1302.840820	772.909119
1302.837891	763.714294
1301.767578	740.148376
1301.763672	770.561035
1300.692383	809.789551
1300.689453	803.008362
1299.618164	807.278992
1299.615234	735.376770
1298.542969	781.510193
1298.541016	779.452026
1297.468750	774.356201
1297.465820	760.701111
1296.392578	764.880493
1296.391602	769.867432
1295.317383	755.408997
1295.316406	741.822876
1294.241211	752.913086
1294.241211	776.564453
1293.166016	788.047119
1293.165039	736.478577
1292.089844	792.552856
1292.088867	822.252380
1291.013672	820.294678
1291.012695	787.231628
1289.938477	776.002136
1289.935547	784.730347
1288.862305	773.538330
1288.858398	803.120544
1287.785156	822.170715
1287.781250	844.708557
1286.708984	854.530579
1286.704102	856.116150
1285.631836	838.123413
1285.625977	818.807495
1284.554688	849.577087
1284.547852	804.706177
1283.477539	849.422302
1283.469727	816.114746
1282.400391	805.179749
1282.391602	799.702271
1281.323242	825.912598
1281.312500	790.249573
1280.245117	777.051086
1280.233398	741.413452
1279.166992	756.036865
1279.154297	725.028992
1278.088867	760.535950
1278.075195	785.075256
1277.010742	716.349304
1276.995117	745.534851
1275.931641	699.993042
1275.915039	749.993591
1274.853516	713.769287
1274.834961	691.965027
1273.774414	727.540344
1273.753906	738.080994
1272.695313	713.507202
1272.673828	707.840027
1271.615234	657.788330
1271.592773	733.117004
1270.536133	678.508850
1270.510742	640.463013
1269.456055	689.960449
1269.429688	714.287415
1268.375977	641.220947
1268.347656	704.879028
1267.295898	682.762817
1267.265625	658.506042
1266.215820	629.414246
1266.183594	676.834778
1265.134766	670.942749
1265.101563	655.893677
1264.054688	638.434387
1264.018555	708.848694
1262.973633	626.752625
1262.935547	650.974976
1261.892578	638.198181
1261.852539	648.517151
1260.810547	640.391785
1260.768555	687.592896
1259.729492	584.798157
1259.684570	662.059326
1258.647461	640.154297
1258.600586	666.519287
1257.565430	653.899048
1257.516602	694.034729
1256.483398	651.467346
1256.432617	645.464722
1255.401367	685.992310
1255.347656	645.315735
1254.318359	674.318115
1254.262695	610.604248
1253.235352	678.810303
1253.177734	670.357727
1252.152344	699.459839
1252.091797	667.899719
1251.069336	685.481262
1251.005859	653.929871
1249.986328	719.967163
1249.919922	672.194946
1248.902344	586.017639
1248.833984	621.406372
1247.818359	638.962769
1247.747070	690.291687
1246.734375	673.437683
1246.660156	676.329224
1245.650391	664.088135
1245.573242	673.872681
1244.566406	666.269165
1244.486328	655.321594
1243.481445	705.329285
1243.398438	662.066162
1242.396484	684.455872
1242.311523	714.773743
1241.311523	668.198425
1241.222656	707.714600
1240.226563	727.969116
1240.134766	702.955872
1239.141602	714.012634
1239.045898	647.671692
1238.055664	677.033020
1237.958008	709.518005
1236.969727	667.695923
1236.868164	654.257751
1235.883789	667.570190
1235.779297	709.188232
1234.797852	651.333618
1234.689453	676.899292
1233.710938	708.738159
1233.599609	685.917969
1232.624023	683.297058
1232.509766	699.519409
1231.537109	664.766174
1231.419922	658.083069
1230.450195	706.036743
1230.329102	644.175110
1229.363281	673.712158
1229.238281	687.571228
1228.275391	701.171692
1228.147461	696.576416
1227.188477	636.681213
1227.055664	634.561401
1226.100586	659.541077
1225.964844	616.091003
1225.011719	645.630249
1224.872070	659.452759
1223.923828	654.696411
1223.780273	698.215759
1222.834961	668.352478
1222.688477	617.948242
1221.747070	647.558716
1221.595703	704.754028
1220.657227	672.690125
1220.502930	658.836731
1219.568359	697.811829
1219.409180	674.692261
1218.479492	704.563904
1218.316406	649.382324
1217.389648	679.189453
1217.222656	704.094849
1216.299805	660.706970
1216.128906	633.079895
1215.209961	685.811401
1215.035156	655.781067
1214.120117	678.800659
1213.940430	705.884521
1213.029297	697.013428
1212.845703	653.189819
1211.938477	680.833557
1211.750977	716.970215
1210.847656	632.572754
1210.655273	675.711426
1209.756836	730.985718
1209.560547	643.601013
1208.666016	685.024658
1208.464844	739.282776
1207.574219	703.218201
1207.369141	729.984314
1206.482422	716.824341
1206.272461	670.515442
1205.390625	675.471497
1205.175781	661.237244
1204.298828	679.920349
1204.079102	674.759216
1203.207031	675.211975
1202.982422	631.298340
1202.114258	668.216858
1201.885742	678.998596
1201.021484	640.632568
1200.788086	637.834961
1199.928711	672.534607
1199.690430	649.071899
1198.835938	674.692139
1198.591797	648.918884
1197.742188	704.288513
1197.494141	623.725708
1196.648438	653.855957
1196.395508	696.405212
1195.554688	644.586670
1195.296875	687.139648
1194.460938	671.886047
1194.197266	723.373474
1193.367188	658.046875
1193.098633	677.718140
1192.272461	680.764038
1191.999023	691.200012
1191.177734	662.360229
1190.899414	704.675415
1190.083008	680.500427
1189.798828	679.510010
1188.988281	707.765930
1188.698242	652.084351
1187.893555	659.692566
1187.597656	697.360535
1186.797852	700.644714
1186.497070	660.859436
1185.702148	673.127258
1185.396484	651.620972
1184.606445	654.745728
1184.294922	590.178650
1183.509766	572.506042
1183.193359	590.038635
1182.414063	627.125671
1182.090820	558.134827
1181.317383	613.323547
1180.989258	553.465698
1180.220703	592.687988
1179.886719	562.405273
1179.124023	572.060425
1178.784180	560.004395
1178.026367	585.620972
1177.680664	573.471375
1176.929688	553.611389
1176.578125	532.544312
1175.832031	562.614502
1175.474609	557.339233
1174.734375	564.781982
1174.371094	570.796936
1173.635742	537.348816
1173.266602	572.925476
1172.538086	580.496399
1172.162109	552.413086
1171.439453	553.070679
1171.057617	556.808228
1170.340820	584.820374
1169.953125	583.830322
1169.242188	566.504822
1168.848633	552.017822
1168.142578	520.900330
1167.743164	588.075256
1167.043945	591.299255
1166.637695	531.402588
1165.944336	570.719177
1165.531250	538.057861
1164.844727	570.607178
1164.425781	578.612915
1163.744141	525.037292
1163.319336	528.761841
1162.644531	534.023865
1162.211914	512.821411
1161.543945	552.094788
1161.105469	555.611755
1160.443359	545.171509
1159.998047	532.898193
1159.342773	590.486206
1158.890625	544.057983
1158.241211	551.768799
1157.783203	523.614929
1157.140625	535.768616
1156.675781	534.771362
1156.039063	526.583923
1155.567383	525.619507
1154.937500	535.557251
1154.458984	539.025330
1153.835938	558.140137
1153.349609	500.564331
1152.733398	528.540527
1152.241211	522.986511
1151.630859	571.527405
1151.131836	540.890442
1150.528320	539.669128
1150.022461	549.773010
1149.425781	553.164795
1148.912109	558.651184
1148.323242	509.989471
1147.801758	554.012451
1147.219727	525.751648
1146.691406	513.351257
1146.116211	595.884827
1145.581055	578.506409
1145.012695	539.134888
1144.470703	542.359619
1143.909180	545.822388
1143.359375	562.477966
1142.804688	559.300293
1142.248047	560.092773
1141.700195	613.523376
1141.135742	591.441101
1140.595703	563.605042
1140.024414	537.339355
1139.491211	482.024109
1138.912109	541.704956
1138.386719	543.017700
1137.798828	555.057068
1137.281250	538.385376
1136.686523	595.362427
1136.175781	551.848206
1135.573242	622.171570
1135.070313	556.260742
1134.459961	606.301880
1133.963867	560.671387
1133.346680	579.214722
1132.858398	592.204041
1132.232422	570.096375
1131.751953	546.888489
1131.118164	608.104858
1130.645508	582.929993
1130.003906	581.036621
1129.539063	618.957031
1128.889648	585.381165
1128.431641	562.370422
1127.774414	600.934998
1127.325195	600.645081
1126.659180	598.547180
1126.217773	596.009705
1125.543945	591.677979
1125.109375	580.090271
1124.428711	539.998779
1124.001953	618.338135
1123.312500	586.909668
1122.893555	525.707764
1122.196289	559.891907
1121.786133	559.439392
1121.079102	568.711487
1120.677734	536.773682
1119.962891	584.242126
1119.568359	620.097229
1118.845703	541.578918
1118.459961	570.374939
1117.728516	583.957031
1117.350586	527.434509
1116.610352	570.393372
1116.241211	563.385132
1115.492188	552.363647
1115.131836	547.500244
1114.374023	523.163940
1114.021484	540.632202
1113.255859	538.682312
1112.912109	536.019043
1112.136719	536.315796
1111.801758	486.373108
1111.018555	540.652649
1110.691406	560.567139
1109.898438	509.250458
1109.580078	515.437744
1108.779297	511.358612
1108.469727	508.582733
1107.659180	504.535797
1107.358398	521.979614
1106.539063	495.484344
1106.247070	490.381805
1105.418945	490.899963
1105.134766	497.029785
1104.297852	501.933411
1104.023438	499.177917
1103.177734	475.046844
1102.911133	503.573212
1102.055664	521.754089
1101.798828	507.966644
1100.934570	530.542358
1100.686523	492.133575
1099.812500	481.382111
1099.574219	469.566650
1098.690430	516.912659
1098.460938	458.240173
1097.568359	454.414642
1097.347656	498.572083
1096.446289	514.430847
1096.234375	471.526642
1095.323242	514.303955
1095.121094	435.512451
1094.200195	518.628723
1094.006836	534.180054
1093.076172	485.120728
1092.892578	444.311676
1091.953125	442.730133
1091.778320	486.848755
1090.829102	473.759796
1090.664063	437.401947
1089.704102	484.760956
1089.548828	459.739319
1088.580078	486.864075
1088.434570	477.583221
1087.455078	464.517761
1087.319336	428.168243
1086.330078	468.846680
1086.203125	484.112640
1085.204102	495.388062
1085.087891	492.977264
1084.079102	515.253418
1083.971680	477.194397
1082.953125	512.905151
1082.855469	492.776367
1081.827148	503.898499
1081.739258	474.760406
1080.700195	454.949432
1080.623047	483.619446
1079.573242	541.366150
1079.505859	510.382996
1078.446289	516.831665
1078.388672	514.754883
1077.319336	443.521912
1077.271484	501.224121
1076.191406	472.233185
1076.154297	527.967468
1075.063477	523.095093
1075.036133	516.676025
1073.935547	531.828430
1073.918945	527.751526
1072.806641	482.957001
1072.800781	514.228882
1071.681641	520.829529
1071.677734	516.059082
1070.563477	500.609100
1070.548828	531.430237
1069.444336	502.740906
1069.419922	582.213440
1068.325195	551.784668
1068.290039	531.164551
1067.206055	531.570068
1067.160156	526.606384
1066.086914	562.723450
1066.030273	526.474548
1064.966797	522.421631
1064.899414	524.131165
1063.846680	529.010681
1063.768555	561.586243
1062.726563	497.658844
1062.637695	537.130859
1061.606445	535.486877
1061.506836	521.527039
1060.485352	535.376770
1060.375000	523.605347
1059.364258	573.181335
1059.243164	591.945068
1058.243164	544.075745
1058.111328	543.216003
1057.122070	586.321594
1056.978516	536.456421
1056.000000	572.827393
1055.845703	600.326843
1054.877930	559.338745
1054.712891	582.523438
1053.755859	579.275269
1053.580078	538.257202
1052.633789	554.653015
1052.446289	533.710693
1051.511719	583.490417
1051.312500	573.263489
1050.388672	590.049805
1050.177734	577.527405
1049.265625	556.535828
1049.043945	610.437744
1048.142578	578.677673
1047.909180	555.203735
1047.018555	547.404968
1046.774414	539.644897
1045.895508	560.640381
1045.638672	587.953979
1044.771484	553.851501
1044.502930	521.759583
1043.646484	489.245453
1043.367188	576.651428
1042.522461	544.728760
1042.231445	550.100403
1041.397461	549.061829
1041.094727	530.162292
1040.273438	528.945923
1039.958008	578.411987
1039.147461	566.610291
1038.821289	527.694397
1038.022461	546.498962
1037.683594	516.569458
1036.896484	541.943481
1036.545898	507.647675
1035.771484	530.727905
1035.408203	547.065430
1034.645508	539.498352
1034.269531	511.782318
1033.518555	490.553009
1033.131836	516.043823
1032.392578	508.204987
1031.992188	507.130798
1031.265625	525.849609
1030.853516	507.001434
1030.138672	499.120483
1029.713867	509.066315
1029.011719	505.670258
1028.574219	515.517395
1027.883789	492.260681
1027.434570	502.226868
1026.755859	494.375153
1026.294922	480.172760
1025.627930	509.787476
1025.154297	501.970001
1024.500000	500.817261
1024.012695	510.607300
1023.372070	507.359528
1022.872070	495.140289
1022.243164	489.533112
1021.730469	510.345642
1021.114258	538.152649
1020.588867	494.886414
1019.985352	546.897034
1019.447266	481.624207
1018.855469	553.423950
1018.304688	512.141479
1017.726563	480.271729
1017.162109	477.000610
1016.596680	502.299103
1016.019531	476.877960
1015.466797	462.372589
1014.875977	465.820526
1014.335938	526.419495
1013.732422	526.919434
1013.206055	513.041138
1012.588867	522.412048
1012.075195	535.043030
1011.445313	520.092102
1010.944336	484.090515
1010.300781	511.219177
1009.812500	534.819092
1009.156250	487.061737
1008.681641	521.449890
1008.010742	543.708740
1007.549805	508.086212
1006.866211	475.895081
1006.417969	530.065796
1005.720703	525.968140
1005.285156	516.705811
1004.574219	512.740723
1004.153320	494.520660
1003.428711	495.157501
1003.020508	503.245789
1002.282227	484.125458
1001.887695	520.794189
1001.135742	483.999908
1000.753906	522.891174
999.988281	538.364685
999.621094	524.987183
998.840820	531.687805
998.487305	551.341248
997.693359	472.730621
997.353516	487.283203
996.545898	503.098541
996.219727	509.225128
995.397461	472.484772
995.084961	515.729980
994.249023	528.958130
993.950195	504.603882
993.100586	507.058197
992.815430	517.715942
991.951172	513.452942
991.680664	477.960449
990.801758	441.541382
990.545898	497.678864
989.652344	478.392853
989.410156	519.590515
988.274414	497.469116
987.138672	510.568573
986.001953	517.061646
984.865234	536.750732
983.728516	532.238770
982.591797	536.524170
981.455078	553.998047
980.317383	591.245972
979.179688	564.751282
978.041992	588.799011
976.903320	538.153931
975.765625	535.843933
974.626953	548.904236
973.487305	513.665588
972.348633	579.397400
971.208984	522.224854
970.069336	581.345642
968.929688	532.969971
967.790039	535.049744
966.649414	534.936218
965.508789	550.165955
964.368164	617.983521
963.226563	576.223938
962.085938	521.338989
960.944336	569.408997
959.802734	556.150513
958.660156	556.032227
957.517578	584.366272
956.375977	560.171997
955.232422	490.046173
954.089844	511.814209
952.946289	498.584564
951.802734	529.086609
950.659180	509.301270
949.515625	504.821930
948.371094	463.200989
947.226563	454.364380
946.082031	567.834229
944.937500	489.106598
943.791992	478.086914
942.646484	464.889313
941.500977	464.789978
940.354492	482.143799
939.208984	503.852509
938.062500	490.660431
936.916016	418.607330
935.768555	505.708923
934.621094	483.807526
933.474609	516.386597
932.326172	490.135437
931.178711	533.588623
930.030273	474.683228
928.881836	548.598694
927.733398	511.480347
926.584961	574.475891
925.435547	578.703735
924.286133	587.279968
923.136719	624.122803
921.986328	545.718323
920.836914	576.033020
919.686523	647.626160
918.535156	638.795837
917.384766	590.867676
916.233398	616.802612
915.082031	560.214172
913.930664	577.460815
912.779297	594.699951
911.626953	609.761658
910.474609	590.104736
909.322266	600.822693
908.168945	598.524597
907.015625	622.244629
905.862305	622.110352
904.708984	628.477600
903.555664	656.509033
902.401367	662.865906
901.247070	591.252686
900.091797	645.257263
898.937500	610.480591
897.782227	612.513000
896.626953	627.527771
895.471680	653.353027
894.315430	625.093323
893.159180	611.983093
892.002930	639.956848
890.846680	637.656677
889.689453	728.283936
888.532227	777.820190
887.375000	708.527039
886.217773	729.970154
885.059570	794.588013
883.901367	800.891907
882.743164	846.041748
881.584961	804.859924
880.425781	802.527832
879.266602	757.059387
878.107422	696.515808
876.948242	715.767822
875.788086	685.435852
874.627930	683.131836
873.467773	616.193054
872.307617	562.207703
871.146484	559.931824
869.985352	529.666321
868.824219	525.245667
867.662109	550.957397
866.500000	557.292542
865.337891	518.448792
864.175781	520.486511
863.013672	561.228821
861.850586	464.363922
860.687500	513.697998
859.523438	479.203583
858.360352	556.442322
857.196289	506.917816
856.032227	545.461914
854.868164	534.607666
853.703125	549.516663
852.538086	570.857361
851.373047	572.878174
850.208008	553.446594
849.041992	544.746887
847.875977	542.483459
846.709961	561.658325
845.542969	552.962341
844.376953	567.840820
843.209961	576.285706
842.041992	608.287292
840.875000	606.012573
839.707031	603.738831
838.539063	654.977234
837.371094	727.592834
836.202148	765.944397
835.034180	872.728271
833.865234	911.030945
832.695313	1088.293335
831.526367	1295.404541
830.356445	1493.875977
829.186523	1681.576538
828.015625	1805.107788
826.845703	1747.045654
825.674805	1590.785767
824.503906	1515.717407
823.332031	1372.382813
822.160156	1269.654907
820.988281	1094.436279
819.816406	972.617981
818.644531	878.575317
817.471680	733.406128
816.298828	692.745483
815.125977	677.675415
813.952148	660.481323
812.778320	600.692444
811.604492	587.782043
810.430664	623.848267
809.255859	589.651306
808.081055	570.367004
806.906250	587.263184
805.731445	546.714844
804.555664	550.847656
803.379883	595.379395
802.204102	546.352417
801.028320	531.353699
799.851563	552.485596
798.674805	522.620728
797.498047	526.753113
796.320313	518.142334
795.142578	532.889099
793.964844	528.525879
792.787109	532.653015
791.608398	541.021606
790.429688	521.811035
789.250977	547.143921
788.072266	602.148926
786.892578	631.692139
785.712891	557.376465
784.533203	561.490417
783.353516	544.418884
782.172852	546.415894
780.992188	506.063538
779.810547	575.810486
778.629883	577.799011
777.448242	516.306274
776.266602	516.191528
775.084961	554.147949
773.902344	501.159760
772.719727	511.618866
771.537109	545.323547
770.353516	509.277985
769.170898	500.713715
767.987305	515.387939
766.803711	519.496643
765.619141	546.827820
764.434570	559.370972
763.250000	555.025513
762.065430	603.429321
760.879883	590.638184
759.694336	630.576477
758.508789	689.473206
757.323242	691.427307
756.136719	769.251892
754.950195	790.150757
753.763672	714.136719
752.576172	718.189392
751.389648	638.013916
750.202148	654.712769
749.013672	604.053223
747.826172	582.875671
746.637695	612.198059
745.449219	595.234680
744.259766	559.353271
743.071289	582.354004
741.881836	599.038696
740.691406	569.484680
739.501953	554.650391
738.311523	533.521301
737.121094	573.301819
735.930664	550.078369
734.739258	541.558777
733.547852	518.352722
732.356445	535.021362
731.165039	581.049622
729.972656	530.586853
728.780273	528.370972
727.587891	572.273315
726.394531	559.570129
725.202148	548.967834
724.008789	571.887512
722.814453	569.664612
721.621094	533.940430
720.426758	533.820313
719.232422	525.328430
718.037109	527.302673
716.841797	510.447937
715.646484	514.516052
714.451172	514.400146
713.255859	549.824219
712.059570	530.889282
710.863281	551.666016
709.666016	543.184937
708.469727	574.392944
707.272461	547.116394
706.075195	572.046021
704.876953	571.916931
703.678711	550.919617
702.480469	546.622498
701.282227	546.499023
700.083984	554.717163
698.884766	548.337036
697.685547	573.226563
696.485352	606.440796
695.285156	591.718994
694.084961	541.592041
692.884766	572.708130
691.684570	599.645813
690.483398	584.938660
689.282227	599.374329
688.080078	597.157837
686.878906	613.664307
685.676758	617.684753
684.474609	602.989807
683.271484	611.168274
682.068359	642.204651
680.865234	648.292542
679.662109	602.442871
678.458008	645.921387
677.254883	670.692078
676.049805	612.412476
674.845703	689.067017
673.640625	649.484863
672.435547	721.946838
671.230469	715.560486
670.024414	682.219910
668.819336	684.137878
667.613281	706.781616
666.406250	673.465576
665.199219	662.953613
663.992188	693.871582
662.785156	602.598938
661.578125	668.711731
660.370117	629.232361
659.162109	633.227661
657.953125	672.392456
656.745117	680.512817
655.536133	653.474182
654.327148	634.717712
653.117188	638.706909
651.907227	704.690430
650.697266	652.877808
649.487305	634.138306
648.276367	619.537537
647.065430	621.460632
645.854492	621.318604
644.643555	643.877380
643.431641	594.212402
642.219727	559.009460
641.007813	596.002869
639.794922	597.928284
638.582031	599.852722
637.369141	585.289246
636.155273	566.611511
634.942383	566.481750
633.728516	595.184387
632.513672	615.637817
631.299805	568.150757
630.084961	600.949219
628.869141	592.581055
627.654297	569.816956
626.438477	608.762085
625.222656	594.229248
624.006836	592.037109
622.790039	575.459412
621.573242	632.859863
620.356445	591.629089
619.139648	653.106934
617.921875	650.903381
616.704102	603.538086
615.486328	628.027771
614.267578	584.793213
613.048828	590.812927
611.830078	580.422058
610.610352	557.732971
609.391602	604.754883
608.171875	575.921875
606.951172	543.003967
605.731445	565.413330
604.510742	589.860474
603.289063	565.152527
602.068359	562.974915
600.846680	597.638977
599.625000	523.836487
598.403320	572.813843
597.180664	552.228577
595.958008	533.697632
594.735352	513.130798
593.511719	566.152832
592.289063	566.021912
591.064453	561.805115
589.840820	537.165649
588.616211	522.747437
587.391602	534.875427
586.166992	520.464294
584.942383	504.019196
583.716797	512.062744
582.491211	571.092957
581.264648	501.629639
580.038086	530.054688
578.811523	527.893555
577.584961	564.450073
576.358398	552.095581
575.130859	513.268555
573.902344	515.185608
572.674805	545.603455
571.446289	525.123047
570.217773	543.314941
568.989258	494.362701
567.759766	541.028320
566.530273	540.902466
565.300781	514.347656
564.070313	528.455566
562.840820	534.428650
561.610352	513.988403
560.378906	542.304077
559.147461	562.484009
557.916016	542.051331
556.684570	550.043640
555.453125	511.360382
554.220703	519.355957
552.988281	537.489136
551.754883	506.946808
550.521484	508.855743
549.288086	531.032104
548.054688	514.697083
546.820313	536.861572
545.585938	546.863159
544.351563	579.134399
543.117188	522.313660
541.881836	534.335449
540.646484	542.304443
539.410156	548.246582
538.174805	533.960144
536.938477	531.812927
535.701172	557.969482
534.464844	584.113647
533.227539	507.190826
531.990234	575.758850
530.751953	547.347473
529.513672	565.392334
528.275391	557.184448
527.037109	524.760620
525.797852	569.029724
524.558594	572.930725
523.319336	544.559570
522.079102	588.792603
520.838867	580.590332
519.598633	600.608398
518.358398	525.912415
517.117188	558.020813
515.875977	586.085938
514.634766	596.015686
513.392578	573.731201
512.150391	581.646423
510.908203	597.606384
509.665039	595.453796
508.421875	603.358032
507.178711	597.183472
505.934570	625.185852
504.691406	604.940491
503.447266	636.946289
502.202148	612.689941
500.958008	630.620178
499.712891	646.533997
498.466797	610.247925
497.221680	664.290344
495.975586	640.055725
494.729492	641.910156
493.482422	659.807556
492.235352	683.711426
490.988281	623.413086
489.741211	673.366943
488.493164	643.153381
487.245117	683.063110
485.997070	668.882507
484.748047	690.747498
483.499023	660.558105
482.250000	694.421814
481.000977	650.240540
479.750977	716.094666
478.500977	741.921631
477.250000	733.747864
475.999023	693.596558
474.748047	743.390442
473.497070	741.215576
472.245117	765.007874
470.993164	758.834778
469.741211	844.501587
468.488281	826.336426
467.236328	826.139282
465.982422	877.812927
464.729492	935.445435
463.475586	975.103638
462.221680	1002.781128
460.967773	1108.177124
459.712891	1197.581421
458.458008	1265.028931
457.203125	1316.510376
455.947266	1441.642090
454.691406	1493.056396
453.435547	1456.874146
452.178711	1402.800903
450.921875	1273.159546
449.665039	1151.535400
448.408203	1113.480469
447.150391	987.976929
445.892578	928.117737
444.633789	898.091064
443.375000	792.593567
442.116211	814.248901
440.857422	754.488403
439.597656	803.932495
438.337891	728.326660
437.078125	749.976135
435.818359	763.680786
434.557617	723.834778
433.295898	814.861572
432.035156	802.772339
430.773438	834.285706
429.511719	798.423035
428.249023	794.269104
426.987305	794.077454
425.724609	756.270325
424.460938	710.564148
423.198242	686.646851
421.934570	708.242554
420.669922	672.470032
419.406250	660.443237
418.141602	699.821411
416.875977	721.392700
415.611328	679.723389
414.345703	699.313416
413.080078	701.119019
411.813477	698.974609
410.546875	686.961060
409.280273	744.027344
408.013672	732.008423
406.746094	739.721130
405.478516	706.015686
404.209961	717.674011
402.942383	699.759277
401.673828	668.058411
400.404297	725.031677
399.134766	754.401062
397.865234	734.525146
396.595703	740.252563
395.326172	749.913696
394.055664	714.310669
392.784180	722.005859
391.513672	725.763550
390.242188	721.653809
388.970703	776.522339
387.698242	786.159790
386.425781	842.950500
385.153320	795.598083
383.880859	805.223450
382.607422	795.209167
381.333984	795.014709
380.059570	812.482849
378.785156	857.410889
377.510742	835.623779
376.236328	874.640686
374.960938	903.835266
373.685547	909.494080
372.410156	819.127747
371.133789	897.292969
369.857422	918.618164
368.581055	885.103271
367.303711	918.166992
366.026367	870.967773
364.749023	886.407654
363.470703	903.796021
362.192383	895.750488
360.914063	907.261841
359.634766	873.806396
358.356445	889.225891
357.076172	881.191284
355.796875	869.253723
354.516602	882.709595
353.236328	898.111084
351.955078	893.985474
350.673828	921.085022
349.392578	907.200623
348.111328	961.590027
346.829102	963.302246
345.546875	951.366760
344.263672	929.691833
342.981445	997.661133
341.697266	929.231384
340.414063	966.005371
339.129883	965.765869
337.845703	1027.818359
336.561523	951.663696
335.276367	945.590454
333.991211	957.026672
332.705078	974.291138
331.419922	1032.375244
330.133789	995.187683
328.846680	1035.748169
327.560547	1119.028931
326.272461	1202.268188
324.985352	1192.259644
323.697266	1178.373413
322.409180	1244.067505
321.121094	1356.296875
319.832031	1400.574951
318.542969	1487.496948
317.253906	1520.086426
315.963867	1595.304199
314.673828	1763.504028
313.383789	1885.121216
312.092773	1950.505615
310.801758	2081.696777
309.510742	2270.901123
308.218750	2430.977783
306.926758	2573.558838
305.634766	2764.430908
304.341797	2870.109375
303.048828	3076.278564
301.755859	3185.690674
300.461914	3318.238037
299.167969	3408.212402
297.874023	3492.345703
296.579102	3421.946533
295.284180	3430.738281
293.989258	3429.874268
292.693359	3440.587891
291.397461	3358.695068
290.101563	3325.060303
288.804688	3083.196045
287.507813	3147.959961
286.210938	3039.239990
284.913086	2917.087158
283.615234	2875.898438
282.317383	2778.882568
281.018555	2710.794434
279.719727	2586.921387
278.420898	2555.477295
277.121094	2422.086182
275.821289	2358.002197
274.521484	2376.632324
273.220703	2214.551514
271.919922	2200.536133
270.619141	2234.561768
269.317383	2216.705811
268.015625	2181.574951
266.713867	2217.498291
265.411133	2226.531006
264.108398	2224.044922
262.804688	2152.495850
261.501953	2176.880371
260.198242	2120.718750
258.893555	2237.113281
257.588867	2253.790527
256.284180	2205.314697
254.979492	2331.174805
253.673828	2311.428467
252.368164	2358.700439
251.061523	2463.368896
249.755859	2449.343262
248.448242	2446.802734
247.141602	2484.426758
245.833984	2609.986816
244.526367	2563.438965
243.217773	2587.625000
241.909180	2520.089111
240.600586	2532.812256
239.291992	2484.420410
237.982422	2445.598633
236.671875	2416.339600
235.362305	2413.809082
234.051758	2352.142090
232.741211	2206.591064
231.429688	2158.354980
230.118164	2140.642334
228.806641	2176.297852
227.494141	2059.518555
226.181641	2064.700195
224.868164	1955.626099
223.555664	1979.868408
222.242188	1916.549438
220.927734	1938.885742
219.613281	1831.857788
218.298828	1840.891479
216.984375	1905.056519
215.668945	1864.645996
214.353516	1810.954224
213.037109	1846.579346
211.720703	1785.322266
210.404297	1651.942871
209.087891	1805.274414
207.770508	1670.060669
206.452148	1766.387939
205.134766	1669.190186
203.816406	1647.895386
202.497070	1715.714722
201.178711	1654.616333
199.859375	1686.395996
198.539063	1644.279907
197.218750	1698.770996
195.898438	1692.646362
194.578125	1713.024414
193.256836	1665.266846
191.935547	1670.505737
190.613281	1719.242798
189.291992	1658.284058
187.968750	1699.436646
186.646484	1706.549561
185.323242	1681.539063
183.999023	1745.318359
182.675781	1769.407837
181.351563	1763.278198
180.026367	1785.462158
178.702148	1758.575073
177.376953	1844.884888
176.050781	1912.289795
174.724609	1891.045410
173.398438	1881.121216
172.072266	1905.120972
170.745117	1998.811646
169.416992	1968.148193
168.089844	2010.933472
166.761719	2002.870850
165.433594	2094.552734
164.104492	2063.894531
162.775391	2142.344482
161.445313	2205.708984
160.116211	2257.759766
158.785156	2337.973389
157.455078	2423.780762
156.124023	2421.256836
154.792969	2563.332031
153.460938	2528.855469
152.128906	2727.132080
150.796875	2741.415283
149.463867	2808.215332
148.130859	2959.371582
146.797852	2960.455322
145.463867	3216.454590
144.129883	3121.899170
142.794922	3197.871582
141.460938	3292.531494
140.125000	3274.796875
138.790039	3391.846436
137.454102	3432.105957
136.117188	3429.312744
134.781250	3542.483398
133.444336	3543.400146
132.106445	3579.833740
130.768555	3526.541260
129.430664	3512.512207
128.092773	3623.635986
126.753906	3518.086670
125.414063	3477.932861
124.075195	3488.191162
122.735352	3481.650391
121.394531	3475.112549
120.053711	3500.279297
118.712891	3409.843750
117.372070	3425.693848
116.030273	3421.038086
114.688477	3502.072998
113.345703	3556.990967
112.002930	3572.780518
110.660156	3663.011963
109.316406	3507.570557
107.972656	3491.733398
106.627930	3405.232666
105.283203	3465.660156
103.938477	3191.478027
102.592773	3010.357178
101.247070	2639.844971
99.901367	2367.968018
98.554688	2098.095703
