#Wave		#Intensity
3199.922852	46.100296
3199.217773	28.369411
3198.512695	31.910643
3197.807617	31.905691
3197.101563	10.633579
3196.396484	14.175901
3195.691406	38.977665
3194.985352	31.885851
3194.279297	31.880880
3193.574219	38.959442
3192.868164	28.329714
3192.162109	38.947266
3191.455078	24.780746
3190.749023	38.935074
3190.042969	31.850975
3189.335938	14.153768
3188.629883	14.151545
3187.922852	24.761311
3187.215820	24.757414
3186.508789	31.825947
3185.801758	14.142635
3185.094727	28.280809
3184.387695	31.810884
3183.679688	35.339840
3182.972656	14.133699
3182.264648	31.795788
3181.557617	3.532305
3180.849609	31.785706
3180.141602	28.249474
3179.433594	38.836853
3178.724609	31.770554
3178.016602	35.294994
3177.308594	24.702559
3176.599609	35.283741
3175.890625	14.111244
3175.182617	28.217979
3174.473633	24.686783
3173.764648	24.682833
3173.055664	21.153324
3172.345703	24.674921
3171.636719	38.768654
3170.927734	45.810143
3170.217773	14.093163
3169.507813	28.181793
3168.797852	45.788040
3168.087891	24.651125
3167.377930	28.168171
3166.667969	10.561359
3165.958008	35.198845
3165.248047	24.635208
3164.537109	45.743698
3163.826172	24.627232
3163.116211	42.211269
3162.405273	49.238495
3161.694336	28.131714
3160.983398	24.611250
3160.271484	38.668533
3159.560547	31.632742
3158.849609	45.684299
3158.137695	14.054416
3157.425781	28.104246
3156.713867	24.587200
3156.001953	24.583183
3155.290039	28.090473
3154.578125	14.042938
3153.866211	35.101597
3153.153320	35.095844
3152.441406	45.617111
3151.728516	24.559029
3151.015625	35.078564
3150.302734	24.550957
3149.589844	24.546917
3148.876953	10.518375
3148.164063	28.044378
3147.451172	52.574535
3146.737305	24.530735
3146.023438	24.526684
3145.310547	24.522629
3144.596680	31.523880
3143.882813	35.020737
3143.168945	42.017921
3142.455078	45.511868
3141.740234	24.502325
3141.026367	45.496761
3140.311523	38.490864
3139.596680	13.994350
3138.881836	27.984045
3138.167969	24.481962
3137.452148	38.465244
3136.737305	24.473801
3136.022461	31.461065
3135.306641	27.960720
3134.591797	34.945061
3133.875977	31.445295
3133.160156	38.426708
3132.444336	48.898529
3131.728516	31.429501
3131.012695	41.898972
3130.296875	41.891941
3129.580078	45.375317
3128.864258	24.428757
3128.147461	45.360062
3127.430664	13.954593
3126.713867	59.297031
3125.997070	41.849674
3125.280273	38.355736
3124.563477	38.349262
3123.845703	45.314201
3123.128906	34.851189
3122.411133	41.814354
3121.693359	48.775162
3120.975586	31.350151
3120.257813	31.344839
3119.540039	38.303864
3118.822266	31.334209
3118.104492	52.214817
3117.385742	31.323568
3116.666992	55.676876
3115.949219	34.792130
3115.230469	31.307587
3114.511719	41.736340
3113.791992	38.251793
3113.073242	52.152637
3112.354492	45.191242
3111.634766	34.756557
3110.915039	69.501236
3110.196289	48.642548
3109.476563	45.160355
3108.756836	55.572460
3108.036133	59.035625
3107.316406	13.888354
3106.596680	34.714931
3105.875977	41.650768
3105.155273	52.054520
3104.435547	41.636459
3103.714844	45.098412
3102.994141	34.685116
3102.272461	34.679146
3101.551758	34.673172
3100.831055	45.067356
3100.109375	38.127342
3099.387695	34.655239
3098.666992	27.719404
3097.945313	24.250288
3097.222656	45.028465
3096.500977	45.020676
3095.779297	38.087826
3095.056641	38.081230
3094.334961	31.151970
3093.612305	34.607300
3092.889648	44.981686
3092.166992	38.054817
3091.444336	41.507137
3090.721680	48.416580
3089.999023	51.865887
3089.275391	44.942616
3088.551758	34.565224
3087.829102	44.926964
3087.105469	44.919132
3086.381836	58.730164
3085.658203	44.903465
3084.933594	55.256157
3084.209961	31.076159
3083.485352	27.618425
3082.761719	41.420391
3082.037109	44.864243
3081.312500	55.207863
3080.587891	37.948757
3079.863281	44.840672
3079.137695	27.589420
3078.413086	48.273014
3077.687500	27.579739
3076.962891	44.809204
3076.237305	37.908817
3075.511719	51.684753
3074.786133	44.785572
3074.060547	55.111004
3073.333984	72.320457
3072.608398	48.205139
3071.881836	55.081879
3071.155273	37.862110
3070.429688	51.621040
3069.703125	41.289539
3068.975586	44.722435
3068.249023	37.835373
3067.522461	44.706623
3066.794922	44.698711
3066.067383	61.879570
3065.340820	41.245739
3064.613281	30.928823
3063.885742	41.231121
3063.157227	54.965073
3062.429688	37.781780
3061.702148	41.209171
3060.973633	58.369286
3060.245117	51.493160
3059.516602	48.051735
3058.788086	61.769810
3058.059570	51.465679
3057.331055	61.747814
3056.602539	41.157875
3055.873047	41.150539
3055.143555	44.571800
3054.415039	44.563847
3053.685547	41.128513
3052.956055	44.547932
3052.226563	61.670727
3051.496094	44.532005
3050.766602	71.923454
3050.036133	65.061951
3049.305664	44.508102
3048.576172	51.346306
3047.845703	37.647209
3047.114258	23.953018
3046.383789	47.897446
3045.653320	47.888847
3044.921875	51.300266
3044.191406	37.613438
3043.459961	41.025467
3042.728516	44.436264
3041.997070	23.922916
3041.265625	41.003334
3040.533203	44.412281
3039.801758	51.235706
3039.069336	47.811375
3038.336914	68.289650
3037.604492	47.794132
3036.872070	58.025261
3036.139648	68.252686
3035.407227	51.180271
3034.674805	64.816628
3033.941406	51.161770
3033.208008	54.562687
3032.474609	68.191017
3031.742188	34.089336
3031.007813	57.941380
3030.274414	71.561676
3029.541016	51.106216
3028.806641	51.096951
3028.073242	54.493526
3027.338867	44.267956
3026.604492	64.687569
3025.870117	74.887794
3025.135742	57.857323
3024.400391	57.846806
3023.666016	61.238419
3022.930664	40.818184
3022.196289	68.017921
3021.460938	51.004154
3020.725586	67.993149
3019.989258	81.576904
3019.253906	57.773106
3018.518555	50.966972
3017.782227	54.354851
3017.045898	67.931160
3016.310547	61.126877
3015.574219	57.720390
3014.837891	64.499229
3014.100586	74.669662
3013.364258	64.475639
3012.626953	47.499672
3011.890625	47.490978
3011.153320	78.006599
3010.416016	77.992310
3009.678711	94.929756
3008.941406	64.404808
3008.203125	74.560303
3007.465820	54.215725
3006.727539	77.920799
3005.989258	88.068199
3005.250977	104.985100
3004.512695	54.175900
3003.774414	71.092796
3003.036133	84.618706
3002.296875	101.523766
3001.558594	74.437057
3000.819336	87.954865
3000.080078	101.467682
2999.340820	71.014290
2998.601563	81.144226
2997.862305	87.890030
2997.122070	94.633339
2996.382813	94.615868
2995.642578	91.219879
2994.902344	77.691475
2994.162109	91.186180
2993.421875	94.545967
2992.681641	104.656532
2991.940430	118.138741
2991.200195	74.244896
2990.458984	107.972580
2989.717773	87.711472
2988.976563	97.813904
2988.235352	104.540314
2987.494141	111.264214
2986.751953	84.275436
2986.010742	101.111763
2985.268555	87.613930
2984.526367	101.074226
2983.784180	101.055450
2983.041992	117.876122
2982.299805	87.548843
2981.556641	121.198936
2980.814453	107.712349
2980.071289	107.692307
2979.328125	111.037018
2978.584961	131.201126
2977.841797	110.995667
2977.098633	117.700737
2976.355469	127.765556
2975.611328	137.826599
2974.867188	157.966888
2974.123047	134.414810
2973.379883	141.109207
2972.634766	134.364639
2971.890625	127.622559
2971.146484	164.535187
2970.401367	137.646561
2969.657227	130.907623
2968.912109	140.951065
2968.166992	150.990738
2967.421875	154.317200
2966.675781	140.871933
2965.930664	167.673279
2965.185547	191.111725
2964.439453	177.667084
2963.693359	170.930603
2962.947266	164.196655
2962.201172	147.414230
2961.455078	187.582901
2960.708008	184.198624
2959.961914	227.693710
2959.214844	207.564102
2958.467773	194.136383
2957.720703	220.872284
2956.973633	227.522598
2956.226563	177.300430
2955.479492	214.058350
2954.731445	227.394196
2953.983398	227.351379
2953.235352	244.022430
2952.488281	270.713593
2951.739258	193.807785
2950.991211	227.180084
2950.243164	257.199524
2949.494141	210.396286
2948.745117	227.051544
2947.997070	203.640152
2947.248047	223.628098
2946.498047	226.922974
2945.749023	250.235397
2945.000000	243.516434
2944.250000	250.140808
2943.500977	210.078552
2942.750977	263.382019
2942.000977	246.665573
2941.250977	226.622757
2940.500000	223.247803
2939.750000	263.182617
2938.999023	226.494034
2938.248047	249.762253
2937.498047	249.714905
2936.747070	252.996460
2935.995117	246.291931
2935.244141	259.555756
2934.493164	239.544449
2933.741211	219.540726
2932.989258	236.127747
2932.237305	226.107559
2931.485352	226.064590
2930.733398	209.402390
2929.981445	225.978653
2929.228516	222.613083
2928.476563	215.926834
2927.723633	222.528381
2926.970703	225.806717
2926.217773	212.483490
2925.464844	225.720718
2924.710938	205.764969
2923.958008	238.907333
2923.204102	225.591690
2922.450195	202.330429
2921.696289	202.291840
2920.942383	225.462631
2920.188477	198.899643
2919.434570	195.547302
2918.679688	208.764877
2917.924805	215.351196
2917.170898	198.747742
2916.416016	221.892548
2915.660156	208.605347
2914.905273	198.633774
2914.150391	195.285843
2913.394531	205.176361
2912.638672	251.458374
2911.883789	224.945999
2911.127930	257.976868
2910.371094	241.393646
2909.615234	234.735138
2908.859375	221.468170
2908.102539	218.120850
2907.345703	224.687469
2906.588867	254.376709
2905.832031	224.601273
2905.075195	270.790710
2904.318359	234.420120
2903.560547	224.471924
2902.802734	224.428818
2902.045898	234.285065
2901.288086	224.342560
2900.530273	201.209793
2899.771484	207.766876
2899.013672	224.213165
2898.254883	224.170029
2897.497070	257.086731
2896.738281	240.560486
2895.979492	243.808868
2895.220703	214.115189
2894.460938	223.954285
2893.702148	223.911118
2892.942383	220.575775
2892.183594	269.906372
2891.423828	223.781616
2890.664063	223.738449
2889.903320	253.302002
2889.143555	256.542114
2888.383789	210.455444
2887.623047	233.428925
2886.862305	246.532211
2886.101563	223.479340
2885.340820	236.579453
2884.580078	223.392944
2883.818359	249.626190
2883.057617	223.306549
2882.295898	219.980057
2881.534180	219.937485
2880.772461	236.304962
2880.010742	259.228851
2879.249023	216.528992
2878.486328	219.767151
2877.724609	242.680862
2876.961914	206.566635
2876.199219	203.248383
2875.436523	193.376266
2874.673828	190.061829
2873.910156	235.893036
2873.147461	239.122910
2872.383789	242.351501
2871.620117	239.030060
2870.856445	180.056152
2870.092773	206.206070
2869.329102	209.438477
2868.565430	222.485123
2867.800781	232.255463
2867.036133	189.692917
2866.271484	183.116150
2865.506836	241.927826
2864.742188	199.388168
2863.977539	196.081329
2863.211914	199.310532
2862.447266	222.138947
2861.681641	195.966766
2860.916016	248.176193
2860.150391	251.392654
2859.383789	218.701599
2858.618164	218.658951
2857.851563	247.982666
2857.085938	234.885101
2856.319336	221.792618
2855.552734	189.139130
2854.786133	221.706009
2854.018555	218.402969
2853.251953	231.396729
2852.484375	215.059143
2851.716797	208.501434
2850.949219	221.489456
2850.181641	237.728943
2849.414063	208.379120
2848.646484	221.359482
2847.877930	263.626587
2847.109375	205.002762
2846.340820	247.256500
2845.572266	211.427948
2844.803711	217.890717
2844.035156	214.596558
2843.265625	221.056137
2842.497070	227.513184
2841.727539	185.224396
2840.958008	220.926102
2840.188477	220.882751
2839.418945	233.829956
2838.648438	243.525055
2837.878906	207.767227
2837.108398	220.709320
2836.337891	191.460175
2835.567383	207.644806
2834.796875	220.579239
2834.025391	220.535858
2833.254883	191.309662
2832.483398	220.449112
2831.711914	210.681961
2830.940430	220.362366
2830.168945	197.639084
2829.397461	220.275604
2828.625977	181.367706
2827.853516	178.093903
2827.081055	220.145432
2826.308594	200.681274
2825.536133	200.641708
2824.763672	203.837662
2823.991211	200.562576
2823.217773	177.883301
2822.445313	190.782623
2821.671875	181.046066
2820.898438	181.010315
2820.125000	190.669632
2819.350586	229.404572
2818.577148	200.285538
2817.802734	203.475723
2817.028320	229.268570
2816.253906	184.024292
2815.479492	180.760025
2814.705078	200.087585
2813.930664	219.407471
2813.155273	177.426788
2812.379883	199.968796
2811.604492	193.479858
2810.829102	196.665558
2810.053711	199.849976
2809.278320	193.364868
2808.501953	170.771774
2807.726563	170.737915
2806.950195	164.262390
2806.173828	157.789413
2805.397461	180.294983
2804.620117	183.478104
2803.843750	202.751328
2803.066406	209.146347
2802.290039	157.632843
2801.512695	154.385178
2800.735352	164.001648
2799.957031	208.980148
2799.179688	186.437515
2798.401367	160.690033
2797.624023	170.297546
2796.845703	189.538803
2796.067383	163.806015
2795.289063	154.139679
2794.509766	195.846832
2793.731445	176.548035
2792.952148	147.628937
2792.172852	179.686371
2791.393555	179.650558
2790.614258	173.199921
2789.834961	144.304489
2789.054688	157.100204
2788.275391	147.452393
2787.495117	163.447205
2786.714844	176.231400
2785.934570	169.789078
2785.153320	176.161011
2784.373047	179.328110
2783.591797	163.284027
2782.811523	172.854416
2782.030273	176.020218
2781.249023	191.983658
2780.466797	182.347992
2779.685547	179.113052
2778.904297	159.890366
2778.122070	159.858353
2777.339844	175.808975
2776.557617	169.381989
2775.775391	156.567078
2774.992188	175.703339
2774.209961	156.504318
2773.426758	150.086288
2772.643555	137.285446
2771.860352	146.834045
2771.077148	181.910019
2770.293945	159.538162
2769.509766	133.985153
2768.726563	146.716171
2767.942383	146.686707
2767.158203	172.162842
2766.374023	127.502403
2765.589844	143.411362
2764.804688	175.245316
2764.020508	172.024429
2763.235352	121.029877
2762.450195	162.402145
2761.665039	143.267166
2760.879883	143.238327
2760.093750	149.574341
2759.308594	152.725998
2758.522461	168.600983
2757.736328	171.747513
2756.950195	158.993408
2756.164063	165.319809
2755.376953	162.107880
2754.590820	168.431061
2753.803711	155.687851
2753.016602	130.243134
2752.229492	158.801010
2751.442383	155.593552
2750.654297	171.435806
2749.867188	155.530685
2749.079102	158.672699
2748.291016	158.640625
2747.502930	161.780701
2746.714844	164.919510
2745.926758	177.569687
2745.137695	183.874237
2744.349609	142.632156
2743.560547	145.772232
2742.771484	183.762543
2741.982422	133.042465
2741.192383	136.182526
2740.403320	170.985260
2739.613281	174.116333
2738.823242	170.915894
2738.033203	136.072083
2737.243164	151.863586
2736.453125	180.301407
2735.662109	151.801926
2734.872070	161.256790
2734.081055	186.514053
2733.290039	142.227570
2732.499023	154.838547
2731.708008	148.488403
2730.916016	167.410309
2730.125000	129.479736
2729.333008	161.027374
2728.541016	135.740540
2727.749023	151.493469
2726.956055	151.462616
2726.164063	141.967270
2725.371094	170.326004
2724.578125	167.137741
2723.786133	176.562347
2722.992188	148.156036
2722.199219	157.580643
2721.406250	160.699448
2720.612305	151.215652
2719.818359	154.334457
2719.024414	148.004852
2718.230469	163.716599
2717.436523	154.239883
2716.642578	169.943893
2715.847656	154.176804
2715.052734	144.707794
2714.257813	169.839615
2713.462891	154.082184
2712.667969	157.194519
2711.872070	176.021805
2711.077148	144.559723
2710.281250	141.388138
2709.485352	153.924423
2708.689453	141.330170
2707.893555	153.861298
2707.096680	178.944778
2706.300781	182.046799
2705.503906	178.871338
2704.707031	150.597565
2703.910156	194.481888
2703.112305	147.399536
2702.315430	141.098206
2701.517578	175.552780
2700.720703	153.577087
2699.922852	169.213409
2699.124023	166.045654
2698.326172	181.672928
2697.528320	144.055756
2696.729492	162.812103
2695.930664	150.257126
2695.131836	169.004440
2694.333008	159.582397
2693.534180	150.164230
2692.734375	172.027679
2691.935547	143.848007
2691.135742	137.565353
2690.335938	137.536942
2689.536133	146.884125
2688.736328	143.729233
2687.935547	149.947342
2687.134766	171.779144
2686.334961	184.234055
2685.534180	140.488434
2684.732422	152.944641
2683.931641	143.550964
2683.130859	156.001358
2682.329102	162.207809
2681.527344	146.580536
2680.725586	174.612946
2679.923828	162.106979
2679.121094	158.956573
2678.319336	174.504349
2677.516602	162.006119
2676.713867	161.972488
2675.911133	152.596237
2675.108398	161.905228
2674.305664	140.081177
2673.501953	140.052063
2672.698242	171.139160
2671.895508	146.215775
2671.091797	174.178299
2670.287109	155.483978
2669.483398	167.887741
2668.678711	158.527618
2667.875000	186.464233
2667.070313	139.819031
2666.265625	161.534973
2665.459961	189.453445
2664.655273	186.308777
2663.849609	167.642914
2663.043945	176.919479
2662.238281	148.953705
2661.432617	183.050690
2660.626953	155.095291
2659.821289	182.974197
2659.014648	164.332291
2658.208008	182.897675
2657.401367	154.965607
2656.594727	167.327820
2655.788086	148.704712
2655.012695	180.041504
2654.980469	182.744583
2654.208008	161.416519
2654.172852	176.512863
2653.402344	148.975845
2653.366211	145.515198
2652.596680	161.364456
2652.558594	154.770935
2651.791016	170.646393
2651.750000	170.212326
2650.985352	139.597198
2650.942383	160.894257
2650.178711	167.489548
2650.133789	163.953964
2649.373047	164.361267
2649.326172	176.290833
2648.566406	158.133316
2648.517578	182.438156
2647.759766	145.707062
2647.708984	154.576126
2646.953125	151.882690
2646.899414	163.816254
2646.146484	173.552002
2646.090820	173.052475
2645.339844	164.227844
2645.281250	142.120361
2644.533203	151.808563
2644.472656	139.001526
2643.726563	142.490936
2643.663086	160.590195
2642.918945	161.050430
2642.853516	175.994492
2642.111328	185.797089
2642.042969	148.174683
2641.303711	164.093933
2641.233398	194.438293
2640.496094	188.831940
2640.422852	175.883286
2639.688477	160.945129
2639.612305	151.166031
2638.880859	182.580887
2638.801758	169.640366
2638.073242	170.174606
2637.991211	185.023178
2637.264648	179.427399
2637.180664	197.316391
2636.456055	191.770187
2636.369141	175.697815
2635.648438	173.183304
2635.558594	184.906006
2634.839844	185.522995
2634.747070	150.974655
2634.031250	160.760101
2633.935547	175.586456
2633.221680	160.733597
2633.124023	181.708954
2632.413086	197.793320
2632.311523	160.116394
2631.604492	200.850647
2631.500000	206.260162
2630.794922	160.653961
2630.687500	178.515778
2629.985352	188.428268
2629.875000	190.786804
2629.175781	151.335342
2629.062500	175.363617
2628.366211	185.277878
2628.250000	196.857773
2627.556641	188.334595
2627.436523	172.214035
2626.747070	179.042496
2626.624023	172.177505
2625.937500	154.321335
2625.810547	156.771255
2625.126953	185.154800
2624.997070	181.324326
2624.316406	145.013794
2624.183594	187.431107
2623.505859	188.178040
2623.369141	178.175339
2622.695313	178.893539
2622.555664	165.852127
2621.884766	188.115265
2621.741211	221.089172
2621.074219	181.917160
2620.926758	165.781616
2620.263672	175.721100
2620.112305	162.676987
2619.452148	194.185577
2619.297852	168.779816
2618.640625	181.825882
2618.482422	214.764938
2617.830078	194.120529
2617.667969	199.382111
2617.018555	197.168747
2616.852539	196.272873
2616.206055	172.493698
2616.037109	202.363266
2615.394531	203.261993
2615.221680	196.189209
2614.583008	184.752563
2614.406250	202.276962
2613.770508	157.013260
2613.589844	196.105499
2612.958984	187.768555
2612.774414	208.317627
2612.146484	166.193344
2611.958008	171.519058
2611.333984	187.705261
2611.141602	150.047119
2610.521484	175.367111
2610.325195	208.184143
2609.708984	184.565781
2609.507813	192.835251
2608.895508	184.534592
2608.691406	168.312225
2608.083008	202.953705
2607.874023	186.633621
2607.269531	175.248520
2607.056641	208.006058
2606.456055	199.810944
2606.239258	195.728485
2605.642578	196.703568
2605.421875	207.916977
2604.829102	208.962082
2604.603516	183.416840
2604.015625	184.346985
2603.786133	165.039764
2603.202148	187.387589
2602.967773	186.393814
2602.387695	184.284317
2602.149414	164.968964
2601.574219	184.252945
2601.331055	183.259491
2600.759766	181.151199
2600.512695	180.166473
2599.945313	184.190155
2599.693359	213.710907
2599.130859	181.089417
2598.874023	183.141418
2598.316406	202.540009
2598.054688	207.515640
2597.500977	190.232346
2597.235352	204.419968
2596.686523	190.199814
2596.416016	173.872101
2595.871094	162.562347
2595.596680	198.232513
2595.055664	208.534836
2594.776367	176.846313
2594.240234	220.763763
2593.956055	167.662949
2593.424805	193.135162
2593.135742	170.674576
2592.609375	171.646240
2592.315430	188.920395
2591.793945	202.262604
2591.495117	155.368744
2590.977539	168.523193
2590.673828	185.793091
2590.162109	171.557739
2589.853516	143.121155
2589.345703	196.032242
2589.032227	170.490494
2588.529297	189.873520
2588.210938	179.585098
2587.712891	208.212479
2587.389648	200.848373
2586.896484	195.930893
2586.567383	206.889938
2586.079102	183.653503
2585.746094	179.468613
2585.262695	186.682144
2584.923828	158.141495
2584.445313	174.410538
2584.101563	170.269348
2583.627930	204.973404
2583.279297	145.913528
2582.810547	186.585266
2582.456055	176.273972
2581.993164	207.960663
2581.633789	197.505585
2581.175781	192.636032
2580.810547	170.121750
2580.358398	168.145142
2579.987305	185.270981
2579.540039	171.172607
2579.164063	200.413605
2578.722656	183.367371
2578.340820	206.441895
2577.904297	207.780228
2577.517578	188.185532
2577.085938	192.468781
2576.693359	172.971664
2576.267578	192.435272
2575.869141	188.103714
2575.449219	189.347763
2575.044922	175.929703
2574.629883	198.475143
2574.220703	172.858795
2573.811523	201.493454
2573.396484	157.661392
2572.992188	192.301086
2572.571289	194.002518
2572.172852	201.423096
2571.746094	169.715210
2571.353516	207.490555
2570.921875	206.037811
2570.534180	189.149475
2570.095703	205.992859
2569.714844	186.066101
2569.270508	178.690094
2568.894531	201.282166
2568.445313	181.679062
2568.075195	213.443665
2567.619141	166.502762
2567.254883	219.503555
2566.792969	178.573013
2566.434570	198.128159
2565.966797	202.741959
2565.614258	216.378922
2565.140625	142.190857
2564.793945	188.917404
2564.314453	154.258438
2563.973633	185.837662
2563.487305	205.632889
2563.152344	185.804962
2562.660156	214.657898
2562.332031	185.772247
2561.833984	205.542801
2561.510742	216.188629
2561.005859	202.475708
2560.689453	188.751160
2560.178711	205.452652
2559.868164	185.674026
2559.351563	187.283371
2559.046875	203.901047
2558.523438	184.222214
2558.224609	182.565704
2557.695313	193.239868
2557.403320	219.040131
2556.867188	187.159988
2556.581055	194.667908
2556.039063	205.227112
2555.758789	191.592300
2555.209961	181.042908
2554.937500	231.086304
2554.381836	190.053223
2554.114258	206.724792
2553.552734	220.171906
2553.291992	191.490494
2552.723633	196.000305
2552.469727	191.456512
2551.894531	165.809860
2551.646484	194.460983
2551.065430	195.913895
2550.824219	203.540176
2550.235352	204.910858
2550.000977	206.541382
2549.405273	195.827454
2549.177734	221.688812
2548.575195	180.723892
2548.354492	191.286438
2547.745117	171.649765
2547.530273	194.288132
2546.915039	171.611832
2546.707031	179.077469
2546.083984	216.724899
2545.882813	200.288223
2545.253906	213.667557
2545.059570	203.286636
2544.422852	186.541641
2544.235352	215.384689
2543.591797	192.516479
2543.411133	206.247101
2542.760742	219.540451
2542.586914	206.210236
2541.928711	219.491791
2541.761719	236.492981
2541.097656	204.412766
2540.937500	190.979385
2540.265625	186.334991
2540.112305	200.037827
2539.433594	189.298355
2539.287109	196.971664
2538.601563	204.276657
2538.461914	233.293839
2537.768555	192.217667
2537.636719	205.988785
2536.936523	192.174942
2536.811523	224.124039
2536.103516	189.130127
2535.986328	221.055649
2535.270508	201.093628
2535.160156	205.877853
2534.437500	192.046661
2534.333984	214.922058
2533.604492	192.003891
2533.507813	223.962982
2532.770508	194.960495
2532.681641	223.922684
2531.936523	203.913193
2531.855469	214.806046
2531.103516	200.869644
2531.029297	217.792252
2530.268555	203.822189
2530.203125	220.777328
2529.434570	221.756973
2529.375977	214.689911
2528.600586	191.746964
2528.548828	214.651169
2527.765625	221.657852
2527.721680	205.544281
2526.930664	203.640045
2526.894531	202.484985
2526.095703	239.522903
2526.067383	238.707779
2525.260742	221.509079
2525.240234	238.664612
2524.425781	230.437546
2524.412109	250.703522
2523.589844	224.401855
2523.583984	205.358459
2522.755859	241.554413
2522.753906	203.412064
2521.927734	229.435104
2521.917969	221.310516
2521.099609	214.301819
2521.082031	221.260849
2520.271484	244.440796
2520.246094	227.189835
2519.443359	244.396423
2519.409180	236.104782
2518.614258	205.135025
2518.572266	227.087708
2517.785156	205.097748
2517.735352	224.049316
2516.956055	220.138428
2516.898438	223.998886
2516.126953	214.068268
2516.061523	212.004532
2515.297852	241.159775
2515.223633	220.912689
2514.468750	171.795044
2514.386719	232.801422
2513.638672	235.045105
2513.548828	199.925354
2512.808594	241.027954
2512.710938	226.729828
2511.979492	228.934769
2511.872070	217.730789
2511.148438	252.986984
2511.034180	235.573242
2510.318359	225.839981
2510.195313	217.632401
2509.488281	237.841309
2509.356445	202.680237
2508.658203	234.787735
2508.517578	238.393387
2507.827148	204.649307
2507.678711	193.650772
2506.996094	225.674835
2506.838867	202.542618
2506.165039	219.616623
2506.000000	223.341965
2505.333984	198.521118
2505.160156	202.450790
2504.502930	216.528793
2504.320313	238.123367
2503.670898	240.543427
2503.479492	217.238251
2502.839844	231.480576
2502.639648	270.742340
2502.007813	240.455139
2501.798828	226.063095
2501.175781	237.405838
2500.958984	234.933212
2500.343750	249.380554
2500.117188	225.960281
2499.511719	243.326645
2499.276367	228.881332
2498.679688	231.267975
2498.435547	202.082932
2497.846680	219.213699
2497.593750	246.603836
2497.014648	228.180466
2496.751953	222.783981
2496.181641	213.129318
2495.910156	196.005188
2495.348633	213.090042
2495.068359	192.991348
2494.515625	204.048599
2494.226563	210.757782
2493.681641	225.012085
2493.383789	234.451553
2492.848633	266.965057
2492.541016	225.496765
2492.014648	230.927109
2491.698242	240.277084
2491.181641	215.891953
2490.855469	219.462158
2490.347656	248.829437
2490.012695	213.481842
2489.513672	236.793869
2489.168945	257.898102
2488.678711	227.759537
2488.325195	237.093307
2487.844727	263.672760
2487.481445	254.816833
2487.009766	239.658112
2486.637695	222.172974
2486.175781	251.594391
2485.793945	278.392822
2485.340820	236.574677
2484.949219	248.719391
2484.505859	281.441711
2484.104492	263.463531
2483.670898	215.532379
2483.259766	248.604980
2482.834961	269.365448
2482.415039	251.506653
2482.000000	248.368668
2481.570313	242.574051
2481.164063	260.289856
2480.724609	236.603058
2480.328125	281.180450
2479.878906	251.332779
2479.492188	233.276550
2479.033203	201.019821
2478.656250	236.223312
2478.187500	233.483810
2477.820313	248.137787
2477.341797	245.249100
2476.983398	236.135361
2476.495117	221.559402
2476.147461	277.930328
2475.649414	236.275375
2475.310547	265.926758
2474.802734	253.937241
2474.473633	271.851929
2473.955078	245.022202
2473.636719	274.788025
2473.108398	247.916824
2472.799805	232.928986
2472.260742	224.253693
2471.961914	238.856903
2471.414063	238.951767
2471.125000	229.856812
2470.566406	247.744308
2470.287109	274.582794
2469.717773	218.200256
2469.449219	262.595276
2468.870117	238.785309
2468.611328	280.447052
2468.021484	271.149872
2467.773438	268.462860
2467.173828	215.101456
2466.934570	253.500793
2466.325195	235.672745
2466.096680	253.453293
2465.475586	229.727386
2465.257813	202.724640
2464.626953	247.341049
2464.418945	256.338959
2463.777344	244.339508
2463.580078	235.430008
2462.928711	226.623505
2462.741211	291.997589
2462.079102	247.167908
2461.902344	283.005768
2461.228516	247.110138
2461.062500	259.125031
2460.378906	229.405762
2460.223633	262.054230
2459.528320	244.054138
2459.383789	256.050293
2458.677734	273.394226
2458.543945	232.187988
2457.827148	249.817917
2457.704102	250.001556
2456.976563	252.697693
2456.863281	258.881439
2456.125977	220.324203
2456.023438	261.807800
2455.274414	223.209457
2455.182617	232.013199
2454.422852	231.965866
2454.341797	249.813278
2453.571289	237.782532
2453.500977	288.420471
2452.719727	243.596405
2452.660156	246.746216
2451.867188	237.670685
2451.819336	202.115387
2451.015625	261.082855
2450.978516	246.653091
2450.163086	246.357208
2450.136719	246.606506
2449.310547	243.367004
2449.294922	252.501114
2448.458008	237.446716
2448.453125	237.603195
2447.611328	261.314087
2447.604492	228.598419
2446.769531	228.606583
2446.750977	249.054825
2445.926758	255.278503
2445.897461	228.490417
2445.084961	222.584457
2445.043945	263.580444
2444.242188	237.378464
2444.190430	219.598373
2443.399414	222.500137
2443.335938	231.255524
2442.556641	225.424072
2442.482422	257.540039
2441.713867	252.071213
2441.627930	231.145905
2440.870117	228.303558
2440.773438	272.043915
2440.027344	246.046738
2439.917969	228.111694
2439.183594	192.650620
2439.063477	239.752747
2438.339844	234.100128
2438.208008	230.926407
2437.496094	269.608398
2437.352539	242.561157
2436.652344	228.086838
2436.497070	230.816513
2435.807617	260.621094
2435.640625	221.998444
2434.963867	236.883209
2434.785156	248.228546
2434.119141	239.798599
2433.928711	233.571152
2433.274414	245.672775
2433.072266	227.677521
2432.429688	257.463379
2432.215820	230.541397
2431.584961	201.197403
2431.358398	236.321396
2430.740234	236.657715
2430.501953	198.345825
2429.894531	233.654938
2429.644531	247.872955
2429.048828	263.181305
2428.787109	256.559967
2428.203125	230.609268
2427.928711	209.862396
2427.357422	218.741394
2427.071289	212.726135
2426.511719	239.387421
2426.212891	215.588455
2425.666016	239.341690
2425.354492	238.837952
2424.819336	248.158768
2424.496094	253.340363
2423.973633	230.389084
2423.637695	227.078125
2423.126953	253.970154
2422.778320	235.755173
2422.280273	230.300949
2421.918945	212.419556
2421.432617	215.496826
2421.059570	235.641632
2420.585938	200.698334
2420.200195	197.774918
2419.739258	259.677490
2419.340820	235.527985
2418.891602	212.422699
2418.480469	226.749969
2418.043945	227.130737
2417.620117	217.976151
2417.196289	230.036377
2416.759766	241.168625
2416.348633	224.095016
2415.899414	232.395462
2415.500000	238.792267
2415.039063	270.094330
2414.652344	232.851456
2414.177734	223.572311
2413.803711	197.443695
2413.316406	185.781296
2412.955078	218.030258
2412.106445	247.446243
2411.257813	244.453461
2410.409180	214.959885
2409.559570	247.303513
2408.709961	217.820694
2407.861328	250.151291
2407.011719	232.448776
2406.161133	238.287643
2405.311523	276.478027
2404.460938	217.610962
2403.611328	267.551056
2402.760742	252.801682
2401.910156	229.240997
2401.059570	235.073578
2400.208008	229.152481
2399.357422	217.359070
2398.505859	220.253784
2397.654297	211.402756
2396.802734	223.104202
2395.951172	225.996063
2395.098633	258.231232
2394.247070	225.908585
2393.394531	263.997864
2392.541992	255.148499
2391.689453	243.370361
2390.836914	240.391586
2389.983398	246.207047
2389.130859	222.715546
2388.277344	237.321823
2387.423828	246.063751
2386.570313	251.873489
2385.716797	248.896378
2384.862305	228.354645
2384.008789	234.164383
2383.154297	199.001022
2382.299805	216.517822
2381.445313	225.251740
2380.590820	263.230011
2379.735352	228.088257
2378.880859	230.967484
2378.025391	251.383972
2377.169922	257.179993
2376.314453	265.895630
2375.458008	260.001068
2374.602539	283.316681
2373.746094	259.899628
2372.889648	239.411362
2372.033203	233.526459
2371.176758	239.317871
2370.320313	236.353165
2369.462891	256.728577
2368.606445	227.510391
2367.749023	233.298355
2366.891602	265.324951
2366.034180	250.697601
2365.175781	262.306610
2364.318359	273.911041
2363.459961	247.637009
2362.601563	241.762878
2361.743164	215.505386
2360.884766	250.403107
2360.026367	276.553833
2359.166992	235.752274
2358.307617	226.976166
2357.448242	258.934784
2356.588867	255.975143
2355.729492	253.016632
2354.870117	241.336258
2354.009766	264.545593
2353.149414	244.147934
2352.289063	232.476120
2351.428711	273.105713
2350.568359	270.147156
2349.707031	249.764343
2348.846680	252.618835
2347.985352	255.472183
2347.124023	223.494125
2346.262695	249.567627
2345.400391	272.729462
2344.539063	292.981323
2343.676758	263.921204
2342.814453	249.370834
2341.952148	278.312500
2341.089844	231.881317
2340.227539	298.488251
2339.364258	243.379227
2338.500977	304.163940
2337.638672	266.452881
2336.774414	257.713226
2335.911133	243.186859
2335.047852	266.294830
2334.183594	277.817902
2333.319336	283.549652
2332.455078	248.780014
2331.590820	248.730759
2330.726563	248.681488
2329.861328	257.305420
2328.997070	263.035431
2328.131836	248.533661
2327.266602	254.263077
2326.401367	245.546310
2325.535156	274.379639
2324.669922	259.887024
2323.803711	251.174255
2322.937500	271.329773
2322.071289	265.504059
2321.205078	300.075378
2320.338867	288.476685
2319.471680	288.419342
2318.604492	288.361969
2317.737305	285.421570
2316.870117	262.304993
2316.002930	305.481293
2315.134766	282.369873
2314.267578	270.790619
2313.399414	276.497040
2312.531250	290.839966
2311.663086	256.233643
2310.793945	253.304123
2309.925781	253.253616
2309.056641	264.712341
2308.187500	264.659515
2307.318359	307.749084
2306.449219	267.429474
2305.579102	281.751129
2304.709961	281.694855
2303.839844	304.629456
2302.969727	304.568604
2302.099609	264.289703
2301.228516	278.597565
2300.358398	284.284973
2299.487305	264.131165
2298.616211	272.689575
2297.745117	249.676254
2296.874023	272.580414
2296.002930	272.525818
2295.130859	269.603088
2294.258789	295.356964
2293.387695	295.297760
2292.514648	257.975464
2291.642578	263.655365
2290.770508	275.063446
2289.897461	257.820251
2289.024414	292.137634
2288.151367	277.761383
2287.278320	303.472137
2286.405273	263.337982
2285.531250	246.114319
2284.657227	306.150482
2283.783203	254.597336
2282.909180	260.266296
2282.035156	291.668365
2281.161133	265.879425
2280.286133	288.692688
2279.411133	291.492340
2278.536133	328.577179
2277.661133	294.231598
2276.786133	322.732758
2275.910156	288.402130
2275.035156	262.649994
2274.159180	291.140198
2273.283203	253.982880
2272.406250	305.288605
2271.530273	330.900330
2270.653320	282.349335
2269.777344	296.549530
2268.900391	296.489655
2268.022461	282.178345
2267.145508	296.369904
2266.268555	267.818665
2265.390625	284.855896
2264.512695	318.974121
2263.634766	273.351105
2262.756836	276.142639
2261.877930	301.703094
2261.000000	290.259308
2260.121094	275.975037
2259.242188	298.675385
2258.363281	292.927002
2257.483398	278.650787
2256.604492	289.965515
2255.724609	301.275665
2254.844727	304.056213
2253.964844	269.901733
2253.084961	340.859344
2252.204102	295.351501
2251.324219	283.934204
2250.443359	317.941772
2249.562500	280.980743
2248.681641	306.462219
2247.800781	306.399963
2246.918945	289.318939
2246.037109	280.752502
2245.155273	275.024811
2244.273438	291.977264
2243.391602	289.083740
2242.509766	297.525665
2241.626953	297.465118
2240.744141	300.237000
2239.861328	311.503265
2238.978516	314.271088
2238.095703	283.069458
2237.211914	302.822601
2236.328125	268.806396
2235.444336	302.699158
2234.560547	325.264557
2233.676758	288.436676
2232.791992	260.105499
2231.908203	277.012360
2231.023438	324.999176
2230.138672	333.409332
2229.253906	316.391693
2228.368164	296.556641
2227.483398	302.143585
2226.597656	271.026703
2225.711914	287.907013
2224.826172	333.000793
2223.940430	316.003906
2223.053711	284.909515
2222.166992	298.952789
2221.280273	293.252136
2220.393555	335.479431
2219.506836	304.406372
2218.620117	281.800018
2217.732422	284.559723
2216.844727	326.754089
2215.957031	306.973236
2215.069336	301.278931
2214.181641	334.998505
2213.292969	289.897217
2212.404297	312.349396
2211.515625	275.711334
2210.626953	312.221191
2209.738281	337.467102
2208.848633	272.729889
2207.959961	300.784576
2207.070313	281.049316
2206.180664	297.851044
2205.291016	334.311188
2204.400391	280.876007
2203.510742	283.626434
2202.620117	283.568054
2201.729492	308.772949
2200.838867	322.741638
2199.947266	325.481049
2199.056641	302.971680
2198.165039	286.080963
2197.273438	333.692352
2196.381836	336.427155
2195.489258	311.130951
2194.597656	305.462006
2193.705078	296.993500
2192.812500	313.739716
2191.919922	299.671631
2191.027344	338.811066
2190.134766	313.545471
2189.241211	288.290314
2188.347656	291.029114
2187.454102	313.351227
2186.560547	316.083649
2185.666992	316.018311
2184.772461	293.584595
2183.877930	307.501221
2182.983398	327.001801
2182.088867	340.905670
2181.194336	312.897797
2180.298828	349.144012
2179.404297	326.731110
2178.508789	273.615509
2177.613281	287.515900
2176.716797	329.318878
2175.821289	295.767487
2174.924805	301.285522
2174.028320	320.746765
2173.131836	295.583496
2172.235352	323.401611
2171.338867	281.523987
2170.441406	342.774841
2169.543945	353.848511
2168.646484	337.061218
2167.749023	345.346313
2166.851563	297.938538
2165.953125	306.228271
2165.054688	289.464691
2164.156250	328.362793
2163.257813	347.769562
2162.359375	364.386658
2161.459961	305.909821
2160.560547	333.650330
2159.662109	289.103394
2158.761719	341.849121
2157.862305	366.786011
2156.962891	330.594238
2156.062500	311.082642
2155.162109	349.894989
2154.261719	319.281982
2153.361328	341.421631
2152.459961	313.598328
2151.559570	327.405975
2150.658203	335.659760
2149.756836	305.081512
2148.855469	343.838196
2147.953125	363.172516
2147.051758	360.324860
2146.149414	340.851471
2145.247070	332.468475
2144.344727	321.318939
2143.441406	337.868164
2142.539063	323.953278
2141.635742	321.117218
2140.732422	351.494354
2139.829102	318.215607
2138.924805	312.615906
2138.021484	340.209686
2137.117188	340.138367
2136.212891	329.007935
2135.308594	364.873444
2134.404297	345.451599
2133.499023	339.853027
2132.593750	320.444489
2131.689453	350.757813
2130.783203	323.071198
2129.877930	325.764038
2128.972656	378.138062
2128.066406	364.260803
2127.160156	322.799652
2126.253906	355.832428
2125.347656	347.484131
2124.440430	344.653778
2123.534180	361.121124
2122.626953	369.313293
2121.719727	352.702576
2120.811523	371.912628
2119.904297	380.097229
2118.996094	338.710876
2118.087891	355.158447
2117.179688	360.588715
2116.271484	363.264648
2115.363281	354.933716
2114.454102	335.602875
2113.544922	363.034637
2112.635742	360.208282
2111.726563	327.142944
2110.817383	387.541260
2109.907227	362.727875
2108.997070	370.893250
2108.086914	373.561584
2107.176758	357.005371
2106.266602	348.692963
2105.355469	362.344299
2104.444336	381.478729
2103.533203	362.190826
2102.622070	367.600677
2101.710938	362.037354
2100.798828	361.960602
2099.886719	381.074646
2098.974609	348.102264
2098.062500	361.730316
2097.150391	350.694336
2096.237305	334.184570
2095.325195	361.499939
2094.412109	342.256775
2093.498047	385.983612
2092.584961	391.375336
2091.670898	385.819519
2090.757813	341.965820
2089.843750	380.185089
2088.929688	344.554871
2088.014648	371.821320
2087.100586	399.076141
2086.185547	330.670746
2085.270508	371.583801
2084.355469	376.967896
2083.439453	324.997223
2082.524414	357.693756
2081.608398	335.778229
2080.692383	349.353180
2079.776367	384.752228
2078.860352	360.116669
2077.943359	409.136078
2077.026367	381.778748
2076.109375	354.433075
2075.192383	376.163910
2074.275391	343.380585
2073.357422	351.481110
2072.439453	373.198517
2071.521484	359.501160
2070.603516	348.532562
2069.685547	337.568604
2068.766602	353.826752
2067.848633	402.731812
2066.929688	394.483765
2066.009766	359.039246
2065.090820	407.911621
2064.170898	407.824097
2063.251953	380.554138
2062.332031	380.472412
2061.411133	372.239471
2060.491211	366.726532
2059.570313	366.647705
2058.650391	358.422913
2057.729492	380.063782
2056.807617	366.411224
2055.886719	379.900238
2054.964844	358.114563
2054.043945	398.723541
2053.122070	428.467682
2052.199219	393.129303
2051.277344	371.359344
2050.354492	401.090027
2049.432617	371.199219
2048.509766	354.865753
2047.585938	357.497467
2046.663086	354.712555
2045.739258	387.121704
2044.815430	392.451202
2043.891602	395.072388
2042.967773	376.049255
2042.043945	421.949615
2041.119141	370.478180
2040.194336	389.323456
2039.269531	416.269684
2038.344727	383.749969
2037.418945	353.946198
2036.493164	421.401855
2035.568359	418.609802
2034.641602	442.820160
2033.715820	413.029205
2032.790039	394.046936
2031.863281	366.977753
2031.011719	356.431824
2030.936523	415.458130
2030.085938	356.431824
2030.009766	418.065094
2029.160156	383.369446
2029.083008	404.491241
2028.233398	386.003937
2028.155273	393.619232
2027.307617	369.745392
2027.227539	404.315399
2026.380859	366.984344
2026.299805	404.227478
2025.454102	385.807800
2025.372070	406.833801
2024.527344	372.254822
2024.444336	374.421143
2023.600586	356.009338
2023.515625	387.805084
2022.672852	399.094116
2022.586914	336.563049
2021.746094	382.849457
2021.658203	417.247253
2020.818359	320.783966
2020.729492	387.551666
2019.890625	371.938171
2019.800781	400.920898
2018.962891	355.706238
2018.871094	406.213806
2018.035156	374.505463
2017.941406	376.539886
2017.107422	414.848816
2017.011719	392.591614
2016.179688	430.938019
2016.082031	408.636292
2015.250977	366.234589
2015.152344	438.112976
2014.322266	403.865967
2014.221680	392.334473
2013.393555	387.644836
2013.291016	408.368530
2012.464844	341.822510
2012.360352	416.337402
2011.536133	355.219025
2011.429688	451.157318
2010.606445	422.422699
2010.498047	410.785522
2009.677734	384.688202
2009.566406	437.538483
2008.748047	346.966644
2008.635742	405.238312
2007.818359	379.177216
2007.703125	407.832672
2006.888672	333.403259
2006.771484	429.203491
2005.958008	411.305573
2005.839844	450.564880
2005.028320	395.107635
2004.907227	442.422058
2004.097656	386.977234
2003.974609	442.325012
2003.167969	400.344635
2003.041992	402.025421
2002.237305	424.452942
2002.108398	452.849243
2001.306641	402.891754
2001.175781	420.601868
2000.375000	416.249237
2000.242188	399.082245
1999.444336	375.901733
1999.308594	439.161804
1998.512695	381.205475
1998.375000	431.033569
1997.581055	416.032135
1997.440430	380.082672
1996.649414	402.541626
1996.506836	420.139801
1995.717773	402.471466
1995.572266	363.862671
1994.786133	413.131958
1994.637695	409.255371
1993.854492	418.424255
1993.703125	422.536652
1992.921875	399.578979
1992.767578	398.380310
1991.989258	361.971344
1991.832031	395.619415
1991.056641	394.077606
1990.896484	384.842133
1990.124023	415.451233
1989.960938	398.116882
1989.191406	428.777710
1989.025391	408.714386
1988.258789	399.229187
1988.089844	403.282654
1987.325195	396.480194
1987.153320	437.905640
1986.391602	353.555328
1986.216797	373.739319
1985.458008	404.374756
1985.280273	419.029327
1984.524414	425.723663
1984.342773	384.247650
1983.590820	369.430939
1983.406250	413.508453
1982.656250	388.101776
1982.468750	416.084167
1981.722656	417.470337
1981.531250	458.657928
1980.788086	401.342926
1980.593750	434.562134
1979.853516	398.596893
1979.655273	477.112854
1978.918945	419.923798
1978.717773	477.007111
1977.984375	433.220520
1977.779297	426.280548
1977.048828	395.711639
1976.840820	444.831665
1976.113281	435.740326
1975.901367	418.102264
1975.178711	395.571350
1974.962891	492.558929
1974.243164	406.190369
1974.023438	479.140106
1973.307617	414.133728
1973.083984	423.146423
1972.371094	440.773682
1972.144531	436.355957
1971.435547	413.986481
1971.205078	412.317902
1970.499023	440.616852
1970.264648	412.226227
1969.562500	435.198517
1969.324219	465.313141
1968.625977	429.782043
1968.383789	473.184601
1967.689453	403.015594
1967.443359	475.737000
1966.752930	440.302673
1966.502930	438.430847
1965.815430	386.863525
1965.561523	433.020020
1964.878906	416.137360
1964.620117	443.547394
1963.941406	480.072601
1963.678711	462.036133
1963.003906	458.653931
1962.737305	432.730377
1962.065430	415.913910
1961.794922	467.138336
1961.127930	418.504974
1960.852539	424.576385
1960.190430	426.425354
1959.910156	440.399597
1959.251953	399.701996
1958.967773	411.124603
1958.313477	415.615387
1958.025391	448.158234
1957.375000	394.230865
1957.082031	408.289551
1956.436523	418.129120
1956.139648	490.367950
1955.497070	455.332520
1955.196289	461.107697
1954.558594	391.355682
1954.251953	461.004456
1953.619141	415.241333
1953.308594	492.687439
1952.679688	396.537140
1952.364258	418.425659
1951.740234	433.717346
1951.419922	473.932892
1950.800781	430.978607
1950.475586	447.355835
1949.860352	444.200104
1949.531250	468.427307
1948.920898	414.866333
1948.585938	465.676239
1947.980469	446.698242
1947.641602	436.473419
1947.040039	433.325104
1946.696289	494.558746
1946.099609	414.640869
1945.750000	446.853668
1945.158203	454.427734
1944.804688	444.109680
1944.217773	411.833374
1943.858398	483.653503
1943.276367	464.888702
1942.913086	496.756226
1942.334961	422.307800
1941.965820	501.927826
1941.393555	424.886505
1941.019531	443.709900
1940.452148	483.220428
1940.073242	488.498993
1939.510742	445.968384
1939.125977	477.829071
1938.568359	414.037994
1938.178711	459.245880
1937.625977	437.844940
1937.231445	432.754761
1936.684570	445.724365
1936.283203	464.314911
1935.741211	437.685059
1935.335938	451.022247
1934.798828	445.561523
1934.387695	516.844360
1933.856445	469.345032
1933.439453	464.000214
1932.913086	477.212677
1932.491211	490.252960
1931.969727	458.570435
1931.541992	469.060669
1931.026367	434.634521
1930.593750	474.223633
1930.083008	442.503998
1929.644531	492.554077
1929.139648	471.564423
1928.695313	426.607941
1928.195313	490.019104
1927.745117	492.330872
1927.251953	439.612061
1926.795898	444.839844
1926.307617	487.191254
1925.845703	442.107330
1925.363281	452.686829
1924.895508	486.733856
1924.418945	500.246002
1923.945313	462.949768
1923.473633	441.934906
1922.994141	441.806213
1922.529297	444.499298
1922.042969	504.806610
1921.583984	425.899933
1921.092773	473.148590
1920.638672	452.269867
1920.140625	486.180969
1919.693359	417.809631
1919.189453	457.168854
1918.748047	467.966095
1918.238281	462.318359
1917.801758	415.011841
1917.286133	443.829559
1916.856445	465.150116
1916.333984	464.733307
1915.910156	438.639954
1915.380859	454.127289
1914.963867	467.619812
1914.428711	469.770172
1914.017578	456.967438
1913.475586	461.791504
1913.070313	493.855896
1912.522461	474.802155
1912.124023	485.842896
1911.569336	477.316315
1911.176758	477.832825
1910.616211	500.805359
1910.229492	446.070435
1909.662109	495.448029
1909.282227	490.850159
1908.708984	511.059601
1908.334961	488.120392
1907.754883	505.702179
1907.386719	490.667542
1906.799805	482.009827
1906.439453	506.401215
1905.845703	542.136841
1905.491211	437.744476
1904.890625	502.736298
1904.542969	474.574188
1903.935547	479.060638
1903.594727	469.213623
1902.980469	502.505676
1902.646484	466.490509
1902.025391	541.639587
1901.697266	458.498230
1901.069336	531.051147
1900.748047	474.219879
1900.113281	502.159576
1899.798828	482.033417
1899.157227	491.584900
1898.849609	508.278931
1898.201172	488.857635
1897.900391	479.219940
1897.245117	501.813202
1896.951172	434.376282
1896.288086	486.019623
1896.000977	481.672516
1895.331055	491.132507
1895.050781	434.213440
1894.374023	464.901276
1894.100586	468.336334
1893.416016	483.072540
1893.150391	455.095367
1892.458984	496.014099
1892.200195	470.790588
1891.500977	506.339630
1891.249023	462.813232
1890.542969	493.175751
1890.298828	486.388367
1889.584961	480.017883
1889.347656	446.867371
1888.625977	524.246155
1888.396484	465.180206
1887.666992	471.973206
1887.444336	496.624298
1886.708008	510.968781
1886.493164	454.496368
1885.749023	492.605835
1885.541016	441.277405
1884.790039	469.039795
1884.588867	470.081879
1883.830078	541.875977
1883.637695	498.875397
1882.870117	487.054382
1882.684570	514.532166
1881.910156	507.773163
1881.732422	506.560944
1880.950195	497.241882
1880.779297	488.095947
1879.989258	473.701630
1879.827148	514.240356
1879.028320	504.817444
1878.874023	469.549011
1878.067383	496.895477
1877.920898	456.346680
1877.106445	478.573334
1876.966797	469.371124
1876.145508	517.467041
1876.013672	477.147217
1875.183594	496.548767
1875.059570	471.814331
1874.221680	509.428772
1874.105469	490.069641
1873.259766	550.886414
1873.151367	484.736206
1872.296875	509.191345
1872.197266	489.883514
1871.334961	496.086029
1871.243164	489.790375
1870.372070	529.727417
1870.288086	453.035431
1869.409180	508.834961
1869.333008	471.276642
1868.445313	485.356689
1868.377930	484.275452
1867.482422	500.812531
1867.422852	463.245544
1866.518555	518.855347
1866.467773	457.923859
1865.554688	477.235260
1865.511719	455.220337
1864.590820	508.240295
1864.556641	468.212036
1863.625977	505.528778
1863.600586	465.507477
1862.662109	495.042938
1862.644531	460.189148
1861.697266	518.248047
1861.688477	465.329651
1860.731445	518.126465
1860.731445	507.060089
1859.774414	452.085663
1859.766602	525.774902
1858.818359	478.126282
1858.800781	491.989014
1857.861328	506.769073
1857.835938	517.761475
1856.903320	556.294556
1856.869141	507.286987
1855.946289	477.851593
1855.903320	514.930420
1854.988281	550.859863
1854.936523	514.809204
1854.031250	511.601044
1853.970703	506.928894
1853.073242	459.308716
1853.003906	501.637939
1852.115234	511.404663
1852.036133	555.807861
1851.156250	500.871582
1851.069336	553.092224
1850.198242	505.991730
1850.101563	516.786682
1849.239258	458.955780
1849.133789	524.414612
1848.280273	531.869141
1848.166016	568.196838
1847.321289	510.913147
1847.198242	506.092072
1846.362305	510.814758
1846.229492	531.787292
1845.402344	508.110657
1845.260742	505.852631
1844.443359	492.381561
1844.291992	547.017151
1843.483398	533.961670
1843.322266	505.613037
1842.523438	476.566467
1842.353516	572.548401
1841.563477	518.133484
1841.383789	559.520447
1840.602539	497.207916
1840.414063	525.875977
1839.642578	525.741333
1839.444336	536.059937
1838.681641	504.822296
1838.473633	535.932617
1837.720703	559.359802
1837.502930	538.381165
1836.759766	520.234009
1836.532227	564.006897
1835.797852	556.542664
1835.561523	584.470764
1834.836914	509.631958
1834.589844	535.422791
1833.875000	571.925049
1833.619141	581.618835
1832.913086	519.831055
1832.647461	571.188477
1831.951172	522.328918
1831.674805	563.335327
1830.989258	517.031250
1830.703125	578.631042
1830.026367	542.907288
1829.730469	570.779663
1829.063477	524.621887
1828.757813	580.925110
1828.100586	560.872864
1827.785156	570.506836
1827.137695	508.841248
1826.812500	552.385742
1826.174805	560.654785
1825.838867	480.332123
1825.211914	519.023804
1824.865234	539.281250
1824.248047	508.544342
1823.891602	603.336792
1823.284180	529.198181
1822.917969	551.856628
1822.320313	529.095093
1821.943359	561.988892
1821.356445	578.260803
1820.968750	574.681702
1820.391602	508.148071
1819.994141	543.764526
1819.427734	557.298584
1819.019531	541.069519
1818.462891	531.274048
1818.043945	556.321594
1817.498047	559.672119
1817.069336	522.867737
1816.533203	546.609985
1816.093750	522.741821
1815.567383	525.782654
1815.117188	553.358032
1814.602539	528.269409
1814.141602	581.398132
1813.636719	561.823730
1813.165039	563.333679
1812.670898	541.005493
1812.188477	524.797852
1811.705078	525.371338
1811.211914	570.739807
1810.739258	530.443542
1810.234375	539.896912
1809.772461	569.144958
1809.257813	542.324463
1808.805664	522.476135
1808.280273	542.193298
1807.838867	563.749817
1807.301758	552.289612
1806.872070	506.758179
1806.324219	549.599609
1805.905273	535.093689
1805.345703	516.242859
1804.937500	522.066162
1804.367188	551.888184
1803.970703	555.555359
1803.388672	541.536621
1803.002930	532.194946
1802.410156	526.082336
1802.035156	537.256287
1801.430664	510.635468
1801.066406	568.140076
1800.451172	553.904785
1800.098633	544.790771
1799.471680	541.010376
1799.129883	591.149475
1798.491211	566.391846
1798.161133	580.709351
1797.511719	594.311523
1797.192383	601.238281
1796.531250	525.314758
1796.223633	539.201904
1795.550781	545.582275
1795.253906	533.936768
1794.569336	537.802673
1794.285156	559.620422
1793.588867	540.219543
1793.315430	605.921021
1792.607422	537.540039
1792.345703	541.354431
1791.625977	578.159973
1791.375000	569.598633
1790.643555	572.925903
1790.405273	554.024902
1789.662109	570.239929
1789.434570	543.610046
1788.679688	633.727539
1788.464844	595.019409
1787.697266	564.871643
1787.493164	571.723694
1786.714844	582.539978
1786.522461	574.185425
1785.731445	597.656372
1785.551758	571.497437
1784.748047	607.679993
1784.580078	586.827087
1783.764648	569.401123
1783.608398	604.723938
1782.781250	594.674622
1782.636719	596.885742
1781.796875	566.580383
1781.665039	625.062378
1780.812500	619.782898
1780.693359	568.359619
1779.828125	617.090759
1779.720703	617.100708
1778.843750	624.555176
1778.748047	583.558533
1777.858398	596.480774
1777.775391	627.136658
1776.873047	639.472534
1776.802734	598.745117
1775.887695	639.314636
1775.830078	614.041443
1774.902344	641.692993
1774.856445	624.194153
1773.916016	623.784302
1773.882813	616.365479
1772.930664	628.700134
1772.909180	623.945862
1771.943359	608.268860
1771.935547	618.687378
1770.960938	613.430847
1770.957031	630.922546
1769.987305	603.044128
1769.970703	638.365723
1769.012695	613.186523
1768.983398	658.467896
1768.038086	623.324768
1767.996094	617.793396
1767.063477	628.329712
1767.007813	637.890381
1766.087891	615.383911
1766.020508	622.547729
1765.113281	617.824707
1765.032227	647.693420
1764.137695	625.390625
1764.043945	645.002747
1763.162109	615.015442
1763.054688	675.187622
1762.186523	535.468994
1762.066406	642.153198
1761.209961	619.892822
1761.077148	619.245239
1760.234375	589.036560
1760.087891	578.660278
1759.257813	604.281860
1759.098633	636.619934
1758.281250	640.001038
1758.108398	656.665955
1757.304688	573.326172
1757.118164	600.951599
1756.327148	649.980774
1756.127930	613.423096
1755.350586	601.239746
1755.137695	628.411926
1754.373047	636.930603
1754.146484	635.823730
1753.395508	657.262512
1753.155273	600.349609
1752.417969	623.890686
1751.439453	628.878357
1750.461914	636.419922
1749.483398	610.738281
1748.504883	628.499817
1747.526367	610.493042
1746.546875	595.047241
1745.568359	602.587708
1744.588867	594.808044
1743.609375	579.374573
1742.629883	637.949341
1741.649414	589.346558
1740.669922	612.184814
1739.689453	627.363037
1738.708984	657.833557
1737.728516	632.208679
1736.747070	649.922241
1735.766602	593.730774
1734.785156	644.564697
1733.803711	644.434631
1732.822266	634.117859
1731.839844	608.528381
1730.857422	679.683044
1729.875977	646.459229
1728.893555	651.417725
1727.910156	661.462341
1726.927734	643.523560
1725.944336	628.134949
1724.960938	678.858643
1723.977539	653.300903
1722.994141	640.460999
1722.009766	642.872253
1721.026367	660.525330
1720.041992	609.592041
1719.057617	657.717957
1718.073242	665.201355
1717.087891	642.220520
1716.102539	652.241760
1715.117188	641.959778
1714.131836	690.029968
1713.146484	738.080566
1712.160156	737.930481
1711.174805	697.215210
1710.188477	679.329712
1709.202148	694.397217
1708.214844	717.059937
1707.228516	694.114502
1706.241211	668.645691
1705.253906	693.831787
1704.266602	708.880676
1703.278320	721.392151
1702.291016	728.837097
1701.302734	766.640930
1700.314453	774.073425
1699.326172	773.915405
1698.336914	713.070557
1697.348633	715.453003
1696.359375	664.755066
1695.370117	667.146301
1694.380859	694.802002
1693.390625	752.758728
1692.401367	714.721924
1691.411133	717.100708
1690.420898	711.904968
1689.429688	701.663330
1688.439453	706.566467
1687.448242	787.155640
1686.457031	736.545959
1685.465820	703.610291
1684.474609	721.115662
1683.482422	715.926025
1682.491211	730.901184
1681.499023	766.028870
1680.506836	682.734192
1679.513672	722.894714
1678.521484	677.417175
1677.528320	702.455627
1676.535156	727.483643
1675.541992	692.099915
1674.547852	681.892700
1673.554688	729.550598
1672.560547	709.279053
1671.566406	721.706299
1670.572266	706.472900
1669.577148	708.841003
1668.582031	731.312866
1667.587891	761.313171
1666.592773	720.963135
1665.596680	776.068542
1664.601563	745.776062
1663.605469	723.027588
1662.609375	760.528259
1661.613281	722.729126
1660.617188	725.088867
1659.620117	760.057190
1658.623047	729.805115
1657.625977	722.132080
1656.628906	747.051636
1655.631836	699.276184
1654.633789	756.765991
1653.635742	706.502808
1652.637695	721.385437
1651.639648	706.210327
1650.641602	773.665955
1649.642578	758.486206
1648.643555	758.329041
1647.644531	783.194031
1646.645508	727.994263
1645.645508	712.836243
1644.645508	785.207520
1643.645508	745.042297
1642.645508	717.391785
1641.645508	777.221375
1640.644531	747.076965
1639.644531	774.400452
1638.643555	756.756714
1637.641602	806.539978
1636.640625	781.407227
1635.638672	803.708618
1634.636719	808.532410
1633.634766	800.879333
1632.632813	808.195923
1631.630859	803.039856
1630.627930	792.899048
1629.625000	825.141235
1628.622070	844.908142
1627.618164	834.764771
1626.615234	864.486511
1625.611328	846.870667
1624.607422	874.087097
1623.603516	903.781799
1622.598633	818.959106
1621.594727	771.502502
1620.589844	850.963745
1619.584961	850.786011
1618.580078	870.505554
1617.574219	852.917175
1616.568359	840.308289
1615.562500	817.762207
1614.556641	909.539124
1613.550781	879.534180
1612.543945	832.153381
1611.538086	859.297913
1610.531250	839.254028
1609.523438	906.105225
1608.516602	856.276245
1607.508789	841.208191
1606.500977	917.940369
1605.493164	863.179138
1604.485352	865.478027
1603.476563	1014.058105
1602.468750	912.212952
1601.459961	902.108215
1600.450195	899.441101
1599.441406	891.820374
1598.431641	899.063354
1597.422852	888.969543
1596.413086	876.404175
1595.402344	878.695190
1594.392578	856.238342
1593.381836	922.860535
1592.371094	863.299133
1591.360352	942.257202
1590.349609	892.606995
1589.337891	865.226257
1588.326172	855.157837
1587.314453	906.869446
1586.302734	894.325867
1585.291016	923.777344
1584.278320	879.132080
1583.265625	955.484253
1582.252930	942.940613
1581.240234	878.576050
1580.226563	905.531921
1579.213867	895.473389
1578.200195	932.279541
1577.185547	882.766174
1576.171875	917.093994
1575.157227	870.069336
1574.142578	909.313721
1573.127930	926.367676
1572.113281	936.024719
1571.098633	923.513306
1570.083008	955.326294
1569.067383	886.197693
1568.051758	945.077454
1567.035156	905.507507
1566.019531	858.573914
1565.002930	905.124023
1563.986328	843.455872
1562.969727	865.403931
1561.952148	897.174683
1560.934570	867.494568
1559.916992	926.277893
1558.899414	881.865356
1557.881836	906.237488
1556.863281	883.946533
1555.845703	859.210022
1554.827148	883.571228
1553.807617	846.575928
1552.789063	848.849365
1551.769531	826.593811
1550.750000	828.870361
1549.730469	823.790649
1548.710938	870.188965
1547.690430	808.735962
1546.669922	830.615662
1545.649414	818.190552
1544.628906	813.118042
1543.607422	825.188049
1542.586914	876.422607
1541.565430	812.598633
1540.543945	890.731567
1539.521484	888.095154
1538.500000	873.229736
1537.477539	865.707031
1536.455078	882.637207
1535.432617	799.337341
1534.409180	855.377258
1533.385742	818.543518
1532.362305	876.998108
1531.338867	911.004028
1530.315430	923.018616
1529.291016	849.581604
1528.266602	839.636841
1527.242188	898.024109
1526.217773	827.079041
1525.193359	848.855286
1524.167969	819.409058
1523.142578	850.930237
1522.117188	840.997375
1521.090820	821.320129
1520.065430	891.806519
1519.039063	874.562744
1518.012695	842.712708
1516.985352	896.103516
1515.958984	869.131470
1514.931641	868.945068
1513.904297	873.625732
1512.876953	897.768066
1511.848633	895.142944
1510.821289	921.702026
1509.792969	928.798401
1508.764648	872.688538
1507.735352	935.690552
1506.707031	913.620911
1505.677734	940.147095
1504.648438	903.513000
1503.619141	942.171143
1502.588867	910.407715
1501.559570	876.230652
1500.529297	907.589294
1499.499023	900.115417
1498.467773	878.090637
1497.437500	868.200928
1496.406250	834.069275
1495.375000	896.916077
1494.342773	911.264221
1493.311523	881.991150
1492.279297	896.336182
1491.247070	905.830872
1490.214844	842.676880
1489.182617	898.177185
1488.149414	876.199341
1487.116211	885.689819
1486.083008	904.853760
1485.049805	911.914917
1484.015625	899.626099
1482.981445	926.027771
1481.947266	947.583374
1480.913086	971.546265
1479.877930	838.441895
1478.843750	1007.362061
1477.808594	932.272461
1476.773438	932.070618
1475.737305	963.253052
1474.702148	963.044434
1473.666016	948.357056
1472.629883	926.438232
1471.592773	935.885742
1470.556641	933.271301
1469.519531	889.670349
1468.482422	1005.181763
1467.445313	886.874451
1466.407227	934.871216
1465.369141	915.396790
1464.331055	932.056946
1463.292969	943.893982
1462.254883	958.133118
1461.215820	955.518066
1460.176758	938.466125
1459.137695	1008.030334
1458.098633	957.300293
1457.058594	993.163391
1456.019531	956.883850
1454.979492	932.638489
1453.938477	1026.159668
1452.898438	946.648438
1451.857422	972.865723
1450.816406	979.858643
1449.775391	1034.870239
1448.734375	1027.442871
1447.692383	1027.218872
1446.650391	993.401550
1445.608398	947.603882
1444.566406	971.381897
1443.523438	1033.516602
1442.480469	1023.701233
1441.437500	994.714783
1440.394531	987.308411
1439.350586	1082.926880
1438.307617	994.062927
1437.263672	1046.531372
1436.218750	1041.513916
1435.174805	1091.555176
1434.129883	1088.923096
1433.084961	1038.437744
1432.040039	1095.623047
1430.995117	1109.733154
1429.949219	1109.489990
1428.903320	1106.856323
1427.857422	1140.075073
1426.811523	1127.877319
1425.764648	1113.295776
1424.718750	1113.051514
1423.671875	1136.687378
1422.624023	1138.825439
1421.577148	1186.314453
1420.529297	1090.596924
1419.481445	1078.427856
1418.433594	1094.888550
1417.385742	1099.417725
1416.336914	1127.787964
1415.288086	1125.156250
1414.239258	1134.441895
1413.189453	1136.575073
1412.140625	1188.734009
1411.090820	1164.655273
1410.041016	1123.918823
1408.990234	1097.484009
1407.940430	1137.704468
1406.889648	1173.147949
1405.838867	1122.928589
1404.788086	1139.330933
1403.736328	1096.274902
1402.685547	1131.695801
1401.633789	1098.168213
1400.581055	1097.925781
1399.529297	1073.924072
1398.476563	1035.680176
1397.423828	1104.323242
1396.371094	1063.714966
1395.318359	1065.853638
1394.264648	1022.898376
1393.210938	1036.908813
1392.157227	1036.679443
1391.102539	1060.167358
1390.048828	1062.303955
1388.994141	1092.887695
1387.939453	1078.424561
1386.884766	1094.773193
1385.829102	1144.281860
1384.773438	1117.973755
1383.717773	1143.774536
1382.662109	1150.623413
1381.605469	1133.799072
1380.549805	1192.709595
1379.493164	1123.831909
1378.435547	1215.834351
1377.378906	1151.711670
1376.321289	1248.395508
1375.263672	1193.749268
1374.206055	1181.667236
1373.147461	1143.599487
1372.089844	1129.171265
1371.031250	1154.899414
1369.972656	1128.668701
1368.913086	1121.335327
1367.854492	1088.042969
1366.794922	1137.353271
1365.734375	1063.966797
1364.674805	1089.674316
1363.614258	1046.985840
1362.554688	980.740906
1361.493164	1027.662598
1360.432617	1039.215698
1359.372070	1064.899292
1358.310547	1029.329834
1357.249023	1076.198242
1356.186523	1026.515381
1355.125000	1047.470703
1354.062500	1040.176514
1353.000000	1021.121277
1351.937500	1070.290894
1350.874023	1048.885376
1349.810547	1020.435791
1348.747070	1029.610107
1347.683594	1106.935303
1346.619141	1087.890015
1345.555664	1144.025269
1344.491211	1099.145264
1343.425781	1068.373779
1342.361328	1004.750244
1341.295898	1058.506104
1340.230469	1070.000977
1339.165039	1020.495300
1338.098633	1114.083618
1337.033203	1092.729004
1335.966797	1139.371094
1334.899414	1197.711182
1333.833008	1056.841919
1332.765625	1155.001831
1331.698242	1194.560547
1330.630859	1182.582764
1329.563477	1250.211792
1328.495117	1261.633545
1327.426758	1263.689331
1326.358398	1228.309814
1325.289063	1206.980835
1324.220703	1253.480103
1323.151367	1215.788330
1322.082031	1292.652222
1321.011719	1226.924316
1319.942383	1261.694214
1318.872070	1172.643188
1317.800781	1230.763428
1316.730469	1200.131592
1315.659180	1220.869385
1314.587891	1120.238403
1313.516602	1164.317505
1312.445313	1133.727783
1311.373047	1154.461182
1311.369141	1174.971191
1310.300781	1070.257813
1310.296875	1158.652222
1309.228516	1102.651733
1309.224609	1090.849854
1308.156250	1172.321533
1308.151367	1104.637695
1307.083008	1125.453003
1307.079102	1074.149536
1306.009766	1080.935181
1306.005859	1013.387024
1304.936523	1085.347900
1304.932617	1069.106445
1303.863281	1075.787354
1303.858398	1010.695007
1302.789063	1059.246826
1302.785156	1073.379639
1301.714844	1035.731323
1301.710938	1082.498657
1300.640625	1037.822754
1300.636719	1077.648926
1299.566406	1051.545410
1299.562500	1082.109253
1298.491211	1072.239258
1298.488281	1028.400391
1297.416016	1060.368408
1297.414063	1025.888672
1296.340820	1118.248047
1296.338867	1030.355347
1295.264648	1050.588501
1295.263672	1044.121948
1294.189453	1154.919312
1294.188477	1048.583252
1293.113281	1059.402832
1293.113281	1066.990479
1292.037109	1113.280884
1292.037109	1114.906738
1290.961914	1096.812866
1290.959961	1096.074951
1289.885742	1101.260620
1289.883789	1156.188110
1288.809570	1184.685669
1288.806641	1135.034058
1287.732422	1221.630371
1287.729492	1197.431274
1286.656250	1130.847656
1286.651367	1129.875732
1285.579102	1195.648071
1285.574219	1201.523560
1284.501953	1197.751587
1284.496094	1208.205933
1283.424805	1130.230103
1283.416992	1140.693726
1282.347656	1174.111206
1282.338867	1047.714844
1281.270508	1104.298218
1281.259766	1114.680420
1280.192383	1115.694214
1280.180664	1130.643555
1279.114258	1110.852051
1279.101563	1100.271973
1278.036133	1085.143311
1278.022461	1090.756714
1276.958008	1091.899414
1276.942383	988.633606
1275.878906	1047.660522
1275.862305	1067.109253
1274.800781	1047.468384
1274.782227	1009.008606
1273.721680	998.619507
1273.702148	1036.541626
1272.642578	1019.285095
1272.621094	1033.990723
1271.562500	1030.678345
1271.540039	962.061340
1270.483398	981.858948
1270.458984	957.216187
1269.403320	990.939331
1269.376953	961.619507
1268.323242	967.608215
1268.295898	986.820190
1267.243164	997.517334
1267.213867	942.693420
1266.163086	932.541260
1266.130859	937.856628
1265.082031	985.581177
1265.048828	930.712524
1264.000977	978.459595
1263.965820	995.148376
1262.920898	1017.594788
1262.882813	955.676575
1261.838867	1003.532715
1261.799805	964.687927
1260.757813	980.228210
1260.715820	1017.534424
1259.676758	966.177917
1259.632813	1021.913513
1258.594727	1035.328735
1258.548828	1026.290405
1257.512695	1002.788452
1257.463867	954.575867
1256.430664	1023.393433
1256.379883	1011.985779
1255.347656	979.318542
1255.294922	1011.752197
1254.265625	1034.559204
1254.209961	995.389587
1253.182617	995.115967
1253.125000	1018.195801
1252.099609	1004.164246
1252.039063	1008.748169
1251.016602	1031.672852
1250.953125	1010.817566
1249.932617	989.944214
1249.867188	992.167664
1248.849609	1005.909241
1248.781250	996.541138
1247.765625	1024.174805
1247.694336	971.000061
1246.681641	973.245300
1246.607422	993.779419
1245.597656	1016.874084
1245.520508	1009.648376
1244.512695	963.659241
1244.433594	1002.516418
1243.428711	975.003479
1243.345703	970.100586
1242.343750	977.125122
1242.257813	935.401367
1241.258789	999.982788
1241.169922	953.566406
1240.173828	958.328796
1240.082031	941.859009
1239.087891	921.296753
1238.993164	934.750305
1238.001953	948.757141
1237.904297	1010.306152
1236.916016	964.695129
1236.815430	929.724792
1235.830078	992.136719
1235.726563	1000.656311
1234.744141	1035.678345
1234.636719	910.936157
1233.658203	968.751831
1233.546875	915.312317
1232.571289	934.059326
1232.457031	944.914551
1231.484375	961.485352
1231.366211	995.139404
1230.397461	940.605652
1230.276367	983.445557
1229.309570	908.237000
1229.185547	909.876282
1228.222656	944.847473
1228.094727	950.908386
1227.134766	944.668457
1227.002930	886.543945
1226.046875	916.913086
1225.911133	941.303772
1224.958984	925.929504
1224.819336	888.419983
1223.870117	934.942322
1223.727539	940.864319
1222.782227	914.094299
1222.634766	913.180481
1221.693359	966.734985
1221.542969	942.712891
1220.604492	957.367737
1220.449219	931.054504
1219.515625	954.890137
1219.356445	917.114319
1218.425781	952.413269
1218.263672	948.911255
1217.335938	984.355225
1217.169922	953.261108
1216.246094	997.932068
1216.076172	955.323364
1215.156250	986.273315
1214.981445	955.099548
1214.066406	1027.362915
1213.887695	1005.132385
1212.975586	990.482056
1212.792969	947.800293
1211.885742	1026.970215
1211.697266	1013.794250
1210.794922	1079.487549
1210.602539	1075.191528
1209.704102	1047.200317
1209.506836	1031.576416
1208.612305	1063.036865
1208.411133	1017.643860
1207.521484	1005.568298
1207.315430	1001.436523
1206.429688	1044.307861
1206.219727	1076.462280
1205.337891	1023.500061
1205.123047	953.083496
1204.245117	1007.278564
1204.026367	1014.407654
1203.153320	991.063110
1202.929688	1002.773743
1202.060547	988.584106
1201.832031	909.119324
1200.967773	970.090271
1200.734375	965.854126
1199.875000	958.465881
1199.636719	977.013611
1198.782227	1068.060425
1198.539063	972.229492
1197.688477	992.395813
1197.440430	967.447510
1196.595703	1001.349060
1196.341797	1028.666016
1195.501953	1005.727234
1195.243164	969.266113
1194.407227	1012.388794
1194.144531	1046.378174
1193.313477	1046.466064
1193.044922	1084.792358
1192.218750	1098.805176
1191.945313	1036.789063
1191.124023	1059.765015
1190.845703	1066.094360
1190.029297	1089.245605
1189.745117	1027.208252
1188.934570	1073.052979
1188.645508	1065.589844
1187.839844	1093.388672
1187.544922	1065.337524
1186.744141	1045.250244
1186.443359	1019.665710
1185.648438	1051.892578
1185.342773	1003.531006
1184.552734	953.591553
1184.241211	946.545715
1183.456055	996.742798
1183.139648	953.129211
1182.360352	948.659851
1182.038086	932.483643
1181.263672	902.875488
1180.935547	886.896667
1180.166992	927.774658
1179.833008	879.882751
1179.070313	870.616394
1178.730469	897.811218
1177.972656	922.855713
1177.627930	845.464539
1176.875977	906.728210
1176.524414	809.005493
1175.778320	892.884644
1175.420898	806.547363
1174.679688	844.886475
1174.317383	885.631836
1173.582031	928.965881
1173.212891	894.478882
1172.484375	855.938416
1172.109375	867.098145
1171.385742	899.014648
1171.004883	853.310852
1170.287109	873.807739
1169.899414	871.210388
1169.188477	903.212830
1168.794922	823.493225
1168.088867	855.268188
1167.689453	834.605652
1166.989258	902.858704
1166.583984	854.757629
1165.890625	864.027710
1165.477539	877.160583
1164.790039	841.124939
1164.372070	836.267578
1163.690430	854.596924
1163.265625	808.951843
1162.590820	840.794434
1162.159180	808.758240
1161.490234	863.348816
1161.051758	846.960083
1160.389648	831.377625
1159.944336	803.854858
1159.289063	885.719727
1158.836914	801.404724
1158.187500	874.192139
1157.729492	819.268005
1157.085938	880.830383
1156.622070	882.250549
1155.985352	880.656677
1155.513672	868.503662
1154.882813	839.635742
1154.405273	845.742004
1153.781250	905.266296
1153.295898	906.417603
1152.679688	877.866821
1152.187500	818.284851
1151.577148	800.583313
1151.078125	786.536499
1150.474609	841.239868
1149.967773	853.941528
1149.372070	847.874512
1148.858398	862.746399
1148.268555	861.306274
1147.748047	860.286560
1147.165039	858.869507
1146.637695	794.785339
1146.062500	879.090576
1145.527344	900.389465
1144.958008	872.120483
1144.416016	823.657715
1143.854492	853.829102
1143.305664	830.208618
1142.750977	894.417908
1142.193359	899.737854
1141.646484	858.017883
1141.082031	843.300537
1140.541992	903.116333
1139.969727	829.607178
1139.436523	862.202820
1138.857422	878.856323
1138.332031	948.008179
1137.745117	860.666321
1137.226563	870.908142
1136.632813	869.444580
1136.121094	913.706055
1135.519531	884.956604
1135.015625	847.949219
1134.406250	871.268982
1133.910156	877.169922
1133.292969	893.507751
1132.803711	867.953796
1132.178711	868.602112
1131.697266	840.662476
1131.064453	897.562134
1130.590820	851.791565
1129.950195	850.233704
1129.484375	847.103577
1128.835938	827.599060
1128.377930	935.015442
1127.720703	861.031982
1127.270508	860.313110
1126.605469	885.481628
1126.163086	900.777588
1125.490234	806.824951
1125.055664	866.740234
1124.374023	869.366394
1123.947266	873.336731
1123.257813	826.592957
1122.839844	841.574524
1122.141602	868.942932
1121.731445	870.730957
1121.025391	862.014160
1120.623047	917.918152
1119.908203	848.373230
1119.513672	836.558472
1118.791016	852.642029
1118.405273	908.532043
1117.673828	856.908569
1117.295898	906.095581
1116.556641	845.515198
1116.186523	847.322083
1115.438477	800.583252
1115.077148	860.670044
1114.320313	896.523438
1113.966797	885.275635
1113.202148	847.130371
1112.857422	837.802185
1112.083008	835.749878
1111.747070	812.864746
1110.963867	833.311096
1110.636719	810.449707
1109.844727	810.771606
1109.525391	796.781616
1108.724609	783.777100
1108.415039	848.378784
1107.605469	819.303772
1107.303711	778.461121
1106.485352	787.856323
1106.192383	791.800598
1105.364258	789.894165
1105.081055	755.656982
1104.244141	754.007446
1103.968750	786.983704
1103.123047	756.052368
1102.856445	786.824585
1102.001953	811.608765
1101.744141	813.636841
1100.879883	793.575928
1100.631836	759.540344
1099.758789	853.552673
1099.519531	795.333923
1098.636719	766.448547
1098.406250	813.142822
1097.513672	817.492065
1097.292969	808.486511
1096.391602	792.794067
1096.179688	812.813293
1095.268555	794.824829
1095.066406	774.485413
1094.145508	761.240845
1093.952148	796.772522
1093.021484	781.080505
1092.837891	780.902954
1091.898438	763.089478
1091.723633	798.692505
1090.774414	802.936401
1090.609375	755.912048
1089.650391	784.948547
1089.494141	789.397461
1088.525391	766.969421
1088.378906	742.151794
1087.400391	784.559875
1087.263672	733.033997
1086.275391	719.927490
1086.148438	670.130127
1085.150391	781.949463
1085.033203	755.143372
1084.024414	779.534546
1083.916992	723.624939
1082.898438	746.035889
1082.800781	781.713989
1081.772461	810.224609
1081.684570	732.287537
1080.645508	798.927002
1080.568359	736.616089
1079.518555	736.605042
1079.451172	709.603760
1078.391602	783.002686
1078.333984	754.219666
1077.264648	767.284668
1077.216797	771.966248
1076.136719	775.961670
1076.099609	807.602478
1075.008789	822.314392
1074.981445	771.650635
1073.880859	804.381897
1073.863281	787.146240
1072.751953	799.750488
1072.745117	782.513672
1071.626953	806.941711
1071.623047	788.476685
1070.508789	788.897705
1070.494141	832.565125
1069.389648	788.736023
1069.365234	779.227844
1068.270508	826.551025
1068.235352	825.509399
1067.151367	757.144104
1067.105469	823.090210
1066.031250	812.813904
1065.975586	765.370728
1064.912109	797.019226
1064.844727	800.563049
1063.791992	783.463013
1063.713867	802.573303
1062.670898	789.996948
1062.583008	755.953796
1061.550781	859.000854
1061.452148	782.282104
1060.429688	825.363525
1060.320313	764.411438
1059.309570	838.575256
1059.188477	777.471741
1058.188477	800.496216
1058.056641	821.439758
1057.066406	793.643372
1056.923828	810.195068
1055.945313	813.539795
1055.791016	774.678162
1054.823242	835.656311
1054.658203	778.896057
1053.701172	782.013062
1053.524414	798.553345
1052.579102	810.809265
1052.391602	822.611328
1051.456055	832.912354
1051.257813	817.994141
1050.333008	828.287292
1050.123047	824.400452
1049.209961	785.820007
1048.989258	793.340149
1048.086914	792.334656
1047.854492	859.234619
1046.963867	829.999268
1046.718750	792.939087
1045.839844	834.277161
1045.583984	792.738403
1044.715820	843.001770
1044.448242	838.769043
1043.591797	805.022400
1043.312500	829.752808
1042.466797	795.962341
1042.175781	827.342102
1041.342773	878.044739
1041.040039	796.334778
1040.217773	815.634583
1039.903320	804.929749
1039.092773	837.685303
1038.765625	815.718811
1037.966797	853.062256
1037.628906	850.681824
1036.841797	781.811523
1036.491211	837.280029
1035.715820	810.517029
1035.352539	896.386719
1034.589844	896.934021
1034.214844	861.015076
1033.463867	790.203491
1033.076172	865.187561
1032.336914	867.711731
1031.937500	851.794922
1031.209961	867.531372
1030.798828	851.577698
1030.083008	854.041321
1029.659180	871.108398
1028.956055	887.131104
1028.519531	842.368286
1027.828125	926.859131
1027.379883	859.697876
1026.701172	820.254761
1026.239258	820.012268
1025.573242	857.763489
1025.098633	857.066223
1024.444336	824.345093
1023.958008	867.803894
1023.316406	817.526733
1022.817383	869.772461
1022.187500	841.721985
1021.675781	790.698669
1021.058594	848.190186
1020.534180	808.013794
1019.929688	810.372986
1019.391602	825.319824
1018.799805	794.708130
1018.250000	820.730652
1017.670898	776.836548
1017.107422	781.134827
1016.541016	778.887024
1015.963867	772.184021
1015.411133	847.305115
1014.821289	848.527771
1014.280273	794.044250
1013.677734	839.563843
1013.150391	875.698547
1012.534180	800.003113
1012.019531	815.821167
1011.389648	826.019775
1010.888672	884.173889
1010.245117	847.653442
1009.756836	839.789368
1009.100586	821.225281
1008.625977	850.661072
1007.956055	829.747375
1007.494141	896.872864
1006.810547	785.873291
1006.362305	848.096069
1005.665039	794.399719
1005.229492	850.126343
1004.519531	855.286011
1004.097656	852.155762
1003.373047	828.889038
1002.964844	803.418701
1002.226563	787.240540
1001.832031	847.384705
1001.080078	817.558594
1000.698242	838.381714
999.932617	812.987305
999.565430	871.292664
998.786133	773.553772
998.431641	835.824158
997.637695	782.066650
997.297852	829.033875
996.490234	781.863342
996.164063	837.677185
995.341797	777.305298
995.029297	800.033875
994.193359	761.865601
993.894531	863.766663
993.044922	831.305298
992.759766	795.291138
991.895508	813.683655
991.625000	812.744141
990.746094	802.596130
990.489258	770.733154
989.596680	771.943787
989.354492	755.159363
988.218750	821.035156
987.082031	842.869080
985.946289	827.289612
984.809570	864.511230
983.672852	833.538391
982.536133	861.947388
981.398438	868.360474
980.261719	865.979065
979.124023	837.229126
977.985352	885.385864
976.847656	825.892456
975.708984	867.442810
974.570313	838.716492
973.431641	873.660950
972.291992	895.422546
971.153320	811.853271
970.013672	840.199768
968.874023	846.601440
967.733398	905.627563
966.592773	903.243042
965.453125	931.545715
964.311523	907.242432
963.170898	942.104858
962.029297	930.952332
960.887695	913.234375
959.746094	906.471619
958.604492	831.850159
957.461914	853.559326
956.319336	855.565796
955.176758	872.885132
954.033203	846.452698
952.890625	863.766418
951.747070	839.533203
950.603516	819.681885
949.458984	773.614746
948.314453	821.517212
947.169922	816.973145
946.025391	810.246887
944.880859	775.138123
943.735352	809.900940
942.589844	820.640686
941.444336	807.372803
940.298828	809.381836
939.152344	852.831848
938.005859	811.216370
936.859375	804.502136
935.711914	802.150146
934.565430	845.564209
933.417969	845.383118
932.269531	843.023682
931.122070	790.573669
929.973633	799.113892
928.825195	831.596863
927.676758	855.359863
926.528320	870.408447
925.378906	883.274963
924.229492	904.836243
923.080078	937.261169
921.929688	952.278931
920.780273	884.690002
919.629883	862.767639
918.478516	873.445923
917.328125	849.362915
916.176758	851.351990
915.025391	883.739014
913.874023	833.618469
912.721680	881.188049
911.570313	841.939209
910.417969	874.299927
909.264648	841.576355
908.112305	908.619751
906.958984	854.221863
905.805664	871.378479
904.652344	840.850464
903.498047	877.502380
902.344727	857.817078
901.189453	881.454895
900.035156	859.611755
898.880859	863.755554
897.725586	939.320496
896.570313	902.331665
895.414063	874.012329
894.258789	921.407654
893.102539	947.157776
891.946289	983.706604
890.790039	1037.531616
889.632813	1048.112183
888.475586	1166.717407
887.318359	1242.068726
886.161133	1351.941650
885.002930	1325.738281
883.844727	1245.578247
882.686523	1327.321289
881.528320	1286.035400
880.369141	1227.508911
879.209961	1130.184448
878.050781	1078.186035
876.890625	1086.575317
875.731445	1051.852173
874.571289	965.424866
873.410156	973.832886
872.250000	960.696838
871.088867	956.180664
869.927734	915.063782
868.766602	936.390808
867.605469	918.969604
866.443359	864.977295
865.281250	933.627747
864.118164	881.806274
862.956055	883.764343
861.792969	862.073486
860.629883	913.469604
859.466797	908.972534
858.302734	928.109741
857.138672	938.646790
855.974609	846.100830
854.810547	878.120911
853.645508	869.342957
852.480469	882.029236
851.315430	864.671753
850.150391	903.094788
848.984375	875.016785
847.818359	913.420532
846.652344	921.795471
845.486328	868.012634
844.319336	953.533447
843.152344	938.328430
841.985352	933.839172
840.817383	989.309998
839.649414	1068.306152
838.481445	1042.386841
837.313477	1074.257568
836.144531	1234.483276
834.976563	1420.306763
833.807617	1730.084229
832.637695	1975.583252
831.468750	2364.193848
830.298828	2682.108154
829.128906	2925.098877
827.958008	2945.817871
826.788086	2876.826904
825.617188	2572.987549
824.445313	2397.368652
823.274414	2179.140625
822.102539	1873.520386
820.930664	1619.235596
819.758789	1456.777832
818.586914	1343.437622
817.414063	1251.466919
816.241211	1123.301025
815.068359	1129.446533
813.894531	1131.328003
812.720703	1033.094360
811.546875	983.885071
810.373047	1017.734375
809.198242	989.836914
808.023438	961.951599
806.848633	908.545654
805.673828	946.635803
804.498047	954.933838
803.322266	924.954163
802.146484	907.742798
800.969727	899.040466
799.793945	915.841003
798.617188	902.891663
797.439453	885.700012
796.262695	923.727173
795.084961	915.030457
793.907227	916.950378
792.728516	918.869324
791.550781	916.544128
790.372070	933.310242
789.193359	956.430908
788.013672	990.142334
786.834961	966.605469
785.655273	987.583801
784.474609	942.869629
783.294922	972.317078
782.114258	904.329407
780.933594	874.484985
779.752930	842.536865
778.571289	903.726868
777.389648	878.134155
776.208008	892.747559
775.026367	854.478210
773.843750	843.715271
772.661133	885.809631
771.478516	845.453430
770.295898	895.981140
769.112305	914.795898
767.928711	899.806580
766.745117	979.852722
765.560547	924.741028
764.375977	928.756592
763.191406	953.873596
762.006836	983.199036
760.821289	1050.480469
759.636719	1043.919312
758.450195	1128.024658
757.264648	1129.880859
756.078125	1173.886353
754.891602	1201.015747
753.705078	1162.829102
752.518555	1124.659424
751.331055	1073.872925
750.143555	1046.265747
748.955078	1020.775452
747.767578	1018.442871
746.579102	992.970032
745.390625	986.437988
744.201172	1013.553711
743.012695	950.256592
741.823242	1004.692322
740.632813	975.047729
739.443359	934.911682
738.252930	917.898499
737.062500	923.992676
735.872070	909.088867
734.680664	929.875427
733.489258	977.933899
732.297852	942.046753
731.106445	967.006836
729.914063	991.955627
728.721680	974.959351
727.529297	953.778198
726.335938	989.191528
725.142578	984.778687
723.949219	1003.410522
722.755859	959.203918
721.561523	973.645203
720.367188	927.371582
719.172852	979.485901
717.978516	926.954224
716.783203	907.917725
715.587891	913.987793
714.392578	922.146057
713.196289	930.300537
712.000000	884.108826
710.803711	881.819946
709.607422	879.531921
708.410156	919.018433
707.212891	906.281860
706.015625	895.638672
704.818359	920.483704
703.620117	920.275879
702.421875	936.758667
701.223633	936.547058
700.024414	959.274658
698.825195	902.765320
697.625977	965.094360
696.426758	937.784607
695.226563	968.824890
694.026367	999.851074
692.826172	995.459717
691.625000	972.331543
690.423828	1001.253906
689.222656	1003.108276
688.021484	996.639099
686.819336	1000.573669
685.617188	1006.586060
684.415039	1012.595642
683.211914	1004.050903
682.009766	1018.371399
680.806641	953.727356
679.602539	1046.992432
678.399414	969.909668
677.195313	1069.357788
675.991211	992.304749
674.786133	1087.551392
673.581055	1076.929321
672.375977	1049.715576
671.170898	1057.773193
669.965820	1059.606201
668.759766	1046.926514
667.553711	1048.760986
666.346680	1083.749390
665.140625	990.275879
663.933594	1014.905273
662.725586	1002.249573
661.518555	1020.653870
660.310547	983.164551
659.102539	943.622864
657.893555	962.027649
656.685547	1009.381531
655.476563	969.860596
654.267578	965.504395
653.057617	985.953979
651.847656	979.529358
650.637695	1012.362427
649.427734	972.885315
648.216797	993.314087
647.005859	986.893250
645.794922	941.256165
644.583984	955.486755
643.372070	926.383301
642.160156	917.920410
640.947266	921.834900
639.735352	931.932922
638.522461	983.252747
637.309570	958.297363
636.095703	995.164734
634.881836	955.798462
633.667969	980.292664
632.454102	914.181030
631.239258	942.790344
630.024414	928.167969
628.809570	952.645630
627.594727	911.285461
626.378906	974.831055
625.163086	964.326599
623.947266	951.771179
622.730469	980.325195
621.513672	986.264038
620.296875	1033.285034
619.079102	1018.671021
617.862305	1043.076416
616.643555	1024.360962
615.425781	1044.648926
614.207031	1030.045288
612.989258	939.546082
611.769531	974.195679
610.550781	826.337708
609.331055	945.046936
608.111328	944.829163
606.891602	907.728516
605.670898	895.227722
604.450195	921.646606
603.229492	905.052917
602.007813	925.315613
600.787109	890.308350
599.564453	867.594421
598.342773	885.805725
597.120117	889.691589
595.897461	911.978760
594.674805	862.704224
593.452148	856.373169
592.228516	848.001587
591.004883	855.977051
589.780273	863.948669
588.556641	886.210266
587.332031	894.170959
586.106445	842.938538
584.881836	883.554077
583.656250	844.588013
582.430664	850.511047
581.204102	838.079102
579.978516	876.619080
578.751953	874.377502
577.524414	841.571350
576.297852	906.567383
575.070313	853.401184
573.842773	824.695007
572.614258	889.649353
571.385742	858.912537
570.157227	874.991760
568.928711	907.338562
567.699219	844.076050
566.469727	886.582031
565.240234	859.947083
564.009766	839.421875
562.780273	877.834900
561.548828	871.535767
560.318359	828.680054
559.086914	905.649902
557.855469	895.288147
556.624023	897.109009
555.391602	947.629333
554.160156	874.374634
552.926758	943.130615
551.694336	930.743835
550.460938	889.980652
549.227539	895.853210
547.994141	934.144409
546.759766	891.382751
545.525391	937.758484
544.291016	937.539124
543.055664	902.904175
541.821289	892.572998
540.584961	908.552063
539.349609	904.293213
538.113281	914.194214
536.876953	920.046204
535.640625	891.528076
534.403320	919.614929
533.166016	885.048096
531.928711	913.123047
530.691406	854.337158
529.453125	856.155884
528.214844	902.386353
526.975586	912.265869
525.737305	936.265259
524.498047	897.715759
523.257813	911.622803
522.018555	893.260925
520.778320	889.018921
519.538086	910.979614
518.296875	902.705322
517.055664	902.492737
515.814453	940.546509
514.573242	936.297852
513.331055	954.194824
512.088867	905.667603
510.846680	933.623718
509.603516	949.496643
508.360352	953.294922
507.117188	1013.390747
505.874023	978.977722
504.629883	960.658752
503.385742	974.496704
502.140625	992.345520
500.896484	957.969482
499.651367	1001.915527
498.405273	977.590027
497.160156	995.420776
495.914063	985.153015
494.667969	998.961365
493.420898	972.653625
492.173828	1000.493103
490.926758	954.151978
489.679688	989.998535
488.431641	983.752991
487.183594	1031.593872
485.935547	1049.372559
484.686523	1095.172729
483.437500	1068.890991
482.188477	1092.651367
480.939453	1088.390259
479.689453	1028.124268
478.439453	1123.868530
477.188477	1123.601196
475.937500	1151.317139
474.686523	1159.036499
473.435547	1202.713501
472.183594	1238.379883
470.931641	1232.094116
469.679688	1241.782593
468.426758	1283.401611
467.173828	1323.005127
465.920898	1368.574585
464.667969	1438.056519
463.414063	1557.356445
462.160156	1680.586304
460.905273	1859.563843
459.651367	1948.787476
458.396484	2115.662109
457.140625	2220.714600
455.885742	2331.690186
454.629883	2370.946533
453.373047	2266.886230
452.117188	2240.476318
450.860352	2066.871338
449.603516	1789.931152
448.345703	1654.295166
447.087891	1506.796753
445.830078	1387.192383
444.572266	1311.357056
443.313477	1285.218628
442.054688	1249.162842
440.795898	1203.196777
439.536133	1214.817505
438.276367	1170.866089
437.016602	1261.850342
435.755859	1251.628906
434.495117	1269.175415
433.234375	1328.348022
431.972656	1339.920776
430.710938	1329.689697
429.449219	1283.802124
428.187500	1265.666260
426.924805	1201.993896
425.662109	1173.987427
424.399414	1205.372192
423.135742	1167.484131
421.872070	1139.505859
420.607422	1129.341309
419.343750	1089.521240
418.079102	1089.257690
416.814453	1090.970581
415.548828	1045.260376
414.283203	1114.147705
413.017578	1056.604004
411.750977	1060.296875
410.484375	1093.597900
409.217773	1103.200317
407.951172	1025.984009
406.683594	1065.186279
405.416016	1114.229980
404.147461	1048.896240
402.879883	1127.486572
401.611328	1091.740845
400.341797	1111.177124
399.072266	1142.421997
397.802734	1096.852051
396.533203	1104.459961
395.263672	1155.365723
393.993164	1141.309814
392.721680	1202.017822
391.451172	1164.355347
390.179688	1183.734741
388.908203	1175.582397
387.635742	1187.087769
386.363281	1171.078735
385.090820	1192.401245
383.817383	1186.218018
382.544922	1195.745361
381.270508	1195.452881
379.997070	1281.510254
378.722656	1247.842285
377.448242	1210.267578
376.173828	1255.075439
374.898438	1223.398682
373.623047	1260.340454
372.347656	1322.739014
371.071289	1293.027466
369.794922	1251.578491
368.517578	1229.731201
367.241211	1284.244507
365.963867	1248.699097
364.686523	1254.262329
363.408203	1257.866211
362.129883	1314.273926
360.851563	1272.889526
359.572266	1251.073242
358.292969	1262.490845
357.013672	1254.364380
355.733398	1265.775269
354.453125	1312.332031
353.172852	1231.959961
351.892578	1303.876587
350.611328	1235.254517
349.330078	1270.066406
348.047852	1289.257080
346.765625	1292.838135
345.483398	1278.871826
344.201172	1309.739624
342.917969	1272.393066
341.634766	1262.337646
340.350586	1265.919922
339.066406	1261.711914
337.782227	1241.932861
336.498047	1202.702271
335.212891	1217.968872
333.927734	1207.940552
332.642578	1246.533813
331.356445	1263.721680
330.070313	1284.788086
328.783203	1270.865967
327.497070	1291.919678
326.209961	1281.886719
324.921875	1260.207886
323.634766	1306.484619
322.346680	1304.218140
321.057617	1282.549194
319.768555	1319.085938
318.479492	1320.695923
317.190430	1300.977417
315.900391	1358.803711
314.610352	1385.594482
313.320313	1406.559326
312.029297	1458.504395
310.738281	1460.075684
309.447266	1453.902100
308.155273	1525.150146
306.863281	1569.272461
305.571289	1568.878784
304.278320	1638.109619
302.985352	1668.634766
301.692383	1675.947876
300.398438	1787.614990
299.104492	1752.388306
297.810547	1867.842651
296.515625	1894.408081
295.220703	2027.143433
293.925781	2080.676514
292.629883	2153.478516
291.333984	2106.635742
290.038086	2252.683105
288.741211	2294.534668
287.444336	2347.930908
286.147461	2418.644531
284.849609	2539.416504
283.551758	2515.659668
282.253906	2622.865234
280.955078	2570.219482
279.656250	2594.590820
278.357422	2574.690674
277.057617	2512.476807
275.757813	2529.149414
274.458008	2478.514404
273.157227	2524.021484
271.856445	2602.176025
270.554688	2701.425537
269.253906	2700.738770
267.952148	2851.761963
266.649414	2973.909424
265.346680	2973.152344
264.043945	3087.529785
262.741211	3165.398438
261.437500	3231.719238
260.133789	3227.060059
258.830078	3485.025635
257.525391	3524.381836
256.220703	3579.044678
254.915039	3694.974854
253.609375	3831.909912
252.303711	3861.561768
250.998047	3946.704102
249.691406	4008.839844
248.384766	4128.333984
247.077148	4207.602539
245.769531	4351.839844
244.461914	4335.430664
243.154297	4345.784180
241.845703	4365.684082
240.536133	4330.180664
239.227539	4304.242188
237.917969	4341.316895
236.608398	4189.418457
235.297852	4148.269043
233.987305	3973.605225
232.676758	3894.387939
231.365234	3754.197998
230.053711	3711.293457
228.742188	3590.278076
227.429688	3431.220947
226.117188	3432.238770
224.803711	3368.512939
223.491211	3396.196777
222.177734	3263.996338
220.863281	3348.772949
219.548828	3268.011719
218.234375	3225.326416
216.919922	3205.477295
215.604492	3115.310547
214.289063	3150.605957
212.972656	3123.190674
211.656250	3046.408447
210.339844	2969.665283
209.022461	2961.299316
207.705078	2937.754639
206.387695	2986.318359
205.069336	2926.739502
203.750977	2943.042725
202.432617	2866.442627
201.113281	2947.192139
199.793945	2891.472656
198.474609	2873.667969
197.154297	2895.641846
195.833984	2908.137207
194.513672	2835.448486
193.192383	2906.613770
191.871094	2970.174072
190.548828	2954.264404
189.226563	2936.471436
187.904297	2945.151855
186.581055	3069.107910
185.257813	3073.968994
183.934570	3084.493408
182.610352	3079.904785
181.286133	3179.150146
179.961914	3146.227295
178.636719	3251.062012
177.311523	3325.658936
175.985352	3486.965332
174.660156	3403.088379
173.333008	3517.166016
172.006836	3584.073242
170.679688	3566.170166
169.352539	3553.926025
168.024414	3660.308350
166.696289	3772.280762
165.368164	3839.028076
164.039063	3775.923828
162.709961	3814.419922
161.380859	3928.109619
160.050781	4045.497803
158.720703	4194.771973
157.389648	4317.661621
156.058594	4419.822754
154.727539	4600.798828
153.395508	4670.912598
152.063477	4836.708496
150.731445	4876.697754
149.398438	5049.851563
148.065430	5067.255859
146.732422	5319.008301
145.398438	5293.218262
144.064453	5273.062500
142.729492	5760.598145
141.395508	5568.021973
140.059570	5585.251953
138.724609	5643.652832
137.388672	5623.423340
136.051758	5601.333008
134.715820	5626.011719
133.378906	5540.354980
132.041016	5510.823730
130.703125	5612.125488
129.365234	5584.456055
128.026367	5625.909668
126.687500	5415.250977
125.348633	5387.652832
124.008789	5511.240723
122.668945	5591.846191
121.329102	5551.162109
119.988281	5476.931641
118.647461	5579.849121
117.306641	5572.745117
115.964844	5636.448730
114.622070	5659.135254
113.280273	5625.939453
111.937500	5736.117188
110.593750	5814.591797
109.250000	5811.148926
107.906250	5710.973145
106.562500	5456.492188
105.217773	5250.488281
103.873047	5027.867188
102.527344	4576.804688
101.181641	4099.979004
99.834961	3521.266602
98.489258	2996.714111
