task,variant,scheme,feature,model,analyte,recall,n
T1,native,loso,F1,majority,L-alanine,0.6667,30
T1,native,loso,F1,majority,L-arginine,0.0,30
T1,native,loso,F1,majority,L-asparagine,0.0,30
T1,native,loso,F1,majority,L-aspartic acid,0.0,20
T1,native,loso,F1,majority,L-cysteine,0.0,30
T1,native,loso,F1,majority,L-glutamic acid,0.0,30
T1,native,loso,F1,majority,L-glutamine,0.0,30
T1,native,loso,F1,majority,L-glycine,0.2,50
T1,native,loso,F1,majority,L-histidine,0.0,30
T1,native,loso,F1,majority,L-isoleucine,0.0,30
T1,native,loso,F1,majority,L-leucine,0.0,30
T1,native,loso,F1,majority,L-lysine,0.0,30
T1,native,loso,F1,majority,L-methionine,0.0,30
T1,native,loso,F1,majority,L-phenylalanine,0.0,30
T1,native,loso,F1,majority,L-proline,0.0,30
T1,native,loso,F1,majority,L-serine,0.0,20
T1,native,loso,F1,majority,L-threonine,0.0,30
T1,native,loso,F1,majority,L-tryptophan,0.0,20
T1,native,loso,F1,majority,L-tyrosine,0.0,30
T1,native,loso,F1,majority,L-valine,0.0,30
T1,native,loso,F1,lr,L-alanine,0.0,30
T1,native,loso,F1,lr,L-arginine,0.0333,30
T1,native,loso,F1,lr,L-asparagine,0.0,30
T1,native,loso,F1,lr,L-aspartic acid,0.0,20
T1,native,loso,F1,lr,L-cysteine,0.7333,30
T1,native,loso,F1,lr,L-glutamic acid,0.0,30
T1,native,loso,F1,lr,L-glutamine,0.0,30
T1,native,loso,F1,lr,L-glycine,0.08,50
T1,native,loso,F1,lr,L-histidine,0.0,30
T1,native,loso,F1,lr,L-isoleucine,0.0,30
T1,native,loso,F1,lr,L-leucine,0.0,30
T1,native,loso,F1,lr,L-lysine,0.5333,30
T1,native,loso,F1,lr,L-methionine,0.3333,30
T1,native,loso,F1,lr,L-phenylalanine,0.0,30
T1,native,loso,F1,lr,L-proline,0.0,30
T1,native,loso,F1,lr,L-serine,0.0,20
T1,native,loso,F1,lr,L-threonine,0.0,30
T1,native,loso,F1,lr,L-tryptophan,0.15,20
T1,native,loso,F1,lr,L-tyrosine,0.5333,30
T1,native,loso,F1,lr,L-valine,0.0,30
T1,native,loso,F1,pca_lr,L-alanine,0.0,30
T1,native,loso,F1,pca_lr,L-arginine,0.0333,30
T1,native,loso,F1,pca_lr,L-asparagine,0.0,30
T1,native,loso,F1,pca_lr,L-aspartic acid,0.0,20
T1,native,loso,F1,pca_lr,L-cysteine,0.7333,30
T1,native,loso,F1,pca_lr,L-glutamic acid,0.0,30
T1,native,loso,F1,pca_lr,L-glutamine,0.0,30
T1,native,loso,F1,pca_lr,L-glycine,0.08,50
T1,native,loso,F1,pca_lr,L-histidine,0.0,30
T1,native,loso,F1,pca_lr,L-isoleucine,0.0,30
T1,native,loso,F1,pca_lr,L-leucine,0.0,30
T1,native,loso,F1,pca_lr,L-lysine,0.3333,30
T1,native,loso,F1,pca_lr,L-methionine,0.3333,30
T1,native,loso,F1,pca_lr,L-phenylalanine,0.0,30
T1,native,loso,F1,pca_lr,L-proline,0.0,30
T1,native,loso,F1,pca_lr,L-serine,0.0,20
T1,native,loso,F1,pca_lr,L-threonine,0.0,30
T1,native,loso,F1,pca_lr,L-tryptophan,0.2,20
T1,native,loso,F1,pca_lr,L-tyrosine,0.3667,30
T1,native,loso,F1,pca_lr,L-valine,0.0,30
T1,native,loso,F1,plsda,L-alanine,0.0,30
T1,native,loso,F1,plsda,L-arginine,0.1667,30
T1,native,loso,F1,plsda,L-asparagine,0.0,30
T1,native,loso,F1,plsda,L-aspartic acid,0.0,20
T1,native,loso,F1,plsda,L-cysteine,0.8333,30
T1,native,loso,F1,plsda,L-glutamic acid,0.0,30
T1,native,loso,F1,plsda,L-glutamine,0.0,30
T1,native,loso,F1,plsda,L-glycine,0.24,50
T1,native,loso,F1,plsda,L-histidine,0.0,30
T1,native,loso,F1,plsda,L-isoleucine,0.0,30
T1,native,loso,F1,plsda,L-leucine,0.0,30
T1,native,loso,F1,plsda,L-lysine,0.5667,30
T1,native,loso,F1,plsda,L-methionine,0.3333,30
T1,native,loso,F1,plsda,L-phenylalanine,0.0,30
T1,native,loso,F1,plsda,L-proline,0.0,30
T1,native,loso,F1,plsda,L-serine,0.0,20
T1,native,loso,F1,plsda,L-threonine,0.0,30
T1,native,loso,F1,plsda,L-tryptophan,0.25,20
T1,native,loso,F1,plsda,L-tyrosine,0.0,30
T1,native,loso,F1,plsda,L-valine,0.0,30
T1,native,loso,F1,ncm,L-alanine,0.0,30
T1,native,loso,F1,ncm,L-arginine,0.0333,30
T1,native,loso,F1,ncm,L-asparagine,0.0,30
T1,native,loso,F1,ncm,L-aspartic acid,0.0,20
T1,native,loso,F1,ncm,L-cysteine,0.7667,30
T1,native,loso,F1,ncm,L-glutamic acid,0.0,30
T1,native,loso,F1,ncm,L-glutamine,0.0,30
T1,native,loso,F1,ncm,L-glycine,0.0,50
T1,native,loso,F1,ncm,L-histidine,0.0,30
T1,native,loso,F1,ncm,L-isoleucine,0.0,30
T1,native,loso,F1,ncm,L-leucine,0.0,30
T1,native,loso,F1,ncm,L-lysine,0.3333,30
T1,native,loso,F1,ncm,L-methionine,0.1,30
T1,native,loso,F1,ncm,L-phenylalanine,0.0333,30
T1,native,loso,F1,ncm,L-proline,0.0,30
T1,native,loso,F1,ncm,L-serine,0.0,20
T1,native,loso,F1,ncm,L-threonine,0.0,30
T1,native,loso,F1,ncm,L-tryptophan,0.65,20
T1,native,loso,F1,ncm,L-tyrosine,0.0,30
T1,native,loso,F1,ncm,L-valine,0.0,30
T1,native,loso,F1,hgb,L-alanine,0.0,30
T1,native,loso,F1,hgb,L-arginine,0.0333,30
T1,native,loso,F1,hgb,L-asparagine,0.0,30
T1,native,loso,F1,hgb,L-aspartic acid,0.0,20
T1,native,loso,F1,hgb,L-cysteine,0.7667,30
T1,native,loso,F1,hgb,L-glutamic acid,0.0,30
T1,native,loso,F1,hgb,L-glutamine,0.1333,30
T1,native,loso,F1,hgb,L-glycine,0.0,50
T1,native,loso,F1,hgb,L-histidine,0.6,30
T1,native,loso,F1,hgb,L-isoleucine,0.0,30
T1,native,loso,F1,hgb,L-leucine,0.0,30
T1,native,loso,F1,hgb,L-lysine,0.0667,30
T1,native,loso,F1,hgb,L-methionine,0.0,30
T1,native,loso,F1,hgb,L-phenylalanine,0.0,30
T1,native,loso,F1,hgb,L-proline,0.0,30
T1,native,loso,F1,hgb,L-serine,0.0,20
T1,native,loso,F1,hgb,L-threonine,0.0333,30
T1,native,loso,F1,hgb,L-tryptophan,0.0,20
T1,native,loso,F1,hgb,L-tyrosine,0.2,30
T1,native,loso,F1,hgb,L-valine,0.0,30
T1,native,loso,F1,knn,L-alanine,0.0,30
T1,native,loso,F1,knn,L-arginine,0.0333,30
T1,native,loso,F1,knn,L-asparagine,0.0,30
T1,native,loso,F1,knn,L-aspartic acid,0.0,20
T1,native,loso,F1,knn,L-cysteine,0.6667,30
T1,native,loso,F1,knn,L-glutamic acid,0.0,30
T1,native,loso,F1,knn,L-glutamine,0.0,30
T1,native,loso,F1,knn,L-glycine,0.0,50
T1,native,loso,F1,knn,L-histidine,0.0,30
T1,native,loso,F1,knn,L-isoleucine,0.0,30
T1,native,loso,F1,knn,L-leucine,0.0,30
T1,native,loso,F1,knn,L-lysine,0.7,30
T1,native,loso,F1,knn,L-methionine,0.1,30
T1,native,loso,F1,knn,L-phenylalanine,0.0,30
T1,native,loso,F1,knn,L-proline,0.0,30
T1,native,loso,F1,knn,L-serine,0.0,20
T1,native,loso,F1,knn,L-threonine,0.0,30
T1,native,loso,F1,knn,L-tryptophan,0.25,20
T1,native,loso,F1,knn,L-tyrosine,0.0,30
T1,native,loso,F1,knn,L-valine,0.0,30
T1,native,loso,F1pos,majority,L-alanine,0.6667,30
T1,native,loso,F1pos,majority,L-arginine,0.0,30
T1,native,loso,F1pos,majority,L-asparagine,0.0,30
T1,native,loso,F1pos,majority,L-aspartic acid,0.0,20
T1,native,loso,F1pos,majority,L-cysteine,0.0,30
T1,native,loso,F1pos,majority,L-glutamic acid,0.0,30
T1,native,loso,F1pos,majority,L-glutamine,0.0,30
T1,native,loso,F1pos,majority,L-glycine,0.2,50
T1,native,loso,F1pos,majority,L-histidine,0.0,30
T1,native,loso,F1pos,majority,L-isoleucine,0.0,30
T1,native,loso,F1pos,majority,L-leucine,0.0,30
T1,native,loso,F1pos,majority,L-lysine,0.0,30
T1,native,loso,F1pos,majority,L-methionine,0.0,30
T1,native,loso,F1pos,majority,L-phenylalanine,0.0,30
T1,native,loso,F1pos,majority,L-proline,0.0,30
T1,native,loso,F1pos,majority,L-serine,0.0,20
T1,native,loso,F1pos,majority,L-threonine,0.0,30
T1,native,loso,F1pos,majority,L-tryptophan,0.0,20
T1,native,loso,F1pos,majority,L-tyrosine,0.0,30
T1,native,loso,F1pos,majority,L-valine,0.0,30
T1,native,loso,F1pos,lr,L-alanine,0.0,30
T1,native,loso,F1pos,lr,L-arginine,0.0,30
T1,native,loso,F1pos,lr,L-asparagine,0.0,30
T1,native,loso,F1pos,lr,L-aspartic acid,0.0,20
T1,native,loso,F1pos,lr,L-cysteine,0.8,30
T1,native,loso,F1pos,lr,L-glutamic acid,0.0,30
T1,native,loso,F1pos,lr,L-glutamine,0.0,30
T1,native,loso,F1pos,lr,L-glycine,0.18,50
T1,native,loso,F1pos,lr,L-histidine,0.0,30
T1,native,loso,F1pos,lr,L-isoleucine,0.0,30
T1,native,loso,F1pos,lr,L-leucine,0.0,30
T1,native,loso,F1pos,lr,L-lysine,0.6,30
T1,native,loso,F1pos,lr,L-methionine,0.3667,30
T1,native,loso,F1pos,lr,L-phenylalanine,0.0,30
T1,native,loso,F1pos,lr,L-proline,0.0,30
T1,native,loso,F1pos,lr,L-serine,0.0,20
T1,native,loso,F1pos,lr,L-threonine,0.0,30
T1,native,loso,F1pos,lr,L-tryptophan,0.1,20
T1,native,loso,F1pos,lr,L-tyrosine,0.4333,30
T1,native,loso,F1pos,lr,L-valine,0.0,30
T1,native,loso,F1pos,pca_lr,L-alanine,0.0,30
T1,native,loso,F1pos,pca_lr,L-arginine,0.0,30
T1,native,loso,F1pos,pca_lr,L-asparagine,0.0,30
T1,native,loso,F1pos,pca_lr,L-aspartic acid,0.0,20
T1,native,loso,F1pos,pca_lr,L-cysteine,0.8,30
T1,native,loso,F1pos,pca_lr,L-glutamic acid,0.0,30
T1,native,loso,F1pos,pca_lr,L-glutamine,0.0,30
T1,native,loso,F1pos,pca_lr,L-glycine,0.18,50
T1,native,loso,F1pos,pca_lr,L-histidine,0.0,30
T1,native,loso,F1pos,pca_lr,L-isoleucine,0.0,30
T1,native,loso,F1pos,pca_lr,L-leucine,0.0,30
T1,native,loso,F1pos,pca_lr,L-lysine,0.5333,30
T1,native,loso,F1pos,pca_lr,L-methionine,0.4,30
T1,native,loso,F1pos,pca_lr,L-phenylalanine,0.0,30
T1,native,loso,F1pos,pca_lr,L-proline,0.0,30
T1,native,loso,F1pos,pca_lr,L-serine,0.0,20
T1,native,loso,F1pos,pca_lr,L-threonine,0.0,30
T1,native,loso,F1pos,pca_lr,L-tryptophan,0.2,20
T1,native,loso,F1pos,pca_lr,L-tyrosine,0.3667,30
T1,native,loso,F1pos,pca_lr,L-valine,0.0,30
T1,native,loso,F1pos,plsda,L-alanine,0.0,30
T1,native,loso,F1pos,plsda,L-arginine,0.0333,30
T1,native,loso,F1pos,plsda,L-asparagine,0.0,30
T1,native,loso,F1pos,plsda,L-aspartic acid,0.0,20
T1,native,loso,F1pos,plsda,L-cysteine,0.9333,30
T1,native,loso,F1pos,plsda,L-glutamic acid,0.0,30
T1,native,loso,F1pos,plsda,L-glutamine,0.0,30
T1,native,loso,F1pos,plsda,L-glycine,0.2,50
T1,native,loso,F1pos,plsda,L-histidine,0.0,30
T1,native,loso,F1pos,plsda,L-isoleucine,0.0,30
T1,native,loso,F1pos,plsda,L-leucine,0.0,30
T1,native,loso,F1pos,plsda,L-lysine,0.6667,30
T1,native,loso,F1pos,plsda,L-methionine,0.4667,30
T1,native,loso,F1pos,plsda,L-phenylalanine,0.0,30
T1,native,loso,F1pos,plsda,L-proline,0.0,30
T1,native,loso,F1pos,plsda,L-serine,0.0,20
T1,native,loso,F1pos,plsda,L-threonine,0.0,30
T1,native,loso,F1pos,plsda,L-tryptophan,0.2,20
T1,native,loso,F1pos,plsda,L-tyrosine,0.0667,30
T1,native,loso,F1pos,plsda,L-valine,0.0,30
T1,native,loso,F1pos,ncm,L-alanine,0.0,30
T1,native,loso,F1pos,ncm,L-arginine,0.0,30
T1,native,loso,F1pos,ncm,L-asparagine,0.0,30
T1,native,loso,F1pos,ncm,L-aspartic acid,0.0,20
T1,native,loso,F1pos,ncm,L-cysteine,0.9,30
T1,native,loso,F1pos,ncm,L-glutamic acid,0.0,30
T1,native,loso,F1pos,ncm,L-glutamine,0.0,30
T1,native,loso,F1pos,ncm,L-glycine,0.18,50
T1,native,loso,F1pos,ncm,L-histidine,0.0,30
T1,native,loso,F1pos,ncm,L-isoleucine,0.0,30
T1,native,loso,F1pos,ncm,L-leucine,0.0,30
T1,native,loso,F1pos,ncm,L-lysine,0.6,30
T1,native,loso,F1pos,ncm,L-methionine,0.7,30
T1,native,loso,F1pos,ncm,L-phenylalanine,0.0,30
T1,native,loso,F1pos,ncm,L-proline,0.0,30
T1,native,loso,F1pos,ncm,L-serine,0.0,20
T1,native,loso,F1pos,ncm,L-threonine,0.0,30
T1,native,loso,F1pos,ncm,L-tryptophan,0.85,20
T1,native,loso,F1pos,ncm,L-tyrosine,0.2333,30
T1,native,loso,F1pos,ncm,L-valine,0.0,30
T1,native,loso,F1pos,hgb,L-alanine,0.0,30
T1,native,loso,F1pos,hgb,L-arginine,0.0333,30
T1,native,loso,F1pos,hgb,L-asparagine,0.0,30
T1,native,loso,F1pos,hgb,L-aspartic acid,0.0,20
T1,native,loso,F1pos,hgb,L-cysteine,0.7333,30
T1,native,loso,F1pos,hgb,L-glutamic acid,0.0,30
T1,native,loso,F1pos,hgb,L-glutamine,0.0,30
T1,native,loso,F1pos,hgb,L-glycine,0.2,50
T1,native,loso,F1pos,hgb,L-histidine,0.0333,30
T1,native,loso,F1pos,hgb,L-isoleucine,0.0,30
T1,native,loso,F1pos,hgb,L-leucine,0.0,30
T1,native,loso,F1pos,hgb,L-lysine,0.6333,30
T1,native,loso,F1pos,hgb,L-methionine,0.1333,30
T1,native,loso,F1pos,hgb,L-phenylalanine,0.0,30
T1,native,loso,F1pos,hgb,L-proline,0.0,30
T1,native,loso,F1pos,hgb,L-serine,0.0,20
T1,native,loso,F1pos,hgb,L-threonine,0.0,30
T1,native,loso,F1pos,hgb,L-tryptophan,0.0,20
T1,native,loso,F1pos,hgb,L-tyrosine,0.4,30
T1,native,loso,F1pos,hgb,L-valine,0.0,30
T1,native,loso,F1pos,knn,L-alanine,0.0,30
T1,native,loso,F1pos,knn,L-arginine,0.0,30
T1,native,loso,F1pos,knn,L-asparagine,0.0,30
T1,native,loso,F1pos,knn,L-aspartic acid,0.0,20
T1,native,loso,F1pos,knn,L-cysteine,0.7667,30
T1,native,loso,F1pos,knn,L-glutamic acid,0.0,30
T1,native,loso,F1pos,knn,L-glutamine,0.0,30
T1,native,loso,F1pos,knn,L-glycine,0.2,50
T1,native,loso,F1pos,knn,L-histidine,0.0,30
T1,native,loso,F1pos,knn,L-isoleucine,0.0,30
T1,native,loso,F1pos,knn,L-leucine,0.0,30
T1,native,loso,F1pos,knn,L-lysine,0.5,30
T1,native,loso,F1pos,knn,L-methionine,0.2667,30
T1,native,loso,F1pos,knn,L-phenylalanine,0.0,30
T1,native,loso,F1pos,knn,L-proline,0.0,30
T1,native,loso,F1pos,knn,L-serine,0.0,20
T1,native,loso,F1pos,knn,L-threonine,0.0,30
T1,native,loso,F1pos,knn,L-tryptophan,0.55,20
T1,native,loso,F1pos,knn,L-tyrosine,0.3667,30
T1,native,loso,F1pos,knn,L-valine,0.0,30
T1,native,loso,F2,majority,L-alanine,0.6667,30
T1,native,loso,F2,majority,L-arginine,0.0,30
T1,native,loso,F2,majority,L-asparagine,0.0,30
T1,native,loso,F2,majority,L-aspartic acid,0.0,20
T1,native,loso,F2,majority,L-cysteine,0.0,30
T1,native,loso,F2,majority,L-glutamic acid,0.0,30
T1,native,loso,F2,majority,L-glutamine,0.0,30
T1,native,loso,F2,majority,L-glycine,0.2,50
T1,native,loso,F2,majority,L-histidine,0.0,30
T1,native,loso,F2,majority,L-isoleucine,0.0,30
T1,native,loso,F2,majority,L-leucine,0.0,30
T1,native,loso,F2,majority,L-lysine,0.0,30
T1,native,loso,F2,majority,L-methionine,0.0,30
T1,native,loso,F2,majority,L-phenylalanine,0.0,30
T1,native,loso,F2,majority,L-proline,0.0,30
T1,native,loso,F2,majority,L-serine,0.0,20
T1,native,loso,F2,majority,L-threonine,0.0,30
T1,native,loso,F2,majority,L-tryptophan,0.0,20
T1,native,loso,F2,majority,L-tyrosine,0.0,30
T1,native,loso,F2,majority,L-valine,0.0,30
T1,native,loso,F2,lr,L-alanine,0.0,30
T1,native,loso,F2,lr,L-arginine,0.0333,30
T1,native,loso,F2,lr,L-asparagine,0.0,30
T1,native,loso,F2,lr,L-aspartic acid,0.0,20
T1,native,loso,F2,lr,L-cysteine,0.8667,30
T1,native,loso,F2,lr,L-glutamic acid,0.0,30
T1,native,loso,F2,lr,L-glutamine,0.0,30
T1,native,loso,F2,lr,L-glycine,0.0,50
T1,native,loso,F2,lr,L-histidine,0.0,30
T1,native,loso,F2,lr,L-isoleucine,0.0,30
T1,native,loso,F2,lr,L-leucine,0.0,30
T1,native,loso,F2,lr,L-lysine,0.8667,30
T1,native,loso,F2,lr,L-methionine,0.0333,30
T1,native,loso,F2,lr,L-phenylalanine,0.0,30
T1,native,loso,F2,lr,L-proline,0.0,30
T1,native,loso,F2,lr,L-serine,0.0,20
T1,native,loso,F2,lr,L-threonine,0.0,30
T1,native,loso,F2,lr,L-tryptophan,0.35,20
T1,native,loso,F2,lr,L-tyrosine,0.0,30
T1,native,loso,F2,lr,L-valine,0.0,30
T1,native,loso,F2,pca_lr,L-alanine,0.0,30
T1,native,loso,F2,pca_lr,L-arginine,0.1,30
T1,native,loso,F2,pca_lr,L-asparagine,0.0,30
T1,native,loso,F2,pca_lr,L-aspartic acid,0.0,20
T1,native,loso,F2,pca_lr,L-cysteine,0.8333,30
T1,native,loso,F2,pca_lr,L-glutamic acid,0.0,30
T1,native,loso,F2,pca_lr,L-glutamine,0.0,30
T1,native,loso,F2,pca_lr,L-glycine,0.0,50
T1,native,loso,F2,pca_lr,L-histidine,0.0,30
T1,native,loso,F2,pca_lr,L-isoleucine,0.0,30
T1,native,loso,F2,pca_lr,L-leucine,0.0,30
T1,native,loso,F2,pca_lr,L-lysine,0.8667,30
T1,native,loso,F2,pca_lr,L-methionine,0.0333,30
T1,native,loso,F2,pca_lr,L-phenylalanine,0.0,30
T1,native,loso,F2,pca_lr,L-proline,0.0,30
T1,native,loso,F2,pca_lr,L-serine,0.0,20
T1,native,loso,F2,pca_lr,L-threonine,0.0,30
T1,native,loso,F2,pca_lr,L-tryptophan,0.4,20
T1,native,loso,F2,pca_lr,L-tyrosine,0.0,30
T1,native,loso,F2,pca_lr,L-valine,0.0,30
T1,native,loso,F2,plsda,L-alanine,0.0,30
T1,native,loso,F2,plsda,L-arginine,0.2667,30
T1,native,loso,F2,plsda,L-asparagine,0.0,30
T1,native,loso,F2,plsda,L-aspartic acid,0.0,20
T1,native,loso,F2,plsda,L-cysteine,0.9333,30
T1,native,loso,F2,plsda,L-glutamic acid,0.0,30
T1,native,loso,F2,plsda,L-glutamine,0.0,30
T1,native,loso,F2,plsda,L-glycine,0.02,50
T1,native,loso,F2,plsda,L-histidine,0.2,30
T1,native,loso,F2,plsda,L-isoleucine,0.0,30
T1,native,loso,F2,plsda,L-leucine,0.0,30
T1,native,loso,F2,plsda,L-lysine,0.4,30
T1,native,loso,F2,plsda,L-methionine,0.3667,30
T1,native,loso,F2,plsda,L-phenylalanine,0.0,30
T1,native,loso,F2,plsda,L-proline,0.0,30
T1,native,loso,F2,plsda,L-serine,0.0,20
T1,native,loso,F2,plsda,L-threonine,0.0,30
T1,native,loso,F2,plsda,L-tryptophan,0.25,20
T1,native,loso,F2,plsda,L-tyrosine,0.1,30
T1,native,loso,F2,plsda,L-valine,0.0,30
T1,native,loso,F2,ncm,L-alanine,0.0,30
T1,native,loso,F2,ncm,L-arginine,0.1667,30
T1,native,loso,F2,ncm,L-asparagine,0.0,30
T1,native,loso,F2,ncm,L-aspartic acid,0.0,20
T1,native,loso,F2,ncm,L-cysteine,0.9,30
T1,native,loso,F2,ncm,L-glutamic acid,0.0,30
T1,native,loso,F2,ncm,L-glutamine,0.0,30
T1,native,loso,F2,ncm,L-glycine,0.0,50
T1,native,loso,F2,ncm,L-histidine,0.0,30
T1,native,loso,F2,ncm,L-isoleucine,0.0,30
T1,native,loso,F2,ncm,L-leucine,0.0,30
T1,native,loso,F2,ncm,L-lysine,0.7667,30
T1,native,loso,F2,ncm,L-methionine,0.1,30
T1,native,loso,F2,ncm,L-phenylalanine,0.0,30
T1,native,loso,F2,ncm,L-proline,0.0,30
T1,native,loso,F2,ncm,L-serine,0.0,20
T1,native,loso,F2,ncm,L-threonine,0.0,30
T1,native,loso,F2,ncm,L-tryptophan,1.0,20
T1,native,loso,F2,ncm,L-tyrosine,0.0,30
T1,native,loso,F2,ncm,L-valine,0.0,30
T1,native,loso,F2,hgb,L-alanine,0.0,30
T1,native,loso,F2,hgb,L-arginine,0.1333,30
T1,native,loso,F2,hgb,L-asparagine,0.0,30
T1,native,loso,F2,hgb,L-aspartic acid,0.0,20
T1,native,loso,F2,hgb,L-cysteine,0.8,30
T1,native,loso,F2,hgb,L-glutamic acid,0.0,30
T1,native,loso,F2,hgb,L-glutamine,0.0,30
T1,native,loso,F2,hgb,L-glycine,0.0,50
T1,native,loso,F2,hgb,L-histidine,0.5333,30
T1,native,loso,F2,hgb,L-isoleucine,0.0,30
T1,native,loso,F2,hgb,L-leucine,0.0,30
T1,native,loso,F2,hgb,L-lysine,0.2,30
T1,native,loso,F2,hgb,L-methionine,0.0,30
T1,native,loso,F2,hgb,L-phenylalanine,0.0,30
T1,native,loso,F2,hgb,L-proline,0.0,30
T1,native,loso,F2,hgb,L-serine,0.05,20
T1,native,loso,F2,hgb,L-threonine,0.0,30
T1,native,loso,F2,hgb,L-tryptophan,0.0,20
T1,native,loso,F2,hgb,L-tyrosine,0.0,30
T1,native,loso,F2,hgb,L-valine,0.0,30
T1,native,loso,F2,knn,L-alanine,0.0,30
T1,native,loso,F2,knn,L-arginine,0.0,30
T1,native,loso,F2,knn,L-asparagine,0.0,30
T1,native,loso,F2,knn,L-aspartic acid,0.0,20
T1,native,loso,F2,knn,L-cysteine,0.9,30
T1,native,loso,F2,knn,L-glutamic acid,0.0,30
T1,native,loso,F2,knn,L-glutamine,0.0,30
T1,native,loso,F2,knn,L-glycine,0.0,50
T1,native,loso,F2,knn,L-histidine,0.0,30
T1,native,loso,F2,knn,L-isoleucine,0.0,30
T1,native,loso,F2,knn,L-leucine,0.0,30
T1,native,loso,F2,knn,L-lysine,0.6667,30
T1,native,loso,F2,knn,L-methionine,0.0,30
T1,native,loso,F2,knn,L-phenylalanine,0.0,30
T1,native,loso,F2,knn,L-proline,0.0,30
T1,native,loso,F2,knn,L-serine,0.0,20
T1,native,loso,F2,knn,L-threonine,0.0,30
T1,native,loso,F2,knn,L-tryptophan,1.0,20
T1,native,loso,F2,knn,L-tyrosine,0.0,30
T1,native,loso,F2,knn,L-valine,0.0,30
T1,native,loso,F3,majority,L-alanine,0.6667,30
T1,native,loso,F3,majority,L-arginine,0.0,30
T1,native,loso,F3,majority,L-asparagine,0.0,30
T1,native,loso,F3,majority,L-aspartic acid,0.0,20
T1,native,loso,F3,majority,L-cysteine,0.0,30
T1,native,loso,F3,majority,L-glutamic acid,0.0,30
T1,native,loso,F3,majority,L-glutamine,0.0,30
T1,native,loso,F3,majority,L-glycine,0.2,50
T1,native,loso,F3,majority,L-histidine,0.0,30
T1,native,loso,F3,majority,L-isoleucine,0.0,30
T1,native,loso,F3,majority,L-leucine,0.0,30
T1,native,loso,F3,majority,L-lysine,0.0,30
T1,native,loso,F3,majority,L-methionine,0.0,30
T1,native,loso,F3,majority,L-phenylalanine,0.0,30
T1,native,loso,F3,majority,L-proline,0.0,30
T1,native,loso,F3,majority,L-serine,0.0,20
T1,native,loso,F3,majority,L-threonine,0.0,30
T1,native,loso,F3,majority,L-tryptophan,0.0,20
T1,native,loso,F3,majority,L-tyrosine,0.0,30
T1,native,loso,F3,majority,L-valine,0.0,30
T1,native,loso,F3,lr,L-alanine,0.0,30
T1,native,loso,F3,lr,L-arginine,0.0,30
T1,native,loso,F3,lr,L-asparagine,0.0,30
T1,native,loso,F3,lr,L-aspartic acid,0.0,20
T1,native,loso,F3,lr,L-cysteine,1.0,30
T1,native,loso,F3,lr,L-glutamic acid,0.0,30
T1,native,loso,F3,lr,L-glutamine,0.0,30
T1,native,loso,F3,lr,L-glycine,0.0,50
T1,native,loso,F3,lr,L-histidine,0.2667,30
T1,native,loso,F3,lr,L-isoleucine,0.0,30
T1,native,loso,F3,lr,L-leucine,0.0,30
T1,native,loso,F3,lr,L-lysine,0.9,30
T1,native,loso,F3,lr,L-methionine,0.3333,30
T1,native,loso,F3,lr,L-phenylalanine,0.0,30
T1,native,loso,F3,lr,L-proline,0.0,30
T1,native,loso,F3,lr,L-serine,0.0,20
T1,native,loso,F3,lr,L-threonine,0.0,30
T1,native,loso,F3,lr,L-tryptophan,0.15,20
T1,native,loso,F3,lr,L-tyrosine,0.0,30
T1,native,loso,F3,lr,L-valine,0.0,30
T1,native,loso,F3,pca_lr,L-alanine,0.0,30
T1,native,loso,F3,pca_lr,L-arginine,0.0,30
T1,native,loso,F3,pca_lr,L-asparagine,0.0,30
T1,native,loso,F3,pca_lr,L-aspartic acid,0.0,20
T1,native,loso,F3,pca_lr,L-cysteine,0.9667,30
T1,native,loso,F3,pca_lr,L-glutamic acid,0.0,30
T1,native,loso,F3,pca_lr,L-glutamine,0.0,30
T1,native,loso,F3,pca_lr,L-glycine,0.0,50
T1,native,loso,F3,pca_lr,L-histidine,0.3,30
T1,native,loso,F3,pca_lr,L-isoleucine,0.0,30
T1,native,loso,F3,pca_lr,L-leucine,0.0,30
T1,native,loso,F3,pca_lr,L-lysine,0.8667,30
T1,native,loso,F3,pca_lr,L-methionine,0.4,30
T1,native,loso,F3,pca_lr,L-phenylalanine,0.0,30
T1,native,loso,F3,pca_lr,L-proline,0.0,30
T1,native,loso,F3,pca_lr,L-serine,0.0,20
T1,native,loso,F3,pca_lr,L-threonine,0.0,30
T1,native,loso,F3,pca_lr,L-tryptophan,0.15,20
T1,native,loso,F3,pca_lr,L-tyrosine,0.0,30
T1,native,loso,F3,pca_lr,L-valine,0.0,30
T1,native,loso,F3,plsda,L-alanine,0.0,30
T1,native,loso,F3,plsda,L-arginine,0.0,30
T1,native,loso,F3,plsda,L-asparagine,0.0,30
T1,native,loso,F3,plsda,L-aspartic acid,0.0,20
T1,native,loso,F3,plsda,L-cysteine,1.0,30
T1,native,loso,F3,plsda,L-glutamic acid,0.0,30
T1,native,loso,F3,plsda,L-glutamine,0.0,30
T1,native,loso,F3,plsda,L-glycine,0.0,50
T1,native,loso,F3,plsda,L-histidine,0.0,30
T1,native,loso,F3,plsda,L-isoleucine,0.0,30
T1,native,loso,F3,plsda,L-leucine,0.0,30
T1,native,loso,F3,plsda,L-lysine,0.3333,30
T1,native,loso,F3,plsda,L-methionine,0.7,30
T1,native,loso,F3,plsda,L-phenylalanine,0.0,30
T1,native,loso,F3,plsda,L-proline,0.0,30
T1,native,loso,F3,plsda,L-serine,0.0,20
T1,native,loso,F3,plsda,L-threonine,0.0,30
T1,native,loso,F3,plsda,L-tryptophan,0.05,20
T1,native,loso,F3,plsda,L-tyrosine,0.0,30
T1,native,loso,F3,plsda,L-valine,0.0333,30
T1,native,loso,F3,ncm,L-alanine,0.0,30
T1,native,loso,F3,ncm,L-arginine,0.0,30
T1,native,loso,F3,ncm,L-asparagine,0.0,30
T1,native,loso,F3,ncm,L-aspartic acid,0.0,20
T1,native,loso,F3,ncm,L-cysteine,1.0,30
T1,native,loso,F3,ncm,L-glutamic acid,0.0,30
T1,native,loso,F3,ncm,L-glutamine,0.0,30
T1,native,loso,F3,ncm,L-glycine,0.0,50
T1,native,loso,F3,ncm,L-histidine,1.0,30
T1,native,loso,F3,ncm,L-isoleucine,0.0,30
T1,native,loso,F3,ncm,L-leucine,0.0,30
T1,native,loso,F3,ncm,L-lysine,0.6667,30
T1,native,loso,F3,ncm,L-methionine,0.1333,30
T1,native,loso,F3,ncm,L-phenylalanine,0.0,30
T1,native,loso,F3,ncm,L-proline,0.0,30
T1,native,loso,F3,ncm,L-serine,0.0,20
T1,native,loso,F3,ncm,L-threonine,0.0,30
T1,native,loso,F3,ncm,L-tryptophan,1.0,20
T1,native,loso,F3,ncm,L-tyrosine,0.0,30
T1,native,loso,F3,ncm,L-valine,0.0,30
T1,native,loso,F3,hgb,L-alanine,0.0667,30
T1,native,loso,F3,hgb,L-arginine,0.0,30
T1,native,loso,F3,hgb,L-asparagine,0.0,30
T1,native,loso,F3,hgb,L-aspartic acid,0.0,20
T1,native,loso,F3,hgb,L-cysteine,0.2,30
T1,native,loso,F3,hgb,L-glutamic acid,0.0,30
T1,native,loso,F3,hgb,L-glutamine,0.0,30
T1,native,loso,F3,hgb,L-glycine,0.0,50
T1,native,loso,F3,hgb,L-histidine,0.3667,30
T1,native,loso,F3,hgb,L-isoleucine,0.0,30
T1,native,loso,F3,hgb,L-leucine,0.0,30
T1,native,loso,F3,hgb,L-lysine,0.6,30
T1,native,loso,F3,hgb,L-methionine,0.0,30
T1,native,loso,F3,hgb,L-phenylalanine,0.0,30
T1,native,loso,F3,hgb,L-proline,0.0,30
T1,native,loso,F3,hgb,L-serine,0.35,20
T1,native,loso,F3,hgb,L-threonine,0.0,30
T1,native,loso,F3,hgb,L-tryptophan,0.1,20
T1,native,loso,F3,hgb,L-tyrosine,0.0,30
T1,native,loso,F3,hgb,L-valine,0.0,30
T1,native,loso,F3,knn,L-alanine,0.0,30
T1,native,loso,F3,knn,L-arginine,0.0,30
T1,native,loso,F3,knn,L-asparagine,0.0,30
T1,native,loso,F3,knn,L-aspartic acid,0.0,20
T1,native,loso,F3,knn,L-cysteine,1.0,30
T1,native,loso,F3,knn,L-glutamic acid,0.0,30
T1,native,loso,F3,knn,L-glutamine,0.0,30
T1,native,loso,F3,knn,L-glycine,0.0,50
T1,native,loso,F3,knn,L-histidine,1.0,30
T1,native,loso,F3,knn,L-isoleucine,0.0,30
T1,native,loso,F3,knn,L-leucine,0.0,30
T1,native,loso,F3,knn,L-lysine,0.6667,30
T1,native,loso,F3,knn,L-methionine,0.0,30
T1,native,loso,F3,knn,L-phenylalanine,0.0,30
T1,native,loso,F3,knn,L-proline,0.0,30
T1,native,loso,F3,knn,L-serine,0.0,20
T1,native,loso,F3,knn,L-threonine,0.0,30
T1,native,loso,F3,knn,L-tryptophan,1.0,20
T1,native,loso,F3,knn,L-tyrosine,0.3333,30
T1,native,loso,F3,knn,L-valine,0.0,30
T1,native,loso,F1.bg,majority,L-alanine,0.6667,30
T1,native,loso,F1.bg,majority,L-arginine,0.0,30
T1,native,loso,F1.bg,majority,L-asparagine,0.0,30
T1,native,loso,F1.bg,majority,L-aspartic acid,0.0,20
T1,native,loso,F1.bg,majority,L-cysteine,0.0,30
T1,native,loso,F1.bg,majority,L-glutamic acid,0.0,30
T1,native,loso,F1.bg,majority,L-glutamine,0.0,30
T1,native,loso,F1.bg,majority,L-glycine,0.2,50
T1,native,loso,F1.bg,majority,L-histidine,0.0,30
T1,native,loso,F1.bg,majority,L-isoleucine,0.0,30
T1,native,loso,F1.bg,majority,L-leucine,0.0,30
T1,native,loso,F1.bg,majority,L-lysine,0.0,30
T1,native,loso,F1.bg,majority,L-methionine,0.0,30
T1,native,loso,F1.bg,majority,L-phenylalanine,0.0,30
T1,native,loso,F1.bg,majority,L-proline,0.0,30
T1,native,loso,F1.bg,majority,L-serine,0.0,20
T1,native,loso,F1.bg,majority,L-threonine,0.0,30
T1,native,loso,F1.bg,majority,L-tryptophan,0.0,20
T1,native,loso,F1.bg,majority,L-tyrosine,0.0,30
T1,native,loso,F1.bg,majority,L-valine,0.0,30
T1,native,loso,F1.bg,lr,L-alanine,0.0,30
T1,native,loso,F1.bg,lr,L-arginine,0.0,30
T1,native,loso,F1.bg,lr,L-asparagine,0.0,30
T1,native,loso,F1.bg,lr,L-aspartic acid,0.0,20
T1,native,loso,F1.bg,lr,L-cysteine,0.7333,30
T1,native,loso,F1.bg,lr,L-glutamic acid,0.0,30
T1,native,loso,F1.bg,lr,L-glutamine,0.0,30
T1,native,loso,F1.bg,lr,L-glycine,0.08,50
T1,native,loso,F1.bg,lr,L-histidine,0.0,30
T1,native,loso,F1.bg,lr,L-isoleucine,0.0,30
T1,native,loso,F1.bg,lr,L-leucine,0.0,30
T1,native,loso,F1.bg,lr,L-lysine,0.4667,30
T1,native,loso,F1.bg,lr,L-methionine,0.3,30
T1,native,loso,F1.bg,lr,L-phenylalanine,0.0,30
T1,native,loso,F1.bg,lr,L-proline,0.0,30
T1,native,loso,F1.bg,lr,L-serine,0.0,20
T1,native,loso,F1.bg,lr,L-threonine,0.0,30
T1,native,loso,F1.bg,lr,L-tryptophan,0.15,20
T1,native,loso,F1.bg,lr,L-tyrosine,0.3333,30
T1,native,loso,F1.bg,lr,L-valine,0.0,30
T1,native,loso,F1.bg,pca_lr,L-alanine,0.0,30
T1,native,loso,F1.bg,pca_lr,L-arginine,0.0,30
T1,native,loso,F1.bg,pca_lr,L-asparagine,0.0,30
T1,native,loso,F1.bg,pca_lr,L-aspartic acid,0.0,20
T1,native,loso,F1.bg,pca_lr,L-cysteine,0.7667,30
T1,native,loso,F1.bg,pca_lr,L-glutamic acid,0.0,30
T1,native,loso,F1.bg,pca_lr,L-glutamine,0.0,30
T1,native,loso,F1.bg,pca_lr,L-glycine,0.1,50
T1,native,loso,F1.bg,pca_lr,L-histidine,0.0,30
T1,native,loso,F1.bg,pca_lr,L-isoleucine,0.0,30
T1,native,loso,F1.bg,pca_lr,L-leucine,0.0,30
T1,native,loso,F1.bg,pca_lr,L-lysine,0.2667,30
T1,native,loso,F1.bg,pca_lr,L-methionine,0.2667,30
T1,native,loso,F1.bg,pca_lr,L-phenylalanine,0.0,30
T1,native,loso,F1.bg,pca_lr,L-proline,0.0,30
T1,native,loso,F1.bg,pca_lr,L-serine,0.0,20
T1,native,loso,F1.bg,pca_lr,L-threonine,0.0,30
T1,native,loso,F1.bg,pca_lr,L-tryptophan,0.15,20
T1,native,loso,F1.bg,pca_lr,L-tyrosine,0.3,30
T1,native,loso,F1.bg,pca_lr,L-valine,0.0,30
T1,native,loso,F1.bg,plsda,L-alanine,0.0,30
T1,native,loso,F1.bg,plsda,L-arginine,0.0667,30
T1,native,loso,F1.bg,plsda,L-asparagine,0.0,30
T1,native,loso,F1.bg,plsda,L-aspartic acid,0.0,20
T1,native,loso,F1.bg,plsda,L-cysteine,0.8333,30
T1,native,loso,F1.bg,plsda,L-glutamic acid,0.0,30
T1,native,loso,F1.bg,plsda,L-glutamine,0.0,30
T1,native,loso,F1.bg,plsda,L-glycine,0.24,50
T1,native,loso,F1.bg,plsda,L-histidine,0.0,30
T1,native,loso,F1.bg,plsda,L-isoleucine,0.0,30
T1,native,loso,F1.bg,plsda,L-leucine,0.0,30
T1,native,loso,F1.bg,plsda,L-lysine,0.2667,30
T1,native,loso,F1.bg,plsda,L-methionine,0.3333,30
T1,native,loso,F1.bg,plsda,L-phenylalanine,0.0333,30
T1,native,loso,F1.bg,plsda,L-proline,0.0,30
T1,native,loso,F1.bg,plsda,L-serine,0.0,20
T1,native,loso,F1.bg,plsda,L-threonine,0.0,30
T1,native,loso,F1.bg,plsda,L-tryptophan,0.25,20
T1,native,loso,F1.bg,plsda,L-tyrosine,0.0,30
T1,native,loso,F1.bg,plsda,L-valine,0.0,30
T1,native,loso,F1.bg,ncm,L-alanine,0.0,30
T1,native,loso,F1.bg,ncm,L-arginine,0.0333,30
T1,native,loso,F1.bg,ncm,L-asparagine,0.0,30
T1,native,loso,F1.bg,ncm,L-aspartic acid,0.0,20
T1,native,loso,F1.bg,ncm,L-cysteine,0.5333,30
T1,native,loso,F1.bg,ncm,L-glutamic acid,0.0,30
T1,native,loso,F1.bg,ncm,L-glutamine,0.0,30
T1,native,loso,F1.bg,ncm,L-glycine,0.04,50
T1,native,loso,F1.bg,ncm,L-histidine,0.0,30
T1,native,loso,F1.bg,ncm,L-isoleucine,0.0,30
T1,native,loso,F1.bg,ncm,L-leucine,0.0,30
T1,native,loso,F1.bg,ncm,L-lysine,0.6,30
T1,native,loso,F1.bg,ncm,L-methionine,0.1,30
T1,native,loso,F1.bg,ncm,L-phenylalanine,0.0,30
T1,native,loso,F1.bg,ncm,L-proline,0.0,30
T1,native,loso,F1.bg,ncm,L-serine,0.0,20
T1,native,loso,F1.bg,ncm,L-threonine,0.0,30
T1,native,loso,F1.bg,ncm,L-tryptophan,0.65,20
T1,native,loso,F1.bg,ncm,L-tyrosine,0.0333,30
T1,native,loso,F1.bg,ncm,L-valine,0.0,30
T1,native,loso,F1.bg,hgb,L-alanine,0.0,30
T1,native,loso,F1.bg,hgb,L-arginine,0.0,30
T1,native,loso,F1.bg,hgb,L-asparagine,0.0,30
T1,native,loso,F1.bg,hgb,L-aspartic acid,0.0,20
T1,native,loso,F1.bg,hgb,L-cysteine,0.4667,30
T1,native,loso,F1.bg,hgb,L-glutamic acid,0.0,30
T1,native,loso,F1.bg,hgb,L-glutamine,0.1,30
T1,native,loso,F1.bg,hgb,L-glycine,0.0,50
T1,native,loso,F1.bg,hgb,L-histidine,0.0667,30
T1,native,loso,F1.bg,hgb,L-isoleucine,0.0,30
T1,native,loso,F1.bg,hgb,L-leucine,0.0,30
T1,native,loso,F1.bg,hgb,L-lysine,0.0,30
T1,native,loso,F1.bg,hgb,L-methionine,0.1667,30
T1,native,loso,F1.bg,hgb,L-phenylalanine,0.0,30
T1,native,loso,F1.bg,hgb,L-proline,0.0333,30
T1,native,loso,F1.bg,hgb,L-serine,0.0,20
T1,native,loso,F1.bg,hgb,L-threonine,0.2333,30
T1,native,loso,F1.bg,hgb,L-tryptophan,0.0,20
T1,native,loso,F1.bg,hgb,L-tyrosine,0.3,30
T1,native,loso,F1.bg,hgb,L-valine,0.0,30
T1,native,loso,F1.bg,knn,L-alanine,0.0,30
T1,native,loso,F1.bg,knn,L-arginine,0.0667,30
T1,native,loso,F1.bg,knn,L-asparagine,0.0,30
T1,native,loso,F1.bg,knn,L-aspartic acid,0.0,20
T1,native,loso,F1.bg,knn,L-cysteine,0.5333,30
T1,native,loso,F1.bg,knn,L-glutamic acid,0.0,30
T1,native,loso,F1.bg,knn,L-glutamine,0.0,30
T1,native,loso,F1.bg,knn,L-glycine,0.02,50
T1,native,loso,F1.bg,knn,L-histidine,0.0,30
T1,native,loso,F1.bg,knn,L-isoleucine,0.0,30
T1,native,loso,F1.bg,knn,L-leucine,0.0,30
T1,native,loso,F1.bg,knn,L-lysine,0.6667,30
T1,native,loso,F1.bg,knn,L-methionine,0.1,30
T1,native,loso,F1.bg,knn,L-phenylalanine,0.0,30
T1,native,loso,F1.bg,knn,L-proline,0.0,30
T1,native,loso,F1.bg,knn,L-serine,0.0,20
T1,native,loso,F1.bg,knn,L-threonine,0.0,30
T1,native,loso,F1.bg,knn,L-tryptophan,0.65,20
T1,native,loso,F1.bg,knn,L-tyrosine,0.0,30
T1,native,loso,F1.bg,knn,L-valine,0.0,30
T1,native,loso,F2.bg,majority,L-alanine,0.6667,30
T1,native,loso,F2.bg,majority,L-arginine,0.0,30
T1,native,loso,F2.bg,majority,L-asparagine,0.0,30
T1,native,loso,F2.bg,majority,L-aspartic acid,0.0,20
T1,native,loso,F2.bg,majority,L-cysteine,0.0,30
T1,native,loso,F2.bg,majority,L-glutamic acid,0.0,30
T1,native,loso,F2.bg,majority,L-glutamine,0.0,30
T1,native,loso,F2.bg,majority,L-glycine,0.2,50
T1,native,loso,F2.bg,majority,L-histidine,0.0,30
T1,native,loso,F2.bg,majority,L-isoleucine,0.0,30
T1,native,loso,F2.bg,majority,L-leucine,0.0,30
T1,native,loso,F2.bg,majority,L-lysine,0.0,30
T1,native,loso,F2.bg,majority,L-methionine,0.0,30
T1,native,loso,F2.bg,majority,L-phenylalanine,0.0,30
T1,native,loso,F2.bg,majority,L-proline,0.0,30
T1,native,loso,F2.bg,majority,L-serine,0.0,20
T1,native,loso,F2.bg,majority,L-threonine,0.0,30
T1,native,loso,F2.bg,majority,L-tryptophan,0.0,20
T1,native,loso,F2.bg,majority,L-tyrosine,0.0,30
T1,native,loso,F2.bg,majority,L-valine,0.0,30
T1,native,loso,F2.bg,lr,L-alanine,0.0,30
T1,native,loso,F2.bg,lr,L-arginine,0.0,30
T1,native,loso,F2.bg,lr,L-asparagine,0.0,30
T1,native,loso,F2.bg,lr,L-aspartic acid,0.0,20
T1,native,loso,F2.bg,lr,L-cysteine,0.7333,30
T1,native,loso,F2.bg,lr,L-glutamic acid,0.0,30
T1,native,loso,F2.bg,lr,L-glutamine,0.0,30
T1,native,loso,F2.bg,lr,L-glycine,0.0,50
T1,native,loso,F2.bg,lr,L-histidine,0.0,30
T1,native,loso,F2.bg,lr,L-isoleucine,0.0,30
T1,native,loso,F2.bg,lr,L-leucine,0.0,30
T1,native,loso,F2.bg,lr,L-lysine,0.6,30
T1,native,loso,F2.bg,lr,L-methionine,0.0667,30
T1,native,loso,F2.bg,lr,L-phenylalanine,0.0,30
T1,native,loso,F2.bg,lr,L-proline,0.0,30
T1,native,loso,F2.bg,lr,L-serine,0.0,20
T1,native,loso,F2.bg,lr,L-threonine,0.0,30
T1,native,loso,F2.bg,lr,L-tryptophan,0.35,20
T1,native,loso,F2.bg,lr,L-tyrosine,0.0,30
T1,native,loso,F2.bg,lr,L-valine,0.0,30
T1,native,loso,F2.bg,pca_lr,L-alanine,0.0,30
T1,native,loso,F2.bg,pca_lr,L-arginine,0.0,30
T1,native,loso,F2.bg,pca_lr,L-asparagine,0.0,30
T1,native,loso,F2.bg,pca_lr,L-aspartic acid,0.0,20
T1,native,loso,F2.bg,pca_lr,L-cysteine,0.8333,30
T1,native,loso,F2.bg,pca_lr,L-glutamic acid,0.0,30
T1,native,loso,F2.bg,pca_lr,L-glutamine,0.0,30
T1,native,loso,F2.bg,pca_lr,L-glycine,0.0,50
T1,native,loso,F2.bg,pca_lr,L-histidine,0.0,30
T1,native,loso,F2.bg,pca_lr,L-isoleucine,0.0,30
T1,native,loso,F2.bg,pca_lr,L-leucine,0.0,30
T1,native,loso,F2.bg,pca_lr,L-lysine,0.7,30
T1,native,loso,F2.bg,pca_lr,L-methionine,0.1333,30
T1,native,loso,F2.bg,pca_lr,L-phenylalanine,0.0,30
T1,native,loso,F2.bg,pca_lr,L-proline,0.0,30
T1,native,loso,F2.bg,pca_lr,L-serine,0.0,20
T1,native,loso,F2.bg,pca_lr,L-threonine,0.0,30
T1,native,loso,F2.bg,pca_lr,L-tryptophan,0.55,20
T1,native,loso,F2.bg,pca_lr,L-tyrosine,0.0,30
T1,native,loso,F2.bg,pca_lr,L-valine,0.0,30
T1,native,loso,F2.bg,plsda,L-alanine,0.0,30
T1,native,loso,F2.bg,plsda,L-arginine,0.0,30
T1,native,loso,F2.bg,plsda,L-asparagine,0.0,30
T1,native,loso,F2.bg,plsda,L-aspartic acid,0.0,20
T1,native,loso,F2.bg,plsda,L-cysteine,0.9667,30
T1,native,loso,F2.bg,plsda,L-glutamic acid,0.0,30
T1,native,loso,F2.bg,plsda,L-glutamine,0.0,30
T1,native,loso,F2.bg,plsda,L-glycine,0.02,50
T1,native,loso,F2.bg,plsda,L-histidine,0.0,30
T1,native,loso,F2.bg,plsda,L-isoleucine,0.0,30
T1,native,loso,F2.bg,plsda,L-leucine,0.0,30
T1,native,loso,F2.bg,plsda,L-lysine,0.8667,30
T1,native,loso,F2.bg,plsda,L-methionine,0.6333,30
T1,native,loso,F2.bg,plsda,L-phenylalanine,0.0,30
T1,native,loso,F2.bg,plsda,L-proline,0.0,30
T1,native,loso,F2.bg,plsda,L-serine,0.0,20
T1,native,loso,F2.bg,plsda,L-threonine,0.0,30
T1,native,loso,F2.bg,plsda,L-tryptophan,0.3,20
T1,native,loso,F2.bg,plsda,L-tyrosine,0.0667,30
T1,native,loso,F2.bg,plsda,L-valine,0.0,30
T1,native,loso,F2.bg,ncm,L-alanine,0.0,30
T1,native,loso,F2.bg,ncm,L-arginine,0.0,30
T1,native,loso,F2.bg,ncm,L-asparagine,0.0,30
T1,native,loso,F2.bg,ncm,L-aspartic acid,0.0,20
T1,native,loso,F2.bg,ncm,L-cysteine,0.8333,30
T1,native,loso,F2.bg,ncm,L-glutamic acid,0.0,30
T1,native,loso,F2.bg,ncm,L-glutamine,0.0,30
T1,native,loso,F2.bg,ncm,L-glycine,0.02,50
T1,native,loso,F2.bg,ncm,L-histidine,0.0,30
T1,native,loso,F2.bg,ncm,L-isoleucine,0.0,30
T1,native,loso,F2.bg,ncm,L-leucine,0.0,30
T1,native,loso,F2.bg,ncm,L-lysine,0.4667,30
T1,native,loso,F2.bg,ncm,L-methionine,0.1,30
T1,native,loso,F2.bg,ncm,L-phenylalanine,0.0,30
T1,native,loso,F2.bg,ncm,L-proline,0.0,30
T1,native,loso,F2.bg,ncm,L-serine,0.0,20
T1,native,loso,F2.bg,ncm,L-threonine,0.0,30
T1,native,loso,F2.bg,ncm,L-tryptophan,1.0,20
T1,native,loso,F2.bg,ncm,L-tyrosine,0.0,30
T1,native,loso,F2.bg,ncm,L-valine,0.0,30
T1,native,loso,F2.bg,hgb,L-alanine,0.0,30
T1,native,loso,F2.bg,hgb,L-arginine,0.0,30
T1,native,loso,F2.bg,hgb,L-asparagine,0.0,30
T1,native,loso,F2.bg,hgb,L-aspartic acid,0.0,20
T1,native,loso,F2.bg,hgb,L-cysteine,0.7667,30
T1,native,loso,F2.bg,hgb,L-glutamic acid,0.0,30
T1,native,loso,F2.bg,hgb,L-glutamine,0.0667,30
T1,native,loso,F2.bg,hgb,L-glycine,0.0,50
T1,native,loso,F2.bg,hgb,L-histidine,0.6667,30
T1,native,loso,F2.bg,hgb,L-isoleucine,0.0,30
T1,native,loso,F2.bg,hgb,L-leucine,0.0,30
T1,native,loso,F2.bg,hgb,L-lysine,0.0,30
T1,native,loso,F2.bg,hgb,L-methionine,0.0,30
T1,native,loso,F2.bg,hgb,L-phenylalanine,0.0,30
T1,native,loso,F2.bg,hgb,L-proline,0.0,30
T1,native,loso,F2.bg,hgb,L-serine,0.0,20
T1,native,loso,F2.bg,hgb,L-threonine,0.0333,30
T1,native,loso,F2.bg,hgb,L-tryptophan,0.0,20
T1,native,loso,F2.bg,hgb,L-tyrosine,0.0,30
T1,native,loso,F2.bg,hgb,L-valine,0.0,30
T1,native,loso,F2.bg,knn,L-alanine,0.0,30
T1,native,loso,F2.bg,knn,L-arginine,0.0,30
T1,native,loso,F2.bg,knn,L-asparagine,0.0,30
T1,native,loso,F2.bg,knn,L-aspartic acid,0.0,20
T1,native,loso,F2.bg,knn,L-cysteine,0.8667,30
T1,native,loso,F2.bg,knn,L-glutamic acid,0.0,30
T1,native,loso,F2.bg,knn,L-glutamine,0.0,30
T1,native,loso,F2.bg,knn,L-glycine,0.02,50
T1,native,loso,F2.bg,knn,L-histidine,0.0,30
T1,native,loso,F2.bg,knn,L-isoleucine,0.0,30
T1,native,loso,F2.bg,knn,L-leucine,0.0,30
T1,native,loso,F2.bg,knn,L-lysine,0.4667,30
T1,native,loso,F2.bg,knn,L-methionine,0.1,30
T1,native,loso,F2.bg,knn,L-phenylalanine,0.0333,30
T1,native,loso,F2.bg,knn,L-proline,0.0,30
T1,native,loso,F2.bg,knn,L-serine,0.0,20
T1,native,loso,F2.bg,knn,L-threonine,0.0,30
T1,native,loso,F2.bg,knn,L-tryptophan,1.0,20
T1,native,loso,F2.bg,knn,L-tyrosine,0.0,30
T1,native,loso,F2.bg,knn,L-valine,0.0,30
T1,native,loso,F3.bg,majority,L-alanine,0.6667,30
T1,native,loso,F3.bg,majority,L-arginine,0.0,30
T1,native,loso,F3.bg,majority,L-asparagine,0.0,30
T1,native,loso,F3.bg,majority,L-aspartic acid,0.0,20
T1,native,loso,F3.bg,majority,L-cysteine,0.0,30
T1,native,loso,F3.bg,majority,L-glutamic acid,0.0,30
T1,native,loso,F3.bg,majority,L-glutamine,0.0,30
T1,native,loso,F3.bg,majority,L-glycine,0.2,50
T1,native,loso,F3.bg,majority,L-histidine,0.0,30
T1,native,loso,F3.bg,majority,L-isoleucine,0.0,30
T1,native,loso,F3.bg,majority,L-leucine,0.0,30
T1,native,loso,F3.bg,majority,L-lysine,0.0,30
T1,native,loso,F3.bg,majority,L-methionine,0.0,30
T1,native,loso,F3.bg,majority,L-phenylalanine,0.0,30
T1,native,loso,F3.bg,majority,L-proline,0.0,30
T1,native,loso,F3.bg,majority,L-serine,0.0,20
T1,native,loso,F3.bg,majority,L-threonine,0.0,30
T1,native,loso,F3.bg,majority,L-tryptophan,0.0,20
T1,native,loso,F3.bg,majority,L-tyrosine,0.0,30
T1,native,loso,F3.bg,majority,L-valine,0.0,30
T1,native,loso,F3.bg,lr,L-alanine,0.0,30
T1,native,loso,F3.bg,lr,L-arginine,0.0,30
T1,native,loso,F3.bg,lr,L-asparagine,0.0,30
T1,native,loso,F3.bg,lr,L-aspartic acid,0.0,20
T1,native,loso,F3.bg,lr,L-cysteine,1.0,30
T1,native,loso,F3.bg,lr,L-glutamic acid,0.0,30
T1,native,loso,F3.bg,lr,L-glutamine,0.0,30
T1,native,loso,F3.bg,lr,L-glycine,0.0,50
T1,native,loso,F3.bg,lr,L-histidine,0.0,30
T1,native,loso,F3.bg,lr,L-isoleucine,0.0,30
T1,native,loso,F3.bg,lr,L-leucine,0.0,30
T1,native,loso,F3.bg,lr,L-lysine,0.6,30
T1,native,loso,F3.bg,lr,L-methionine,0.4667,30
T1,native,loso,F3.bg,lr,L-phenylalanine,0.0,30
T1,native,loso,F3.bg,lr,L-proline,0.0,30
T1,native,loso,F3.bg,lr,L-serine,0.0,20
T1,native,loso,F3.bg,lr,L-threonine,0.0,30
T1,native,loso,F3.bg,lr,L-tryptophan,0.15,20
T1,native,loso,F3.bg,lr,L-tyrosine,0.0,30
T1,native,loso,F3.bg,lr,L-valine,0.0,30
T1,native,loso,F3.bg,pca_lr,L-alanine,0.0,30
T1,native,loso,F3.bg,pca_lr,L-arginine,0.0,30
T1,native,loso,F3.bg,pca_lr,L-asparagine,0.0,30
T1,native,loso,F3.bg,pca_lr,L-aspartic acid,0.0,20
T1,native,loso,F3.bg,pca_lr,L-cysteine,1.0,30
T1,native,loso,F3.bg,pca_lr,L-glutamic acid,0.0,30
T1,native,loso,F3.bg,pca_lr,L-glutamine,0.0,30
T1,native,loso,F3.bg,pca_lr,L-glycine,0.0,50
T1,native,loso,F3.bg,pca_lr,L-histidine,0.0,30
T1,native,loso,F3.bg,pca_lr,L-isoleucine,0.0,30
T1,native,loso,F3.bg,pca_lr,L-leucine,0.0,30
T1,native,loso,F3.bg,pca_lr,L-lysine,0.6667,30
T1,native,loso,F3.bg,pca_lr,L-methionine,0.4667,30
T1,native,loso,F3.bg,pca_lr,L-phenylalanine,0.0,30
T1,native,loso,F3.bg,pca_lr,L-proline,0.0,30
T1,native,loso,F3.bg,pca_lr,L-serine,0.0,20
T1,native,loso,F3.bg,pca_lr,L-threonine,0.0,30
T1,native,loso,F3.bg,pca_lr,L-tryptophan,0.15,20
T1,native,loso,F3.bg,pca_lr,L-tyrosine,0.0,30
T1,native,loso,F3.bg,pca_lr,L-valine,0.0,30
T1,native,loso,F3.bg,plsda,L-alanine,0.0,30
T1,native,loso,F3.bg,plsda,L-arginine,0.0,30
T1,native,loso,F3.bg,plsda,L-asparagine,0.0,30
T1,native,loso,F3.bg,plsda,L-aspartic acid,0.0,20
T1,native,loso,F3.bg,plsda,L-cysteine,1.0,30
T1,native,loso,F3.bg,plsda,L-glutamic acid,0.0,30
T1,native,loso,F3.bg,plsda,L-glutamine,0.0,30
T1,native,loso,F3.bg,plsda,L-glycine,0.06,50
T1,native,loso,F3.bg,plsda,L-histidine,0.0,30
T1,native,loso,F3.bg,plsda,L-isoleucine,0.0,30
T1,native,loso,F3.bg,plsda,L-leucine,0.0,30
T1,native,loso,F3.bg,plsda,L-lysine,0.2667,30
T1,native,loso,F3.bg,plsda,L-methionine,0.6,30
T1,native,loso,F3.bg,plsda,L-phenylalanine,0.0,30
T1,native,loso,F3.bg,plsda,L-proline,0.0,30
T1,native,loso,F3.bg,plsda,L-serine,0.0,20
T1,native,loso,F3.bg,plsda,L-threonine,0.0,30
T1,native,loso,F3.bg,plsda,L-tryptophan,0.55,20
T1,native,loso,F3.bg,plsda,L-tyrosine,0.0,30
T1,native,loso,F3.bg,plsda,L-valine,0.0,30
T1,native,loso,F3.bg,ncm,L-alanine,0.0,30
T1,native,loso,F3.bg,ncm,L-arginine,0.0,30
T1,native,loso,F3.bg,ncm,L-asparagine,0.0,30
T1,native,loso,F3.bg,ncm,L-aspartic acid,0.0,20
T1,native,loso,F3.bg,ncm,L-cysteine,1.0,30
T1,native,loso,F3.bg,ncm,L-glutamic acid,0.0,30
T1,native,loso,F3.bg,ncm,L-glutamine,0.0,30
T1,native,loso,F3.bg,ncm,L-glycine,0.04,50
T1,native,loso,F3.bg,ncm,L-histidine,0.6667,30
T1,native,loso,F3.bg,ncm,L-isoleucine,0.0,30
T1,native,loso,F3.bg,ncm,L-leucine,0.0,30
T1,native,loso,F3.bg,ncm,L-lysine,0.9667,30
T1,native,loso,F3.bg,ncm,L-methionine,0.1667,30
T1,native,loso,F3.bg,ncm,L-phenylalanine,0.0,30
T1,native,loso,F3.bg,ncm,L-proline,0.0,30
T1,native,loso,F3.bg,ncm,L-serine,0.0,20
T1,native,loso,F3.bg,ncm,L-threonine,0.0,30
T1,native,loso,F3.bg,ncm,L-tryptophan,1.0,20
T1,native,loso,F3.bg,ncm,L-tyrosine,0.0,30
T1,native,loso,F3.bg,ncm,L-valine,0.0,30
T1,native,loso,F3.bg,hgb,L-alanine,0.0,30
T1,native,loso,F3.bg,hgb,L-arginine,0.0,30
T1,native,loso,F3.bg,hgb,L-asparagine,0.0,30
T1,native,loso,F3.bg,hgb,L-aspartic acid,0.3,20
T1,native,loso,F3.bg,hgb,L-cysteine,0.2667,30
T1,native,loso,F3.bg,hgb,L-glutamic acid,0.0,30
T1,native,loso,F3.bg,hgb,L-glutamine,0.0,30
T1,native,loso,F3.bg,hgb,L-glycine,0.0,50
T1,native,loso,F3.bg,hgb,L-histidine,0.0,30
T1,native,loso,F3.bg,hgb,L-isoleucine,0.0,30
T1,native,loso,F3.bg,hgb,L-leucine,0.0,30
T1,native,loso,F3.bg,hgb,L-lysine,0.0333,30
T1,native,loso,F3.bg,hgb,L-methionine,0.0,30
T1,native,loso,F3.bg,hgb,L-phenylalanine,0.0,30
T1,native,loso,F3.bg,hgb,L-proline,0.0,30
T1,native,loso,F3.bg,hgb,L-serine,0.35,20
T1,native,loso,F3.bg,hgb,L-threonine,0.0333,30
T1,native,loso,F3.bg,hgb,L-tryptophan,0.05,20
T1,native,loso,F3.bg,hgb,L-tyrosine,0.0,30
T1,native,loso,F3.bg,hgb,L-valine,0.0,30
T1,native,loso,F3.bg,knn,L-alanine,0.0,30
T1,native,loso,F3.bg,knn,L-arginine,0.0,30
T1,native,loso,F3.bg,knn,L-asparagine,0.0,30
T1,native,loso,F3.bg,knn,L-aspartic acid,0.0,20
T1,native,loso,F3.bg,knn,L-cysteine,1.0,30
T1,native,loso,F3.bg,knn,L-glutamic acid,0.0,30
T1,native,loso,F3.bg,knn,L-glutamine,0.0,30
T1,native,loso,F3.bg,knn,L-glycine,0.08,50
T1,native,loso,F3.bg,knn,L-histidine,0.6667,30
T1,native,loso,F3.bg,knn,L-isoleucine,0.0,30
T1,native,loso,F3.bg,knn,L-leucine,0.0,30
T1,native,loso,F3.bg,knn,L-lysine,0.9333,30
T1,native,loso,F3.bg,knn,L-methionine,0.1667,30
T1,native,loso,F3.bg,knn,L-phenylalanine,0.0,30
T1,native,loso,F3.bg,knn,L-proline,0.0,30
T1,native,loso,F3.bg,knn,L-serine,0.0,20
T1,native,loso,F3.bg,knn,L-threonine,0.0,30
T1,native,loso,F3.bg,knn,L-tryptophan,1.0,20
T1,native,loso,F3.bg,knn,L-tyrosine,0.0,30
T1,native,loso,F3.bg,knn,L-valine,0.0,30
T1,native,loso,F3.d1,majority,L-alanine,0.6667,30
T1,native,loso,F3.d1,majority,L-arginine,0.0,30
T1,native,loso,F3.d1,majority,L-asparagine,0.0,30
T1,native,loso,F3.d1,majority,L-aspartic acid,0.0,20
T1,native,loso,F3.d1,majority,L-cysteine,0.0,30
T1,native,loso,F3.d1,majority,L-glutamic acid,0.0,30
T1,native,loso,F3.d1,majority,L-glutamine,0.0,30
T1,native,loso,F3.d1,majority,L-glycine,0.2,50
T1,native,loso,F3.d1,majority,L-histidine,0.0,30
T1,native,loso,F3.d1,majority,L-isoleucine,0.0,30
T1,native,loso,F3.d1,majority,L-leucine,0.0,30
T1,native,loso,F3.d1,majority,L-lysine,0.0,30
T1,native,loso,F3.d1,majority,L-methionine,0.0,30
T1,native,loso,F3.d1,majority,L-phenylalanine,0.0,30
T1,native,loso,F3.d1,majority,L-proline,0.0,30
T1,native,loso,F3.d1,majority,L-serine,0.0,20
T1,native,loso,F3.d1,majority,L-threonine,0.0,30
T1,native,loso,F3.d1,majority,L-tryptophan,0.0,20
T1,native,loso,F3.d1,majority,L-tyrosine,0.0,30
T1,native,loso,F3.d1,majority,L-valine,0.0,30
T1,native,loso,F3.d1,lr,L-alanine,0.0,30
T1,native,loso,F3.d1,lr,L-arginine,0.0,30
T1,native,loso,F3.d1,lr,L-asparagine,0.0,30
T1,native,loso,F3.d1,lr,L-aspartic acid,0.0,20
T1,native,loso,F3.d1,lr,L-cysteine,0.8667,30
T1,native,loso,F3.d1,lr,L-glutamic acid,0.0,30
T1,native,loso,F3.d1,lr,L-glutamine,0.0,30
T1,native,loso,F3.d1,lr,L-glycine,0.0,50
T1,native,loso,F3.d1,lr,L-histidine,0.0667,30
T1,native,loso,F3.d1,lr,L-isoleucine,0.0,30
T1,native,loso,F3.d1,lr,L-leucine,0.0,30
T1,native,loso,F3.d1,lr,L-lysine,0.8333,30
T1,native,loso,F3.d1,lr,L-methionine,0.3333,30
T1,native,loso,F3.d1,lr,L-phenylalanine,0.0,30
T1,native,loso,F3.d1,lr,L-proline,0.0,30
T1,native,loso,F3.d1,lr,L-serine,0.0,20
T1,native,loso,F3.d1,lr,L-threonine,0.0,30
T1,native,loso,F3.d1,lr,L-tryptophan,0.05,20
T1,native,loso,F3.d1,lr,L-tyrosine,0.1,30
T1,native,loso,F3.d1,lr,L-valine,0.0,30
T1,native,loso,F3.d1,pca_lr,L-alanine,0.0,30
T1,native,loso,F3.d1,pca_lr,L-arginine,0.0,30
T1,native,loso,F3.d1,pca_lr,L-asparagine,0.0,30
T1,native,loso,F3.d1,pca_lr,L-aspartic acid,0.0,20
T1,native,loso,F3.d1,pca_lr,L-cysteine,0.8333,30
T1,native,loso,F3.d1,pca_lr,L-glutamic acid,0.0,30
T1,native,loso,F3.d1,pca_lr,L-glutamine,0.0,30
T1,native,loso,F3.d1,pca_lr,L-glycine,0.0,50
T1,native,loso,F3.d1,pca_lr,L-histidine,0.0667,30
T1,native,loso,F3.d1,pca_lr,L-isoleucine,0.0,30
T1,native,loso,F3.d1,pca_lr,L-leucine,0.0,30
T1,native,loso,F3.d1,pca_lr,L-lysine,0.7667,30
T1,native,loso,F3.d1,pca_lr,L-methionine,0.2333,30
T1,native,loso,F3.d1,pca_lr,L-phenylalanine,0.0,30
T1,native,loso,F3.d1,pca_lr,L-proline,0.0,30
T1,native,loso,F3.d1,pca_lr,L-serine,0.0,20
T1,native,loso,F3.d1,pca_lr,L-threonine,0.0,30
T1,native,loso,F3.d1,pca_lr,L-tryptophan,0.1,20
T1,native,loso,F3.d1,pca_lr,L-tyrosine,0.0,30
T1,native,loso,F3.d1,pca_lr,L-valine,0.0,30
T1,native,loso,F3.d1,plsda,L-alanine,0.0,30
T1,native,loso,F3.d1,plsda,L-arginine,0.0,30
T1,native,loso,F3.d1,plsda,L-asparagine,0.0,30
T1,native,loso,F3.d1,plsda,L-aspartic acid,0.0,20
T1,native,loso,F3.d1,plsda,L-cysteine,1.0,30
T1,native,loso,F3.d1,plsda,L-glutamic acid,0.0,30
T1,native,loso,F3.d1,plsda,L-glutamine,0.0,30
T1,native,loso,F3.d1,plsda,L-glycine,0.0,50
T1,native,loso,F3.d1,plsda,L-histidine,0.0,30
T1,native,loso,F3.d1,plsda,L-isoleucine,0.0,30
T1,native,loso,F3.d1,plsda,L-leucine,0.0,30
T1,native,loso,F3.d1,plsda,L-lysine,0.3333,30
T1,native,loso,F3.d1,plsda,L-methionine,0.3333,30
T1,native,loso,F3.d1,plsda,L-phenylalanine,0.0,30
T1,native,loso,F3.d1,plsda,L-proline,0.0,30
T1,native,loso,F3.d1,plsda,L-serine,0.0,20
T1,native,loso,F3.d1,plsda,L-threonine,0.0,30
T1,native,loso,F3.d1,plsda,L-tryptophan,0.05,20
T1,native,loso,F3.d1,plsda,L-tyrosine,0.0,30
T1,native,loso,F3.d1,plsda,L-valine,0.0,30
T1,native,loso,F3.d1,ncm,L-alanine,0.0,30
T1,native,loso,F3.d1,ncm,L-arginine,0.0,30
T1,native,loso,F3.d1,ncm,L-asparagine,0.0,30
T1,native,loso,F3.d1,ncm,L-aspartic acid,0.0,20
T1,native,loso,F3.d1,ncm,L-cysteine,0.0333,30
T1,native,loso,F3.d1,ncm,L-glutamic acid,0.0,30
T1,native,loso,F3.d1,ncm,L-glutamine,0.0,30
T1,native,loso,F3.d1,ncm,L-glycine,0.0,50
T1,native,loso,F3.d1,ncm,L-histidine,0.8667,30
T1,native,loso,F3.d1,ncm,L-isoleucine,0.0,30
T1,native,loso,F3.d1,ncm,L-leucine,0.0,30
T1,native,loso,F3.d1,ncm,L-lysine,0.6667,30
T1,native,loso,F3.d1,ncm,L-methionine,0.1,30
T1,native,loso,F3.d1,ncm,L-phenylalanine,0.0,30
T1,native,loso,F3.d1,ncm,L-proline,0.0,30
T1,native,loso,F3.d1,ncm,L-serine,0.0,20
T1,native,loso,F3.d1,ncm,L-threonine,0.0,30
T1,native,loso,F3.d1,ncm,L-tryptophan,0.8,20
T1,native,loso,F3.d1,ncm,L-tyrosine,0.0,30
T1,native,loso,F3.d1,ncm,L-valine,0.0,30
T1,native,loso,F3.d1,hgb,L-alanine,0.0,30
T1,native,loso,F3.d1,hgb,L-arginine,0.0,30
T1,native,loso,F3.d1,hgb,L-asparagine,0.0,30
T1,native,loso,F3.d1,hgb,L-aspartic acid,0.0,20
T1,native,loso,F3.d1,hgb,L-cysteine,0.7333,30
T1,native,loso,F3.d1,hgb,L-glutamic acid,0.0,30
T1,native,loso,F3.d1,hgb,L-glutamine,0.1333,30
T1,native,loso,F3.d1,hgb,L-glycine,0.0,50
T1,native,loso,F3.d1,hgb,L-histidine,0.5333,30
T1,native,loso,F3.d1,hgb,L-isoleucine,0.0,30
T1,native,loso,F3.d1,hgb,L-leucine,0.0,30
T1,native,loso,F3.d1,hgb,L-lysine,0.4,30
T1,native,loso,F3.d1,hgb,L-methionine,0.0667,30
T1,native,loso,F3.d1,hgb,L-phenylalanine,0.0,30
T1,native,loso,F3.d1,hgb,L-proline,0.0333,30
T1,native,loso,F3.d1,hgb,L-serine,0.0,20
T1,native,loso,F3.d1,hgb,L-threonine,0.0667,30
T1,native,loso,F3.d1,hgb,L-tryptophan,0.3,20
T1,native,loso,F3.d1,hgb,L-tyrosine,0.0333,30
T1,native,loso,F3.d1,hgb,L-valine,0.0,30
T1,native,loso,F3.d1,knn,L-alanine,0.0,30
T1,native,loso,F3.d1,knn,L-arginine,0.0,30
T1,native,loso,F3.d1,knn,L-asparagine,0.0,30
T1,native,loso,F3.d1,knn,L-aspartic acid,0.0,20
T1,native,loso,F3.d1,knn,L-cysteine,0.0333,30
T1,native,loso,F3.d1,knn,L-glutamic acid,0.0,30
T1,native,loso,F3.d1,knn,L-glutamine,0.0,30
T1,native,loso,F3.d1,knn,L-glycine,0.0,50
T1,native,loso,F3.d1,knn,L-histidine,0.3,30
T1,native,loso,F3.d1,knn,L-isoleucine,0.0,30
T1,native,loso,F3.d1,knn,L-leucine,0.0,30
T1,native,loso,F3.d1,knn,L-lysine,0.6667,30
T1,native,loso,F3.d1,knn,L-methionine,0.1,30
T1,native,loso,F3.d1,knn,L-phenylalanine,0.0,30
T1,native,loso,F3.d1,knn,L-proline,0.0,30
T1,native,loso,F3.d1,knn,L-serine,0.0,20
T1,native,loso,F3.d1,knn,L-threonine,0.0,30
T1,native,loso,F3.d1,knn,L-tryptophan,0.5,20
T1,native,loso,F3.d1,knn,L-tyrosine,0.5667,30
T1,native,loso,F3.d1,knn,L-valine,0.0,30
T1,native,loso,F3.snv,majority,L-alanine,0.6667,30
T1,native,loso,F3.snv,majority,L-arginine,0.0,30
T1,native,loso,F3.snv,majority,L-asparagine,0.0,30
T1,native,loso,F3.snv,majority,L-aspartic acid,0.0,20
T1,native,loso,F3.snv,majority,L-cysteine,0.0,30
T1,native,loso,F3.snv,majority,L-glutamic acid,0.0,30
T1,native,loso,F3.snv,majority,L-glutamine,0.0,30
T1,native,loso,F3.snv,majority,L-glycine,0.2,50
T1,native,loso,F3.snv,majority,L-histidine,0.0,30
T1,native,loso,F3.snv,majority,L-isoleucine,0.0,30
T1,native,loso,F3.snv,majority,L-leucine,0.0,30
T1,native,loso,F3.snv,majority,L-lysine,0.0,30
T1,native,loso,F3.snv,majority,L-methionine,0.0,30
T1,native,loso,F3.snv,majority,L-phenylalanine,0.0,30
T1,native,loso,F3.snv,majority,L-proline,0.0,30
T1,native,loso,F3.snv,majority,L-serine,0.0,20
T1,native,loso,F3.snv,majority,L-threonine,0.0,30
T1,native,loso,F3.snv,majority,L-tryptophan,0.0,20
T1,native,loso,F3.snv,majority,L-tyrosine,0.0,30
T1,native,loso,F3.snv,majority,L-valine,0.0,30
T1,native,loso,F3.snv,lr,L-alanine,0.0,30
T1,native,loso,F3.snv,lr,L-arginine,0.0,30
T1,native,loso,F3.snv,lr,L-asparagine,0.0,30
T1,native,loso,F3.snv,lr,L-aspartic acid,0.0,20
T1,native,loso,F3.snv,lr,L-cysteine,1.0,30
T1,native,loso,F3.snv,lr,L-glutamic acid,0.0,30
T1,native,loso,F3.snv,lr,L-glutamine,0.0,30
T1,native,loso,F3.snv,lr,L-glycine,0.0,50
T1,native,loso,F3.snv,lr,L-histidine,0.4,30
T1,native,loso,F3.snv,lr,L-isoleucine,0.0,30
T1,native,loso,F3.snv,lr,L-leucine,0.0,30
T1,native,loso,F3.snv,lr,L-lysine,0.7333,30
T1,native,loso,F3.snv,lr,L-methionine,0.3333,30
T1,native,loso,F3.snv,lr,L-phenylalanine,0.0,30
T1,native,loso,F3.snv,lr,L-proline,0.0,30
T1,native,loso,F3.snv,lr,L-serine,0.0,20
T1,native,loso,F3.snv,lr,L-threonine,0.0,30
T1,native,loso,F3.snv,lr,L-tryptophan,0.0,20
T1,native,loso,F3.snv,lr,L-tyrosine,0.0,30
T1,native,loso,F3.snv,lr,L-valine,0.0,30
T1,native,loso,F3.snv,pca_lr,L-alanine,0.0,30
T1,native,loso,F3.snv,pca_lr,L-arginine,0.0,30
T1,native,loso,F3.snv,pca_lr,L-asparagine,0.0,30
T1,native,loso,F3.snv,pca_lr,L-aspartic acid,0.0,20
T1,native,loso,F3.snv,pca_lr,L-cysteine,1.0,30
T1,native,loso,F3.snv,pca_lr,L-glutamic acid,0.0,30
T1,native,loso,F3.snv,pca_lr,L-glutamine,0.0,30
T1,native,loso,F3.snv,pca_lr,L-glycine,0.0,50
T1,native,loso,F3.snv,pca_lr,L-histidine,0.4667,30
T1,native,loso,F3.snv,pca_lr,L-isoleucine,0.0,30
T1,native,loso,F3.snv,pca_lr,L-leucine,0.0,30
T1,native,loso,F3.snv,pca_lr,L-lysine,0.2667,30
T1,native,loso,F3.snv,pca_lr,L-methionine,0.3333,30
T1,native,loso,F3.snv,pca_lr,L-phenylalanine,0.0,30
T1,native,loso,F3.snv,pca_lr,L-proline,0.0,30
T1,native,loso,F3.snv,pca_lr,L-serine,0.0,20
T1,native,loso,F3.snv,pca_lr,L-threonine,0.0,30
T1,native,loso,F3.snv,pca_lr,L-tryptophan,0.0,20
T1,native,loso,F3.snv,pca_lr,L-tyrosine,0.0,30
T1,native,loso,F3.snv,pca_lr,L-valine,0.0,30
T1,native,loso,F3.snv,plsda,L-alanine,0.0,30
T1,native,loso,F3.snv,plsda,L-arginine,0.0,30
T1,native,loso,F3.snv,plsda,L-asparagine,0.0,30
T1,native,loso,F3.snv,plsda,L-aspartic acid,0.0,20
T1,native,loso,F3.snv,plsda,L-cysteine,1.0,30
T1,native,loso,F3.snv,plsda,L-glutamic acid,0.0,30
T1,native,loso,F3.snv,plsda,L-glutamine,0.0,30
T1,native,loso,F3.snv,plsda,L-glycine,0.22,50
T1,native,loso,F3.snv,plsda,L-histidine,1.0,30
T1,native,loso,F3.snv,plsda,L-isoleucine,0.0,30
T1,native,loso,F3.snv,plsda,L-leucine,0.0,30
T1,native,loso,F3.snv,plsda,L-lysine,0.5333,30
T1,native,loso,F3.snv,plsda,L-methionine,0.7,30
T1,native,loso,F3.snv,plsda,L-phenylalanine,0.0,30
T1,native,loso,F3.snv,plsda,L-proline,0.0,30
T1,native,loso,F3.snv,plsda,L-serine,0.0,20
T1,native,loso,F3.snv,plsda,L-threonine,0.0,30
T1,native,loso,F3.snv,plsda,L-tryptophan,0.35,20
T1,native,loso,F3.snv,plsda,L-tyrosine,0.5333,30
T1,native,loso,F3.snv,plsda,L-valine,0.0,30
T1,native,loso,F3.snv,ncm,L-alanine,0.0,30
T1,native,loso,F3.snv,ncm,L-arginine,0.0,30
T1,native,loso,F3.snv,ncm,L-asparagine,0.0,30
T1,native,loso,F3.snv,ncm,L-aspartic acid,0.0,20
T1,native,loso,F3.snv,ncm,L-cysteine,1.0,30
T1,native,loso,F3.snv,ncm,L-glutamic acid,0.0,30
T1,native,loso,F3.snv,ncm,L-glutamine,0.0,30
T1,native,loso,F3.snv,ncm,L-glycine,0.0,50
T1,native,loso,F3.snv,ncm,L-histidine,1.0,30
T1,native,loso,F3.snv,ncm,L-isoleucine,0.0,30
T1,native,loso,F3.snv,ncm,L-leucine,0.0,30
T1,native,loso,F3.snv,ncm,L-lysine,0.6,30
T1,native,loso,F3.snv,ncm,L-methionine,0.0333,30
T1,native,loso,F3.snv,ncm,L-phenylalanine,0.0,30
T1,native,loso,F3.snv,ncm,L-proline,0.0,30
T1,native,loso,F3.snv,ncm,L-serine,0.0,20
T1,native,loso,F3.snv,ncm,L-threonine,0.0,30
T1,native,loso,F3.snv,ncm,L-tryptophan,1.0,20
T1,native,loso,F3.snv,ncm,L-tyrosine,0.0,30
T1,native,loso,F3.snv,ncm,L-valine,0.0,30
T1,native,loso,F3.snv,hgb,L-alanine,0.0,30
T1,native,loso,F3.snv,hgb,L-arginine,0.0,30
T1,native,loso,F3.snv,hgb,L-asparagine,0.0,30
T1,native,loso,F3.snv,hgb,L-aspartic acid,0.0,20
T1,native,loso,F3.snv,hgb,L-cysteine,0.5333,30
T1,native,loso,F3.snv,hgb,L-glutamic acid,0.0,30
T1,native,loso,F3.snv,hgb,L-glutamine,0.0,30
T1,native,loso,F3.snv,hgb,L-glycine,0.08,50
T1,native,loso,F3.snv,hgb,L-histidine,0.7,30
T1,native,loso,F3.snv,hgb,L-isoleucine,0.0,30
T1,native,loso,F3.snv,hgb,L-leucine,0.0,30
T1,native,loso,F3.snv,hgb,L-lysine,0.1333,30
T1,native,loso,F3.snv,hgb,L-methionine,0.0333,30
T1,native,loso,F3.snv,hgb,L-phenylalanine,0.0,30
T1,native,loso,F3.snv,hgb,L-proline,0.0667,30
T1,native,loso,F3.snv,hgb,L-serine,0.0,20
T1,native,loso,F3.snv,hgb,L-threonine,0.0333,30
T1,native,loso,F3.snv,hgb,L-tryptophan,0.15,20
T1,native,loso,F3.snv,hgb,L-tyrosine,0.0,30
T1,native,loso,F3.snv,hgb,L-valine,0.0,30
T1,native,loso,F3.snv,knn,L-alanine,0.0,30
T1,native,loso,F3.snv,knn,L-arginine,0.0,30
T1,native,loso,F3.snv,knn,L-asparagine,0.0,30
T1,native,loso,F3.snv,knn,L-aspartic acid,0.0,20
T1,native,loso,F3.snv,knn,L-cysteine,0.8667,30
T1,native,loso,F3.snv,knn,L-glutamic acid,0.0,30
T1,native,loso,F3.snv,knn,L-glutamine,0.0,30
T1,native,loso,F3.snv,knn,L-glycine,0.0,50
T1,native,loso,F3.snv,knn,L-histidine,1.0,30
T1,native,loso,F3.snv,knn,L-isoleucine,0.0,30
T1,native,loso,F3.snv,knn,L-leucine,0.0,30
T1,native,loso,F3.snv,knn,L-lysine,0.6667,30
T1,native,loso,F3.snv,knn,L-methionine,0.0,30
T1,native,loso,F3.snv,knn,L-phenylalanine,0.0,30
T1,native,loso,F3.snv,knn,L-proline,0.0,30
T1,native,loso,F3.snv,knn,L-serine,0.0,20
T1,native,loso,F3.snv,knn,L-threonine,0.0,30
T1,native,loso,F3.snv,knn,L-tryptophan,0.95,20
T1,native,loso,F3.snv,knn,L-tyrosine,0.3333,30
T1,native,loso,F3.snv,knn,L-valine,0.0,30
T1,native,loso,F3.bg.d1,majority,L-alanine,0.6667,30
T1,native,loso,F3.bg.d1,majority,L-arginine,0.0,30
T1,native,loso,F3.bg.d1,majority,L-asparagine,0.0,30
T1,native,loso,F3.bg.d1,majority,L-aspartic acid,0.0,20
T1,native,loso,F3.bg.d1,majority,L-cysteine,0.0,30
T1,native,loso,F3.bg.d1,majority,L-glutamic acid,0.0,30
T1,native,loso,F3.bg.d1,majority,L-glutamine,0.0,30
T1,native,loso,F3.bg.d1,majority,L-glycine,0.2,50
T1,native,loso,F3.bg.d1,majority,L-histidine,0.0,30
T1,native,loso,F3.bg.d1,majority,L-isoleucine,0.0,30
T1,native,loso,F3.bg.d1,majority,L-leucine,0.0,30
T1,native,loso,F3.bg.d1,majority,L-lysine,0.0,30
T1,native,loso,F3.bg.d1,majority,L-methionine,0.0,30
T1,native,loso,F3.bg.d1,majority,L-phenylalanine,0.0,30
T1,native,loso,F3.bg.d1,majority,L-proline,0.0,30
T1,native,loso,F3.bg.d1,majority,L-serine,0.0,20
T1,native,loso,F3.bg.d1,majority,L-threonine,0.0,30
T1,native,loso,F3.bg.d1,majority,L-tryptophan,0.0,20
T1,native,loso,F3.bg.d1,majority,L-tyrosine,0.0,30
T1,native,loso,F3.bg.d1,majority,L-valine,0.0,30
T1,native,loso,F3.bg.d1,lr,L-alanine,0.0,30
T1,native,loso,F3.bg.d1,lr,L-arginine,0.0,30
T1,native,loso,F3.bg.d1,lr,L-asparagine,0.0,30
T1,native,loso,F3.bg.d1,lr,L-aspartic acid,0.0,20
T1,native,loso,F3.bg.d1,lr,L-cysteine,0.8333,30
T1,native,loso,F3.bg.d1,lr,L-glutamic acid,0.0,30
T1,native,loso,F3.bg.d1,lr,L-glutamine,0.0,30
T1,native,loso,F3.bg.d1,lr,L-glycine,0.0,50
T1,native,loso,F3.bg.d1,lr,L-histidine,0.2667,30
T1,native,loso,F3.bg.d1,lr,L-isoleucine,0.0,30
T1,native,loso,F3.bg.d1,lr,L-leucine,0.0,30
T1,native,loso,F3.bg.d1,lr,L-lysine,0.7333,30
T1,native,loso,F3.bg.d1,lr,L-methionine,0.3333,30
T1,native,loso,F3.bg.d1,lr,L-phenylalanine,0.0,30
T1,native,loso,F3.bg.d1,lr,L-proline,0.0,30
T1,native,loso,F3.bg.d1,lr,L-serine,0.0,20
T1,native,loso,F3.bg.d1,lr,L-threonine,0.0,30
T1,native,loso,F3.bg.d1,lr,L-tryptophan,0.15,20
T1,native,loso,F3.bg.d1,lr,L-tyrosine,0.0,30
T1,native,loso,F3.bg.d1,lr,L-valine,0.0,30
T1,native,loso,F3.bg.d1,pca_lr,L-alanine,0.0,30
T1,native,loso,F3.bg.d1,pca_lr,L-arginine,0.0,30
T1,native,loso,F3.bg.d1,pca_lr,L-asparagine,0.0,30
T1,native,loso,F3.bg.d1,pca_lr,L-aspartic acid,0.0,20
T1,native,loso,F3.bg.d1,pca_lr,L-cysteine,0.7667,30
T1,native,loso,F3.bg.d1,pca_lr,L-glutamic acid,0.0,30
T1,native,loso,F3.bg.d1,pca_lr,L-glutamine,0.0,30
T1,native,loso,F3.bg.d1,pca_lr,L-glycine,0.02,50
T1,native,loso,F3.bg.d1,pca_lr,L-histidine,0.2667,30
T1,native,loso,F3.bg.d1,pca_lr,L-isoleucine,0.0,30
T1,native,loso,F3.bg.d1,pca_lr,L-leucine,0.0,30
T1,native,loso,F3.bg.d1,pca_lr,L-lysine,0.8,30
T1,native,loso,F3.bg.d1,pca_lr,L-methionine,0.2667,30
T1,native,loso,F3.bg.d1,pca_lr,L-phenylalanine,0.0,30
T1,native,loso,F3.bg.d1,pca_lr,L-proline,0.0,30
T1,native,loso,F3.bg.d1,pca_lr,L-serine,0.0,20
T1,native,loso,F3.bg.d1,pca_lr,L-threonine,0.0,30
T1,native,loso,F3.bg.d1,pca_lr,L-tryptophan,0.15,20
T1,native,loso,F3.bg.d1,pca_lr,L-tyrosine,0.0,30
T1,native,loso,F3.bg.d1,pca_lr,L-valine,0.0,30
T1,native,loso,F3.bg.d1,plsda,L-alanine,0.0,30
T1,native,loso,F3.bg.d1,plsda,L-arginine,0.0,30
T1,native,loso,F3.bg.d1,plsda,L-asparagine,0.0,30
T1,native,loso,F3.bg.d1,plsda,L-aspartic acid,0.0,20
T1,native,loso,F3.bg.d1,plsda,L-cysteine,1.0,30
T1,native,loso,F3.bg.d1,plsda,L-glutamic acid,0.0,30
T1,native,loso,F3.bg.d1,plsda,L-glutamine,0.0,30
T1,native,loso,F3.bg.d1,plsda,L-glycine,0.06,50
T1,native,loso,F3.bg.d1,plsda,L-histidine,0.0,30
T1,native,loso,F3.bg.d1,plsda,L-isoleucine,0.0,30
T1,native,loso,F3.bg.d1,plsda,L-leucine,0.0,30
T1,native,loso,F3.bg.d1,plsda,L-lysine,0.3333,30
T1,native,loso,F3.bg.d1,plsda,L-methionine,0.3333,30
T1,native,loso,F3.bg.d1,plsda,L-phenylalanine,0.0,30
T1,native,loso,F3.bg.d1,plsda,L-proline,0.0,30
T1,native,loso,F3.bg.d1,plsda,L-serine,0.0,20
T1,native,loso,F3.bg.d1,plsda,L-threonine,0.0,30
T1,native,loso,F3.bg.d1,plsda,L-tryptophan,0.15,20
T1,native,loso,F3.bg.d1,plsda,L-tyrosine,0.0,30
T1,native,loso,F3.bg.d1,plsda,L-valine,0.0,30
T1,native,loso,F3.bg.d1,ncm,L-alanine,0.0,30
T1,native,loso,F3.bg.d1,ncm,L-arginine,0.0,30
T1,native,loso,F3.bg.d1,ncm,L-asparagine,0.0,30
T1,native,loso,F3.bg.d1,ncm,L-aspartic acid,0.0,20
T1,native,loso,F3.bg.d1,ncm,L-cysteine,0.0333,30
T1,native,loso,F3.bg.d1,ncm,L-glutamic acid,0.0,30
T1,native,loso,F3.bg.d1,ncm,L-glutamine,0.0,30
T1,native,loso,F3.bg.d1,ncm,L-glycine,0.04,50
T1,native,loso,F3.bg.d1,ncm,L-histidine,0.6667,30
T1,native,loso,F3.bg.d1,ncm,L-isoleucine,0.0,30
T1,native,loso,F3.bg.d1,ncm,L-leucine,0.0,30
T1,native,loso,F3.bg.d1,ncm,L-lysine,1.0,30
T1,native,loso,F3.bg.d1,ncm,L-methionine,0.3,30
T1,native,loso,F3.bg.d1,ncm,L-phenylalanine,0.0,30
T1,native,loso,F3.bg.d1,ncm,L-proline,0.0,30
T1,native,loso,F3.bg.d1,ncm,L-serine,0.0,20
T1,native,loso,F3.bg.d1,ncm,L-threonine,0.0,30
T1,native,loso,F3.bg.d1,ncm,L-tryptophan,1.0,20
T1,native,loso,F3.bg.d1,ncm,L-tyrosine,0.0,30
T1,native,loso,F3.bg.d1,ncm,L-valine,0.0,30
T1,native,loso,F3.bg.d1,hgb,L-alanine,0.0,30
T1,native,loso,F3.bg.d1,hgb,L-arginine,0.0,30
T1,native,loso,F3.bg.d1,hgb,L-asparagine,0.0,30
T1,native,loso,F3.bg.d1,hgb,L-aspartic acid,0.0,20
T1,native,loso,F3.bg.d1,hgb,L-cysteine,0.9333,30
T1,native,loso,F3.bg.d1,hgb,L-glutamic acid,0.0,30
T1,native,loso,F3.bg.d1,hgb,L-glutamine,0.0,30
T1,native,loso,F3.bg.d1,hgb,L-glycine,0.0,50
T1,native,loso,F3.bg.d1,hgb,L-histidine,0.1333,30
T1,native,loso,F3.bg.d1,hgb,L-isoleucine,0.0,30
T1,native,loso,F3.bg.d1,hgb,L-leucine,0.0,30
T1,native,loso,F3.bg.d1,hgb,L-lysine,0.2,30
T1,native,loso,F3.bg.d1,hgb,L-methionine,0.0667,30
T1,native,loso,F3.bg.d1,hgb,L-phenylalanine,0.0,30
T1,native,loso,F3.bg.d1,hgb,L-proline,0.0,30
T1,native,loso,F3.bg.d1,hgb,L-serine,0.0,20
T1,native,loso,F3.bg.d1,hgb,L-threonine,0.0,30
T1,native,loso,F3.bg.d1,hgb,L-tryptophan,0.2,20
T1,native,loso,F3.bg.d1,hgb,L-tyrosine,0.1,30
T1,native,loso,F3.bg.d1,hgb,L-valine,0.0,30
T1,native,loso,F3.bg.d1,knn,L-alanine,0.0,30
T1,native,loso,F3.bg.d1,knn,L-arginine,0.0,30
T1,native,loso,F3.bg.d1,knn,L-asparagine,0.0,30
T1,native,loso,F3.bg.d1,knn,L-aspartic acid,0.0,20
T1,native,loso,F3.bg.d1,knn,L-cysteine,0.0333,30
T1,native,loso,F3.bg.d1,knn,L-glutamic acid,0.0,30
T1,native,loso,F3.bg.d1,knn,L-glutamine,0.0,30
T1,native,loso,F3.bg.d1,knn,L-glycine,0.06,50
T1,native,loso,F3.bg.d1,knn,L-histidine,0.5333,30
T1,native,loso,F3.bg.d1,knn,L-isoleucine,0.0,30
T1,native,loso,F3.bg.d1,knn,L-leucine,0.0,30
T1,native,loso,F3.bg.d1,knn,L-lysine,1.0,30
T1,native,loso,F3.bg.d1,knn,L-methionine,0.3,30
T1,native,loso,F3.bg.d1,knn,L-phenylalanine,0.0,30
T1,native,loso,F3.bg.d1,knn,L-proline,0.0,30
T1,native,loso,F3.bg.d1,knn,L-serine,0.0,20
T1,native,loso,F3.bg.d1,knn,L-threonine,0.0,30
T1,native,loso,F3.bg.d1,knn,L-tryptophan,1.0,20
T1,native,loso,F3.bg.d1,knn,L-tyrosine,0.0,30
T1,native,loso,F3.bg.d1,knn,L-valine,0.0,30
T1,native,loso,F1.ctrl,majority,L-alanine,0.6667,30
T1,native,loso,F1.ctrl,majority,L-arginine,0.0,30
T1,native,loso,F1.ctrl,majority,L-asparagine,0.0,30
T1,native,loso,F1.ctrl,majority,L-aspartic acid,0.0,20
T1,native,loso,F1.ctrl,majority,L-cysteine,0.0,30
T1,native,loso,F1.ctrl,majority,L-glutamic acid,0.0,30
T1,native,loso,F1.ctrl,majority,L-glutamine,0.0,30
T1,native,loso,F1.ctrl,majority,L-glycine,0.2,50
T1,native,loso,F1.ctrl,majority,L-histidine,0.0,30
T1,native,loso,F1.ctrl,majority,L-isoleucine,0.0,30
T1,native,loso,F1.ctrl,majority,L-leucine,0.0,30
T1,native,loso,F1.ctrl,majority,L-lysine,0.0,30
T1,native,loso,F1.ctrl,majority,L-methionine,0.0,30
T1,native,loso,F1.ctrl,majority,L-phenylalanine,0.0,30
T1,native,loso,F1.ctrl,majority,L-proline,0.0,30
T1,native,loso,F1.ctrl,majority,L-serine,0.0,20
T1,native,loso,F1.ctrl,majority,L-threonine,0.0,30
T1,native,loso,F1.ctrl,majority,L-tryptophan,0.0,20
T1,native,loso,F1.ctrl,majority,L-tyrosine,0.0,30
T1,native,loso,F1.ctrl,majority,L-valine,0.0,30
T1,native,loso,F1.ctrl,lr,L-alanine,0.0,30
T1,native,loso,F1.ctrl,lr,L-arginine,0.0,30
T1,native,loso,F1.ctrl,lr,L-asparagine,0.0333,30
T1,native,loso,F1.ctrl,lr,L-aspartic acid,0.0,20
T1,native,loso,F1.ctrl,lr,L-cysteine,0.5667,30
T1,native,loso,F1.ctrl,lr,L-glutamic acid,0.0,30
T1,native,loso,F1.ctrl,lr,L-glutamine,0.0,30
T1,native,loso,F1.ctrl,lr,L-glycine,0.02,50
T1,native,loso,F1.ctrl,lr,L-histidine,0.0,30
T1,native,loso,F1.ctrl,lr,L-isoleucine,0.0,30
T1,native,loso,F1.ctrl,lr,L-leucine,0.0,30
T1,native,loso,F1.ctrl,lr,L-lysine,0.0667,30
T1,native,loso,F1.ctrl,lr,L-methionine,0.3,30
T1,native,loso,F1.ctrl,lr,L-phenylalanine,0.0,30
T1,native,loso,F1.ctrl,lr,L-proline,0.4333,30
T1,native,loso,F1.ctrl,lr,L-serine,0.0,20
T1,native,loso,F1.ctrl,lr,L-threonine,0.5333,30
T1,native,loso,F1.ctrl,lr,L-tryptophan,0.15,20
T1,native,loso,F1.ctrl,lr,L-tyrosine,0.0,30
T1,native,loso,F1.ctrl,lr,L-valine,0.0,30
T1,native,loso,F1.ctrl,pca_lr,L-alanine,0.0,30
T1,native,loso,F1.ctrl,pca_lr,L-arginine,0.0,30
T1,native,loso,F1.ctrl,pca_lr,L-asparagine,0.0333,30
T1,native,loso,F1.ctrl,pca_lr,L-aspartic acid,0.0,20
T1,native,loso,F1.ctrl,pca_lr,L-cysteine,0.5,30
T1,native,loso,F1.ctrl,pca_lr,L-glutamic acid,0.0,30
T1,native,loso,F1.ctrl,pca_lr,L-glutamine,0.0,30
T1,native,loso,F1.ctrl,pca_lr,L-glycine,0.0,50
T1,native,loso,F1.ctrl,pca_lr,L-histidine,0.0,30
T1,native,loso,F1.ctrl,pca_lr,L-isoleucine,0.0,30
T1,native,loso,F1.ctrl,pca_lr,L-leucine,0.0,30
T1,native,loso,F1.ctrl,pca_lr,L-lysine,0.0,30
T1,native,loso,F1.ctrl,pca_lr,L-methionine,0.2667,30
T1,native,loso,F1.ctrl,pca_lr,L-phenylalanine,0.0333,30
T1,native,loso,F1.ctrl,pca_lr,L-proline,0.3,30
T1,native,loso,F1.ctrl,pca_lr,L-serine,0.0,20
T1,native,loso,F1.ctrl,pca_lr,L-threonine,0.6333,30
T1,native,loso,F1.ctrl,pca_lr,L-tryptophan,0.2,20
T1,native,loso,F1.ctrl,pca_lr,L-tyrosine,0.0,30
T1,native,loso,F1.ctrl,pca_lr,L-valine,0.0,30
T1,native,loso,F1.ctrl,plsda,L-alanine,0.0,30
T1,native,loso,F1.ctrl,plsda,L-arginine,0.0,30
T1,native,loso,F1.ctrl,plsda,L-asparagine,0.0333,30
T1,native,loso,F1.ctrl,plsda,L-aspartic acid,0.0,20
T1,native,loso,F1.ctrl,plsda,L-cysteine,0.8,30
T1,native,loso,F1.ctrl,plsda,L-glutamic acid,0.0,30
T1,native,loso,F1.ctrl,plsda,L-glutamine,0.0,30
T1,native,loso,F1.ctrl,plsda,L-glycine,0.26,50
T1,native,loso,F1.ctrl,plsda,L-histidine,0.0,30
T1,native,loso,F1.ctrl,plsda,L-isoleucine,0.0,30
T1,native,loso,F1.ctrl,plsda,L-leucine,0.0,30
T1,native,loso,F1.ctrl,plsda,L-lysine,0.0,30
T1,native,loso,F1.ctrl,plsda,L-methionine,0.3333,30
T1,native,loso,F1.ctrl,plsda,L-phenylalanine,0.0667,30
T1,native,loso,F1.ctrl,plsda,L-proline,0.0667,30
T1,native,loso,F1.ctrl,plsda,L-serine,0.0,20
T1,native,loso,F1.ctrl,plsda,L-threonine,0.0667,30
T1,native,loso,F1.ctrl,plsda,L-tryptophan,0.2,20
T1,native,loso,F1.ctrl,plsda,L-tyrosine,0.0,30
T1,native,loso,F1.ctrl,plsda,L-valine,0.0,30
T1,native,loso,F1.ctrl,ncm,L-alanine,0.0,30
T1,native,loso,F1.ctrl,ncm,L-arginine,0.0333,30
T1,native,loso,F1.ctrl,ncm,L-asparagine,0.0,30
T1,native,loso,F1.ctrl,ncm,L-aspartic acid,0.0,20
T1,native,loso,F1.ctrl,ncm,L-cysteine,0.3333,30
T1,native,loso,F1.ctrl,ncm,L-glutamic acid,0.0,30
T1,native,loso,F1.ctrl,ncm,L-glutamine,0.0,30
T1,native,loso,F1.ctrl,ncm,L-glycine,0.0,50
T1,native,loso,F1.ctrl,ncm,L-histidine,0.0,30
T1,native,loso,F1.ctrl,ncm,L-isoleucine,0.0,30
T1,native,loso,F1.ctrl,ncm,L-leucine,0.0,30
T1,native,loso,F1.ctrl,ncm,L-lysine,0.0,30
T1,native,loso,F1.ctrl,ncm,L-methionine,0.1,30
T1,native,loso,F1.ctrl,ncm,L-phenylalanine,0.0,30
T1,native,loso,F1.ctrl,ncm,L-proline,0.3667,30
T1,native,loso,F1.ctrl,ncm,L-serine,0.0,20
T1,native,loso,F1.ctrl,ncm,L-threonine,0.6667,30
T1,native,loso,F1.ctrl,ncm,L-tryptophan,0.65,20
T1,native,loso,F1.ctrl,ncm,L-tyrosine,0.0,30
T1,native,loso,F1.ctrl,ncm,L-valine,0.0,30
T1,native,loso,F1.ctrl,hgb,L-alanine,0.0,30
T1,native,loso,F1.ctrl,hgb,L-arginine,0.0,30
T1,native,loso,F1.ctrl,hgb,L-asparagine,0.0,30
T1,native,loso,F1.ctrl,hgb,L-aspartic acid,0.0,20
T1,native,loso,F1.ctrl,hgb,L-cysteine,0.4333,30
T1,native,loso,F1.ctrl,hgb,L-glutamic acid,0.0,30
T1,native,loso,F1.ctrl,hgb,L-glutamine,0.0,30
T1,native,loso,F1.ctrl,hgb,L-glycine,0.02,50
T1,native,loso,F1.ctrl,hgb,L-histidine,0.0,30
T1,native,loso,F1.ctrl,hgb,L-isoleucine,0.0,30
T1,native,loso,F1.ctrl,hgb,L-leucine,0.0,30
T1,native,loso,F1.ctrl,hgb,L-lysine,0.0,30
T1,native,loso,F1.ctrl,hgb,L-methionine,0.4,30
T1,native,loso,F1.ctrl,hgb,L-phenylalanine,0.0,30
T1,native,loso,F1.ctrl,hgb,L-proline,0.0667,30
T1,native,loso,F1.ctrl,hgb,L-serine,0.0,20
T1,native,loso,F1.ctrl,hgb,L-threonine,0.1333,30
T1,native,loso,F1.ctrl,hgb,L-tryptophan,0.0,20
T1,native,loso,F1.ctrl,hgb,L-tyrosine,0.0667,30
T1,native,loso,F1.ctrl,hgb,L-valine,0.0,30
T1,native,loso,F1.ctrl,knn,L-alanine,0.0,30
T1,native,loso,F1.ctrl,knn,L-arginine,0.0,30
T1,native,loso,F1.ctrl,knn,L-asparagine,0.0,30
T1,native,loso,F1.ctrl,knn,L-aspartic acid,0.0,20
T1,native,loso,F1.ctrl,knn,L-cysteine,0.5333,30
T1,native,loso,F1.ctrl,knn,L-glutamic acid,0.0,30
T1,native,loso,F1.ctrl,knn,L-glutamine,0.0,30
T1,native,loso,F1.ctrl,knn,L-glycine,0.0,50
T1,native,loso,F1.ctrl,knn,L-histidine,0.0,30
T1,native,loso,F1.ctrl,knn,L-isoleucine,0.0,30
T1,native,loso,F1.ctrl,knn,L-leucine,0.0,30
T1,native,loso,F1.ctrl,knn,L-lysine,0.0,30
T1,native,loso,F1.ctrl,knn,L-methionine,0.1333,30
T1,native,loso,F1.ctrl,knn,L-phenylalanine,0.0,30
T1,native,loso,F1.ctrl,knn,L-proline,0.0333,30
T1,native,loso,F1.ctrl,knn,L-serine,0.0,20
T1,native,loso,F1.ctrl,knn,L-threonine,0.3667,30
T1,native,loso,F1.ctrl,knn,L-tryptophan,0.65,20
T1,native,loso,F1.ctrl,knn,L-tyrosine,0.0,30
T1,native,loso,F1.ctrl,knn,L-valine,0.0,30
T1,native,loso,F3.ctrl,majority,L-alanine,0.6667,30
T1,native,loso,F3.ctrl,majority,L-arginine,0.0,30
T1,native,loso,F3.ctrl,majority,L-asparagine,0.0,30
T1,native,loso,F3.ctrl,majority,L-aspartic acid,0.0,20
T1,native,loso,F3.ctrl,majority,L-cysteine,0.0,30
T1,native,loso,F3.ctrl,majority,L-glutamic acid,0.0,30
T1,native,loso,F3.ctrl,majority,L-glutamine,0.0,30
T1,native,loso,F3.ctrl,majority,L-glycine,0.2,50
T1,native,loso,F3.ctrl,majority,L-histidine,0.0,30
T1,native,loso,F3.ctrl,majority,L-isoleucine,0.0,30
T1,native,loso,F3.ctrl,majority,L-leucine,0.0,30
T1,native,loso,F3.ctrl,majority,L-lysine,0.0,30
T1,native,loso,F3.ctrl,majority,L-methionine,0.0,30
T1,native,loso,F3.ctrl,majority,L-phenylalanine,0.0,30
T1,native,loso,F3.ctrl,majority,L-proline,0.0,30
T1,native,loso,F3.ctrl,majority,L-serine,0.0,20
T1,native,loso,F3.ctrl,majority,L-threonine,0.0,30
T1,native,loso,F3.ctrl,majority,L-tryptophan,0.0,20
T1,native,loso,F3.ctrl,majority,L-tyrosine,0.0,30
T1,native,loso,F3.ctrl,majority,L-valine,0.0,30
T1,native,loso,F3.ctrl,lr,L-alanine,0.0,30
T1,native,loso,F3.ctrl,lr,L-arginine,0.0,30
T1,native,loso,F3.ctrl,lr,L-asparagine,0.0,30
T1,native,loso,F3.ctrl,lr,L-aspartic acid,0.0,20
T1,native,loso,F3.ctrl,lr,L-cysteine,0.8667,30
T1,native,loso,F3.ctrl,lr,L-glutamic acid,0.0,30
T1,native,loso,F3.ctrl,lr,L-glutamine,0.0,30
T1,native,loso,F3.ctrl,lr,L-glycine,0.0,50
T1,native,loso,F3.ctrl,lr,L-histidine,0.0,30
T1,native,loso,F3.ctrl,lr,L-isoleucine,0.0,30
T1,native,loso,F3.ctrl,lr,L-leucine,0.0,30
T1,native,loso,F3.ctrl,lr,L-lysine,0.0,30
T1,native,loso,F3.ctrl,lr,L-methionine,0.3333,30
T1,native,loso,F3.ctrl,lr,L-phenylalanine,0.0,30
T1,native,loso,F3.ctrl,lr,L-proline,0.6667,30
T1,native,loso,F3.ctrl,lr,L-serine,0.0,20
T1,native,loso,F3.ctrl,lr,L-threonine,0.0,30
T1,native,loso,F3.ctrl,lr,L-tryptophan,0.0,20
T1,native,loso,F3.ctrl,lr,L-tyrosine,0.0,30
T1,native,loso,F3.ctrl,lr,L-valine,0.0,30
T1,native,loso,F3.ctrl,pca_lr,L-alanine,0.0,30
T1,native,loso,F3.ctrl,pca_lr,L-arginine,0.0,30
T1,native,loso,F3.ctrl,pca_lr,L-asparagine,0.0,30
T1,native,loso,F3.ctrl,pca_lr,L-aspartic acid,0.0,20
T1,native,loso,F3.ctrl,pca_lr,L-cysteine,0.7667,30
T1,native,loso,F3.ctrl,pca_lr,L-glutamic acid,0.0,30
T1,native,loso,F3.ctrl,pca_lr,L-glutamine,0.0,30
T1,native,loso,F3.ctrl,pca_lr,L-glycine,0.0,50
T1,native,loso,F3.ctrl,pca_lr,L-histidine,0.0,30
T1,native,loso,F3.ctrl,pca_lr,L-isoleucine,0.0,30
T1,native,loso,F3.ctrl,pca_lr,L-leucine,0.0,30
T1,native,loso,F3.ctrl,pca_lr,L-lysine,0.0,30
T1,native,loso,F3.ctrl,pca_lr,L-methionine,0.3333,30
T1,native,loso,F3.ctrl,pca_lr,L-phenylalanine,0.0,30
T1,native,loso,F3.ctrl,pca_lr,L-proline,0.5333,30
T1,native,loso,F3.ctrl,pca_lr,L-serine,0.0,20
T1,native,loso,F3.ctrl,pca_lr,L-threonine,0.0,30
T1,native,loso,F3.ctrl,pca_lr,L-tryptophan,0.0,20
T1,native,loso,F3.ctrl,pca_lr,L-tyrosine,0.0,30
T1,native,loso,F3.ctrl,pca_lr,L-valine,0.0,30
T1,native,loso,F3.ctrl,plsda,L-alanine,0.0,30
T1,native,loso,F3.ctrl,plsda,L-arginine,0.0,30
T1,native,loso,F3.ctrl,plsda,L-asparagine,0.0,30
T1,native,loso,F3.ctrl,plsda,L-aspartic acid,0.0,20
T1,native,loso,F3.ctrl,plsda,L-cysteine,1.0,30
T1,native,loso,F3.ctrl,plsda,L-glutamic acid,0.0,30
T1,native,loso,F3.ctrl,plsda,L-glutamine,0.1,30
T1,native,loso,F3.ctrl,plsda,L-glycine,0.06,50
T1,native,loso,F3.ctrl,plsda,L-histidine,0.0,30
T1,native,loso,F3.ctrl,plsda,L-isoleucine,0.0,30
T1,native,loso,F3.ctrl,plsda,L-leucine,0.0,30
T1,native,loso,F3.ctrl,plsda,L-lysine,0.0,30
T1,native,loso,F3.ctrl,plsda,L-methionine,0.5667,30
T1,native,loso,F3.ctrl,plsda,L-phenylalanine,0.0,30
T1,native,loso,F3.ctrl,plsda,L-proline,0.0,30
T1,native,loso,F3.ctrl,plsda,L-serine,0.0,20
T1,native,loso,F3.ctrl,plsda,L-threonine,0.0,30
T1,native,loso,F3.ctrl,plsda,L-tryptophan,0.2,20
T1,native,loso,F3.ctrl,plsda,L-tyrosine,0.0,30
T1,native,loso,F3.ctrl,plsda,L-valine,0.0,30
T1,native,loso,F3.ctrl,ncm,L-alanine,0.0,30
T1,native,loso,F3.ctrl,ncm,L-arginine,0.0,30
T1,native,loso,F3.ctrl,ncm,L-asparagine,0.0333,30
T1,native,loso,F3.ctrl,ncm,L-aspartic acid,0.0,20
T1,native,loso,F3.ctrl,ncm,L-cysteine,0.3667,30
T1,native,loso,F3.ctrl,ncm,L-glutamic acid,0.0,30
T1,native,loso,F3.ctrl,ncm,L-glutamine,0.0,30
T1,native,loso,F3.ctrl,ncm,L-glycine,0.0,50
T1,native,loso,F3.ctrl,ncm,L-histidine,0.0,30
T1,native,loso,F3.ctrl,ncm,L-isoleucine,0.0,30
T1,native,loso,F3.ctrl,ncm,L-leucine,0.0,30
T1,native,loso,F3.ctrl,ncm,L-lysine,0.0,30
T1,native,loso,F3.ctrl,ncm,L-methionine,0.0,30
T1,native,loso,F3.ctrl,ncm,L-phenylalanine,0.0,30
T1,native,loso,F3.ctrl,ncm,L-proline,0.2333,30
T1,native,loso,F3.ctrl,ncm,L-serine,0.0,20
T1,native,loso,F3.ctrl,ncm,L-threonine,0.0,30
T1,native,loso,F3.ctrl,ncm,L-tryptophan,1.0,20
T1,native,loso,F3.ctrl,ncm,L-tyrosine,0.0,30
T1,native,loso,F3.ctrl,ncm,L-valine,0.0,30
T1,native,loso,F3.ctrl,hgb,L-alanine,0.0,30
T1,native,loso,F3.ctrl,hgb,L-arginine,0.0,30
T1,native,loso,F3.ctrl,hgb,L-asparagine,0.5,30
T1,native,loso,F3.ctrl,hgb,L-aspartic acid,0.0,20
T1,native,loso,F3.ctrl,hgb,L-cysteine,0.3,30
T1,native,loso,F3.ctrl,hgb,L-glutamic acid,0.0,30
T1,native,loso,F3.ctrl,hgb,L-glutamine,0.0,30
T1,native,loso,F3.ctrl,hgb,L-glycine,0.02,50
T1,native,loso,F3.ctrl,hgb,L-histidine,0.0,30
T1,native,loso,F3.ctrl,hgb,L-isoleucine,0.0,30
T1,native,loso,F3.ctrl,hgb,L-leucine,0.0,30
T1,native,loso,F3.ctrl,hgb,L-lysine,0.0,30
T1,native,loso,F3.ctrl,hgb,L-methionine,0.0,30
T1,native,loso,F3.ctrl,hgb,L-phenylalanine,0.0333,30
T1,native,loso,F3.ctrl,hgb,L-proline,0.1667,30
T1,native,loso,F3.ctrl,hgb,L-serine,0.2,20
T1,native,loso,F3.ctrl,hgb,L-threonine,0.0,30
T1,native,loso,F3.ctrl,hgb,L-tryptophan,0.1,20
T1,native,loso,F3.ctrl,hgb,L-tyrosine,0.0,30
T1,native,loso,F3.ctrl,hgb,L-valine,0.0,30
T1,native,loso,F3.ctrl,knn,L-alanine,0.0,30
T1,native,loso,F3.ctrl,knn,L-arginine,0.0,30
T1,native,loso,F3.ctrl,knn,L-asparagine,0.0,30
T1,native,loso,F3.ctrl,knn,L-aspartic acid,0.0,20
T1,native,loso,F3.ctrl,knn,L-cysteine,0.7333,30
T1,native,loso,F3.ctrl,knn,L-glutamic acid,0.0,30
T1,native,loso,F3.ctrl,knn,L-glutamine,0.0,30
T1,native,loso,F3.ctrl,knn,L-glycine,0.0,50
T1,native,loso,F3.ctrl,knn,L-histidine,0.0,30
T1,native,loso,F3.ctrl,knn,L-isoleucine,0.0,30
T1,native,loso,F3.ctrl,knn,L-leucine,0.0,30
T1,native,loso,F3.ctrl,knn,L-lysine,0.0,30
T1,native,loso,F3.ctrl,knn,L-methionine,0.0,30
T1,native,loso,F3.ctrl,knn,L-phenylalanine,0.0,30
T1,native,loso,F3.ctrl,knn,L-proline,0.0,30
T1,native,loso,F3.ctrl,knn,L-serine,0.0,20
T1,native,loso,F3.ctrl,knn,L-threonine,0.0,30
T1,native,loso,F3.ctrl,knn,L-tryptophan,1.0,20
T1,native,loso,F3.ctrl,knn,L-tyrosine,0.0,30
T1,native,loso,F3.ctrl,knn,L-valine,0.0,30
T1,native,step1_split,F1,majority,L-arginine,0.0,10
T1,native,step1_split,F1,majority,L-asparagine,0.0,20
T1,native,step1_split,F1,majority,L-glutamic acid,0.0,10
T1,native,step1_split,F1,majority,L-glycine,0.0,40
T1,native,step1_split,F1,majority,L-histidine,0.0,10
T1,native,step1_split,F1,majority,L-isoleucine,0.0,20
T1,native,step1_split,F1,majority,L-lysine,0.0,10
T1,native,step1_split,F1,majority,L-methionine,0.0,20
T1,native,step1_split,F1,majority,L-phenylalanine,0.0,20
T1,native,step1_split,F1,majority,L-proline,0.0,20
T1,native,step1_split,F1,majority,L-serine,0.0,10
T1,native,step1_split,F1,majority,L-threonine,0.0,10
T1,native,step1_split,F1,majority,L-tryptophan,0.0,10
T1,native,step1_split,F1,lr,L-arginine,0.0,10
T1,native,step1_split,F1,lr,L-asparagine,0.0,20
T1,native,step1_split,F1,lr,L-glutamic acid,0.0,10
T1,native,step1_split,F1,lr,L-glycine,0.0,40
T1,native,step1_split,F1,lr,L-histidine,0.0,10
T1,native,step1_split,F1,lr,L-isoleucine,0.0,20
T1,native,step1_split,F1,lr,L-lysine,0.3,10
T1,native,step1_split,F1,lr,L-methionine,0.0,20
T1,native,step1_split,F1,lr,L-phenylalanine,0.0,20
T1,native,step1_split,F1,lr,L-proline,0.0,20
T1,native,step1_split,F1,lr,L-serine,0.0,10
T1,native,step1_split,F1,lr,L-threonine,0.0,10
T1,native,step1_split,F1,lr,L-tryptophan,0.0,10
T1,native,step1_split,F1,pca_lr,L-arginine,0.0,10
T1,native,step1_split,F1,pca_lr,L-asparagine,0.0,20
T1,native,step1_split,F1,pca_lr,L-glutamic acid,0.0,10
T1,native,step1_split,F1,pca_lr,L-glycine,0.0,40
T1,native,step1_split,F1,pca_lr,L-histidine,0.0,10
T1,native,step1_split,F1,pca_lr,L-isoleucine,0.0,20
T1,native,step1_split,F1,pca_lr,L-lysine,0.2,10
T1,native,step1_split,F1,pca_lr,L-methionine,0.0,20
T1,native,step1_split,F1,pca_lr,L-phenylalanine,0.0,20
T1,native,step1_split,F1,pca_lr,L-proline,0.0,20
T1,native,step1_split,F1,pca_lr,L-serine,0.0,10
T1,native,step1_split,F1,pca_lr,L-threonine,0.0,10
T1,native,step1_split,F1,pca_lr,L-tryptophan,0.0,10
T1,native,step1_split,F1,plsda,L-arginine,0.0,10
T1,native,step1_split,F1,plsda,L-asparagine,0.0,20
T1,native,step1_split,F1,plsda,L-glutamic acid,0.0,10
T1,native,step1_split,F1,plsda,L-glycine,0.0,40
T1,native,step1_split,F1,plsda,L-histidine,0.0,10
T1,native,step1_split,F1,plsda,L-isoleucine,0.0,20
T1,native,step1_split,F1,plsda,L-lysine,0.8,10
T1,native,step1_split,F1,plsda,L-methionine,0.05,20
T1,native,step1_split,F1,plsda,L-phenylalanine,0.0,20
T1,native,step1_split,F1,plsda,L-proline,0.0,20
T1,native,step1_split,F1,plsda,L-serine,0.0,10
T1,native,step1_split,F1,plsda,L-threonine,0.0,10
T1,native,step1_split,F1,plsda,L-tryptophan,0.1,10
T1,native,step1_split,F1,ncm,L-arginine,0.0,10
T1,native,step1_split,F1,ncm,L-asparagine,0.0,20
T1,native,step1_split,F1,ncm,L-glutamic acid,0.0,10
T1,native,step1_split,F1,ncm,L-glycine,0.0,40
T1,native,step1_split,F1,ncm,L-histidine,0.0,10
T1,native,step1_split,F1,ncm,L-isoleucine,0.0,20
T1,native,step1_split,F1,ncm,L-lysine,0.0,10
T1,native,step1_split,F1,ncm,L-methionine,0.0,20
T1,native,step1_split,F1,ncm,L-phenylalanine,0.0,20
T1,native,step1_split,F1,ncm,L-proline,0.0,20
T1,native,step1_split,F1,ncm,L-serine,0.0,10
T1,native,step1_split,F1,ncm,L-threonine,0.0,10
T1,native,step1_split,F1,ncm,L-tryptophan,0.3,10
T1,native,step1_split,F1,hgb,L-arginine,0.0,10
T1,native,step1_split,F1,hgb,L-asparagine,0.0,20
T1,native,step1_split,F1,hgb,L-glutamic acid,0.0,10
T1,native,step1_split,F1,hgb,L-glycine,0.0,40
T1,native,step1_split,F1,hgb,L-histidine,0.2,10
T1,native,step1_split,F1,hgb,L-isoleucine,0.0,20
T1,native,step1_split,F1,hgb,L-lysine,0.0,10
T1,native,step1_split,F1,hgb,L-methionine,0.0,20
T1,native,step1_split,F1,hgb,L-phenylalanine,0.0,20
T1,native,step1_split,F1,hgb,L-proline,0.0,20
T1,native,step1_split,F1,hgb,L-serine,0.0,10
T1,native,step1_split,F1,hgb,L-threonine,0.1,10
T1,native,step1_split,F1,hgb,L-tryptophan,0.0,10
T1,native,step1_split,F1,knn,L-arginine,0.0,10
T1,native,step1_split,F1,knn,L-asparagine,0.0,20
T1,native,step1_split,F1,knn,L-glutamic acid,0.0,10
T1,native,step1_split,F1,knn,L-glycine,0.0,40
T1,native,step1_split,F1,knn,L-histidine,0.1,10
T1,native,step1_split,F1,knn,L-isoleucine,0.0,20
T1,native,step1_split,F1,knn,L-lysine,0.3,10
T1,native,step1_split,F1,knn,L-methionine,0.0,20
T1,native,step1_split,F1,knn,L-phenylalanine,0.0,20
T1,native,step1_split,F1,knn,L-proline,0.0,20
T1,native,step1_split,F1,knn,L-serine,0.0,10
T1,native,step1_split,F1,knn,L-threonine,0.0,10
T1,native,step1_split,F1,knn,L-tryptophan,0.3,10
T1,native,step1_split,F1pos,majority,L-arginine,0.0,10
T1,native,step1_split,F1pos,majority,L-asparagine,0.0,20
T1,native,step1_split,F1pos,majority,L-glutamic acid,0.0,10
T1,native,step1_split,F1pos,majority,L-glycine,0.0,40
T1,native,step1_split,F1pos,majority,L-histidine,0.0,10
T1,native,step1_split,F1pos,majority,L-isoleucine,0.0,20
T1,native,step1_split,F1pos,majority,L-lysine,0.0,10
T1,native,step1_split,F1pos,majority,L-methionine,0.0,20
T1,native,step1_split,F1pos,majority,L-phenylalanine,0.0,20
T1,native,step1_split,F1pos,majority,L-proline,0.0,20
T1,native,step1_split,F1pos,majority,L-serine,0.0,10
T1,native,step1_split,F1pos,majority,L-threonine,0.0,10
T1,native,step1_split,F1pos,majority,L-tryptophan,0.0,10
T1,native,step1_split,F1pos,lr,L-arginine,0.0,10
T1,native,step1_split,F1pos,lr,L-asparagine,0.0,20
T1,native,step1_split,F1pos,lr,L-glutamic acid,0.0,10
T1,native,step1_split,F1pos,lr,L-glycine,0.0,40
T1,native,step1_split,F1pos,lr,L-histidine,0.0,10
T1,native,step1_split,F1pos,lr,L-isoleucine,0.0,20
T1,native,step1_split,F1pos,lr,L-lysine,0.1,10
T1,native,step1_split,F1pos,lr,L-methionine,0.1,20
T1,native,step1_split,F1pos,lr,L-phenylalanine,0.0,20
T1,native,step1_split,F1pos,lr,L-proline,0.0,20
T1,native,step1_split,F1pos,lr,L-serine,0.0,10
T1,native,step1_split,F1pos,lr,L-threonine,0.0,10
T1,native,step1_split,F1pos,lr,L-tryptophan,0.2,10
T1,native,step1_split,F1pos,pca_lr,L-arginine,0.0,10
T1,native,step1_split,F1pos,pca_lr,L-asparagine,0.0,20
T1,native,step1_split,F1pos,pca_lr,L-glutamic acid,0.0,10
T1,native,step1_split,F1pos,pca_lr,L-glycine,0.0,40
T1,native,step1_split,F1pos,pca_lr,L-histidine,0.0,10
T1,native,step1_split,F1pos,pca_lr,L-isoleucine,0.0,20
T1,native,step1_split,F1pos,pca_lr,L-lysine,0.1,10
T1,native,step1_split,F1pos,pca_lr,L-methionine,0.1,20
T1,native,step1_split,F1pos,pca_lr,L-phenylalanine,0.0,20
T1,native,step1_split,F1pos,pca_lr,L-proline,0.0,20
T1,native,step1_split,F1pos,pca_lr,L-serine,0.0,10
T1,native,step1_split,F1pos,pca_lr,L-threonine,0.0,10
T1,native,step1_split,F1pos,pca_lr,L-tryptophan,0.1,10
T1,native,step1_split,F1pos,plsda,L-arginine,0.0,10
T1,native,step1_split,F1pos,plsda,L-asparagine,0.0,20
T1,native,step1_split,F1pos,plsda,L-glutamic acid,0.0,10
T1,native,step1_split,F1pos,plsda,L-glycine,0.0,40
T1,native,step1_split,F1pos,plsda,L-histidine,0.0,10
T1,native,step1_split,F1pos,plsda,L-isoleucine,0.0,20
T1,native,step1_split,F1pos,plsda,L-lysine,0.6,10
T1,native,step1_split,F1pos,plsda,L-methionine,0.35,20
T1,native,step1_split,F1pos,plsda,L-phenylalanine,0.0,20
T1,native,step1_split,F1pos,plsda,L-proline,0.0,20
T1,native,step1_split,F1pos,plsda,L-serine,0.0,10
T1,native,step1_split,F1pos,plsda,L-threonine,0.0,10
T1,native,step1_split,F1pos,plsda,L-tryptophan,0.3,10
T1,native,step1_split,F1pos,ncm,L-arginine,0.0,10
T1,native,step1_split,F1pos,ncm,L-asparagine,0.0,20
T1,native,step1_split,F1pos,ncm,L-glutamic acid,0.0,10
T1,native,step1_split,F1pos,ncm,L-glycine,0.05,40
T1,native,step1_split,F1pos,ncm,L-histidine,0.0,10
T1,native,step1_split,F1pos,ncm,L-isoleucine,0.0,20
T1,native,step1_split,F1pos,ncm,L-lysine,0.0,10
T1,native,step1_split,F1pos,ncm,L-methionine,0.5,20
T1,native,step1_split,F1pos,ncm,L-phenylalanine,0.0,20
T1,native,step1_split,F1pos,ncm,L-proline,0.0,20
T1,native,step1_split,F1pos,ncm,L-serine,0.0,10
T1,native,step1_split,F1pos,ncm,L-threonine,0.0,10
T1,native,step1_split,F1pos,ncm,L-tryptophan,0.8,10
T1,native,step1_split,F1pos,hgb,L-arginine,0.0,10
T1,native,step1_split,F1pos,hgb,L-asparagine,0.0,20
T1,native,step1_split,F1pos,hgb,L-glutamic acid,0.0,10
T1,native,step1_split,F1pos,hgb,L-glycine,0.0,40
T1,native,step1_split,F1pos,hgb,L-histidine,0.1,10
T1,native,step1_split,F1pos,hgb,L-isoleucine,0.0,20
T1,native,step1_split,F1pos,hgb,L-lysine,0.0,10
T1,native,step1_split,F1pos,hgb,L-methionine,0.0,20
T1,native,step1_split,F1pos,hgb,L-phenylalanine,0.0,20
T1,native,step1_split,F1pos,hgb,L-proline,0.0,20
T1,native,step1_split,F1pos,hgb,L-serine,0.0,10
T1,native,step1_split,F1pos,hgb,L-threonine,0.0,10
T1,native,step1_split,F1pos,hgb,L-tryptophan,0.0,10
T1,native,step1_split,F1pos,knn,L-arginine,0.0,10
T1,native,step1_split,F1pos,knn,L-asparagine,0.0,20
T1,native,step1_split,F1pos,knn,L-glutamic acid,0.0,10
T1,native,step1_split,F1pos,knn,L-glycine,0.05,40
T1,native,step1_split,F1pos,knn,L-histidine,0.1,10
T1,native,step1_split,F1pos,knn,L-isoleucine,0.0,20
T1,native,step1_split,F1pos,knn,L-lysine,0.0,10
T1,native,step1_split,F1pos,knn,L-methionine,0.05,20
T1,native,step1_split,F1pos,knn,L-phenylalanine,0.0,20
T1,native,step1_split,F1pos,knn,L-proline,0.0,20
T1,native,step1_split,F1pos,knn,L-serine,0.0,10
T1,native,step1_split,F1pos,knn,L-threonine,0.0,10
T1,native,step1_split,F1pos,knn,L-tryptophan,0.1,10
T1,native,step1_split,F2,majority,L-arginine,0.0,10
T1,native,step1_split,F2,majority,L-asparagine,0.0,20
T1,native,step1_split,F2,majority,L-glutamic acid,0.0,10
T1,native,step1_split,F2,majority,L-glycine,0.0,40
T1,native,step1_split,F2,majority,L-histidine,0.0,10
T1,native,step1_split,F2,majority,L-isoleucine,0.0,20
T1,native,step1_split,F2,majority,L-lysine,0.0,10
T1,native,step1_split,F2,majority,L-methionine,0.0,20
T1,native,step1_split,F2,majority,L-phenylalanine,0.0,20
T1,native,step1_split,F2,majority,L-proline,0.0,20
T1,native,step1_split,F2,majority,L-serine,0.0,10
T1,native,step1_split,F2,majority,L-threonine,0.0,10
T1,native,step1_split,F2,majority,L-tryptophan,0.0,10
T1,native,step1_split,F2,lr,L-arginine,0.0,10
T1,native,step1_split,F2,lr,L-asparagine,0.0,20
T1,native,step1_split,F2,lr,L-glutamic acid,0.0,10
T1,native,step1_split,F2,lr,L-glycine,0.0,40
T1,native,step1_split,F2,lr,L-histidine,0.1,10
T1,native,step1_split,F2,lr,L-isoleucine,0.0,20
T1,native,step1_split,F2,lr,L-lysine,0.6,10
T1,native,step1_split,F2,lr,L-methionine,0.0,20
T1,native,step1_split,F2,lr,L-phenylalanine,0.0,20
T1,native,step1_split,F2,lr,L-proline,0.0,20
T1,native,step1_split,F2,lr,L-serine,0.0,10
T1,native,step1_split,F2,lr,L-threonine,0.0,10
T1,native,step1_split,F2,lr,L-tryptophan,0.1,10
T1,native,step1_split,F2,pca_lr,L-arginine,0.0,10
T1,native,step1_split,F2,pca_lr,L-asparagine,0.0,20
T1,native,step1_split,F2,pca_lr,L-glutamic acid,0.0,10
T1,native,step1_split,F2,pca_lr,L-glycine,0.0,40
T1,native,step1_split,F2,pca_lr,L-histidine,0.1,10
T1,native,step1_split,F2,pca_lr,L-isoleucine,0.0,20
T1,native,step1_split,F2,pca_lr,L-lysine,0.5,10
T1,native,step1_split,F2,pca_lr,L-methionine,0.0,20
T1,native,step1_split,F2,pca_lr,L-phenylalanine,0.0,20
T1,native,step1_split,F2,pca_lr,L-proline,0.0,20
T1,native,step1_split,F2,pca_lr,L-serine,0.0,10
T1,native,step1_split,F2,pca_lr,L-threonine,0.0,10
T1,native,step1_split,F2,pca_lr,L-tryptophan,0.1,10
T1,native,step1_split,F2,plsda,L-arginine,0.0,10
T1,native,step1_split,F2,plsda,L-asparagine,0.0,20
T1,native,step1_split,F2,plsda,L-glutamic acid,0.0,10
T1,native,step1_split,F2,plsda,L-glycine,0.0,40
T1,native,step1_split,F2,plsda,L-histidine,0.4,10
T1,native,step1_split,F2,plsda,L-isoleucine,0.0,20
T1,native,step1_split,F2,plsda,L-lysine,0.7,10
T1,native,step1_split,F2,plsda,L-methionine,0.1,20
T1,native,step1_split,F2,plsda,L-phenylalanine,0.0,20
T1,native,step1_split,F2,plsda,L-proline,0.0,20
T1,native,step1_split,F2,plsda,L-serine,0.0,10
T1,native,step1_split,F2,plsda,L-threonine,0.0,10
T1,native,step1_split,F2,plsda,L-tryptophan,0.0,10
T1,native,step1_split,F2,ncm,L-arginine,0.0,10
T1,native,step1_split,F2,ncm,L-asparagine,0.0,20
T1,native,step1_split,F2,ncm,L-glutamic acid,0.0,10
T1,native,step1_split,F2,ncm,L-glycine,0.0,40
T1,native,step1_split,F2,ncm,L-histidine,0.1,10
T1,native,step1_split,F2,ncm,L-isoleucine,0.0,20
T1,native,step1_split,F2,ncm,L-lysine,0.3,10
T1,native,step1_split,F2,ncm,L-methionine,0.0,20
T1,native,step1_split,F2,ncm,L-phenylalanine,0.0,20
T1,native,step1_split,F2,ncm,L-proline,0.0,20
T1,native,step1_split,F2,ncm,L-serine,0.0,10
T1,native,step1_split,F2,ncm,L-threonine,0.0,10
T1,native,step1_split,F2,ncm,L-tryptophan,1.0,10
T1,native,step1_split,F2,hgb,L-arginine,0.4,10
T1,native,step1_split,F2,hgb,L-asparagine,0.0,20
T1,native,step1_split,F2,hgb,L-glutamic acid,0.0,10
T1,native,step1_split,F2,hgb,L-glycine,0.0,40
T1,native,step1_split,F2,hgb,L-histidine,0.3,10
T1,native,step1_split,F2,hgb,L-isoleucine,0.0,20
T1,native,step1_split,F2,hgb,L-lysine,0.0,10
T1,native,step1_split,F2,hgb,L-methionine,0.0,20
T1,native,step1_split,F2,hgb,L-phenylalanine,0.0,20
T1,native,step1_split,F2,hgb,L-proline,0.0,20
T1,native,step1_split,F2,hgb,L-serine,0.0,10
T1,native,step1_split,F2,hgb,L-threonine,0.1,10
T1,native,step1_split,F2,hgb,L-tryptophan,0.5,10
T1,native,step1_split,F2,knn,L-arginine,0.0,10
T1,native,step1_split,F2,knn,L-asparagine,0.0,20
T1,native,step1_split,F2,knn,L-glutamic acid,0.0,10
T1,native,step1_split,F2,knn,L-glycine,0.0,40
T1,native,step1_split,F2,knn,L-histidine,0.1,10
T1,native,step1_split,F2,knn,L-isoleucine,0.0,20
T1,native,step1_split,F2,knn,L-lysine,0.2,10
T1,native,step1_split,F2,knn,L-methionine,0.0,20
T1,native,step1_split,F2,knn,L-phenylalanine,0.0,20
T1,native,step1_split,F2,knn,L-proline,0.0,20
T1,native,step1_split,F2,knn,L-serine,0.0,10
T1,native,step1_split,F2,knn,L-threonine,0.0,10
T1,native,step1_split,F2,knn,L-tryptophan,1.0,10
T1,native,step1_split,F3,majority,L-arginine,0.0,10
T1,native,step1_split,F3,majority,L-asparagine,0.0,20
T1,native,step1_split,F3,majority,L-glutamic acid,0.0,10
T1,native,step1_split,F3,majority,L-glycine,0.0,40
T1,native,step1_split,F3,majority,L-histidine,0.0,10
T1,native,step1_split,F3,majority,L-isoleucine,0.0,20
T1,native,step1_split,F3,majority,L-lysine,0.0,10
T1,native,step1_split,F3,majority,L-methionine,0.0,20
T1,native,step1_split,F3,majority,L-phenylalanine,0.0,20
T1,native,step1_split,F3,majority,L-proline,0.0,20
T1,native,step1_split,F3,majority,L-serine,0.0,10
T1,native,step1_split,F3,majority,L-threonine,0.0,10
T1,native,step1_split,F3,majority,L-tryptophan,0.0,10
T1,native,step1_split,F3,lr,L-arginine,0.0,10
T1,native,step1_split,F3,lr,L-asparagine,0.0,20
T1,native,step1_split,F3,lr,L-glutamic acid,0.0,10
T1,native,step1_split,F3,lr,L-glycine,0.0,40
T1,native,step1_split,F3,lr,L-histidine,0.8,10
T1,native,step1_split,F3,lr,L-isoleucine,0.0,20
T1,native,step1_split,F3,lr,L-lysine,0.1,10
T1,native,step1_split,F3,lr,L-methionine,0.0,20
T1,native,step1_split,F3,lr,L-phenylalanine,0.0,20
T1,native,step1_split,F3,lr,L-proline,0.0,20
T1,native,step1_split,F3,lr,L-serine,0.0,10
T1,native,step1_split,F3,lr,L-threonine,0.0,10
T1,native,step1_split,F3,lr,L-tryptophan,0.0,10
T1,native,step1_split,F3,pca_lr,L-arginine,0.0,10
T1,native,step1_split,F3,pca_lr,L-asparagine,0.0,20
T1,native,step1_split,F3,pca_lr,L-glutamic acid,0.0,10
T1,native,step1_split,F3,pca_lr,L-glycine,0.0,40
T1,native,step1_split,F3,pca_lr,L-histidine,0.3,10
T1,native,step1_split,F3,pca_lr,L-isoleucine,0.0,20
T1,native,step1_split,F3,pca_lr,L-lysine,0.2,10
T1,native,step1_split,F3,pca_lr,L-methionine,0.0,20
T1,native,step1_split,F3,pca_lr,L-phenylalanine,0.0,20
T1,native,step1_split,F3,pca_lr,L-proline,0.0,20
T1,native,step1_split,F3,pca_lr,L-serine,0.0,10
T1,native,step1_split,F3,pca_lr,L-threonine,0.0,10
T1,native,step1_split,F3,pca_lr,L-tryptophan,0.0,10
T1,native,step1_split,F3,plsda,L-arginine,0.0,10
T1,native,step1_split,F3,plsda,L-asparagine,0.0,20
T1,native,step1_split,F3,plsda,L-glutamic acid,0.0,10
T1,native,step1_split,F3,plsda,L-glycine,0.0,40
T1,native,step1_split,F3,plsda,L-histidine,0.0,10
T1,native,step1_split,F3,plsda,L-isoleucine,0.0,20
T1,native,step1_split,F3,plsda,L-lysine,1.0,10
T1,native,step1_split,F3,plsda,L-methionine,0.0,20
T1,native,step1_split,F3,plsda,L-phenylalanine,0.0,20
T1,native,step1_split,F3,plsda,L-proline,0.0,20
T1,native,step1_split,F3,plsda,L-serine,0.0,10
T1,native,step1_split,F3,plsda,L-threonine,0.0,10
T1,native,step1_split,F3,plsda,L-tryptophan,0.3,10
T1,native,step1_split,F3,ncm,L-arginine,0.0,10
T1,native,step1_split,F3,ncm,L-asparagine,0.0,20
T1,native,step1_split,F3,ncm,L-glutamic acid,0.0,10
T1,native,step1_split,F3,ncm,L-glycine,0.0,40
T1,native,step1_split,F3,ncm,L-histidine,1.0,10
T1,native,step1_split,F3,ncm,L-isoleucine,0.0,20
T1,native,step1_split,F3,ncm,L-lysine,0.0,10
T1,native,step1_split,F3,ncm,L-methionine,0.0,20
T1,native,step1_split,F3,ncm,L-phenylalanine,0.0,20
T1,native,step1_split,F3,ncm,L-proline,0.0,20
T1,native,step1_split,F3,ncm,L-serine,0.0,10
T1,native,step1_split,F3,ncm,L-threonine,0.0,10
T1,native,step1_split,F3,ncm,L-tryptophan,1.0,10
T1,native,step1_split,F3,hgb,L-arginine,0.0,10
T1,native,step1_split,F3,hgb,L-asparagine,0.0,20
T1,native,step1_split,F3,hgb,L-glutamic acid,0.0,10
T1,native,step1_split,F3,hgb,L-glycine,0.0,40
T1,native,step1_split,F3,hgb,L-histidine,0.5,10
T1,native,step1_split,F3,hgb,L-isoleucine,0.0,20
T1,native,step1_split,F3,hgb,L-lysine,0.4,10
T1,native,step1_split,F3,hgb,L-methionine,0.0,20
T1,native,step1_split,F3,hgb,L-phenylalanine,0.0,20
T1,native,step1_split,F3,hgb,L-proline,0.0,20
T1,native,step1_split,F3,hgb,L-serine,0.0,10
T1,native,step1_split,F3,hgb,L-threonine,0.0,10
T1,native,step1_split,F3,hgb,L-tryptophan,0.0,10
T1,native,step1_split,F3,knn,L-arginine,0.0,10
T1,native,step1_split,F3,knn,L-asparagine,0.0,20
T1,native,step1_split,F3,knn,L-glutamic acid,0.0,10
T1,native,step1_split,F3,knn,L-glycine,0.0,40
T1,native,step1_split,F3,knn,L-histidine,1.0,10
T1,native,step1_split,F3,knn,L-isoleucine,0.0,20
T1,native,step1_split,F3,knn,L-lysine,0.3,10
T1,native,step1_split,F3,knn,L-methionine,0.0,20
T1,native,step1_split,F3,knn,L-phenylalanine,0.0,20
T1,native,step1_split,F3,knn,L-proline,0.0,20
T1,native,step1_split,F3,knn,L-serine,0.0,10
T1,native,step1_split,F3,knn,L-threonine,0.0,10
T1,native,step1_split,F3,knn,L-tryptophan,1.0,10
T1,native,step1_split,F1.bg,majority,L-arginine,0.0,10
T1,native,step1_split,F1.bg,majority,L-asparagine,0.0,20
T1,native,step1_split,F1.bg,majority,L-glutamic acid,0.0,10
T1,native,step1_split,F1.bg,majority,L-glycine,0.0,40
T1,native,step1_split,F1.bg,majority,L-histidine,0.0,10
T1,native,step1_split,F1.bg,majority,L-isoleucine,0.0,20
T1,native,step1_split,F1.bg,majority,L-lysine,0.0,10
T1,native,step1_split,F1.bg,majority,L-methionine,0.0,20
T1,native,step1_split,F1.bg,majority,L-phenylalanine,0.0,20
T1,native,step1_split,F1.bg,majority,L-proline,0.0,20
T1,native,step1_split,F1.bg,majority,L-serine,0.0,10
T1,native,step1_split,F1.bg,majority,L-threonine,0.0,10
T1,native,step1_split,F1.bg,majority,L-tryptophan,0.0,10
T1,native,step1_split,F1.bg,lr,L-arginine,0.0,10
T1,native,step1_split,F1.bg,lr,L-asparagine,0.0,20
T1,native,step1_split,F1.bg,lr,L-glutamic acid,0.0,10
T1,native,step1_split,F1.bg,lr,L-glycine,0.0,40
T1,native,step1_split,F1.bg,lr,L-histidine,0.0,10
T1,native,step1_split,F1.bg,lr,L-isoleucine,0.0,20
T1,native,step1_split,F1.bg,lr,L-lysine,0.0,10
T1,native,step1_split,F1.bg,lr,L-methionine,0.0,20
T1,native,step1_split,F1.bg,lr,L-phenylalanine,0.0,20
T1,native,step1_split,F1.bg,lr,L-proline,0.0,20
T1,native,step1_split,F1.bg,lr,L-serine,0.0,10
T1,native,step1_split,F1.bg,lr,L-threonine,0.0,10
T1,native,step1_split,F1.bg,lr,L-tryptophan,0.0,10
T1,native,step1_split,F1.bg,pca_lr,L-arginine,0.0,10
T1,native,step1_split,F1.bg,pca_lr,L-asparagine,0.0,20
T1,native,step1_split,F1.bg,pca_lr,L-glutamic acid,0.0,10
T1,native,step1_split,F1.bg,pca_lr,L-glycine,0.0,40
T1,native,step1_split,F1.bg,pca_lr,L-histidine,0.0,10
T1,native,step1_split,F1.bg,pca_lr,L-isoleucine,0.0,20
T1,native,step1_split,F1.bg,pca_lr,L-lysine,0.0,10
T1,native,step1_split,F1.bg,pca_lr,L-methionine,0.0,20
T1,native,step1_split,F1.bg,pca_lr,L-phenylalanine,0.0,20
T1,native,step1_split,F1.bg,pca_lr,L-proline,0.0,20
T1,native,step1_split,F1.bg,pca_lr,L-serine,0.0,10
T1,native,step1_split,F1.bg,pca_lr,L-threonine,0.0,10
T1,native,step1_split,F1.bg,pca_lr,L-tryptophan,0.0,10
T1,native,step1_split,F1.bg,plsda,L-arginine,0.0,10
T1,native,step1_split,F1.bg,plsda,L-asparagine,0.0,20
T1,native,step1_split,F1.bg,plsda,L-glutamic acid,0.0,10
T1,native,step1_split,F1.bg,plsda,L-glycine,0.0,40
T1,native,step1_split,F1.bg,plsda,L-histidine,0.0,10
T1,native,step1_split,F1.bg,plsda,L-isoleucine,0.0,20
T1,native,step1_split,F1.bg,plsda,L-lysine,0.2,10
T1,native,step1_split,F1.bg,plsda,L-methionine,0.15,20
T1,native,step1_split,F1.bg,plsda,L-phenylalanine,0.0,20
T1,native,step1_split,F1.bg,plsda,L-proline,0.0,20
T1,native,step1_split,F1.bg,plsda,L-serine,0.0,10
T1,native,step1_split,F1.bg,plsda,L-threonine,0.0,10
T1,native,step1_split,F1.bg,plsda,L-tryptophan,0.0,10
T1,native,step1_split,F1.bg,ncm,L-arginine,0.0,10
T1,native,step1_split,F1.bg,ncm,L-asparagine,0.0,20
T1,native,step1_split,F1.bg,ncm,L-glutamic acid,0.0,10
T1,native,step1_split,F1.bg,ncm,L-glycine,0.0,40
T1,native,step1_split,F1.bg,ncm,L-histidine,0.0,10
T1,native,step1_split,F1.bg,ncm,L-isoleucine,0.0,20
T1,native,step1_split,F1.bg,ncm,L-lysine,0.3,10
T1,native,step1_split,F1.bg,ncm,L-methionine,0.0,20
T1,native,step1_split,F1.bg,ncm,L-phenylalanine,0.0,20
T1,native,step1_split,F1.bg,ncm,L-proline,0.0,20
T1,native,step1_split,F1.bg,ncm,L-serine,0.0,10
T1,native,step1_split,F1.bg,ncm,L-threonine,0.0,10
T1,native,step1_split,F1.bg,ncm,L-tryptophan,0.3,10
T1,native,step1_split,F1.bg,hgb,L-arginine,0.0,10
T1,native,step1_split,F1.bg,hgb,L-asparagine,0.0,20
T1,native,step1_split,F1.bg,hgb,L-glutamic acid,0.0,10
T1,native,step1_split,F1.bg,hgb,L-glycine,0.0,40
T1,native,step1_split,F1.bg,hgb,L-histidine,0.0,10
T1,native,step1_split,F1.bg,hgb,L-isoleucine,0.0,20
T1,native,step1_split,F1.bg,hgb,L-lysine,0.0,10
T1,native,step1_split,F1.bg,hgb,L-methionine,0.0,20
T1,native,step1_split,F1.bg,hgb,L-phenylalanine,0.0,20
T1,native,step1_split,F1.bg,hgb,L-proline,0.0,20
T1,native,step1_split,F1.bg,hgb,L-serine,0.0,10
T1,native,step1_split,F1.bg,hgb,L-threonine,0.0,10
T1,native,step1_split,F1.bg,hgb,L-tryptophan,0.0,10
T1,native,step1_split,F1.bg,knn,L-arginine,0.0,10
T1,native,step1_split,F1.bg,knn,L-asparagine,0.0,20
T1,native,step1_split,F1.bg,knn,L-glutamic acid,0.0,10
T1,native,step1_split,F1.bg,knn,L-glycine,0.0,40
T1,native,step1_split,F1.bg,knn,L-histidine,0.0,10
T1,native,step1_split,F1.bg,knn,L-isoleucine,0.0,20
T1,native,step1_split,F1.bg,knn,L-lysine,0.2,10
T1,native,step1_split,F1.bg,knn,L-methionine,0.0,20
T1,native,step1_split,F1.bg,knn,L-phenylalanine,0.0,20
T1,native,step1_split,F1.bg,knn,L-proline,0.0,20
T1,native,step1_split,F1.bg,knn,L-serine,0.0,10
T1,native,step1_split,F1.bg,knn,L-threonine,0.0,10
T1,native,step1_split,F1.bg,knn,L-tryptophan,0.3,10
T1,native,step1_split,F2.bg,majority,L-arginine,0.0,10
T1,native,step1_split,F2.bg,majority,L-asparagine,0.0,20
T1,native,step1_split,F2.bg,majority,L-glutamic acid,0.0,10
T1,native,step1_split,F2.bg,majority,L-glycine,0.0,40
T1,native,step1_split,F2.bg,majority,L-histidine,0.0,10
T1,native,step1_split,F2.bg,majority,L-isoleucine,0.0,20
T1,native,step1_split,F2.bg,majority,L-lysine,0.0,10
T1,native,step1_split,F2.bg,majority,L-methionine,0.0,20
T1,native,step1_split,F2.bg,majority,L-phenylalanine,0.0,20
T1,native,step1_split,F2.bg,majority,L-proline,0.0,20
T1,native,step1_split,F2.bg,majority,L-serine,0.0,10
T1,native,step1_split,F2.bg,majority,L-threonine,0.0,10
T1,native,step1_split,F2.bg,majority,L-tryptophan,0.0,10
T1,native,step1_split,F2.bg,lr,L-arginine,0.0,10
T1,native,step1_split,F2.bg,lr,L-asparagine,0.0,20
T1,native,step1_split,F2.bg,lr,L-glutamic acid,0.0,10
T1,native,step1_split,F2.bg,lr,L-glycine,0.0,40
T1,native,step1_split,F2.bg,lr,L-histidine,0.1,10
T1,native,step1_split,F2.bg,lr,L-isoleucine,0.0,20
T1,native,step1_split,F2.bg,lr,L-lysine,0.0,10
T1,native,step1_split,F2.bg,lr,L-methionine,0.0,20
T1,native,step1_split,F2.bg,lr,L-phenylalanine,0.0,20
T1,native,step1_split,F2.bg,lr,L-proline,0.0,20
T1,native,step1_split,F2.bg,lr,L-serine,0.0,10
T1,native,step1_split,F2.bg,lr,L-threonine,0.0,10
T1,native,step1_split,F2.bg,lr,L-tryptophan,0.3,10
T1,native,step1_split,F2.bg,pca_lr,L-arginine,0.0,10
T1,native,step1_split,F2.bg,pca_lr,L-asparagine,0.0,20
T1,native,step1_split,F2.bg,pca_lr,L-glutamic acid,0.0,10
T1,native,step1_split,F2.bg,pca_lr,L-glycine,0.0,40
T1,native,step1_split,F2.bg,pca_lr,L-histidine,0.0,10
T1,native,step1_split,F2.bg,pca_lr,L-isoleucine,0.0,20
T1,native,step1_split,F2.bg,pca_lr,L-lysine,0.0,10
T1,native,step1_split,F2.bg,pca_lr,L-methionine,0.1,20
T1,native,step1_split,F2.bg,pca_lr,L-phenylalanine,0.0,20
T1,native,step1_split,F2.bg,pca_lr,L-proline,0.0,20
T1,native,step1_split,F2.bg,pca_lr,L-serine,0.0,10
T1,native,step1_split,F2.bg,pca_lr,L-threonine,0.0,10
T1,native,step1_split,F2.bg,pca_lr,L-tryptophan,0.7,10
T1,native,step1_split,F2.bg,plsda,L-arginine,0.0,10
T1,native,step1_split,F2.bg,plsda,L-asparagine,0.0,20
T1,native,step1_split,F2.bg,plsda,L-glutamic acid,0.0,10
T1,native,step1_split,F2.bg,plsda,L-glycine,0.0,40
T1,native,step1_split,F2.bg,plsda,L-histidine,0.0,10
T1,native,step1_split,F2.bg,plsda,L-isoleucine,0.0,20
T1,native,step1_split,F2.bg,plsda,L-lysine,0.1,10
T1,native,step1_split,F2.bg,plsda,L-methionine,0.15,20
T1,native,step1_split,F2.bg,plsda,L-phenylalanine,0.0,20
T1,native,step1_split,F2.bg,plsda,L-proline,0.0,20
T1,native,step1_split,F2.bg,plsda,L-serine,0.0,10
T1,native,step1_split,F2.bg,plsda,L-threonine,0.0,10
T1,native,step1_split,F2.bg,plsda,L-tryptophan,0.0,10
T1,native,step1_split,F2.bg,ncm,L-arginine,0.0,10
T1,native,step1_split,F2.bg,ncm,L-asparagine,0.0,20
T1,native,step1_split,F2.bg,ncm,L-glutamic acid,0.0,10
T1,native,step1_split,F2.bg,ncm,L-glycine,0.0,40
T1,native,step1_split,F2.bg,ncm,L-histidine,0.0,10
T1,native,step1_split,F2.bg,ncm,L-isoleucine,0.0,20
T1,native,step1_split,F2.bg,ncm,L-lysine,0.1,10
T1,native,step1_split,F2.bg,ncm,L-methionine,0.0,20
T1,native,step1_split,F2.bg,ncm,L-phenylalanine,0.0,20
T1,native,step1_split,F2.bg,ncm,L-proline,0.0,20
T1,native,step1_split,F2.bg,ncm,L-serine,0.0,10
T1,native,step1_split,F2.bg,ncm,L-threonine,0.0,10
T1,native,step1_split,F2.bg,ncm,L-tryptophan,1.0,10
T1,native,step1_split,F2.bg,hgb,L-arginine,0.0,10
T1,native,step1_split,F2.bg,hgb,L-asparagine,0.0,20
T1,native,step1_split,F2.bg,hgb,L-glutamic acid,0.0,10
T1,native,step1_split,F2.bg,hgb,L-glycine,0.0,40
T1,native,step1_split,F2.bg,hgb,L-histidine,0.0,10
T1,native,step1_split,F2.bg,hgb,L-isoleucine,0.0,20
T1,native,step1_split,F2.bg,hgb,L-lysine,0.0,10
T1,native,step1_split,F2.bg,hgb,L-methionine,0.0,20
T1,native,step1_split,F2.bg,hgb,L-phenylalanine,0.0,20
T1,native,step1_split,F2.bg,hgb,L-proline,0.0,20
T1,native,step1_split,F2.bg,hgb,L-serine,0.0,10
T1,native,step1_split,F2.bg,hgb,L-threonine,0.0,10
T1,native,step1_split,F2.bg,hgb,L-tryptophan,0.0,10
T1,native,step1_split,F2.bg,knn,L-arginine,0.0,10
T1,native,step1_split,F2.bg,knn,L-asparagine,0.0,20
T1,native,step1_split,F2.bg,knn,L-glutamic acid,0.0,10
T1,native,step1_split,F2.bg,knn,L-glycine,0.0,40
T1,native,step1_split,F2.bg,knn,L-histidine,0.0,10
T1,native,step1_split,F2.bg,knn,L-isoleucine,0.0,20
T1,native,step1_split,F2.bg,knn,L-lysine,0.3,10
T1,native,step1_split,F2.bg,knn,L-methionine,0.0,20
T1,native,step1_split,F2.bg,knn,L-phenylalanine,0.0,20
T1,native,step1_split,F2.bg,knn,L-proline,0.0,20
T1,native,step1_split,F2.bg,knn,L-serine,0.0,10
T1,native,step1_split,F2.bg,knn,L-threonine,0.0,10
T1,native,step1_split,F2.bg,knn,L-tryptophan,1.0,10
T1,native,step1_split,F3.bg,majority,L-arginine,0.0,10
T1,native,step1_split,F3.bg,majority,L-asparagine,0.0,20
T1,native,step1_split,F3.bg,majority,L-glutamic acid,0.0,10
T1,native,step1_split,F3.bg,majority,L-glycine,0.0,40
T1,native,step1_split,F3.bg,majority,L-histidine,0.0,10
T1,native,step1_split,F3.bg,majority,L-isoleucine,0.0,20
T1,native,step1_split,F3.bg,majority,L-lysine,0.0,10
T1,native,step1_split,F3.bg,majority,L-methionine,0.0,20
T1,native,step1_split,F3.bg,majority,L-phenylalanine,0.0,20
T1,native,step1_split,F3.bg,majority,L-proline,0.0,20
T1,native,step1_split,F3.bg,majority,L-serine,0.0,10
T1,native,step1_split,F3.bg,majority,L-threonine,0.0,10
T1,native,step1_split,F3.bg,majority,L-tryptophan,0.0,10
T1,native,step1_split,F3.bg,lr,L-arginine,0.0,10
T1,native,step1_split,F3.bg,lr,L-asparagine,0.0,20
T1,native,step1_split,F3.bg,lr,L-glutamic acid,0.0,10
T1,native,step1_split,F3.bg,lr,L-glycine,0.0,40
T1,native,step1_split,F3.bg,lr,L-histidine,0.0,10
T1,native,step1_split,F3.bg,lr,L-isoleucine,0.0,20
T1,native,step1_split,F3.bg,lr,L-lysine,0.0,10
T1,native,step1_split,F3.bg,lr,L-methionine,0.0,20
T1,native,step1_split,F3.bg,lr,L-phenylalanine,0.0,20
T1,native,step1_split,F3.bg,lr,L-proline,0.0,20
T1,native,step1_split,F3.bg,lr,L-serine,0.0,10
T1,native,step1_split,F3.bg,lr,L-threonine,0.0,10
T1,native,step1_split,F3.bg,lr,L-tryptophan,0.0,10
T1,native,step1_split,F3.bg,pca_lr,L-arginine,0.0,10
T1,native,step1_split,F3.bg,pca_lr,L-asparagine,0.0,20
T1,native,step1_split,F3.bg,pca_lr,L-glutamic acid,0.0,10
T1,native,step1_split,F3.bg,pca_lr,L-glycine,0.0,40
T1,native,step1_split,F3.bg,pca_lr,L-histidine,0.0,10
T1,native,step1_split,F3.bg,pca_lr,L-isoleucine,0.0,20
T1,native,step1_split,F3.bg,pca_lr,L-lysine,0.0,10
T1,native,step1_split,F3.bg,pca_lr,L-methionine,0.0,20
T1,native,step1_split,F3.bg,pca_lr,L-phenylalanine,0.0,20
T1,native,step1_split,F3.bg,pca_lr,L-proline,0.0,20
T1,native,step1_split,F3.bg,pca_lr,L-serine,0.0,10
T1,native,step1_split,F3.bg,pca_lr,L-threonine,0.0,10
T1,native,step1_split,F3.bg,pca_lr,L-tryptophan,0.0,10
T1,native,step1_split,F3.bg,plsda,L-arginine,0.0,10
T1,native,step1_split,F3.bg,plsda,L-asparagine,0.0,20
T1,native,step1_split,F3.bg,plsda,L-glutamic acid,0.0,10
T1,native,step1_split,F3.bg,plsda,L-glycine,0.0,40
T1,native,step1_split,F3.bg,plsda,L-histidine,0.0,10
T1,native,step1_split,F3.bg,plsda,L-isoleucine,0.0,20
T1,native,step1_split,F3.bg,plsda,L-lysine,0.0,10
T1,native,step1_split,F3.bg,plsda,L-methionine,0.1,20
T1,native,step1_split,F3.bg,plsda,L-phenylalanine,0.0,20
T1,native,step1_split,F3.bg,plsda,L-proline,0.0,20
T1,native,step1_split,F3.bg,plsda,L-serine,0.0,10
T1,native,step1_split,F3.bg,plsda,L-threonine,0.0,10
T1,native,step1_split,F3.bg,plsda,L-tryptophan,0.0,10
T1,native,step1_split,F3.bg,ncm,L-arginine,0.0,10
T1,native,step1_split,F3.bg,ncm,L-asparagine,0.0,20
T1,native,step1_split,F3.bg,ncm,L-glutamic acid,0.0,10
T1,native,step1_split,F3.bg,ncm,L-glycine,0.0,40
T1,native,step1_split,F3.bg,ncm,L-histidine,0.0,10
T1,native,step1_split,F3.bg,ncm,L-isoleucine,0.0,20
T1,native,step1_split,F3.bg,ncm,L-lysine,0.0,10
T1,native,step1_split,F3.bg,ncm,L-methionine,0.0,20
T1,native,step1_split,F3.bg,ncm,L-phenylalanine,0.0,20
T1,native,step1_split,F3.bg,ncm,L-proline,0.0,20
T1,native,step1_split,F3.bg,ncm,L-serine,0.0,10
T1,native,step1_split,F3.bg,ncm,L-threonine,0.0,10
T1,native,step1_split,F3.bg,ncm,L-tryptophan,1.0,10
T1,native,step1_split,F3.bg,hgb,L-arginine,0.0,10
T1,native,step1_split,F3.bg,hgb,L-asparagine,0.0,20
T1,native,step1_split,F3.bg,hgb,L-glutamic acid,0.0,10
T1,native,step1_split,F3.bg,hgb,L-glycine,0.0,40
T1,native,step1_split,F3.bg,hgb,L-histidine,0.0,10
T1,native,step1_split,F3.bg,hgb,L-isoleucine,0.0,20
T1,native,step1_split,F3.bg,hgb,L-lysine,0.0,10
T1,native,step1_split,F3.bg,hgb,L-methionine,0.0,20
T1,native,step1_split,F3.bg,hgb,L-phenylalanine,0.0,20
T1,native,step1_split,F3.bg,hgb,L-proline,0.0,20
T1,native,step1_split,F3.bg,hgb,L-serine,0.0,10
T1,native,step1_split,F3.bg,hgb,L-threonine,0.0,10
T1,native,step1_split,F3.bg,hgb,L-tryptophan,0.2,10
T1,native,step1_split,F3.bg,knn,L-arginine,0.0,10
T1,native,step1_split,F3.bg,knn,L-asparagine,0.0,20
T1,native,step1_split,F3.bg,knn,L-glutamic acid,0.0,10
T1,native,step1_split,F3.bg,knn,L-glycine,0.0,40
T1,native,step1_split,F3.bg,knn,L-histidine,0.0,10
T1,native,step1_split,F3.bg,knn,L-isoleucine,0.0,20
T1,native,step1_split,F3.bg,knn,L-lysine,0.0,10
T1,native,step1_split,F3.bg,knn,L-methionine,0.0,20
T1,native,step1_split,F3.bg,knn,L-phenylalanine,0.0,20
T1,native,step1_split,F3.bg,knn,L-proline,0.0,20
T1,native,step1_split,F3.bg,knn,L-serine,0.0,10
T1,native,step1_split,F3.bg,knn,L-threonine,0.0,10
T1,native,step1_split,F3.bg,knn,L-tryptophan,1.0,10
T1,native,step1_split,F3.d1,majority,L-arginine,0.0,10
T1,native,step1_split,F3.d1,majority,L-asparagine,0.0,20
T1,native,step1_split,F3.d1,majority,L-glutamic acid,0.0,10
T1,native,step1_split,F3.d1,majority,L-glycine,0.0,40
T1,native,step1_split,F3.d1,majority,L-histidine,0.0,10
T1,native,step1_split,F3.d1,majority,L-isoleucine,0.0,20
T1,native,step1_split,F3.d1,majority,L-lysine,0.0,10
T1,native,step1_split,F3.d1,majority,L-methionine,0.0,20
T1,native,step1_split,F3.d1,majority,L-phenylalanine,0.0,20
T1,native,step1_split,F3.d1,majority,L-proline,0.0,20
T1,native,step1_split,F3.d1,majority,L-serine,0.0,10
T1,native,step1_split,F3.d1,majority,L-threonine,0.0,10
T1,native,step1_split,F3.d1,majority,L-tryptophan,0.0,10
T1,native,step1_split,F3.d1,lr,L-arginine,0.0,10
T1,native,step1_split,F3.d1,lr,L-asparagine,0.0,20
T1,native,step1_split,F3.d1,lr,L-glutamic acid,0.0,10
T1,native,step1_split,F3.d1,lr,L-glycine,0.0,40
T1,native,step1_split,F3.d1,lr,L-histidine,0.0,10
T1,native,step1_split,F3.d1,lr,L-isoleucine,0.0,20
T1,native,step1_split,F3.d1,lr,L-lysine,0.2,10
T1,native,step1_split,F3.d1,lr,L-methionine,0.0,20
T1,native,step1_split,F3.d1,lr,L-phenylalanine,0.0,20
T1,native,step1_split,F3.d1,lr,L-proline,0.0,20
T1,native,step1_split,F3.d1,lr,L-serine,0.0,10
T1,native,step1_split,F3.d1,lr,L-threonine,0.0,10
T1,native,step1_split,F3.d1,lr,L-tryptophan,0.0,10
T1,native,step1_split,F3.d1,pca_lr,L-arginine,0.0,10
T1,native,step1_split,F3.d1,pca_lr,L-asparagine,0.0,20
T1,native,step1_split,F3.d1,pca_lr,L-glutamic acid,0.0,10
T1,native,step1_split,F3.d1,pca_lr,L-glycine,0.0,40
T1,native,step1_split,F3.d1,pca_lr,L-histidine,0.1,10
T1,native,step1_split,F3.d1,pca_lr,L-isoleucine,0.0,20
T1,native,step1_split,F3.d1,pca_lr,L-lysine,0.2,10
T1,native,step1_split,F3.d1,pca_lr,L-methionine,0.0,20
T1,native,step1_split,F3.d1,pca_lr,L-phenylalanine,0.0,20
T1,native,step1_split,F3.d1,pca_lr,L-proline,0.0,20
T1,native,step1_split,F3.d1,pca_lr,L-serine,0.0,10
T1,native,step1_split,F3.d1,pca_lr,L-threonine,0.0,10
T1,native,step1_split,F3.d1,pca_lr,L-tryptophan,0.0,10
T1,native,step1_split,F3.d1,plsda,L-arginine,0.0,10
T1,native,step1_split,F3.d1,plsda,L-asparagine,0.0,20
T1,native,step1_split,F3.d1,plsda,L-glutamic acid,0.0,10
T1,native,step1_split,F3.d1,plsda,L-glycine,0.0,40
T1,native,step1_split,F3.d1,plsda,L-histidine,0.0,10
T1,native,step1_split,F3.d1,plsda,L-isoleucine,0.0,20
T1,native,step1_split,F3.d1,plsda,L-lysine,1.0,10
T1,native,step1_split,F3.d1,plsda,L-methionine,0.0,20
T1,native,step1_split,F3.d1,plsda,L-phenylalanine,0.0,20
T1,native,step1_split,F3.d1,plsda,L-proline,0.0,20
T1,native,step1_split,F3.d1,plsda,L-serine,0.0,10
T1,native,step1_split,F3.d1,plsda,L-threonine,0.0,10
T1,native,step1_split,F3.d1,plsda,L-tryptophan,0.0,10
T1,native,step1_split,F3.d1,ncm,L-arginine,0.0,10
T1,native,step1_split,F3.d1,ncm,L-asparagine,0.0,20
T1,native,step1_split,F3.d1,ncm,L-glutamic acid,0.0,10
T1,native,step1_split,F3.d1,ncm,L-glycine,0.0,40
T1,native,step1_split,F3.d1,ncm,L-histidine,0.0,10
T1,native,step1_split,F3.d1,ncm,L-isoleucine,0.0,20
T1,native,step1_split,F3.d1,ncm,L-lysine,0.0,10
T1,native,step1_split,F3.d1,ncm,L-methionine,0.0,20
T1,native,step1_split,F3.d1,ncm,L-phenylalanine,0.0,20
T1,native,step1_split,F3.d1,ncm,L-proline,0.0,20
T1,native,step1_split,F3.d1,ncm,L-serine,0.0,10
T1,native,step1_split,F3.d1,ncm,L-threonine,0.0,10
T1,native,step1_split,F3.d1,ncm,L-tryptophan,1.0,10
T1,native,step1_split,F3.d1,hgb,L-arginine,0.0,10
T1,native,step1_split,F3.d1,hgb,L-asparagine,0.0,20
T1,native,step1_split,F3.d1,hgb,L-glutamic acid,0.0,10
T1,native,step1_split,F3.d1,hgb,L-glycine,0.0,40
T1,native,step1_split,F3.d1,hgb,L-histidine,0.1,10
T1,native,step1_split,F3.d1,hgb,L-isoleucine,0.0,20
T1,native,step1_split,F3.d1,hgb,L-lysine,0.1,10
T1,native,step1_split,F3.d1,hgb,L-methionine,0.0,20
T1,native,step1_split,F3.d1,hgb,L-phenylalanine,0.0,20
T1,native,step1_split,F3.d1,hgb,L-proline,0.0,20
T1,native,step1_split,F3.d1,hgb,L-serine,0.0,10
T1,native,step1_split,F3.d1,hgb,L-threonine,0.0,10
T1,native,step1_split,F3.d1,hgb,L-tryptophan,0.9,10
T1,native,step1_split,F3.d1,knn,L-arginine,0.0,10
T1,native,step1_split,F3.d1,knn,L-asparagine,0.0,20
T1,native,step1_split,F3.d1,knn,L-glutamic acid,0.0,10
T1,native,step1_split,F3.d1,knn,L-glycine,0.0,40
T1,native,step1_split,F3.d1,knn,L-histidine,0.9,10
T1,native,step1_split,F3.d1,knn,L-isoleucine,0.0,20
T1,native,step1_split,F3.d1,knn,L-lysine,0.0,10
T1,native,step1_split,F3.d1,knn,L-methionine,0.0,20
T1,native,step1_split,F3.d1,knn,L-phenylalanine,0.0,20
T1,native,step1_split,F3.d1,knn,L-proline,0.0,20
T1,native,step1_split,F3.d1,knn,L-serine,0.0,10
T1,native,step1_split,F3.d1,knn,L-threonine,0.0,10
T1,native,step1_split,F3.d1,knn,L-tryptophan,0.0,10
T1,native,step1_split,F3.snv,majority,L-arginine,0.0,10
T1,native,step1_split,F3.snv,majority,L-asparagine,0.0,20
T1,native,step1_split,F3.snv,majority,L-glutamic acid,0.0,10
T1,native,step1_split,F3.snv,majority,L-glycine,0.0,40
T1,native,step1_split,F3.snv,majority,L-histidine,0.0,10
T1,native,step1_split,F3.snv,majority,L-isoleucine,0.0,20
T1,native,step1_split,F3.snv,majority,L-lysine,0.0,10
T1,native,step1_split,F3.snv,majority,L-methionine,0.0,20
T1,native,step1_split,F3.snv,majority,L-phenylalanine,0.0,20
T1,native,step1_split,F3.snv,majority,L-proline,0.0,20
T1,native,step1_split,F3.snv,majority,L-serine,0.0,10
T1,native,step1_split,F3.snv,majority,L-threonine,0.0,10
T1,native,step1_split,F3.snv,majority,L-tryptophan,0.0,10
T1,native,step1_split,F3.snv,lr,L-arginine,0.0,10
T1,native,step1_split,F3.snv,lr,L-asparagine,0.0,20
T1,native,step1_split,F3.snv,lr,L-glutamic acid,0.0,10
T1,native,step1_split,F3.snv,lr,L-glycine,0.0,40
T1,native,step1_split,F3.snv,lr,L-histidine,0.9,10
T1,native,step1_split,F3.snv,lr,L-isoleucine,0.0,20
T1,native,step1_split,F3.snv,lr,L-lysine,0.0,10
T1,native,step1_split,F3.snv,lr,L-methionine,0.0,20
T1,native,step1_split,F3.snv,lr,L-phenylalanine,0.0,20
T1,native,step1_split,F3.snv,lr,L-proline,0.0,20
T1,native,step1_split,F3.snv,lr,L-serine,0.0,10
T1,native,step1_split,F3.snv,lr,L-threonine,0.0,10
T1,native,step1_split,F3.snv,lr,L-tryptophan,0.0,10
T1,native,step1_split,F3.snv,pca_lr,L-arginine,0.0,10
T1,native,step1_split,F3.snv,pca_lr,L-asparagine,0.0,20
T1,native,step1_split,F3.snv,pca_lr,L-glutamic acid,0.0,10
T1,native,step1_split,F3.snv,pca_lr,L-glycine,0.0,40
T1,native,step1_split,F3.snv,pca_lr,L-histidine,1.0,10
T1,native,step1_split,F3.snv,pca_lr,L-isoleucine,0.0,20
T1,native,step1_split,F3.snv,pca_lr,L-lysine,0.0,10
T1,native,step1_split,F3.snv,pca_lr,L-methionine,0.0,20
T1,native,step1_split,F3.snv,pca_lr,L-phenylalanine,0.0,20
T1,native,step1_split,F3.snv,pca_lr,L-proline,0.0,20
T1,native,step1_split,F3.snv,pca_lr,L-serine,0.0,10
T1,native,step1_split,F3.snv,pca_lr,L-threonine,0.0,10
T1,native,step1_split,F3.snv,pca_lr,L-tryptophan,0.0,10
T1,native,step1_split,F3.snv,plsda,L-arginine,0.0,10
T1,native,step1_split,F3.snv,plsda,L-asparagine,0.0,20
T1,native,step1_split,F3.snv,plsda,L-glutamic acid,0.0,10
T1,native,step1_split,F3.snv,plsda,L-glycine,0.0,40
T1,native,step1_split,F3.snv,plsda,L-histidine,0.0,10
T1,native,step1_split,F3.snv,plsda,L-isoleucine,0.0,20
T1,native,step1_split,F3.snv,plsda,L-lysine,1.0,10
T1,native,step1_split,F3.snv,plsda,L-methionine,0.35,20
T1,native,step1_split,F3.snv,plsda,L-phenylalanine,0.0,20
T1,native,step1_split,F3.snv,plsda,L-proline,0.0,20
T1,native,step1_split,F3.snv,plsda,L-serine,0.0,10
T1,native,step1_split,F3.snv,plsda,L-threonine,0.0,10
T1,native,step1_split,F3.snv,plsda,L-tryptophan,1.0,10
T1,native,step1_split,F3.snv,ncm,L-arginine,0.0,10
T1,native,step1_split,F3.snv,ncm,L-asparagine,0.0,20
T1,native,step1_split,F3.snv,ncm,L-glutamic acid,0.0,10
T1,native,step1_split,F3.snv,ncm,L-glycine,0.0,40
T1,native,step1_split,F3.snv,ncm,L-histidine,1.0,10
T1,native,step1_split,F3.snv,ncm,L-isoleucine,0.0,20
T1,native,step1_split,F3.snv,ncm,L-lysine,0.0,10
T1,native,step1_split,F3.snv,ncm,L-methionine,0.0,20
T1,native,step1_split,F3.snv,ncm,L-phenylalanine,0.0,20
T1,native,step1_split,F3.snv,ncm,L-proline,0.0,20
T1,native,step1_split,F3.snv,ncm,L-serine,0.0,10
T1,native,step1_split,F3.snv,ncm,L-threonine,0.0,10
T1,native,step1_split,F3.snv,ncm,L-tryptophan,1.0,10
T1,native,step1_split,F3.snv,hgb,L-arginine,0.0,10
T1,native,step1_split,F3.snv,hgb,L-asparagine,0.0,20
T1,native,step1_split,F3.snv,hgb,L-glutamic acid,0.0,10
T1,native,step1_split,F3.snv,hgb,L-glycine,0.0,40
T1,native,step1_split,F3.snv,hgb,L-histidine,0.3,10
T1,native,step1_split,F3.snv,hgb,L-isoleucine,0.0,20
T1,native,step1_split,F3.snv,hgb,L-lysine,0.1,10
T1,native,step1_split,F3.snv,hgb,L-methionine,0.0,20
T1,native,step1_split,F3.snv,hgb,L-phenylalanine,0.0,20
T1,native,step1_split,F3.snv,hgb,L-proline,0.0,20
T1,native,step1_split,F3.snv,hgb,L-serine,0.0,10
T1,native,step1_split,F3.snv,hgb,L-threonine,0.0,10
T1,native,step1_split,F3.snv,hgb,L-tryptophan,0.0,10
T1,native,step1_split,F3.snv,knn,L-arginine,0.0,10
T1,native,step1_split,F3.snv,knn,L-asparagine,0.0,20
T1,native,step1_split,F3.snv,knn,L-glutamic acid,0.0,10
T1,native,step1_split,F3.snv,knn,L-glycine,0.0,40
T1,native,step1_split,F3.snv,knn,L-histidine,1.0,10
T1,native,step1_split,F3.snv,knn,L-isoleucine,0.0,20
T1,native,step1_split,F3.snv,knn,L-lysine,0.3,10
T1,native,step1_split,F3.snv,knn,L-methionine,0.0,20
T1,native,step1_split,F3.snv,knn,L-phenylalanine,0.0,20
T1,native,step1_split,F3.snv,knn,L-proline,0.0,20
T1,native,step1_split,F3.snv,knn,L-serine,0.0,10
T1,native,step1_split,F3.snv,knn,L-threonine,0.0,10
T1,native,step1_split,F3.snv,knn,L-tryptophan,0.9,10
T1,native,step1_split,F3.bg.d1,majority,L-arginine,0.0,10
T1,native,step1_split,F3.bg.d1,majority,L-asparagine,0.0,20
T1,native,step1_split,F3.bg.d1,majority,L-glutamic acid,0.0,10
T1,native,step1_split,F3.bg.d1,majority,L-glycine,0.0,40
T1,native,step1_split,F3.bg.d1,majority,L-histidine,0.0,10
T1,native,step1_split,F3.bg.d1,majority,L-isoleucine,0.0,20
T1,native,step1_split,F3.bg.d1,majority,L-lysine,0.0,10
T1,native,step1_split,F3.bg.d1,majority,L-methionine,0.0,20
T1,native,step1_split,F3.bg.d1,majority,L-phenylalanine,0.0,20
T1,native,step1_split,F3.bg.d1,majority,L-proline,0.0,20
T1,native,step1_split,F3.bg.d1,majority,L-serine,0.0,10
T1,native,step1_split,F3.bg.d1,majority,L-threonine,0.0,10
T1,native,step1_split,F3.bg.d1,majority,L-tryptophan,0.0,10
T1,native,step1_split,F3.bg.d1,lr,L-arginine,0.0,10
T1,native,step1_split,F3.bg.d1,lr,L-asparagine,0.0,20
T1,native,step1_split,F3.bg.d1,lr,L-glutamic acid,0.0,10
T1,native,step1_split,F3.bg.d1,lr,L-glycine,0.0,40
T1,native,step1_split,F3.bg.d1,lr,L-histidine,0.0,10
T1,native,step1_split,F3.bg.d1,lr,L-isoleucine,0.0,20
T1,native,step1_split,F3.bg.d1,lr,L-lysine,0.0,10
T1,native,step1_split,F3.bg.d1,lr,L-methionine,0.0,20
T1,native,step1_split,F3.bg.d1,lr,L-phenylalanine,0.0,20
T1,native,step1_split,F3.bg.d1,lr,L-proline,0.0,20
T1,native,step1_split,F3.bg.d1,lr,L-serine,0.0,10
T1,native,step1_split,F3.bg.d1,lr,L-threonine,0.0,10
T1,native,step1_split,F3.bg.d1,lr,L-tryptophan,0.0,10
T1,native,step1_split,F3.bg.d1,pca_lr,L-arginine,0.0,10
T1,native,step1_split,F3.bg.d1,pca_lr,L-asparagine,0.0,20
T1,native,step1_split,F3.bg.d1,pca_lr,L-glutamic acid,0.0,10
T1,native,step1_split,F3.bg.d1,pca_lr,L-glycine,0.0,40
T1,native,step1_split,F3.bg.d1,pca_lr,L-histidine,0.0,10
T1,native,step1_split,F3.bg.d1,pca_lr,L-isoleucine,0.0,20
T1,native,step1_split,F3.bg.d1,pca_lr,L-lysine,0.0,10
T1,native,step1_split,F3.bg.d1,pca_lr,L-methionine,0.0,20
T1,native,step1_split,F3.bg.d1,pca_lr,L-phenylalanine,0.0,20
T1,native,step1_split,F3.bg.d1,pca_lr,L-proline,0.0,20
T1,native,step1_split,F3.bg.d1,pca_lr,L-serine,0.0,10
T1,native,step1_split,F3.bg.d1,pca_lr,L-threonine,0.0,10
T1,native,step1_split,F3.bg.d1,pca_lr,L-tryptophan,0.0,10
T1,native,step1_split,F3.bg.d1,plsda,L-arginine,0.0,10
T1,native,step1_split,F3.bg.d1,plsda,L-asparagine,0.0,20
T1,native,step1_split,F3.bg.d1,plsda,L-glutamic acid,0.0,10
T1,native,step1_split,F3.bg.d1,plsda,L-glycine,0.0,40
T1,native,step1_split,F3.bg.d1,plsda,L-histidine,0.0,10
T1,native,step1_split,F3.bg.d1,plsda,L-isoleucine,0.0,20
T1,native,step1_split,F3.bg.d1,plsda,L-lysine,0.8,10
T1,native,step1_split,F3.bg.d1,plsda,L-methionine,0.0,20
T1,native,step1_split,F3.bg.d1,plsda,L-phenylalanine,0.0,20
T1,native,step1_split,F3.bg.d1,plsda,L-proline,0.0,20
T1,native,step1_split,F3.bg.d1,plsda,L-serine,0.0,10
T1,native,step1_split,F3.bg.d1,plsda,L-threonine,0.0,10
T1,native,step1_split,F3.bg.d1,plsda,L-tryptophan,0.0,10
T1,native,step1_split,F3.bg.d1,ncm,L-arginine,0.0,10
T1,native,step1_split,F3.bg.d1,ncm,L-asparagine,0.0,20
T1,native,step1_split,F3.bg.d1,ncm,L-glutamic acid,0.0,10
T1,native,step1_split,F3.bg.d1,ncm,L-glycine,0.0,40
T1,native,step1_split,F3.bg.d1,ncm,L-histidine,0.0,10
T1,native,step1_split,F3.bg.d1,ncm,L-isoleucine,0.0,20
T1,native,step1_split,F3.bg.d1,ncm,L-lysine,0.0,10
T1,native,step1_split,F3.bg.d1,ncm,L-methionine,0.0,20
T1,native,step1_split,F3.bg.d1,ncm,L-phenylalanine,0.0,20
T1,native,step1_split,F3.bg.d1,ncm,L-proline,0.0,20
T1,native,step1_split,F3.bg.d1,ncm,L-serine,0.0,10
T1,native,step1_split,F3.bg.d1,ncm,L-threonine,0.0,10
T1,native,step1_split,F3.bg.d1,ncm,L-tryptophan,1.0,10
T1,native,step1_split,F3.bg.d1,hgb,L-arginine,0.0,10
T1,native,step1_split,F3.bg.d1,hgb,L-asparagine,0.0,20
T1,native,step1_split,F3.bg.d1,hgb,L-glutamic acid,0.0,10
T1,native,step1_split,F3.bg.d1,hgb,L-glycine,0.0,40
T1,native,step1_split,F3.bg.d1,hgb,L-histidine,0.0,10
T1,native,step1_split,F3.bg.d1,hgb,L-isoleucine,0.0,20
T1,native,step1_split,F3.bg.d1,hgb,L-lysine,0.3,10
T1,native,step1_split,F3.bg.d1,hgb,L-methionine,0.0,20
T1,native,step1_split,F3.bg.d1,hgb,L-phenylalanine,0.0,20
T1,native,step1_split,F3.bg.d1,hgb,L-proline,0.0,20
T1,native,step1_split,F3.bg.d1,hgb,L-serine,0.0,10
T1,native,step1_split,F3.bg.d1,hgb,L-threonine,0.0,10
T1,native,step1_split,F3.bg.d1,hgb,L-tryptophan,1.0,10
T1,native,step1_split,F3.bg.d1,knn,L-arginine,0.0,10
T1,native,step1_split,F3.bg.d1,knn,L-asparagine,0.0,20
T1,native,step1_split,F3.bg.d1,knn,L-glutamic acid,0.0,10
T1,native,step1_split,F3.bg.d1,knn,L-glycine,0.0,40
T1,native,step1_split,F3.bg.d1,knn,L-histidine,0.2,10
T1,native,step1_split,F3.bg.d1,knn,L-isoleucine,0.0,20
T1,native,step1_split,F3.bg.d1,knn,L-lysine,0.0,10
T1,native,step1_split,F3.bg.d1,knn,L-methionine,0.0,20
T1,native,step1_split,F3.bg.d1,knn,L-phenylalanine,0.0,20
T1,native,step1_split,F3.bg.d1,knn,L-proline,0.0,20
T1,native,step1_split,F3.bg.d1,knn,L-serine,0.0,10
T1,native,step1_split,F3.bg.d1,knn,L-threonine,0.0,10
T1,native,step1_split,F3.bg.d1,knn,L-tryptophan,1.0,10
T1,native,step1_split,F1.ctrl,majority,L-arginine,0.0,10
T1,native,step1_split,F1.ctrl,majority,L-asparagine,0.0,20
T1,native,step1_split,F1.ctrl,majority,L-glutamic acid,0.0,10
T1,native,step1_split,F1.ctrl,majority,L-glycine,0.0,40
T1,native,step1_split,F1.ctrl,majority,L-histidine,0.0,10
T1,native,step1_split,F1.ctrl,majority,L-isoleucine,0.0,20
T1,native,step1_split,F1.ctrl,majority,L-lysine,0.0,10
T1,native,step1_split,F1.ctrl,majority,L-methionine,0.0,20
T1,native,step1_split,F1.ctrl,majority,L-phenylalanine,0.0,20
T1,native,step1_split,F1.ctrl,majority,L-proline,0.0,20
T1,native,step1_split,F1.ctrl,majority,L-serine,0.0,10
T1,native,step1_split,F1.ctrl,majority,L-threonine,0.0,10
T1,native,step1_split,F1.ctrl,majority,L-tryptophan,0.0,10
T1,native,step1_split,F1.ctrl,lr,L-arginine,0.0,10
T1,native,step1_split,F1.ctrl,lr,L-asparagine,0.0,20
T1,native,step1_split,F1.ctrl,lr,L-glutamic acid,0.0,10
T1,native,step1_split,F1.ctrl,lr,L-glycine,0.0,40
T1,native,step1_split,F1.ctrl,lr,L-histidine,0.0,10
T1,native,step1_split,F1.ctrl,lr,L-isoleucine,0.0,20
T1,native,step1_split,F1.ctrl,lr,L-lysine,0.0,10
T1,native,step1_split,F1.ctrl,lr,L-methionine,0.0,20
T1,native,step1_split,F1.ctrl,lr,L-phenylalanine,0.0,20
T1,native,step1_split,F1.ctrl,lr,L-proline,0.0,20
T1,native,step1_split,F1.ctrl,lr,L-serine,0.0,10
T1,native,step1_split,F1.ctrl,lr,L-threonine,0.0,10
T1,native,step1_split,F1.ctrl,lr,L-tryptophan,0.0,10
T1,native,step1_split,F1.ctrl,pca_lr,L-arginine,0.0,10
T1,native,step1_split,F1.ctrl,pca_lr,L-asparagine,0.0,20
T1,native,step1_split,F1.ctrl,pca_lr,L-glutamic acid,0.0,10
T1,native,step1_split,F1.ctrl,pca_lr,L-glycine,0.0,40
T1,native,step1_split,F1.ctrl,pca_lr,L-histidine,0.0,10
T1,native,step1_split,F1.ctrl,pca_lr,L-isoleucine,0.0,20
T1,native,step1_split,F1.ctrl,pca_lr,L-lysine,0.0,10
T1,native,step1_split,F1.ctrl,pca_lr,L-methionine,0.0,20
T1,native,step1_split,F1.ctrl,pca_lr,L-phenylalanine,0.0,20
T1,native,step1_split,F1.ctrl,pca_lr,L-proline,0.0,20
T1,native,step1_split,F1.ctrl,pca_lr,L-serine,0.0,10
T1,native,step1_split,F1.ctrl,pca_lr,L-threonine,0.0,10
T1,native,step1_split,F1.ctrl,pca_lr,L-tryptophan,0.0,10
T1,native,step1_split,F1.ctrl,plsda,L-arginine,0.0,10
T1,native,step1_split,F1.ctrl,plsda,L-asparagine,0.0,20
T1,native,step1_split,F1.ctrl,plsda,L-glutamic acid,0.0,10
T1,native,step1_split,F1.ctrl,plsda,L-glycine,0.0,40
T1,native,step1_split,F1.ctrl,plsda,L-histidine,0.0,10
T1,native,step1_split,F1.ctrl,plsda,L-isoleucine,0.0,20
T1,native,step1_split,F1.ctrl,plsda,L-lysine,0.0,10
T1,native,step1_split,F1.ctrl,plsda,L-methionine,0.0,20
T1,native,step1_split,F1.ctrl,plsda,L-phenylalanine,0.0,20
T1,native,step1_split,F1.ctrl,plsda,L-proline,0.0,20
T1,native,step1_split,F1.ctrl,plsda,L-serine,0.0,10
T1,native,step1_split,F1.ctrl,plsda,L-threonine,0.0,10
T1,native,step1_split,F1.ctrl,plsda,L-tryptophan,0.0,10
T1,native,step1_split,F1.ctrl,ncm,L-arginine,0.0,10
T1,native,step1_split,F1.ctrl,ncm,L-asparagine,0.0,20
T1,native,step1_split,F1.ctrl,ncm,L-glutamic acid,0.0,10
T1,native,step1_split,F1.ctrl,ncm,L-glycine,0.0,40
T1,native,step1_split,F1.ctrl,ncm,L-histidine,0.0,10
T1,native,step1_split,F1.ctrl,ncm,L-isoleucine,0.0,20
T1,native,step1_split,F1.ctrl,ncm,L-lysine,0.0,10
T1,native,step1_split,F1.ctrl,ncm,L-methionine,0.0,20
T1,native,step1_split,F1.ctrl,ncm,L-phenylalanine,0.0,20
T1,native,step1_split,F1.ctrl,ncm,L-proline,0.0,20
T1,native,step1_split,F1.ctrl,ncm,L-serine,0.0,10
T1,native,step1_split,F1.ctrl,ncm,L-threonine,0.0,10
T1,native,step1_split,F1.ctrl,ncm,L-tryptophan,0.3,10
T1,native,step1_split,F1.ctrl,hgb,L-arginine,0.0,10
T1,native,step1_split,F1.ctrl,hgb,L-asparagine,0.0,20
T1,native,step1_split,F1.ctrl,hgb,L-glutamic acid,0.0,10
T1,native,step1_split,F1.ctrl,hgb,L-glycine,0.0,40
T1,native,step1_split,F1.ctrl,hgb,L-histidine,0.0,10
T1,native,step1_split,F1.ctrl,hgb,L-isoleucine,0.0,20
T1,native,step1_split,F1.ctrl,hgb,L-lysine,0.0,10
T1,native,step1_split,F1.ctrl,hgb,L-methionine,0.05,20
T1,native,step1_split,F1.ctrl,hgb,L-phenylalanine,0.0,20
T1,native,step1_split,F1.ctrl,hgb,L-proline,0.0,20
T1,native,step1_split,F1.ctrl,hgb,L-serine,0.0,10
T1,native,step1_split,F1.ctrl,hgb,L-threonine,0.1,10
T1,native,step1_split,F1.ctrl,hgb,L-tryptophan,0.0,10
T1,native,step1_split,F1.ctrl,knn,L-arginine,0.0,10
T1,native,step1_split,F1.ctrl,knn,L-asparagine,0.0,20
T1,native,step1_split,F1.ctrl,knn,L-glutamic acid,0.0,10
T1,native,step1_split,F1.ctrl,knn,L-glycine,0.0,40
T1,native,step1_split,F1.ctrl,knn,L-histidine,0.0,10
T1,native,step1_split,F1.ctrl,knn,L-isoleucine,0.0,20
T1,native,step1_split,F1.ctrl,knn,L-lysine,0.0,10
T1,native,step1_split,F1.ctrl,knn,L-methionine,0.0,20
T1,native,step1_split,F1.ctrl,knn,L-phenylalanine,0.0,20
T1,native,step1_split,F1.ctrl,knn,L-proline,0.0,20
T1,native,step1_split,F1.ctrl,knn,L-serine,0.0,10
T1,native,step1_split,F1.ctrl,knn,L-threonine,0.2,10
T1,native,step1_split,F1.ctrl,knn,L-tryptophan,0.3,10
T1,native,step1_split,F3.ctrl,majority,L-arginine,0.0,10
T1,native,step1_split,F3.ctrl,majority,L-asparagine,0.0,20
T1,native,step1_split,F3.ctrl,majority,L-glutamic acid,0.0,10
T1,native,step1_split,F3.ctrl,majority,L-glycine,0.0,40
T1,native,step1_split,F3.ctrl,majority,L-histidine,0.0,10
T1,native,step1_split,F3.ctrl,majority,L-isoleucine,0.0,20
T1,native,step1_split,F3.ctrl,majority,L-lysine,0.0,10
T1,native,step1_split,F3.ctrl,majority,L-methionine,0.0,20
T1,native,step1_split,F3.ctrl,majority,L-phenylalanine,0.0,20
T1,native,step1_split,F3.ctrl,majority,L-proline,0.0,20
T1,native,step1_split,F3.ctrl,majority,L-serine,0.0,10
T1,native,step1_split,F3.ctrl,majority,L-threonine,0.0,10
T1,native,step1_split,F3.ctrl,majority,L-tryptophan,0.0,10
T1,native,step1_split,F3.ctrl,lr,L-arginine,0.0,10
T1,native,step1_split,F3.ctrl,lr,L-asparagine,0.0,20
T1,native,step1_split,F3.ctrl,lr,L-glutamic acid,0.0,10
T1,native,step1_split,F3.ctrl,lr,L-glycine,0.0,40
T1,native,step1_split,F3.ctrl,lr,L-histidine,0.0,10
T1,native,step1_split,F3.ctrl,lr,L-isoleucine,0.0,20
T1,native,step1_split,F3.ctrl,lr,L-lysine,0.0,10
T1,native,step1_split,F3.ctrl,lr,L-methionine,0.0,20
T1,native,step1_split,F3.ctrl,lr,L-phenylalanine,0.0,20
T1,native,step1_split,F3.ctrl,lr,L-proline,0.0,20
T1,native,step1_split,F3.ctrl,lr,L-serine,0.0,10
T1,native,step1_split,F3.ctrl,lr,L-threonine,0.0,10
T1,native,step1_split,F3.ctrl,lr,L-tryptophan,0.0,10
T1,native,step1_split,F3.ctrl,pca_lr,L-arginine,0.0,10
T1,native,step1_split,F3.ctrl,pca_lr,L-asparagine,0.0,20
T1,native,step1_split,F3.ctrl,pca_lr,L-glutamic acid,0.0,10
T1,native,step1_split,F3.ctrl,pca_lr,L-glycine,0.0,40
T1,native,step1_split,F3.ctrl,pca_lr,L-histidine,0.0,10
T1,native,step1_split,F3.ctrl,pca_lr,L-isoleucine,0.0,20
T1,native,step1_split,F3.ctrl,pca_lr,L-lysine,0.0,10
T1,native,step1_split,F3.ctrl,pca_lr,L-methionine,0.0,20
T1,native,step1_split,F3.ctrl,pca_lr,L-phenylalanine,0.0,20
T1,native,step1_split,F3.ctrl,pca_lr,L-proline,0.0,20
T1,native,step1_split,F3.ctrl,pca_lr,L-serine,0.0,10
T1,native,step1_split,F3.ctrl,pca_lr,L-threonine,0.0,10
T1,native,step1_split,F3.ctrl,pca_lr,L-tryptophan,0.0,10
T1,native,step1_split,F3.ctrl,plsda,L-arginine,0.0,10
T1,native,step1_split,F3.ctrl,plsda,L-asparagine,0.0,20
T1,native,step1_split,F3.ctrl,plsda,L-glutamic acid,0.0,10
T1,native,step1_split,F3.ctrl,plsda,L-glycine,0.0,40
T1,native,step1_split,F3.ctrl,plsda,L-histidine,0.0,10
T1,native,step1_split,F3.ctrl,plsda,L-isoleucine,0.0,20
T1,native,step1_split,F3.ctrl,plsda,L-lysine,0.0,10
T1,native,step1_split,F3.ctrl,plsda,L-methionine,0.0,20
T1,native,step1_split,F3.ctrl,plsda,L-phenylalanine,0.0,20
T1,native,step1_split,F3.ctrl,plsda,L-proline,0.0,20
T1,native,step1_split,F3.ctrl,plsda,L-serine,0.0,10
T1,native,step1_split,F3.ctrl,plsda,L-threonine,0.0,10
T1,native,step1_split,F3.ctrl,plsda,L-tryptophan,0.8,10
T1,native,step1_split,F3.ctrl,ncm,L-arginine,0.0,10
T1,native,step1_split,F3.ctrl,ncm,L-asparagine,0.0,20
T1,native,step1_split,F3.ctrl,ncm,L-glutamic acid,0.0,10
T1,native,step1_split,F3.ctrl,ncm,L-glycine,0.0,40
T1,native,step1_split,F3.ctrl,ncm,L-histidine,0.0,10
T1,native,step1_split,F3.ctrl,ncm,L-isoleucine,0.0,20
T1,native,step1_split,F3.ctrl,ncm,L-lysine,0.0,10
T1,native,step1_split,F3.ctrl,ncm,L-methionine,0.0,20
T1,native,step1_split,F3.ctrl,ncm,L-phenylalanine,0.0,20
T1,native,step1_split,F3.ctrl,ncm,L-proline,0.0,20
T1,native,step1_split,F3.ctrl,ncm,L-serine,0.0,10
T1,native,step1_split,F3.ctrl,ncm,L-threonine,0.0,10
T1,native,step1_split,F3.ctrl,ncm,L-tryptophan,1.0,10
T1,native,step1_split,F3.ctrl,hgb,L-arginine,0.0,10
T1,native,step1_split,F3.ctrl,hgb,L-asparagine,0.0,20
T1,native,step1_split,F3.ctrl,hgb,L-glutamic acid,0.0,10
T1,native,step1_split,F3.ctrl,hgb,L-glycine,0.0,40
T1,native,step1_split,F3.ctrl,hgb,L-histidine,0.0,10
T1,native,step1_split,F3.ctrl,hgb,L-isoleucine,0.0,20
T1,native,step1_split,F3.ctrl,hgb,L-lysine,0.0,10
T1,native,step1_split,F3.ctrl,hgb,L-methionine,0.0,20
T1,native,step1_split,F3.ctrl,hgb,L-phenylalanine,0.0,20
T1,native,step1_split,F3.ctrl,hgb,L-proline,0.0,20
T1,native,step1_split,F3.ctrl,hgb,L-serine,0.0,10
T1,native,step1_split,F3.ctrl,hgb,L-threonine,0.0,10
T1,native,step1_split,F3.ctrl,hgb,L-tryptophan,0.0,10
T1,native,step1_split,F3.ctrl,knn,L-arginine,0.0,10
T1,native,step1_split,F3.ctrl,knn,L-asparagine,0.0,20
T1,native,step1_split,F3.ctrl,knn,L-glutamic acid,0.0,10
T1,native,step1_split,F3.ctrl,knn,L-glycine,0.0,40
T1,native,step1_split,F3.ctrl,knn,L-histidine,0.0,10
T1,native,step1_split,F3.ctrl,knn,L-isoleucine,0.0,20
T1,native,step1_split,F3.ctrl,knn,L-lysine,0.0,10
T1,native,step1_split,F3.ctrl,knn,L-methionine,0.0,20
T1,native,step1_split,F3.ctrl,knn,L-phenylalanine,0.0,20
T1,native,step1_split,F3.ctrl,knn,L-proline,0.0,20
T1,native,step1_split,F3.ctrl,knn,L-serine,0.0,10
T1,native,step1_split,F3.ctrl,knn,L-threonine,0.0,10
T1,native,step1_split,F3.ctrl,knn,L-tryptophan,1.0,10
T1,native,cells_to_standards,F1,majority,L-alanine,0.0,1
T1,native,cells_to_standards,F1,majority,L-arginine,0.0,1
T1,native,cells_to_standards,F1,majority,L-asparagine,0.0,1
T1,native,cells_to_standards,F1,majority,L-aspartic acid,0.0,1
T1,native,cells_to_standards,F1,majority,L-cysteine,0.0,1
T1,native,cells_to_standards,F1,majority,L-glutamic acid,0.0,1
T1,native,cells_to_standards,F1,majority,L-glutamine,0.0,1
T1,native,cells_to_standards,F1,majority,L-glycine,1.0,1
T1,native,cells_to_standards,F1,majority,L-histidine,0.0,1
T1,native,cells_to_standards,F1,majority,L-isoleucine,0.0,1
T1,native,cells_to_standards,F1,majority,L-leucine,0.0,1
T1,native,cells_to_standards,F1,majority,L-lysine,0.0,1
T1,native,cells_to_standards,F1,majority,L-methionine,0.0,1
T1,native,cells_to_standards,F1,majority,L-phenylalanine,0.0,1
T1,native,cells_to_standards,F1,majority,L-proline,0.0,1
T1,native,cells_to_standards,F1,majority,L-serine,0.0,1
T1,native,cells_to_standards,F1,majority,L-threonine,0.0,1
T1,native,cells_to_standards,F1,majority,L-tryptophan,0.0,1
T1,native,cells_to_standards,F1,majority,L-tyrosine,0.0,1
T1,native,cells_to_standards,F1,majority,L-valine,0.0,1
T1,native,cells_to_standards,F1,lr,L-alanine,0.0,1
T1,native,cells_to_standards,F1,lr,L-arginine,0.0,1
T1,native,cells_to_standards,F1,lr,L-asparagine,0.0,1
T1,native,cells_to_standards,F1,lr,L-aspartic acid,0.0,1
T1,native,cells_to_standards,F1,lr,L-cysteine,1.0,1
T1,native,cells_to_standards,F1,lr,L-glutamic acid,0.0,1
T1,native,cells_to_standards,F1,lr,L-glutamine,0.0,1
T1,native,cells_to_standards,F1,lr,L-glycine,0.0,1
T1,native,cells_to_standards,F1,lr,L-histidine,1.0,1
T1,native,cells_to_standards,F1,lr,L-isoleucine,0.0,1
T1,native,cells_to_standards,F1,lr,L-leucine,0.0,1
T1,native,cells_to_standards,F1,lr,L-lysine,0.0,1
T1,native,cells_to_standards,F1,lr,L-methionine,0.0,1
T1,native,cells_to_standards,F1,lr,L-phenylalanine,0.0,1
T1,native,cells_to_standards,F1,lr,L-proline,0.0,1
T1,native,cells_to_standards,F1,lr,L-serine,0.0,1
T1,native,cells_to_standards,F1,lr,L-threonine,0.0,1
T1,native,cells_to_standards,F1,lr,L-tryptophan,1.0,1
T1,native,cells_to_standards,F1,lr,L-tyrosine,0.0,1
T1,native,cells_to_standards,F1,lr,L-valine,1.0,1
T1,native,cells_to_standards,F1,pca_lr,L-alanine,0.0,1
T1,native,cells_to_standards,F1,pca_lr,L-arginine,0.0,1
T1,native,cells_to_standards,F1,pca_lr,L-asparagine,0.0,1
T1,native,cells_to_standards,F1,pca_lr,L-aspartic acid,0.0,1
T1,native,cells_to_standards,F1,pca_lr,L-cysteine,1.0,1
T1,native,cells_to_standards,F1,pca_lr,L-glutamic acid,0.0,1
T1,native,cells_to_standards,F1,pca_lr,L-glutamine,0.0,1
T1,native,cells_to_standards,F1,pca_lr,L-glycine,0.0,1
T1,native,cells_to_standards,F1,pca_lr,L-histidine,1.0,1
T1,native,cells_to_standards,F1,pca_lr,L-isoleucine,0.0,1
T1,native,cells_to_standards,F1,pca_lr,L-leucine,0.0,1
T1,native,cells_to_standards,F1,pca_lr,L-lysine,0.0,1
T1,native,cells_to_standards,F1,pca_lr,L-methionine,0.0,1
T1,native,cells_to_standards,F1,pca_lr,L-phenylalanine,0.0,1
T1,native,cells_to_standards,F1,pca_lr,L-proline,0.0,1
T1,native,cells_to_standards,F1,pca_lr,L-serine,0.0,1
T1,native,cells_to_standards,F1,pca_lr,L-threonine,0.0,1
T1,native,cells_to_standards,F1,pca_lr,L-tryptophan,0.0,1
T1,native,cells_to_standards,F1,pca_lr,L-tyrosine,0.0,1
T1,native,cells_to_standards,F1,pca_lr,L-valine,1.0,1
T1,native,cells_to_standards,F1,plsda,L-alanine,0.0,1
T1,native,cells_to_standards,F1,plsda,L-arginine,0.0,1
T1,native,cells_to_standards,F1,plsda,L-asparagine,0.0,1
T1,native,cells_to_standards,F1,plsda,L-aspartic acid,0.0,1
T1,native,cells_to_standards,F1,plsda,L-cysteine,1.0,1
T1,native,cells_to_standards,F1,plsda,L-glutamic acid,0.0,1
T1,native,cells_to_standards,F1,plsda,L-glutamine,0.0,1
T1,native,cells_to_standards,F1,plsda,L-glycine,0.0,1
T1,native,cells_to_standards,F1,plsda,L-histidine,0.0,1
T1,native,cells_to_standards,F1,plsda,L-isoleucine,0.0,1
T1,native,cells_to_standards,F1,plsda,L-leucine,0.0,1
T1,native,cells_to_standards,F1,plsda,L-lysine,0.0,1
T1,native,cells_to_standards,F1,plsda,L-methionine,1.0,1
T1,native,cells_to_standards,F1,plsda,L-phenylalanine,1.0,1
T1,native,cells_to_standards,F1,plsda,L-proline,0.0,1
T1,native,cells_to_standards,F1,plsda,L-serine,0.0,1
T1,native,cells_to_standards,F1,plsda,L-threonine,0.0,1
T1,native,cells_to_standards,F1,plsda,L-tryptophan,1.0,1
T1,native,cells_to_standards,F1,plsda,L-tyrosine,0.0,1
T1,native,cells_to_standards,F1,plsda,L-valine,0.0,1
T1,native,cells_to_standards,F1,ncm,L-alanine,0.0,1
T1,native,cells_to_standards,F1,ncm,L-arginine,0.0,1
T1,native,cells_to_standards,F1,ncm,L-asparagine,0.0,1
T1,native,cells_to_standards,F1,ncm,L-aspartic acid,0.0,1
T1,native,cells_to_standards,F1,ncm,L-cysteine,1.0,1
T1,native,cells_to_standards,F1,ncm,L-glutamic acid,0.0,1
T1,native,cells_to_standards,F1,ncm,L-glutamine,0.0,1
T1,native,cells_to_standards,F1,ncm,L-glycine,0.0,1
T1,native,cells_to_standards,F1,ncm,L-histidine,1.0,1
T1,native,cells_to_standards,F1,ncm,L-isoleucine,0.0,1
T1,native,cells_to_standards,F1,ncm,L-leucine,0.0,1
T1,native,cells_to_standards,F1,ncm,L-lysine,0.0,1
T1,native,cells_to_standards,F1,ncm,L-methionine,0.0,1
T1,native,cells_to_standards,F1,ncm,L-phenylalanine,1.0,1
T1,native,cells_to_standards,F1,ncm,L-proline,0.0,1
T1,native,cells_to_standards,F1,ncm,L-serine,0.0,1
T1,native,cells_to_standards,F1,ncm,L-threonine,0.0,1
T1,native,cells_to_standards,F1,ncm,L-tryptophan,1.0,1
T1,native,cells_to_standards,F1,ncm,L-tyrosine,0.0,1
T1,native,cells_to_standards,F1,ncm,L-valine,0.0,1
T1,native,cells_to_standards,F1,hgb,L-alanine,1.0,1
T1,native,cells_to_standards,F1,hgb,L-arginine,0.0,1
T1,native,cells_to_standards,F1,hgb,L-asparagine,1.0,1
T1,native,cells_to_standards,F1,hgb,L-aspartic acid,0.0,1
T1,native,cells_to_standards,F1,hgb,L-cysteine,1.0,1
T1,native,cells_to_standards,F1,hgb,L-glutamic acid,0.0,1
T1,native,cells_to_standards,F1,hgb,L-glutamine,0.0,1
T1,native,cells_to_standards,F1,hgb,L-glycine,1.0,1
T1,native,cells_to_standards,F1,hgb,L-histidine,0.0,1
T1,native,cells_to_standards,F1,hgb,L-isoleucine,0.0,1
T1,native,cells_to_standards,F1,hgb,L-leucine,0.0,1
T1,native,cells_to_standards,F1,hgb,L-lysine,0.0,1
T1,native,cells_to_standards,F1,hgb,L-methionine,1.0,1
T1,native,cells_to_standards,F1,hgb,L-phenylalanine,0.0,1
T1,native,cells_to_standards,F1,hgb,L-proline,0.0,1
T1,native,cells_to_standards,F1,hgb,L-serine,0.0,1
T1,native,cells_to_standards,F1,hgb,L-threonine,0.0,1
T1,native,cells_to_standards,F1,hgb,L-tryptophan,0.0,1
T1,native,cells_to_standards,F1,hgb,L-tyrosine,0.0,1
T1,native,cells_to_standards,F1,hgb,L-valine,0.0,1
T1,native,cells_to_standards,F1,knn,L-alanine,0.0,1
T1,native,cells_to_standards,F1,knn,L-arginine,0.0,1
T1,native,cells_to_standards,F1,knn,L-asparagine,0.0,1
T1,native,cells_to_standards,F1,knn,L-aspartic acid,0.0,1
T1,native,cells_to_standards,F1,knn,L-cysteine,1.0,1
T1,native,cells_to_standards,F1,knn,L-glutamic acid,0.0,1
T1,native,cells_to_standards,F1,knn,L-glutamine,0.0,1
T1,native,cells_to_standards,F1,knn,L-glycine,0.0,1
T1,native,cells_to_standards,F1,knn,L-histidine,0.0,1
T1,native,cells_to_standards,F1,knn,L-isoleucine,0.0,1
T1,native,cells_to_standards,F1,knn,L-leucine,0.0,1
T1,native,cells_to_standards,F1,knn,L-lysine,0.0,1
T1,native,cells_to_standards,F1,knn,L-methionine,0.0,1
T1,native,cells_to_standards,F1,knn,L-phenylalanine,0.0,1
T1,native,cells_to_standards,F1,knn,L-proline,0.0,1
T1,native,cells_to_standards,F1,knn,L-serine,0.0,1
T1,native,cells_to_standards,F1,knn,L-threonine,0.0,1
T1,native,cells_to_standards,F1,knn,L-tryptophan,1.0,1
T1,native,cells_to_standards,F1,knn,L-tyrosine,0.0,1
T1,native,cells_to_standards,F1,knn,L-valine,0.0,1
T1,native,cells_to_standards,F1pos,majority,L-alanine,0.0,1
T1,native,cells_to_standards,F1pos,majority,L-arginine,0.0,1
T1,native,cells_to_standards,F1pos,majority,L-asparagine,0.0,1
T1,native,cells_to_standards,F1pos,majority,L-aspartic acid,0.0,1
T1,native,cells_to_standards,F1pos,majority,L-cysteine,0.0,1
T1,native,cells_to_standards,F1pos,majority,L-glutamic acid,0.0,1
T1,native,cells_to_standards,F1pos,majority,L-glutamine,0.0,1
T1,native,cells_to_standards,F1pos,majority,L-glycine,1.0,1
T1,native,cells_to_standards,F1pos,majority,L-histidine,0.0,1
T1,native,cells_to_standards,F1pos,majority,L-isoleucine,0.0,1
T1,native,cells_to_standards,F1pos,majority,L-leucine,0.0,1
T1,native,cells_to_standards,F1pos,majority,L-lysine,0.0,1
T1,native,cells_to_standards,F1pos,majority,L-methionine,0.0,1
T1,native,cells_to_standards,F1pos,majority,L-phenylalanine,0.0,1
T1,native,cells_to_standards,F1pos,majority,L-proline,0.0,1
T1,native,cells_to_standards,F1pos,majority,L-serine,0.0,1
T1,native,cells_to_standards,F1pos,majority,L-threonine,0.0,1
T1,native,cells_to_standards,F1pos,majority,L-tryptophan,0.0,1
T1,native,cells_to_standards,F1pos,majority,L-tyrosine,0.0,1
T1,native,cells_to_standards,F1pos,majority,L-valine,0.0,1
T1,native,cells_to_standards,F1pos,lr,L-alanine,0.0,1
T1,native,cells_to_standards,F1pos,lr,L-arginine,0.0,1
T1,native,cells_to_standards,F1pos,lr,L-asparagine,0.0,1
T1,native,cells_to_standards,F1pos,lr,L-aspartic acid,0.0,1
T1,native,cells_to_standards,F1pos,lr,L-cysteine,1.0,1
T1,native,cells_to_standards,F1pos,lr,L-glutamic acid,0.0,1
T1,native,cells_to_standards,F1pos,lr,L-glutamine,0.0,1
T1,native,cells_to_standards,F1pos,lr,L-glycine,0.0,1
T1,native,cells_to_standards,F1pos,lr,L-histidine,0.0,1
T1,native,cells_to_standards,F1pos,lr,L-isoleucine,0.0,1
T1,native,cells_to_standards,F1pos,lr,L-leucine,0.0,1
T1,native,cells_to_standards,F1pos,lr,L-lysine,0.0,1
T1,native,cells_to_standards,F1pos,lr,L-methionine,0.0,1
T1,native,cells_to_standards,F1pos,lr,L-phenylalanine,0.0,1
T1,native,cells_to_standards,F1pos,lr,L-proline,0.0,1
T1,native,cells_to_standards,F1pos,lr,L-serine,0.0,1
T1,native,cells_to_standards,F1pos,lr,L-threonine,0.0,1
T1,native,cells_to_standards,F1pos,lr,L-tryptophan,1.0,1
T1,native,cells_to_standards,F1pos,lr,L-tyrosine,0.0,1
T1,native,cells_to_standards,F1pos,lr,L-valine,0.0,1
T1,native,cells_to_standards,F1pos,pca_lr,L-alanine,0.0,1
T1,native,cells_to_standards,F1pos,pca_lr,L-arginine,0.0,1
T1,native,cells_to_standards,F1pos,pca_lr,L-asparagine,0.0,1
T1,native,cells_to_standards,F1pos,pca_lr,L-aspartic acid,0.0,1
T1,native,cells_to_standards,F1pos,pca_lr,L-cysteine,1.0,1
T1,native,cells_to_standards,F1pos,pca_lr,L-glutamic acid,0.0,1
T1,native,cells_to_standards,F1pos,pca_lr,L-glutamine,0.0,1
T1,native,cells_to_standards,F1pos,pca_lr,L-glycine,0.0,1
T1,native,cells_to_standards,F1pos,pca_lr,L-histidine,1.0,1
T1,native,cells_to_standards,F1pos,pca_lr,L-isoleucine,0.0,1
T1,native,cells_to_standards,F1pos,pca_lr,L-leucine,0.0,1
T1,native,cells_to_standards,F1pos,pca_lr,L-lysine,0.0,1
T1,native,cells_to_standards,F1pos,pca_lr,L-methionine,0.0,1
T1,native,cells_to_standards,F1pos,pca_lr,L-phenylalanine,0.0,1
T1,native,cells_to_standards,F1pos,pca_lr,L-proline,0.0,1
T1,native,cells_to_standards,F1pos,pca_lr,L-serine,0.0,1
T1,native,cells_to_standards,F1pos,pca_lr,L-threonine,0.0,1
T1,native,cells_to_standards,F1pos,pca_lr,L-tryptophan,1.0,1
T1,native,cells_to_standards,F1pos,pca_lr,L-tyrosine,0.0,1
T1,native,cells_to_standards,F1pos,pca_lr,L-valine,0.0,1
T1,native,cells_to_standards,F1pos,plsda,L-alanine,0.0,1
T1,native,cells_to_standards,F1pos,plsda,L-arginine,0.0,1
T1,native,cells_to_standards,F1pos,plsda,L-asparagine,0.0,1
T1,native,cells_to_standards,F1pos,plsda,L-aspartic acid,0.0,1
T1,native,cells_to_standards,F1pos,plsda,L-cysteine,1.0,1
T1,native,cells_to_standards,F1pos,plsda,L-glutamic acid,0.0,1
T1,native,cells_to_standards,F1pos,plsda,L-glutamine,0.0,1
T1,native,cells_to_standards,F1pos,plsda,L-glycine,0.0,1
T1,native,cells_to_standards,F1pos,plsda,L-histidine,0.0,1
T1,native,cells_to_standards,F1pos,plsda,L-isoleucine,0.0,1
T1,native,cells_to_standards,F1pos,plsda,L-leucine,0.0,1
T1,native,cells_to_standards,F1pos,plsda,L-lysine,0.0,1
T1,native,cells_to_standards,F1pos,plsda,L-methionine,0.0,1
T1,native,cells_to_standards,F1pos,plsda,L-phenylalanine,0.0,1
T1,native,cells_to_standards,F1pos,plsda,L-proline,0.0,1
T1,native,cells_to_standards,F1pos,plsda,L-serine,0.0,1
T1,native,cells_to_standards,F1pos,plsda,L-threonine,0.0,1
T1,native,cells_to_standards,F1pos,plsda,L-tryptophan,1.0,1
T1,native,cells_to_standards,F1pos,plsda,L-tyrosine,0.0,1
T1,native,cells_to_standards,F1pos,plsda,L-valine,0.0,1
T1,native,cells_to_standards,F1pos,ncm,L-alanine,0.0,1
T1,native,cells_to_standards,F1pos,ncm,L-arginine,0.0,1
T1,native,cells_to_standards,F1pos,ncm,L-asparagine,0.0,1
T1,native,cells_to_standards,F1pos,ncm,L-aspartic acid,0.0,1
T1,native,cells_to_standards,F1pos,ncm,L-cysteine,1.0,1
T1,native,cells_to_standards,F1pos,ncm,L-glutamic acid,0.0,1
T1,native,cells_to_standards,F1pos,ncm,L-glutamine,0.0,1
T1,native,cells_to_standards,F1pos,ncm,L-glycine,0.0,1
T1,native,cells_to_standards,F1pos,ncm,L-histidine,0.0,1
T1,native,cells_to_standards,F1pos,ncm,L-isoleucine,0.0,1
T1,native,cells_to_standards,F1pos,ncm,L-leucine,0.0,1
T1,native,cells_to_standards,F1pos,ncm,L-lysine,0.0,1
T1,native,cells_to_standards,F1pos,ncm,L-methionine,1.0,1
T1,native,cells_to_standards,F1pos,ncm,L-phenylalanine,0.0,1
T1,native,cells_to_standards,F1pos,ncm,L-proline,0.0,1
T1,native,cells_to_standards,F1pos,ncm,L-serine,0.0,1
T1,native,cells_to_standards,F1pos,ncm,L-threonine,0.0,1
T1,native,cells_to_standards,F1pos,ncm,L-tryptophan,0.0,1
T1,native,cells_to_standards,F1pos,ncm,L-tyrosine,0.0,1
T1,native,cells_to_standards,F1pos,ncm,L-valine,0.0,1
T1,native,cells_to_standards,F1pos,hgb,L-alanine,1.0,1
T1,native,cells_to_standards,F1pos,hgb,L-arginine,0.0,1
T1,native,cells_to_standards,F1pos,hgb,L-asparagine,0.0,1
T1,native,cells_to_standards,F1pos,hgb,L-aspartic acid,0.0,1
T1,native,cells_to_standards,F1pos,hgb,L-cysteine,1.0,1
T1,native,cells_to_standards,F1pos,hgb,L-glutamic acid,0.0,1
T1,native,cells_to_standards,F1pos,hgb,L-glutamine,0.0,1
T1,native,cells_to_standards,F1pos,hgb,L-glycine,0.0,1
T1,native,cells_to_standards,F1pos,hgb,L-histidine,1.0,1
T1,native,cells_to_standards,F1pos,hgb,L-isoleucine,0.0,1
T1,native,cells_to_standards,F1pos,hgb,L-leucine,0.0,1
T1,native,cells_to_standards,F1pos,hgb,L-lysine,0.0,1
T1,native,cells_to_standards,F1pos,hgb,L-methionine,0.0,1
T1,native,cells_to_standards,F1pos,hgb,L-phenylalanine,0.0,1
T1,native,cells_to_standards,F1pos,hgb,L-proline,0.0,1
T1,native,cells_to_standards,F1pos,hgb,L-serine,0.0,1
T1,native,cells_to_standards,F1pos,hgb,L-threonine,0.0,1
T1,native,cells_to_standards,F1pos,hgb,L-tryptophan,0.0,1
T1,native,cells_to_standards,F1pos,hgb,L-tyrosine,0.0,1
T1,native,cells_to_standards,F1pos,hgb,L-valine,0.0,1
T1,native,cells_to_standards,F1pos,knn,L-alanine,0.0,1
T1,native,cells_to_standards,F1pos,knn,L-arginine,0.0,1
T1,native,cells_to_standards,F1pos,knn,L-asparagine,0.0,1
T1,native,cells_to_standards,F1pos,knn,L-aspartic acid,0.0,1
T1,native,cells_to_standards,F1pos,knn,L-cysteine,1.0,1
T1,native,cells_to_standards,F1pos,knn,L-glutamic acid,0.0,1
T1,native,cells_to_standards,F1pos,knn,L-glutamine,0.0,1
T1,native,cells_to_standards,F1pos,knn,L-glycine,0.0,1
T1,native,cells_to_standards,F1pos,knn,L-histidine,0.0,1
T1,native,cells_to_standards,F1pos,knn,L-isoleucine,0.0,1
T1,native,cells_to_standards,F1pos,knn,L-leucine,0.0,1
T1,native,cells_to_standards,F1pos,knn,L-lysine,0.0,1
T1,native,cells_to_standards,F1pos,knn,L-methionine,0.0,1
T1,native,cells_to_standards,F1pos,knn,L-phenylalanine,0.0,1
T1,native,cells_to_standards,F1pos,knn,L-proline,0.0,1
T1,native,cells_to_standards,F1pos,knn,L-serine,0.0,1
T1,native,cells_to_standards,F1pos,knn,L-threonine,0.0,1
T1,native,cells_to_standards,F1pos,knn,L-tryptophan,0.0,1
T1,native,cells_to_standards,F1pos,knn,L-tyrosine,0.0,1
T1,native,cells_to_standards,F1pos,knn,L-valine,0.0,1
T1,native,cells_to_standards,F2,majority,L-alanine,0.0,1
T1,native,cells_to_standards,F2,majority,L-arginine,0.0,1
T1,native,cells_to_standards,F2,majority,L-asparagine,0.0,1
T1,native,cells_to_standards,F2,majority,L-aspartic acid,0.0,1
T1,native,cells_to_standards,F2,majority,L-cysteine,0.0,1
T1,native,cells_to_standards,F2,majority,L-glutamic acid,0.0,1
T1,native,cells_to_standards,F2,majority,L-glutamine,0.0,1
T1,native,cells_to_standards,F2,majority,L-glycine,1.0,1
T1,native,cells_to_standards,F2,majority,L-histidine,0.0,1
T1,native,cells_to_standards,F2,majority,L-isoleucine,0.0,1
T1,native,cells_to_standards,F2,majority,L-leucine,0.0,1
T1,native,cells_to_standards,F2,majority,L-lysine,0.0,1
T1,native,cells_to_standards,F2,majority,L-methionine,0.0,1
T1,native,cells_to_standards,F2,majority,L-phenylalanine,0.0,1
T1,native,cells_to_standards,F2,majority,L-proline,0.0,1
T1,native,cells_to_standards,F2,majority,L-serine,0.0,1
T1,native,cells_to_standards,F2,majority,L-threonine,0.0,1
T1,native,cells_to_standards,F2,majority,L-tryptophan,0.0,1
T1,native,cells_to_standards,F2,majority,L-tyrosine,0.0,1
T1,native,cells_to_standards,F2,majority,L-valine,0.0,1
T1,native,cells_to_standards,F2,lr,L-alanine,0.0,1
T1,native,cells_to_standards,F2,lr,L-arginine,0.0,1
T1,native,cells_to_standards,F2,lr,L-asparagine,0.0,1
T1,native,cells_to_standards,F2,lr,L-aspartic acid,1.0,1
T1,native,cells_to_standards,F2,lr,L-cysteine,1.0,1
T1,native,cells_to_standards,F2,lr,L-glutamic acid,0.0,1
T1,native,cells_to_standards,F2,lr,L-glutamine,0.0,1
T1,native,cells_to_standards,F2,lr,L-glycine,0.0,1
T1,native,cells_to_standards,F2,lr,L-histidine,1.0,1
T1,native,cells_to_standards,F2,lr,L-isoleucine,0.0,1
T1,native,cells_to_standards,F2,lr,L-leucine,0.0,1
T1,native,cells_to_standards,F2,lr,L-lysine,0.0,1
T1,native,cells_to_standards,F2,lr,L-methionine,0.0,1
T1,native,cells_to_standards,F2,lr,L-phenylalanine,0.0,1
T1,native,cells_to_standards,F2,lr,L-proline,0.0,1
T1,native,cells_to_standards,F2,lr,L-serine,0.0,1
T1,native,cells_to_standards,F2,lr,L-threonine,0.0,1
T1,native,cells_to_standards,F2,lr,L-tryptophan,1.0,1
T1,native,cells_to_standards,F2,lr,L-tyrosine,0.0,1
T1,native,cells_to_standards,F2,lr,L-valine,0.0,1
T1,native,cells_to_standards,F2,pca_lr,L-alanine,0.0,1
T1,native,cells_to_standards,F2,pca_lr,L-arginine,0.0,1
T1,native,cells_to_standards,F2,pca_lr,L-asparagine,0.0,1
T1,native,cells_to_standards,F2,pca_lr,L-aspartic acid,0.0,1
T1,native,cells_to_standards,F2,pca_lr,L-cysteine,1.0,1
T1,native,cells_to_standards,F2,pca_lr,L-glutamic acid,0.0,1
T1,native,cells_to_standards,F2,pca_lr,L-glutamine,0.0,1
T1,native,cells_to_standards,F2,pca_lr,L-glycine,0.0,1
T1,native,cells_to_standards,F2,pca_lr,L-histidine,1.0,1
T1,native,cells_to_standards,F2,pca_lr,L-isoleucine,0.0,1
T1,native,cells_to_standards,F2,pca_lr,L-leucine,0.0,1
T1,native,cells_to_standards,F2,pca_lr,L-lysine,0.0,1
T1,native,cells_to_standards,F2,pca_lr,L-methionine,0.0,1
T1,native,cells_to_standards,F2,pca_lr,L-phenylalanine,0.0,1
T1,native,cells_to_standards,F2,pca_lr,L-proline,0.0,1
T1,native,cells_to_standards,F2,pca_lr,L-serine,0.0,1
T1,native,cells_to_standards,F2,pca_lr,L-threonine,0.0,1
T1,native,cells_to_standards,F2,pca_lr,L-tryptophan,1.0,1
T1,native,cells_to_standards,F2,pca_lr,L-tyrosine,0.0,1
T1,native,cells_to_standards,F2,pca_lr,L-valine,0.0,1
T1,native,cells_to_standards,F2,plsda,L-alanine,0.0,1
T1,native,cells_to_standards,F2,plsda,L-arginine,0.0,1
T1,native,cells_to_standards,F2,plsda,L-asparagine,0.0,1
T1,native,cells_to_standards,F2,plsda,L-aspartic acid,0.0,1
T1,native,cells_to_standards,F2,plsda,L-cysteine,1.0,1
T1,native,cells_to_standards,F2,plsda,L-glutamic acid,0.0,1
T1,native,cells_to_standards,F2,plsda,L-glutamine,0.0,1
T1,native,cells_to_standards,F2,plsda,L-glycine,0.0,1
T1,native,cells_to_standards,F2,plsda,L-histidine,0.0,1
T1,native,cells_to_standards,F2,plsda,L-isoleucine,0.0,1
T1,native,cells_to_standards,F2,plsda,L-leucine,0.0,1
T1,native,cells_to_standards,F2,plsda,L-lysine,0.0,1
T1,native,cells_to_standards,F2,plsda,L-methionine,0.0,1
T1,native,cells_to_standards,F2,plsda,L-phenylalanine,0.0,1
T1,native,cells_to_standards,F2,plsda,L-proline,0.0,1
T1,native,cells_to_standards,F2,plsda,L-serine,0.0,1
T1,native,cells_to_standards,F2,plsda,L-threonine,0.0,1
T1,native,cells_to_standards,F2,plsda,L-tryptophan,1.0,1
T1,native,cells_to_standards,F2,plsda,L-tyrosine,0.0,1
T1,native,cells_to_standards,F2,plsda,L-valine,0.0,1
T1,native,cells_to_standards,F2,ncm,L-alanine,0.0,1
T1,native,cells_to_standards,F2,ncm,L-arginine,0.0,1
T1,native,cells_to_standards,F2,ncm,L-asparagine,0.0,1
T1,native,cells_to_standards,F2,ncm,L-aspartic acid,0.0,1
T1,native,cells_to_standards,F2,ncm,L-cysteine,1.0,1
T1,native,cells_to_standards,F2,ncm,L-glutamic acid,0.0,1
T1,native,cells_to_standards,F2,ncm,L-glutamine,0.0,1
T1,native,cells_to_standards,F2,ncm,L-glycine,0.0,1
T1,native,cells_to_standards,F2,ncm,L-histidine,1.0,1
T1,native,cells_to_standards,F2,ncm,L-isoleucine,0.0,1
T1,native,cells_to_standards,F2,ncm,L-leucine,0.0,1
T1,native,cells_to_standards,F2,ncm,L-lysine,0.0,1
T1,native,cells_to_standards,F2,ncm,L-methionine,0.0,1
T1,native,cells_to_standards,F2,ncm,L-phenylalanine,1.0,1
T1,native,cells_to_standards,F2,ncm,L-proline,0.0,1
T1,native,cells_to_standards,F2,ncm,L-serine,0.0,1
T1,native,cells_to_standards,F2,ncm,L-threonine,0.0,1
T1,native,cells_to_standards,F2,ncm,L-tryptophan,1.0,1
T1,native,cells_to_standards,F2,ncm,L-tyrosine,0.0,1
T1,native,cells_to_standards,F2,ncm,L-valine,0.0,1
T1,native,cells_to_standards,F2,hgb,L-alanine,0.0,1
T1,native,cells_to_standards,F2,hgb,L-arginine,0.0,1
T1,native,cells_to_standards,F2,hgb,L-asparagine,0.0,1
T1,native,cells_to_standards,F2,hgb,L-aspartic acid,0.0,1
T1,native,cells_to_standards,F2,hgb,L-cysteine,1.0,1
T1,native,cells_to_standards,F2,hgb,L-glutamic acid,0.0,1
T1,native,cells_to_standards,F2,hgb,L-glutamine,0.0,1
T1,native,cells_to_standards,F2,hgb,L-glycine,0.0,1
T1,native,cells_to_standards,F2,hgb,L-histidine,0.0,1
T1,native,cells_to_standards,F2,hgb,L-isoleucine,0.0,1
T1,native,cells_to_standards,F2,hgb,L-leucine,0.0,1
T1,native,cells_to_standards,F2,hgb,L-lysine,0.0,1
T1,native,cells_to_standards,F2,hgb,L-methionine,0.0,1
T1,native,cells_to_standards,F2,hgb,L-phenylalanine,1.0,1
T1,native,cells_to_standards,F2,hgb,L-proline,0.0,1
T1,native,cells_to_standards,F2,hgb,L-serine,0.0,1
T1,native,cells_to_standards,F2,hgb,L-threonine,0.0,1
T1,native,cells_to_standards,F2,hgb,L-tryptophan,1.0,1
T1,native,cells_to_standards,F2,hgb,L-tyrosine,0.0,1
T1,native,cells_to_standards,F2,hgb,L-valine,0.0,1
T1,native,cells_to_standards,F2,knn,L-alanine,1.0,1
T1,native,cells_to_standards,F2,knn,L-arginine,0.0,1
T1,native,cells_to_standards,F2,knn,L-asparagine,0.0,1
T1,native,cells_to_standards,F2,knn,L-aspartic acid,0.0,1
T1,native,cells_to_standards,F2,knn,L-cysteine,1.0,1
T1,native,cells_to_standards,F2,knn,L-glutamic acid,0.0,1
T1,native,cells_to_standards,F2,knn,L-glutamine,0.0,1
T1,native,cells_to_standards,F2,knn,L-glycine,0.0,1
T1,native,cells_to_standards,F2,knn,L-histidine,0.0,1
T1,native,cells_to_standards,F2,knn,L-isoleucine,1.0,1
T1,native,cells_to_standards,F2,knn,L-leucine,0.0,1
T1,native,cells_to_standards,F2,knn,L-lysine,0.0,1
T1,native,cells_to_standards,F2,knn,L-methionine,0.0,1
T1,native,cells_to_standards,F2,knn,L-phenylalanine,0.0,1
T1,native,cells_to_standards,F2,knn,L-proline,0.0,1
T1,native,cells_to_standards,F2,knn,L-serine,0.0,1
T1,native,cells_to_standards,F2,knn,L-threonine,0.0,1
T1,native,cells_to_standards,F2,knn,L-tryptophan,1.0,1
T1,native,cells_to_standards,F2,knn,L-tyrosine,0.0,1
T1,native,cells_to_standards,F2,knn,L-valine,0.0,1
T1,native,cells_to_standards,F3,majority,L-alanine,0.0,1
T1,native,cells_to_standards,F3,majority,L-arginine,0.0,1
T1,native,cells_to_standards,F3,majority,L-asparagine,0.0,1
T1,native,cells_to_standards,F3,majority,L-aspartic acid,0.0,1
T1,native,cells_to_standards,F3,majority,L-cysteine,0.0,1
T1,native,cells_to_standards,F3,majority,L-glutamic acid,0.0,1
T1,native,cells_to_standards,F3,majority,L-glutamine,0.0,1
T1,native,cells_to_standards,F3,majority,L-glycine,1.0,1
T1,native,cells_to_standards,F3,majority,L-histidine,0.0,1
T1,native,cells_to_standards,F3,majority,L-isoleucine,0.0,1
T1,native,cells_to_standards,F3,majority,L-leucine,0.0,1
T1,native,cells_to_standards,F3,majority,L-lysine,0.0,1
T1,native,cells_to_standards,F3,majority,L-methionine,0.0,1
T1,native,cells_to_standards,F3,majority,L-phenylalanine,0.0,1
T1,native,cells_to_standards,F3,majority,L-proline,0.0,1
T1,native,cells_to_standards,F3,majority,L-serine,0.0,1
T1,native,cells_to_standards,F3,majority,L-threonine,0.0,1
T1,native,cells_to_standards,F3,majority,L-tryptophan,0.0,1
T1,native,cells_to_standards,F3,majority,L-tyrosine,0.0,1
T1,native,cells_to_standards,F3,majority,L-valine,0.0,1
T1,native,cells_to_standards,F3,lr,L-alanine,0.0,1
T1,native,cells_to_standards,F3,lr,L-arginine,0.0,1
T1,native,cells_to_standards,F3,lr,L-asparagine,0.0,1
T1,native,cells_to_standards,F3,lr,L-aspartic acid,0.0,1
T1,native,cells_to_standards,F3,lr,L-cysteine,1.0,1
T1,native,cells_to_standards,F3,lr,L-glutamic acid,0.0,1
T1,native,cells_to_standards,F3,lr,L-glutamine,0.0,1
T1,native,cells_to_standards,F3,lr,L-glycine,0.0,1
T1,native,cells_to_standards,F3,lr,L-histidine,1.0,1
T1,native,cells_to_standards,F3,lr,L-isoleucine,1.0,1
T1,native,cells_to_standards,F3,lr,L-leucine,0.0,1
T1,native,cells_to_standards,F3,lr,L-lysine,0.0,1
T1,native,cells_to_standards,F3,lr,L-methionine,1.0,1
T1,native,cells_to_standards,F3,lr,L-phenylalanine,0.0,1
T1,native,cells_to_standards,F3,lr,L-proline,1.0,1
T1,native,cells_to_standards,F3,lr,L-serine,0.0,1
T1,native,cells_to_standards,F3,lr,L-threonine,0.0,1
T1,native,cells_to_standards,F3,lr,L-tryptophan,1.0,1
T1,native,cells_to_standards,F3,lr,L-tyrosine,0.0,1
T1,native,cells_to_standards,F3,lr,L-valine,1.0,1
T1,native,cells_to_standards,F3,pca_lr,L-alanine,0.0,1
T1,native,cells_to_standards,F3,pca_lr,L-arginine,0.0,1
T1,native,cells_to_standards,F3,pca_lr,L-asparagine,0.0,1
T1,native,cells_to_standards,F3,pca_lr,L-aspartic acid,0.0,1
T1,native,cells_to_standards,F3,pca_lr,L-cysteine,1.0,1
T1,native,cells_to_standards,F3,pca_lr,L-glutamic acid,0.0,1
T1,native,cells_to_standards,F3,pca_lr,L-glutamine,0.0,1
T1,native,cells_to_standards,F3,pca_lr,L-glycine,0.0,1
T1,native,cells_to_standards,F3,pca_lr,L-histidine,1.0,1
T1,native,cells_to_standards,F3,pca_lr,L-isoleucine,0.0,1
T1,native,cells_to_standards,F3,pca_lr,L-leucine,0.0,1
T1,native,cells_to_standards,F3,pca_lr,L-lysine,0.0,1
T1,native,cells_to_standards,F3,pca_lr,L-methionine,1.0,1
T1,native,cells_to_standards,F3,pca_lr,L-phenylalanine,0.0,1
T1,native,cells_to_standards,F3,pca_lr,L-proline,1.0,1
T1,native,cells_to_standards,F3,pca_lr,L-serine,0.0,1
T1,native,cells_to_standards,F3,pca_lr,L-threonine,0.0,1
T1,native,cells_to_standards,F3,pca_lr,L-tryptophan,1.0,1
T1,native,cells_to_standards,F3,pca_lr,L-tyrosine,1.0,1
T1,native,cells_to_standards,F3,pca_lr,L-valine,0.0,1
T1,native,cells_to_standards,F3,plsda,L-alanine,0.0,1
T1,native,cells_to_standards,F3,plsda,L-arginine,0.0,1
T1,native,cells_to_standards,F3,plsda,L-asparagine,0.0,1
T1,native,cells_to_standards,F3,plsda,L-aspartic acid,0.0,1
T1,native,cells_to_standards,F3,plsda,L-cysteine,1.0,1
T1,native,cells_to_standards,F3,plsda,L-glutamic acid,0.0,1
T1,native,cells_to_standards,F3,plsda,L-glutamine,0.0,1
T1,native,cells_to_standards,F3,plsda,L-glycine,0.0,1
T1,native,cells_to_standards,F3,plsda,L-histidine,0.0,1
T1,native,cells_to_standards,F3,plsda,L-isoleucine,0.0,1
T1,native,cells_to_standards,F3,plsda,L-leucine,0.0,1
T1,native,cells_to_standards,F3,plsda,L-lysine,0.0,1
T1,native,cells_to_standards,F3,plsda,L-methionine,1.0,1
T1,native,cells_to_standards,F3,plsda,L-phenylalanine,0.0,1
T1,native,cells_to_standards,F3,plsda,L-proline,0.0,1
T1,native,cells_to_standards,F3,plsda,L-serine,0.0,1
T1,native,cells_to_standards,F3,plsda,L-threonine,0.0,1
T1,native,cells_to_standards,F3,plsda,L-tryptophan,1.0,1
T1,native,cells_to_standards,F3,plsda,L-tyrosine,1.0,1
T1,native,cells_to_standards,F3,plsda,L-valine,0.0,1
T1,native,cells_to_standards,F3,ncm,L-alanine,0.0,1
T1,native,cells_to_standards,F3,ncm,L-arginine,0.0,1
T1,native,cells_to_standards,F3,ncm,L-asparagine,0.0,1
T1,native,cells_to_standards,F3,ncm,L-aspartic acid,0.0,1
T1,native,cells_to_standards,F3,ncm,L-cysteine,1.0,1
T1,native,cells_to_standards,F3,ncm,L-glutamic acid,0.0,1
T1,native,cells_to_standards,F3,ncm,L-glutamine,0.0,1
T1,native,cells_to_standards,F3,ncm,L-glycine,0.0,1
T1,native,cells_to_standards,F3,ncm,L-histidine,1.0,1
T1,native,cells_to_standards,F3,ncm,L-isoleucine,0.0,1
T1,native,cells_to_standards,F3,ncm,L-leucine,0.0,1
T1,native,cells_to_standards,F3,ncm,L-lysine,0.0,1
T1,native,cells_to_standards,F3,ncm,L-methionine,0.0,1
T1,native,cells_to_standards,F3,ncm,L-phenylalanine,0.0,1
T1,native,cells_to_standards,F3,ncm,L-proline,0.0,1
T1,native,cells_to_standards,F3,ncm,L-serine,0.0,1
T1,native,cells_to_standards,F3,ncm,L-threonine,1.0,1
T1,native,cells_to_standards,F3,ncm,L-tryptophan,1.0,1
T1,native,cells_to_standards,F3,ncm,L-tyrosine,0.0,1
T1,native,cells_to_standards,F3,ncm,L-valine,0.0,1
T1,native,cells_to_standards,F3,hgb,L-alanine,0.0,1
T1,native,cells_to_standards,F3,hgb,L-arginine,0.0,1
T1,native,cells_to_standards,F3,hgb,L-asparagine,1.0,1
T1,native,cells_to_standards,F3,hgb,L-aspartic acid,0.0,1
T1,native,cells_to_standards,F3,hgb,L-cysteine,1.0,1
T1,native,cells_to_standards,F3,hgb,L-glutamic acid,0.0,1
T1,native,cells_to_standards,F3,hgb,L-glutamine,0.0,1
T1,native,cells_to_standards,F3,hgb,L-glycine,0.0,1
T1,native,cells_to_standards,F3,hgb,L-histidine,1.0,1
T1,native,cells_to_standards,F3,hgb,L-isoleucine,0.0,1
T1,native,cells_to_standards,F3,hgb,L-leucine,0.0,1
T1,native,cells_to_standards,F3,hgb,L-lysine,0.0,1
T1,native,cells_to_standards,F3,hgb,L-methionine,1.0,1
T1,native,cells_to_standards,F3,hgb,L-phenylalanine,0.0,1
T1,native,cells_to_standards,F3,hgb,L-proline,0.0,1
T1,native,cells_to_standards,F3,hgb,L-serine,0.0,1
T1,native,cells_to_standards,F3,hgb,L-threonine,0.0,1
T1,native,cells_to_standards,F3,hgb,L-tryptophan,1.0,1
T1,native,cells_to_standards,F3,hgb,L-tyrosine,0.0,1
T1,native,cells_to_standards,F3,hgb,L-valine,0.0,1
T1,native,cells_to_standards,F3,knn,L-alanine,0.0,1
T1,native,cells_to_standards,F3,knn,L-arginine,0.0,1
T1,native,cells_to_standards,F3,knn,L-asparagine,0.0,1
T1,native,cells_to_standards,F3,knn,L-aspartic acid,0.0,1
T1,native,cells_to_standards,F3,knn,L-cysteine,1.0,1
T1,native,cells_to_standards,F3,knn,L-glutamic acid,0.0,1
T1,native,cells_to_standards,F3,knn,L-glutamine,0.0,1
T1,native,cells_to_standards,F3,knn,L-glycine,0.0,1
T1,native,cells_to_standards,F3,knn,L-histidine,1.0,1
T1,native,cells_to_standards,F3,knn,L-isoleucine,0.0,1
T1,native,cells_to_standards,F3,knn,L-leucine,0.0,1
T1,native,cells_to_standards,F3,knn,L-lysine,0.0,1
T1,native,cells_to_standards,F3,knn,L-methionine,0.0,1
T1,native,cells_to_standards,F3,knn,L-phenylalanine,0.0,1
T1,native,cells_to_standards,F3,knn,L-proline,1.0,1
T1,native,cells_to_standards,F3,knn,L-serine,0.0,1
T1,native,cells_to_standards,F3,knn,L-threonine,0.0,1
T1,native,cells_to_standards,F3,knn,L-tryptophan,1.0,1
T1,native,cells_to_standards,F3,knn,L-tyrosine,0.0,1
T1,native,cells_to_standards,F3,knn,L-valine,0.0,1
T1,native,cells_to_standards,F1.bg,majority,L-alanine,0.0,1
T1,native,cells_to_standards,F1.bg,majority,L-arginine,0.0,1
T1,native,cells_to_standards,F1.bg,majority,L-asparagine,0.0,1
T1,native,cells_to_standards,F1.bg,majority,L-aspartic acid,0.0,1
T1,native,cells_to_standards,F1.bg,majority,L-cysteine,0.0,1
T1,native,cells_to_standards,F1.bg,majority,L-glutamic acid,0.0,1
T1,native,cells_to_standards,F1.bg,majority,L-glutamine,0.0,1
T1,native,cells_to_standards,F1.bg,majority,L-glycine,1.0,1
T1,native,cells_to_standards,F1.bg,majority,L-histidine,0.0,1
T1,native,cells_to_standards,F1.bg,majority,L-isoleucine,0.0,1
T1,native,cells_to_standards,F1.bg,majority,L-leucine,0.0,1
T1,native,cells_to_standards,F1.bg,majority,L-lysine,0.0,1
T1,native,cells_to_standards,F1.bg,majority,L-methionine,0.0,1
T1,native,cells_to_standards,F1.bg,majority,L-phenylalanine,0.0,1
T1,native,cells_to_standards,F1.bg,majority,L-proline,0.0,1
T1,native,cells_to_standards,F1.bg,majority,L-serine,0.0,1
T1,native,cells_to_standards,F1.bg,majority,L-threonine,0.0,1
T1,native,cells_to_standards,F1.bg,majority,L-tryptophan,0.0,1
T1,native,cells_to_standards,F1.bg,majority,L-tyrosine,0.0,1
T1,native,cells_to_standards,F1.bg,majority,L-valine,0.0,1
T1,native,cells_to_standards,F1.bg,lr,L-alanine,0.0,1
T1,native,cells_to_standards,F1.bg,lr,L-arginine,0.0,1
T1,native,cells_to_standards,F1.bg,lr,L-asparagine,0.0,1
T1,native,cells_to_standards,F1.bg,lr,L-aspartic acid,0.0,1
T1,native,cells_to_standards,F1.bg,lr,L-cysteine,1.0,1
T1,native,cells_to_standards,F1.bg,lr,L-glutamic acid,0.0,1
T1,native,cells_to_standards,F1.bg,lr,L-glutamine,0.0,1
T1,native,cells_to_standards,F1.bg,lr,L-glycine,1.0,1
T1,native,cells_to_standards,F1.bg,lr,L-histidine,1.0,1
T1,native,cells_to_standards,F1.bg,lr,L-isoleucine,1.0,1
T1,native,cells_to_standards,F1.bg,lr,L-leucine,0.0,1
T1,native,cells_to_standards,F1.bg,lr,L-lysine,0.0,1
T1,native,cells_to_standards,F1.bg,lr,L-methionine,0.0,1
T1,native,cells_to_standards,F1.bg,lr,L-phenylalanine,0.0,1
T1,native,cells_to_standards,F1.bg,lr,L-proline,0.0,1
T1,native,cells_to_standards,F1.bg,lr,L-serine,0.0,1
T1,native,cells_to_standards,F1.bg,lr,L-threonine,0.0,1
T1,native,cells_to_standards,F1.bg,lr,L-tryptophan,1.0,1
T1,native,cells_to_standards,F1.bg,lr,L-tyrosine,1.0,1
T1,native,cells_to_standards,F1.bg,lr,L-valine,0.0,1
T1,native,cells_to_standards,F1.bg,pca_lr,L-alanine,0.0,1
T1,native,cells_to_standards,F1.bg,pca_lr,L-arginine,0.0,1
T1,native,cells_to_standards,F1.bg,pca_lr,L-asparagine,0.0,1
T1,native,cells_to_standards,F1.bg,pca_lr,L-aspartic acid,0.0,1
T1,native,cells_to_standards,F1.bg,pca_lr,L-cysteine,1.0,1
T1,native,cells_to_standards,F1.bg,pca_lr,L-glutamic acid,0.0,1
T1,native,cells_to_standards,F1.bg,pca_lr,L-glutamine,0.0,1
T1,native,cells_to_standards,F1.bg,pca_lr,L-glycine,1.0,1
T1,native,cells_to_standards,F1.bg,pca_lr,L-histidine,1.0,1
T1,native,cells_to_standards,F1.bg,pca_lr,L-isoleucine,0.0,1
T1,native,cells_to_standards,F1.bg,pca_lr,L-leucine,0.0,1
T1,native,cells_to_standards,F1.bg,pca_lr,L-lysine,0.0,1
T1,native,cells_to_standards,F1.bg,pca_lr,L-methionine,1.0,1
T1,native,cells_to_standards,F1.bg,pca_lr,L-phenylalanine,0.0,1
T1,native,cells_to_standards,F1.bg,pca_lr,L-proline,0.0,1
T1,native,cells_to_standards,F1.bg,pca_lr,L-serine,0.0,1
T1,native,cells_to_standards,F1.bg,pca_lr,L-threonine,0.0,1
T1,native,cells_to_standards,F1.bg,pca_lr,L-tryptophan,0.0,1
T1,native,cells_to_standards,F1.bg,pca_lr,L-tyrosine,0.0,1
T1,native,cells_to_standards,F1.bg,pca_lr,L-valine,1.0,1
T1,native,cells_to_standards,F1.bg,plsda,L-alanine,0.0,1
T1,native,cells_to_standards,F1.bg,plsda,L-arginine,0.0,1
T1,native,cells_to_standards,F1.bg,plsda,L-asparagine,0.0,1
T1,native,cells_to_standards,F1.bg,plsda,L-aspartic acid,0.0,1
T1,native,cells_to_standards,F1.bg,plsda,L-cysteine,1.0,1
T1,native,cells_to_standards,F1.bg,plsda,L-glutamic acid,0.0,1
T1,native,cells_to_standards,F1.bg,plsda,L-glutamine,0.0,1
T1,native,cells_to_standards,F1.bg,plsda,L-glycine,1.0,1
T1,native,cells_to_standards,F1.bg,plsda,L-histidine,0.0,1
T1,native,cells_to_standards,F1.bg,plsda,L-isoleucine,0.0,1
T1,native,cells_to_standards,F1.bg,plsda,L-leucine,0.0,1
T1,native,cells_to_standards,F1.bg,plsda,L-lysine,0.0,1
T1,native,cells_to_standards,F1.bg,plsda,L-methionine,1.0,1
T1,native,cells_to_standards,F1.bg,plsda,L-phenylalanine,0.0,1
T1,native,cells_to_standards,F1.bg,plsda,L-proline,0.0,1
T1,native,cells_to_standards,F1.bg,plsda,L-serine,0.0,1
T1,native,cells_to_standards,F1.bg,plsda,L-threonine,0.0,1
T1,native,cells_to_standards,F1.bg,plsda,L-tryptophan,1.0,1
T1,native,cells_to_standards,F1.bg,plsda,L-tyrosine,0.0,1
T1,native,cells_to_standards,F1.bg,plsda,L-valine,0.0,1
T1,native,cells_to_standards,F1.bg,ncm,L-alanine,0.0,1
T1,native,cells_to_standards,F1.bg,ncm,L-arginine,0.0,1
T1,native,cells_to_standards,F1.bg,ncm,L-asparagine,0.0,1
T1,native,cells_to_standards,F1.bg,ncm,L-aspartic acid,0.0,1
T1,native,cells_to_standards,F1.bg,ncm,L-cysteine,1.0,1
T1,native,cells_to_standards,F1.bg,ncm,L-glutamic acid,0.0,1
T1,native,cells_to_standards,F1.bg,ncm,L-glutamine,0.0,1
T1,native,cells_to_standards,F1.bg,ncm,L-glycine,0.0,1
T1,native,cells_to_standards,F1.bg,ncm,L-histidine,0.0,1
T1,native,cells_to_standards,F1.bg,ncm,L-isoleucine,0.0,1
T1,native,cells_to_standards,F1.bg,ncm,L-leucine,0.0,1
T1,native,cells_to_standards,F1.bg,ncm,L-lysine,0.0,1
T1,native,cells_to_standards,F1.bg,ncm,L-methionine,1.0,1
T1,native,cells_to_standards,F1.bg,ncm,L-phenylalanine,0.0,1
T1,native,cells_to_standards,F1.bg,ncm,L-proline,0.0,1
T1,native,cells_to_standards,F1.bg,ncm,L-serine,0.0,1
T1,native,cells_to_standards,F1.bg,ncm,L-threonine,0.0,1
T1,native,cells_to_standards,F1.bg,ncm,L-tryptophan,1.0,1
T1,native,cells_to_standards,F1.bg,ncm,L-tyrosine,0.0,1
T1,native,cells_to_standards,F1.bg,ncm,L-valine,0.0,1
T1,native,cells_to_standards,F1.bg,hgb,L-alanine,0.0,1
T1,native,cells_to_standards,F1.bg,hgb,L-arginine,0.0,1
T1,native,cells_to_standards,F1.bg,hgb,L-asparagine,1.0,1
T1,native,cells_to_standards,F1.bg,hgb,L-aspartic acid,0.0,1
T1,native,cells_to_standards,F1.bg,hgb,L-cysteine,0.0,1
T1,native,cells_to_standards,F1.bg,hgb,L-glutamic acid,0.0,1
T1,native,cells_to_standards,F1.bg,hgb,L-glutamine,0.0,1
T1,native,cells_to_standards,F1.bg,hgb,L-glycine,0.0,1
T1,native,cells_to_standards,F1.bg,hgb,L-histidine,1.0,1
T1,native,cells_to_standards,F1.bg,hgb,L-isoleucine,1.0,1
T1,native,cells_to_standards,F1.bg,hgb,L-leucine,0.0,1
T1,native,cells_to_standards,F1.bg,hgb,L-lysine,0.0,1
T1,native,cells_to_standards,F1.bg,hgb,L-methionine,0.0,1
T1,native,cells_to_standards,F1.bg,hgb,L-phenylalanine,0.0,1
T1,native,cells_to_standards,F1.bg,hgb,L-proline,0.0,1
T1,native,cells_to_standards,F1.bg,hgb,L-serine,0.0,1
T1,native,cells_to_standards,F1.bg,hgb,L-threonine,0.0,1
T1,native,cells_to_standards,F1.bg,hgb,L-tryptophan,0.0,1
T1,native,cells_to_standards,F1.bg,hgb,L-tyrosine,0.0,1
T1,native,cells_to_standards,F1.bg,hgb,L-valine,0.0,1
T1,native,cells_to_standards,F1.bg,knn,L-alanine,0.0,1
T1,native,cells_to_standards,F1.bg,knn,L-arginine,0.0,1
T1,native,cells_to_standards,F1.bg,knn,L-asparagine,0.0,1
T1,native,cells_to_standards,F1.bg,knn,L-aspartic acid,0.0,1
T1,native,cells_to_standards,F1.bg,knn,L-cysteine,1.0,1
T1,native,cells_to_standards,F1.bg,knn,L-glutamic acid,0.0,1
T1,native,cells_to_standards,F1.bg,knn,L-glutamine,0.0,1
T1,native,cells_to_standards,F1.bg,knn,L-glycine,0.0,1
T1,native,cells_to_standards,F1.bg,knn,L-histidine,0.0,1
T1,native,cells_to_standards,F1.bg,knn,L-isoleucine,0.0,1
T1,native,cells_to_standards,F1.bg,knn,L-leucine,0.0,1
T1,native,cells_to_standards,F1.bg,knn,L-lysine,0.0,1
T1,native,cells_to_standards,F1.bg,knn,L-methionine,1.0,1
T1,native,cells_to_standards,F1.bg,knn,L-phenylalanine,0.0,1
T1,native,cells_to_standards,F1.bg,knn,L-proline,0.0,1
T1,native,cells_to_standards,F1.bg,knn,L-serine,0.0,1
T1,native,cells_to_standards,F1.bg,knn,L-threonine,0.0,1
T1,native,cells_to_standards,F1.bg,knn,L-tryptophan,1.0,1
T1,native,cells_to_standards,F1.bg,knn,L-tyrosine,0.0,1
T1,native,cells_to_standards,F1.bg,knn,L-valine,0.0,1
T1,native,cells_to_standards,F2.bg,majority,L-alanine,0.0,1
T1,native,cells_to_standards,F2.bg,majority,L-arginine,0.0,1
T1,native,cells_to_standards,F2.bg,majority,L-asparagine,0.0,1
T1,native,cells_to_standards,F2.bg,majority,L-aspartic acid,0.0,1
T1,native,cells_to_standards,F2.bg,majority,L-cysteine,0.0,1
T1,native,cells_to_standards,F2.bg,majority,L-glutamic acid,0.0,1
T1,native,cells_to_standards,F2.bg,majority,L-glutamine,0.0,1
T1,native,cells_to_standards,F2.bg,majority,L-glycine,1.0,1
T1,native,cells_to_standards,F2.bg,majority,L-histidine,0.0,1
T1,native,cells_to_standards,F2.bg,majority,L-isoleucine,0.0,1
T1,native,cells_to_standards,F2.bg,majority,L-leucine,0.0,1
T1,native,cells_to_standards,F2.bg,majority,L-lysine,0.0,1
T1,native,cells_to_standards,F2.bg,majority,L-methionine,0.0,1
T1,native,cells_to_standards,F2.bg,majority,L-phenylalanine,0.0,1
T1,native,cells_to_standards,F2.bg,majority,L-proline,0.0,1
T1,native,cells_to_standards,F2.bg,majority,L-serine,0.0,1
T1,native,cells_to_standards,F2.bg,majority,L-threonine,0.0,1
T1,native,cells_to_standards,F2.bg,majority,L-tryptophan,0.0,1
T1,native,cells_to_standards,F2.bg,majority,L-tyrosine,0.0,1
T1,native,cells_to_standards,F2.bg,majority,L-valine,0.0,1
T1,native,cells_to_standards,F2.bg,lr,L-alanine,0.0,1
T1,native,cells_to_standards,F2.bg,lr,L-arginine,0.0,1
T1,native,cells_to_standards,F2.bg,lr,L-asparagine,0.0,1
T1,native,cells_to_standards,F2.bg,lr,L-aspartic acid,1.0,1
T1,native,cells_to_standards,F2.bg,lr,L-cysteine,1.0,1
T1,native,cells_to_standards,F2.bg,lr,L-glutamic acid,0.0,1
T1,native,cells_to_standards,F2.bg,lr,L-glutamine,0.0,1
T1,native,cells_to_standards,F2.bg,lr,L-glycine,0.0,1
T1,native,cells_to_standards,F2.bg,lr,L-histidine,1.0,1
T1,native,cells_to_standards,F2.bg,lr,L-isoleucine,1.0,1
T1,native,cells_to_standards,F2.bg,lr,L-leucine,0.0,1
T1,native,cells_to_standards,F2.bg,lr,L-lysine,0.0,1
T1,native,cells_to_standards,F2.bg,lr,L-methionine,0.0,1
T1,native,cells_to_standards,F2.bg,lr,L-phenylalanine,0.0,1
T1,native,cells_to_standards,F2.bg,lr,L-proline,0.0,1
T1,native,cells_to_standards,F2.bg,lr,L-serine,0.0,1
T1,native,cells_to_standards,F2.bg,lr,L-threonine,0.0,1
T1,native,cells_to_standards,F2.bg,lr,L-tryptophan,1.0,1
T1,native,cells_to_standards,F2.bg,lr,L-tyrosine,0.0,1
T1,native,cells_to_standards,F2.bg,lr,L-valine,0.0,1
T1,native,cells_to_standards,F2.bg,pca_lr,L-alanine,0.0,1
T1,native,cells_to_standards,F2.bg,pca_lr,L-arginine,0.0,1
T1,native,cells_to_standards,F2.bg,pca_lr,L-asparagine,0.0,1
T1,native,cells_to_standards,F2.bg,pca_lr,L-aspartic acid,0.0,1
T1,native,cells_to_standards,F2.bg,pca_lr,L-cysteine,1.0,1
T1,native,cells_to_standards,F2.bg,pca_lr,L-glutamic acid,0.0,1
T1,native,cells_to_standards,F2.bg,pca_lr,L-glutamine,0.0,1
T1,native,cells_to_standards,F2.bg,pca_lr,L-glycine,1.0,1
T1,native,cells_to_standards,F2.bg,pca_lr,L-histidine,0.0,1
T1,native,cells_to_standards,F2.bg,pca_lr,L-isoleucine,0.0,1
T1,native,cells_to_standards,F2.bg,pca_lr,L-leucine,0.0,1
T1,native,cells_to_standards,F2.bg,pca_lr,L-lysine,0.0,1
T1,native,cells_to_standards,F2.bg,pca_lr,L-methionine,0.0,1
T1,native,cells_to_standards,F2.bg,pca_lr,L-phenylalanine,0.0,1
T1,native,cells_to_standards,F2.bg,pca_lr,L-proline,0.0,1
T1,native,cells_to_standards,F2.bg,pca_lr,L-serine,0.0,1
T1,native,cells_to_standards,F2.bg,pca_lr,L-threonine,0.0,1
T1,native,cells_to_standards,F2.bg,pca_lr,L-tryptophan,1.0,1
T1,native,cells_to_standards,F2.bg,pca_lr,L-tyrosine,0.0,1
T1,native,cells_to_standards,F2.bg,pca_lr,L-valine,0.0,1
T1,native,cells_to_standards,F2.bg,plsda,L-alanine,0.0,1
T1,native,cells_to_standards,F2.bg,plsda,L-arginine,0.0,1
T1,native,cells_to_standards,F2.bg,plsda,L-asparagine,0.0,1
T1,native,cells_to_standards,F2.bg,plsda,L-aspartic acid,0.0,1
T1,native,cells_to_standards,F2.bg,plsda,L-cysteine,1.0,1
T1,native,cells_to_standards,F2.bg,plsda,L-glutamic acid,0.0,1
T1,native,cells_to_standards,F2.bg,plsda,L-glutamine,0.0,1
T1,native,cells_to_standards,F2.bg,plsda,L-glycine,1.0,1
T1,native,cells_to_standards,F2.bg,plsda,L-histidine,0.0,1
T1,native,cells_to_standards,F2.bg,plsda,L-isoleucine,0.0,1
T1,native,cells_to_standards,F2.bg,plsda,L-leucine,0.0,1
T1,native,cells_to_standards,F2.bg,plsda,L-lysine,0.0,1
T1,native,cells_to_standards,F2.bg,plsda,L-methionine,1.0,1
T1,native,cells_to_standards,F2.bg,plsda,L-phenylalanine,0.0,1
T1,native,cells_to_standards,F2.bg,plsda,L-proline,0.0,1
T1,native,cells_to_standards,F2.bg,plsda,L-serine,0.0,1
T1,native,cells_to_standards,F2.bg,plsda,L-threonine,0.0,1
T1,native,cells_to_standards,F2.bg,plsda,L-tryptophan,1.0,1
T1,native,cells_to_standards,F2.bg,plsda,L-tyrosine,1.0,1
T1,native,cells_to_standards,F2.bg,plsda,L-valine,0.0,1
T1,native,cells_to_standards,F2.bg,ncm,L-alanine,0.0,1
T1,native,cells_to_standards,F2.bg,ncm,L-arginine,0.0,1
T1,native,cells_to_standards,F2.bg,ncm,L-asparagine,0.0,1
T1,native,cells_to_standards,F2.bg,ncm,L-aspartic acid,0.0,1
T1,native,cells_to_standards,F2.bg,ncm,L-cysteine,0.0,1
T1,native,cells_to_standards,F2.bg,ncm,L-glutamic acid,0.0,1
T1,native,cells_to_standards,F2.bg,ncm,L-glutamine,0.0,1
T1,native,cells_to_standards,F2.bg,ncm,L-glycine,0.0,1
T1,native,cells_to_standards,F2.bg,ncm,L-histidine,0.0,1
T1,native,cells_to_standards,F2.bg,ncm,L-isoleucine,0.0,1
T1,native,cells_to_standards,F2.bg,ncm,L-leucine,0.0,1
T1,native,cells_to_standards,F2.bg,ncm,L-lysine,0.0,1
T1,native,cells_to_standards,F2.bg,ncm,L-methionine,1.0,1
T1,native,cells_to_standards,F2.bg,ncm,L-phenylalanine,0.0,1
T1,native,cells_to_standards,F2.bg,ncm,L-proline,0.0,1
T1,native,cells_to_standards,F2.bg,ncm,L-serine,0.0,1
T1,native,cells_to_standards,F2.bg,ncm,L-threonine,0.0,1
T1,native,cells_to_standards,F2.bg,ncm,L-tryptophan,1.0,1
T1,native,cells_to_standards,F2.bg,ncm,L-tyrosine,0.0,1
T1,native,cells_to_standards,F2.bg,ncm,L-valine,0.0,1
T1,native,cells_to_standards,F2.bg,hgb,L-alanine,1.0,1
T1,native,cells_to_standards,F2.bg,hgb,L-arginine,0.0,1
T1,native,cells_to_standards,F2.bg,hgb,L-asparagine,0.0,1
T1,native,cells_to_standards,F2.bg,hgb,L-aspartic acid,0.0,1
T1,native,cells_to_standards,F2.bg,hgb,L-cysteine,0.0,1
T1,native,cells_to_standards,F2.bg,hgb,L-glutamic acid,0.0,1
T1,native,cells_to_standards,F2.bg,hgb,L-glutamine,0.0,1
T1,native,cells_to_standards,F2.bg,hgb,L-glycine,0.0,1
T1,native,cells_to_standards,F2.bg,hgb,L-histidine,0.0,1
T1,native,cells_to_standards,F2.bg,hgb,L-isoleucine,0.0,1
T1,native,cells_to_standards,F2.bg,hgb,L-leucine,0.0,1
T1,native,cells_to_standards,F2.bg,hgb,L-lysine,0.0,1
T1,native,cells_to_standards,F2.bg,hgb,L-methionine,0.0,1
T1,native,cells_to_standards,F2.bg,hgb,L-phenylalanine,0.0,1
T1,native,cells_to_standards,F2.bg,hgb,L-proline,0.0,1
T1,native,cells_to_standards,F2.bg,hgb,L-serine,0.0,1
T1,native,cells_to_standards,F2.bg,hgb,L-threonine,0.0,1
T1,native,cells_to_standards,F2.bg,hgb,L-tryptophan,1.0,1
T1,native,cells_to_standards,F2.bg,hgb,L-tyrosine,0.0,1
T1,native,cells_to_standards,F2.bg,hgb,L-valine,0.0,1
T1,native,cells_to_standards,F2.bg,knn,L-alanine,0.0,1
T1,native,cells_to_standards,F2.bg,knn,L-arginine,0.0,1
T1,native,cells_to_standards,F2.bg,knn,L-asparagine,0.0,1
T1,native,cells_to_standards,F2.bg,knn,L-aspartic acid,0.0,1
T1,native,cells_to_standards,F2.bg,knn,L-cysteine,1.0,1
T1,native,cells_to_standards,F2.bg,knn,L-glutamic acid,0.0,1
T1,native,cells_to_standards,F2.bg,knn,L-glutamine,0.0,1
T1,native,cells_to_standards,F2.bg,knn,L-glycine,0.0,1
T1,native,cells_to_standards,F2.bg,knn,L-histidine,0.0,1
T1,native,cells_to_standards,F2.bg,knn,L-isoleucine,1.0,1
T1,native,cells_to_standards,F2.bg,knn,L-leucine,0.0,1
T1,native,cells_to_standards,F2.bg,knn,L-lysine,0.0,1
T1,native,cells_to_standards,F2.bg,knn,L-methionine,1.0,1
T1,native,cells_to_standards,F2.bg,knn,L-phenylalanine,0.0,1
T1,native,cells_to_standards,F2.bg,knn,L-proline,0.0,1
T1,native,cells_to_standards,F2.bg,knn,L-serine,0.0,1
T1,native,cells_to_standards,F2.bg,knn,L-threonine,0.0,1
T1,native,cells_to_standards,F2.bg,knn,L-tryptophan,1.0,1
T1,native,cells_to_standards,F2.bg,knn,L-tyrosine,0.0,1
T1,native,cells_to_standards,F2.bg,knn,L-valine,0.0,1
T1,native,cells_to_standards,F3.bg,majority,L-alanine,0.0,1
T1,native,cells_to_standards,F3.bg,majority,L-arginine,0.0,1
T1,native,cells_to_standards,F3.bg,majority,L-asparagine,0.0,1
T1,native,cells_to_standards,F3.bg,majority,L-aspartic acid,0.0,1
T1,native,cells_to_standards,F3.bg,majority,L-cysteine,0.0,1
T1,native,cells_to_standards,F3.bg,majority,L-glutamic acid,0.0,1
T1,native,cells_to_standards,F3.bg,majority,L-glutamine,0.0,1
T1,native,cells_to_standards,F3.bg,majority,L-glycine,1.0,1
T1,native,cells_to_standards,F3.bg,majority,L-histidine,0.0,1
T1,native,cells_to_standards,F3.bg,majority,L-isoleucine,0.0,1
T1,native,cells_to_standards,F3.bg,majority,L-leucine,0.0,1
T1,native,cells_to_standards,F3.bg,majority,L-lysine,0.0,1
T1,native,cells_to_standards,F3.bg,majority,L-methionine,0.0,1
T1,native,cells_to_standards,F3.bg,majority,L-phenylalanine,0.0,1
T1,native,cells_to_standards,F3.bg,majority,L-proline,0.0,1
T1,native,cells_to_standards,F3.bg,majority,L-serine,0.0,1
T1,native,cells_to_standards,F3.bg,majority,L-threonine,0.0,1
T1,native,cells_to_standards,F3.bg,majority,L-tryptophan,0.0,1
T1,native,cells_to_standards,F3.bg,majority,L-tyrosine,0.0,1
T1,native,cells_to_standards,F3.bg,majority,L-valine,0.0,1
T1,native,cells_to_standards,F3.bg,lr,L-alanine,0.0,1
T1,native,cells_to_standards,F3.bg,lr,L-arginine,0.0,1
T1,native,cells_to_standards,F3.bg,lr,L-asparagine,1.0,1
T1,native,cells_to_standards,F3.bg,lr,L-aspartic acid,0.0,1
T1,native,cells_to_standards,F3.bg,lr,L-cysteine,1.0,1
T1,native,cells_to_standards,F3.bg,lr,L-glutamic acid,0.0,1
T1,native,cells_to_standards,F3.bg,lr,L-glutamine,0.0,1
T1,native,cells_to_standards,F3.bg,lr,L-glycine,0.0,1
T1,native,cells_to_standards,F3.bg,lr,L-histidine,1.0,1
T1,native,cells_to_standards,F3.bg,lr,L-isoleucine,1.0,1
T1,native,cells_to_standards,F3.bg,lr,L-leucine,0.0,1
T1,native,cells_to_standards,F3.bg,lr,L-lysine,0.0,1
T1,native,cells_to_standards,F3.bg,lr,L-methionine,0.0,1
T1,native,cells_to_standards,F3.bg,lr,L-phenylalanine,0.0,1
T1,native,cells_to_standards,F3.bg,lr,L-proline,0.0,1
T1,native,cells_to_standards,F3.bg,lr,L-serine,0.0,1
T1,native,cells_to_standards,F3.bg,lr,L-threonine,0.0,1
T1,native,cells_to_standards,F3.bg,lr,L-tryptophan,1.0,1
T1,native,cells_to_standards,F3.bg,lr,L-tyrosine,1.0,1
T1,native,cells_to_standards,F3.bg,lr,L-valine,1.0,1
T1,native,cells_to_standards,F3.bg,pca_lr,L-alanine,0.0,1
T1,native,cells_to_standards,F3.bg,pca_lr,L-arginine,0.0,1
T1,native,cells_to_standards,F3.bg,pca_lr,L-asparagine,0.0,1
T1,native,cells_to_standards,F3.bg,pca_lr,L-aspartic acid,0.0,1
T1,native,cells_to_standards,F3.bg,pca_lr,L-cysteine,1.0,1
T1,native,cells_to_standards,F3.bg,pca_lr,L-glutamic acid,0.0,1
T1,native,cells_to_standards,F3.bg,pca_lr,L-glutamine,0.0,1
T1,native,cells_to_standards,F3.bg,pca_lr,L-glycine,0.0,1
T1,native,cells_to_standards,F3.bg,pca_lr,L-histidine,1.0,1
T1,native,cells_to_standards,F3.bg,pca_lr,L-isoleucine,1.0,1
T1,native,cells_to_standards,F3.bg,pca_lr,L-leucine,0.0,1
T1,native,cells_to_standards,F3.bg,pca_lr,L-lysine,0.0,1
T1,native,cells_to_standards,F3.bg,pca_lr,L-methionine,0.0,1
T1,native,cells_to_standards,F3.bg,pca_lr,L-phenylalanine,0.0,1
T1,native,cells_to_standards,F3.bg,pca_lr,L-proline,0.0,1
T1,native,cells_to_standards,F3.bg,pca_lr,L-serine,0.0,1
T1,native,cells_to_standards,F3.bg,pca_lr,L-threonine,0.0,1
T1,native,cells_to_standards,F3.bg,pca_lr,L-tryptophan,1.0,1
T1,native,cells_to_standards,F3.bg,pca_lr,L-tyrosine,1.0,1
T1,native,cells_to_standards,F3.bg,pca_lr,L-valine,1.0,1
T1,native,cells_to_standards,F3.bg,plsda,L-alanine,0.0,1
T1,native,cells_to_standards,F3.bg,plsda,L-arginine,0.0,1
T1,native,cells_to_standards,F3.bg,plsda,L-asparagine,0.0,1
T1,native,cells_to_standards,F3.bg,plsda,L-aspartic acid,0.0,1
T1,native,cells_to_standards,F3.bg,plsda,L-cysteine,1.0,1
T1,native,cells_to_standards,F3.bg,plsda,L-glutamic acid,0.0,1
T1,native,cells_to_standards,F3.bg,plsda,L-glutamine,0.0,1
T1,native,cells_to_standards,F3.bg,plsda,L-glycine,0.0,1
T1,native,cells_to_standards,F3.bg,plsda,L-histidine,0.0,1
T1,native,cells_to_standards,F3.bg,plsda,L-isoleucine,0.0,1
T1,native,cells_to_standards,F3.bg,plsda,L-leucine,0.0,1
T1,native,cells_to_standards,F3.bg,plsda,L-lysine,0.0,1
T1,native,cells_to_standards,F3.bg,plsda,L-methionine,1.0,1
T1,native,cells_to_standards,F3.bg,plsda,L-phenylalanine,0.0,1
T1,native,cells_to_standards,F3.bg,plsda,L-proline,0.0,1
T1,native,cells_to_standards,F3.bg,plsda,L-serine,0.0,1
T1,native,cells_to_standards,F3.bg,plsda,L-threonine,0.0,1
T1,native,cells_to_standards,F3.bg,plsda,L-tryptophan,1.0,1
T1,native,cells_to_standards,F3.bg,plsda,L-tyrosine,1.0,1
T1,native,cells_to_standards,F3.bg,plsda,L-valine,0.0,1
T1,native,cells_to_standards,F3.bg,ncm,L-alanine,0.0,1
T1,native,cells_to_standards,F3.bg,ncm,L-arginine,0.0,1
T1,native,cells_to_standards,F3.bg,ncm,L-asparagine,1.0,1
T1,native,cells_to_standards,F3.bg,ncm,L-aspartic acid,0.0,1
T1,native,cells_to_standards,F3.bg,ncm,L-cysteine,1.0,1
T1,native,cells_to_standards,F3.bg,ncm,L-glutamic acid,0.0,1
T1,native,cells_to_standards,F3.bg,ncm,L-glutamine,0.0,1
T1,native,cells_to_standards,F3.bg,ncm,L-glycine,0.0,1
T1,native,cells_to_standards,F3.bg,ncm,L-histidine,1.0,1
T1,native,cells_to_standards,F3.bg,ncm,L-isoleucine,0.0,1
T1,native,cells_to_standards,F3.bg,ncm,L-leucine,0.0,1
T1,native,cells_to_standards,F3.bg,ncm,L-lysine,0.0,1
T1,native,cells_to_standards,F3.bg,ncm,L-methionine,1.0,1
T1,native,cells_to_standards,F3.bg,ncm,L-phenylalanine,0.0,1
T1,native,cells_to_standards,F3.bg,ncm,L-proline,0.0,1
T1,native,cells_to_standards,F3.bg,ncm,L-serine,0.0,1
T1,native,cells_to_standards,F3.bg,ncm,L-threonine,0.0,1
T1,native,cells_to_standards,F3.bg,ncm,L-tryptophan,1.0,1
T1,native,cells_to_standards,F3.bg,ncm,L-tyrosine,0.0,1
T1,native,cells_to_standards,F3.bg,ncm,L-valine,0.0,1
T1,native,cells_to_standards,F3.bg,hgb,L-alanine,1.0,1
T1,native,cells_to_standards,F3.bg,hgb,L-arginine,0.0,1
T1,native,cells_to_standards,F3.bg,hgb,L-asparagine,0.0,1
T1,native,cells_to_standards,F3.bg,hgb,L-aspartic acid,0.0,1
T1,native,cells_to_standards,F3.bg,hgb,L-cysteine,0.0,1
T1,native,cells_to_standards,F3.bg,hgb,L-glutamic acid,0.0,1
T1,native,cells_to_standards,F3.bg,hgb,L-glutamine,0.0,1
T1,native,cells_to_standards,F3.bg,hgb,L-glycine,0.0,1
T1,native,cells_to_standards,F3.bg,hgb,L-histidine,0.0,1
T1,native,cells_to_standards,F3.bg,hgb,L-isoleucine,0.0,1
T1,native,cells_to_standards,F3.bg,hgb,L-leucine,0.0,1
T1,native,cells_to_standards,F3.bg,hgb,L-lysine,0.0,1
T1,native,cells_to_standards,F3.bg,hgb,L-methionine,1.0,1
T1,native,cells_to_standards,F3.bg,hgb,L-phenylalanine,0.0,1
T1,native,cells_to_standards,F3.bg,hgb,L-proline,0.0,1
T1,native,cells_to_standards,F3.bg,hgb,L-serine,0.0,1
T1,native,cells_to_standards,F3.bg,hgb,L-threonine,0.0,1
T1,native,cells_to_standards,F3.bg,hgb,L-tryptophan,1.0,1
T1,native,cells_to_standards,F3.bg,hgb,L-tyrosine,1.0,1
T1,native,cells_to_standards,F3.bg,hgb,L-valine,0.0,1
T1,native,cells_to_standards,F3.bg,knn,L-alanine,0.0,1
T1,native,cells_to_standards,F3.bg,knn,L-arginine,0.0,1
T1,native,cells_to_standards,F3.bg,knn,L-asparagine,1.0,1
T1,native,cells_to_standards,F3.bg,knn,L-aspartic acid,0.0,1
T1,native,cells_to_standards,F3.bg,knn,L-cysteine,1.0,1
T1,native,cells_to_standards,F3.bg,knn,L-glutamic acid,0.0,1
T1,native,cells_to_standards,F3.bg,knn,L-glutamine,0.0,1
T1,native,cells_to_standards,F3.bg,knn,L-glycine,0.0,1
T1,native,cells_to_standards,F3.bg,knn,L-histidine,1.0,1
T1,native,cells_to_standards,F3.bg,knn,L-isoleucine,1.0,1
T1,native,cells_to_standards,F3.bg,knn,L-leucine,0.0,1
T1,native,cells_to_standards,F3.bg,knn,L-lysine,0.0,1
T1,native,cells_to_standards,F3.bg,knn,L-methionine,1.0,1
T1,native,cells_to_standards,F3.bg,knn,L-phenylalanine,0.0,1
T1,native,cells_to_standards,F3.bg,knn,L-proline,0.0,1
T1,native,cells_to_standards,F3.bg,knn,L-serine,0.0,1
T1,native,cells_to_standards,F3.bg,knn,L-threonine,0.0,1
T1,native,cells_to_standards,F3.bg,knn,L-tryptophan,1.0,1
T1,native,cells_to_standards,F3.bg,knn,L-tyrosine,0.0,1
T1,native,cells_to_standards,F3.bg,knn,L-valine,0.0,1
T1,native,cells_to_standards,F3.d1,majority,L-alanine,0.0,1
T1,native,cells_to_standards,F3.d1,majority,L-arginine,0.0,1
T1,native,cells_to_standards,F3.d1,majority,L-asparagine,0.0,1
T1,native,cells_to_standards,F3.d1,majority,L-aspartic acid,0.0,1
T1,native,cells_to_standards,F3.d1,majority,L-cysteine,0.0,1
T1,native,cells_to_standards,F3.d1,majority,L-glutamic acid,0.0,1
T1,native,cells_to_standards,F3.d1,majority,L-glutamine,0.0,1
T1,native,cells_to_standards,F3.d1,majority,L-glycine,1.0,1
T1,native,cells_to_standards,F3.d1,majority,L-histidine,0.0,1
T1,native,cells_to_standards,F3.d1,majority,L-isoleucine,0.0,1
T1,native,cells_to_standards,F3.d1,majority,L-leucine,0.0,1
T1,native,cells_to_standards,F3.d1,majority,L-lysine,0.0,1
T1,native,cells_to_standards,F3.d1,majority,L-methionine,0.0,1
T1,native,cells_to_standards,F3.d1,majority,L-phenylalanine,0.0,1
T1,native,cells_to_standards,F3.d1,majority,L-proline,0.0,1
T1,native,cells_to_standards,F3.d1,majority,L-serine,0.0,1
T1,native,cells_to_standards,F3.d1,majority,L-threonine,0.0,1
T1,native,cells_to_standards,F3.d1,majority,L-tryptophan,0.0,1
T1,native,cells_to_standards,F3.d1,majority,L-tyrosine,0.0,1
T1,native,cells_to_standards,F3.d1,majority,L-valine,0.0,1
T1,native,cells_to_standards,F3.d1,lr,L-alanine,0.0,1
T1,native,cells_to_standards,F3.d1,lr,L-arginine,0.0,1
T1,native,cells_to_standards,F3.d1,lr,L-asparagine,1.0,1
T1,native,cells_to_standards,F3.d1,lr,L-aspartic acid,0.0,1
T1,native,cells_to_standards,F3.d1,lr,L-cysteine,1.0,1
T1,native,cells_to_standards,F3.d1,lr,L-glutamic acid,0.0,1
T1,native,cells_to_standards,F3.d1,lr,L-glutamine,0.0,1
T1,native,cells_to_standards,F3.d1,lr,L-glycine,0.0,1
T1,native,cells_to_standards,F3.d1,lr,L-histidine,1.0,1
T1,native,cells_to_standards,F3.d1,lr,L-isoleucine,0.0,1
T1,native,cells_to_standards,F3.d1,lr,L-leucine,0.0,1
T1,native,cells_to_standards,F3.d1,lr,L-lysine,0.0,1
T1,native,cells_to_standards,F3.d1,lr,L-methionine,0.0,1
T1,native,cells_to_standards,F3.d1,lr,L-phenylalanine,1.0,1
T1,native,cells_to_standards,F3.d1,lr,L-proline,0.0,1
T1,native,cells_to_standards,F3.d1,lr,L-serine,0.0,1
T1,native,cells_to_standards,F3.d1,lr,L-threonine,0.0,1
T1,native,cells_to_standards,F3.d1,lr,L-tryptophan,0.0,1
T1,native,cells_to_standards,F3.d1,lr,L-tyrosine,0.0,1
T1,native,cells_to_standards,F3.d1,lr,L-valine,0.0,1
T1,native,cells_to_standards,F3.d1,pca_lr,L-alanine,0.0,1
T1,native,cells_to_standards,F3.d1,pca_lr,L-arginine,0.0,1
T1,native,cells_to_standards,F3.d1,pca_lr,L-asparagine,0.0,1
T1,native,cells_to_standards,F3.d1,pca_lr,L-aspartic acid,0.0,1
T1,native,cells_to_standards,F3.d1,pca_lr,L-cysteine,1.0,1
T1,native,cells_to_standards,F3.d1,pca_lr,L-glutamic acid,0.0,1
T1,native,cells_to_standards,F3.d1,pca_lr,L-glutamine,0.0,1
T1,native,cells_to_standards,F3.d1,pca_lr,L-glycine,0.0,1
T1,native,cells_to_standards,F3.d1,pca_lr,L-histidine,1.0,1
T1,native,cells_to_standards,F3.d1,pca_lr,L-isoleucine,0.0,1
T1,native,cells_to_standards,F3.d1,pca_lr,L-leucine,0.0,1
T1,native,cells_to_standards,F3.d1,pca_lr,L-lysine,0.0,1
T1,native,cells_to_standards,F3.d1,pca_lr,L-methionine,0.0,1
T1,native,cells_to_standards,F3.d1,pca_lr,L-phenylalanine,0.0,1
T1,native,cells_to_standards,F3.d1,pca_lr,L-proline,1.0,1
T1,native,cells_to_standards,F3.d1,pca_lr,L-serine,0.0,1
T1,native,cells_to_standards,F3.d1,pca_lr,L-threonine,0.0,1
T1,native,cells_to_standards,F3.d1,pca_lr,L-tryptophan,0.0,1
T1,native,cells_to_standards,F3.d1,pca_lr,L-tyrosine,0.0,1
T1,native,cells_to_standards,F3.d1,pca_lr,L-valine,0.0,1
T1,native,cells_to_standards,F3.d1,plsda,L-alanine,0.0,1
T1,native,cells_to_standards,F3.d1,plsda,L-arginine,0.0,1
T1,native,cells_to_standards,F3.d1,plsda,L-asparagine,0.0,1
T1,native,cells_to_standards,F3.d1,plsda,L-aspartic acid,0.0,1
T1,native,cells_to_standards,F3.d1,plsda,L-cysteine,1.0,1
T1,native,cells_to_standards,F3.d1,plsda,L-glutamic acid,0.0,1
T1,native,cells_to_standards,F3.d1,plsda,L-glutamine,0.0,1
T1,native,cells_to_standards,F3.d1,plsda,L-glycine,0.0,1
T1,native,cells_to_standards,F3.d1,plsda,L-histidine,0.0,1
T1,native,cells_to_standards,F3.d1,plsda,L-isoleucine,0.0,1
T1,native,cells_to_standards,F3.d1,plsda,L-leucine,0.0,1
T1,native,cells_to_standards,F3.d1,plsda,L-lysine,0.0,1
T1,native,cells_to_standards,F3.d1,plsda,L-methionine,0.0,1
T1,native,cells_to_standards,F3.d1,plsda,L-phenylalanine,0.0,1
T1,native,cells_to_standards,F3.d1,plsda,L-proline,0.0,1
T1,native,cells_to_standards,F3.d1,plsda,L-serine,0.0,1
T1,native,cells_to_standards,F3.d1,plsda,L-threonine,0.0,1
T1,native,cells_to_standards,F3.d1,plsda,L-tryptophan,1.0,1
T1,native,cells_to_standards,F3.d1,plsda,L-tyrosine,0.0,1
T1,native,cells_to_standards,F3.d1,plsda,L-valine,0.0,1
T1,native,cells_to_standards,F3.d1,ncm,L-alanine,0.0,1
T1,native,cells_to_standards,F3.d1,ncm,L-arginine,0.0,1
T1,native,cells_to_standards,F3.d1,ncm,L-asparagine,0.0,1
T1,native,cells_to_standards,F3.d1,ncm,L-aspartic acid,0.0,1
T1,native,cells_to_standards,F3.d1,ncm,L-cysteine,1.0,1
T1,native,cells_to_standards,F3.d1,ncm,L-glutamic acid,0.0,1
T1,native,cells_to_standards,F3.d1,ncm,L-glutamine,0.0,1
T1,native,cells_to_standards,F3.d1,ncm,L-glycine,0.0,1
T1,native,cells_to_standards,F3.d1,ncm,L-histidine,0.0,1
T1,native,cells_to_standards,F3.d1,ncm,L-isoleucine,0.0,1
T1,native,cells_to_standards,F3.d1,ncm,L-leucine,0.0,1
T1,native,cells_to_standards,F3.d1,ncm,L-lysine,0.0,1
T1,native,cells_to_standards,F3.d1,ncm,L-methionine,0.0,1
T1,native,cells_to_standards,F3.d1,ncm,L-phenylalanine,0.0,1
T1,native,cells_to_standards,F3.d1,ncm,L-proline,0.0,1
T1,native,cells_to_standards,F3.d1,ncm,L-serine,0.0,1
T1,native,cells_to_standards,F3.d1,ncm,L-threonine,0.0,1
T1,native,cells_to_standards,F3.d1,ncm,L-tryptophan,1.0,1
T1,native,cells_to_standards,F3.d1,ncm,L-tyrosine,0.0,1
T1,native,cells_to_standards,F3.d1,ncm,L-valine,0.0,1
T1,native,cells_to_standards,F3.d1,hgb,L-alanine,0.0,1
T1,native,cells_to_standards,F3.d1,hgb,L-arginine,0.0,1
T1,native,cells_to_standards,F3.d1,hgb,L-asparagine,0.0,1
T1,native,cells_to_standards,F3.d1,hgb,L-aspartic acid,0.0,1
T1,native,cells_to_standards,F3.d1,hgb,L-cysteine,1.0,1
T1,native,cells_to_standards,F3.d1,hgb,L-glutamic acid,0.0,1
T1,native,cells_to_standards,F3.d1,hgb,L-glutamine,0.0,1
T1,native,cells_to_standards,F3.d1,hgb,L-glycine,0.0,1
T1,native,cells_to_standards,F3.d1,hgb,L-histidine,1.0,1
T1,native,cells_to_standards,F3.d1,hgb,L-isoleucine,0.0,1
T1,native,cells_to_standards,F3.d1,hgb,L-leucine,0.0,1
T1,native,cells_to_standards,F3.d1,hgb,L-lysine,0.0,1
T1,native,cells_to_standards,F3.d1,hgb,L-methionine,0.0,1
T1,native,cells_to_standards,F3.d1,hgb,L-phenylalanine,0.0,1
T1,native,cells_to_standards,F3.d1,hgb,L-proline,0.0,1
T1,native,cells_to_standards,F3.d1,hgb,L-serine,0.0,1
T1,native,cells_to_standards,F3.d1,hgb,L-threonine,0.0,1
T1,native,cells_to_standards,F3.d1,hgb,L-tryptophan,1.0,1
T1,native,cells_to_standards,F3.d1,hgb,L-tyrosine,0.0,1
T1,native,cells_to_standards,F3.d1,hgb,L-valine,0.0,1
T1,native,cells_to_standards,F3.d1,knn,L-alanine,0.0,1
T1,native,cells_to_standards,F3.d1,knn,L-arginine,0.0,1
T1,native,cells_to_standards,F3.d1,knn,L-asparagine,0.0,1
T1,native,cells_to_standards,F3.d1,knn,L-aspartic acid,0.0,1
T1,native,cells_to_standards,F3.d1,knn,L-cysteine,1.0,1
T1,native,cells_to_standards,F3.d1,knn,L-glutamic acid,0.0,1
T1,native,cells_to_standards,F3.d1,knn,L-glutamine,0.0,1
T1,native,cells_to_standards,F3.d1,knn,L-glycine,0.0,1
T1,native,cells_to_standards,F3.d1,knn,L-histidine,1.0,1
T1,native,cells_to_standards,F3.d1,knn,L-isoleucine,0.0,1
T1,native,cells_to_standards,F3.d1,knn,L-leucine,0.0,1
T1,native,cells_to_standards,F3.d1,knn,L-lysine,0.0,1
T1,native,cells_to_standards,F3.d1,knn,L-methionine,0.0,1
T1,native,cells_to_standards,F3.d1,knn,L-phenylalanine,0.0,1
T1,native,cells_to_standards,F3.d1,knn,L-proline,0.0,1
T1,native,cells_to_standards,F3.d1,knn,L-serine,0.0,1
T1,native,cells_to_standards,F3.d1,knn,L-threonine,0.0,1
T1,native,cells_to_standards,F3.d1,knn,L-tryptophan,1.0,1
T1,native,cells_to_standards,F3.d1,knn,L-tyrosine,0.0,1
T1,native,cells_to_standards,F3.d1,knn,L-valine,0.0,1
T1,native,cells_to_standards,F3.snv,majority,L-alanine,0.0,1
T1,native,cells_to_standards,F3.snv,majority,L-arginine,0.0,1
T1,native,cells_to_standards,F3.snv,majority,L-asparagine,0.0,1
T1,native,cells_to_standards,F3.snv,majority,L-aspartic acid,0.0,1
T1,native,cells_to_standards,F3.snv,majority,L-cysteine,0.0,1
T1,native,cells_to_standards,F3.snv,majority,L-glutamic acid,0.0,1
T1,native,cells_to_standards,F3.snv,majority,L-glutamine,0.0,1
T1,native,cells_to_standards,F3.snv,majority,L-glycine,1.0,1
T1,native,cells_to_standards,F3.snv,majority,L-histidine,0.0,1
T1,native,cells_to_standards,F3.snv,majority,L-isoleucine,0.0,1
T1,native,cells_to_standards,F3.snv,majority,L-leucine,0.0,1
T1,native,cells_to_standards,F3.snv,majority,L-lysine,0.0,1
T1,native,cells_to_standards,F3.snv,majority,L-methionine,0.0,1
T1,native,cells_to_standards,F3.snv,majority,L-phenylalanine,0.0,1
T1,native,cells_to_standards,F3.snv,majority,L-proline,0.0,1
T1,native,cells_to_standards,F3.snv,majority,L-serine,0.0,1
T1,native,cells_to_standards,F3.snv,majority,L-threonine,0.0,1
T1,native,cells_to_standards,F3.snv,majority,L-tryptophan,0.0,1
T1,native,cells_to_standards,F3.snv,majority,L-tyrosine,0.0,1
T1,native,cells_to_standards,F3.snv,majority,L-valine,0.0,1
T1,native,cells_to_standards,F3.snv,lr,L-alanine,0.0,1
T1,native,cells_to_standards,F3.snv,lr,L-arginine,0.0,1
T1,native,cells_to_standards,F3.snv,lr,L-asparagine,1.0,1
T1,native,cells_to_standards,F3.snv,lr,L-aspartic acid,0.0,1
T1,native,cells_to_standards,F3.snv,lr,L-cysteine,1.0,1
T1,native,cells_to_standards,F3.snv,lr,L-glutamic acid,0.0,1
T1,native,cells_to_standards,F3.snv,lr,L-glutamine,0.0,1
T1,native,cells_to_standards,F3.snv,lr,L-glycine,0.0,1
T1,native,cells_to_standards,F3.snv,lr,L-histidine,1.0,1
T1,native,cells_to_standards,F3.snv,lr,L-isoleucine,0.0,1
T1,native,cells_to_standards,F3.snv,lr,L-leucine,0.0,1
T1,native,cells_to_standards,F3.snv,lr,L-lysine,0.0,1
T1,native,cells_to_standards,F3.snv,lr,L-methionine,0.0,1
T1,native,cells_to_standards,F3.snv,lr,L-phenylalanine,0.0,1
T1,native,cells_to_standards,F3.snv,lr,L-proline,0.0,1
T1,native,cells_to_standards,F3.snv,lr,L-serine,0.0,1
T1,native,cells_to_standards,F3.snv,lr,L-threonine,0.0,1
T1,native,cells_to_standards,F3.snv,lr,L-tryptophan,1.0,1
T1,native,cells_to_standards,F3.snv,lr,L-tyrosine,0.0,1
T1,native,cells_to_standards,F3.snv,lr,L-valine,0.0,1
T1,native,cells_to_standards,F3.snv,pca_lr,L-alanine,0.0,1
T1,native,cells_to_standards,F3.snv,pca_lr,L-arginine,0.0,1
T1,native,cells_to_standards,F3.snv,pca_lr,L-asparagine,0.0,1
T1,native,cells_to_standards,F3.snv,pca_lr,L-aspartic acid,0.0,1
T1,native,cells_to_standards,F3.snv,pca_lr,L-cysteine,1.0,1
T1,native,cells_to_standards,F3.snv,pca_lr,L-glutamic acid,0.0,1
T1,native,cells_to_standards,F3.snv,pca_lr,L-glutamine,0.0,1
T1,native,cells_to_standards,F3.snv,pca_lr,L-glycine,0.0,1
T1,native,cells_to_standards,F3.snv,pca_lr,L-histidine,1.0,1
T1,native,cells_to_standards,F3.snv,pca_lr,L-isoleucine,0.0,1
T1,native,cells_to_standards,F3.snv,pca_lr,L-leucine,0.0,1
T1,native,cells_to_standards,F3.snv,pca_lr,L-lysine,0.0,1
T1,native,cells_to_standards,F3.snv,pca_lr,L-methionine,1.0,1
T1,native,cells_to_standards,F3.snv,pca_lr,L-phenylalanine,0.0,1
T1,native,cells_to_standards,F3.snv,pca_lr,L-proline,0.0,1
T1,native,cells_to_standards,F3.snv,pca_lr,L-serine,0.0,1
T1,native,cells_to_standards,F3.snv,pca_lr,L-threonine,0.0,1
T1,native,cells_to_standards,F3.snv,pca_lr,L-tryptophan,1.0,1
T1,native,cells_to_standards,F3.snv,pca_lr,L-tyrosine,0.0,1
T1,native,cells_to_standards,F3.snv,pca_lr,L-valine,0.0,1
T1,native,cells_to_standards,F3.snv,plsda,L-alanine,0.0,1
T1,native,cells_to_standards,F3.snv,plsda,L-arginine,0.0,1
T1,native,cells_to_standards,F3.snv,plsda,L-asparagine,0.0,1
T1,native,cells_to_standards,F3.snv,plsda,L-aspartic acid,0.0,1
T1,native,cells_to_standards,F3.snv,plsda,L-cysteine,1.0,1
T1,native,cells_to_standards,F3.snv,plsda,L-glutamic acid,0.0,1
T1,native,cells_to_standards,F3.snv,plsda,L-glutamine,0.0,1
T1,native,cells_to_standards,F3.snv,plsda,L-glycine,0.0,1
T1,native,cells_to_standards,F3.snv,plsda,L-histidine,1.0,1
T1,native,cells_to_standards,F3.snv,plsda,L-isoleucine,0.0,1
T1,native,cells_to_standards,F3.snv,plsda,L-leucine,0.0,1
T1,native,cells_to_standards,F3.snv,plsda,L-lysine,0.0,1
T1,native,cells_to_standards,F3.snv,plsda,L-methionine,1.0,1
T1,native,cells_to_standards,F3.snv,plsda,L-phenylalanine,0.0,1
T1,native,cells_to_standards,F3.snv,plsda,L-proline,0.0,1
T1,native,cells_to_standards,F3.snv,plsda,L-serine,0.0,1
T1,native,cells_to_standards,F3.snv,plsda,L-threonine,0.0,1
T1,native,cells_to_standards,F3.snv,plsda,L-tryptophan,1.0,1
T1,native,cells_to_standards,F3.snv,plsda,L-tyrosine,0.0,1
T1,native,cells_to_standards,F3.snv,plsda,L-valine,0.0,1
T1,native,cells_to_standards,F3.snv,ncm,L-alanine,0.0,1
T1,native,cells_to_standards,F3.snv,ncm,L-arginine,0.0,1
T1,native,cells_to_standards,F3.snv,ncm,L-asparagine,0.0,1
T1,native,cells_to_standards,F3.snv,ncm,L-aspartic acid,0.0,1
T1,native,cells_to_standards,F3.snv,ncm,L-cysteine,1.0,1
T1,native,cells_to_standards,F3.snv,ncm,L-glutamic acid,0.0,1
T1,native,cells_to_standards,F3.snv,ncm,L-glutamine,0.0,1
T1,native,cells_to_standards,F3.snv,ncm,L-glycine,0.0,1
T1,native,cells_to_standards,F3.snv,ncm,L-histidine,1.0,1
T1,native,cells_to_standards,F3.snv,ncm,L-isoleucine,0.0,1
T1,native,cells_to_standards,F3.snv,ncm,L-leucine,0.0,1
T1,native,cells_to_standards,F3.snv,ncm,L-lysine,0.0,1
T1,native,cells_to_standards,F3.snv,ncm,L-methionine,0.0,1
T1,native,cells_to_standards,F3.snv,ncm,L-phenylalanine,0.0,1
T1,native,cells_to_standards,F3.snv,ncm,L-proline,0.0,1
T1,native,cells_to_standards,F3.snv,ncm,L-serine,0.0,1
T1,native,cells_to_standards,F3.snv,ncm,L-threonine,0.0,1
T1,native,cells_to_standards,F3.snv,ncm,L-tryptophan,1.0,1
T1,native,cells_to_standards,F3.snv,ncm,L-tyrosine,0.0,1
T1,native,cells_to_standards,F3.snv,ncm,L-valine,0.0,1
T1,native,cells_to_standards,F3.snv,hgb,L-alanine,1.0,1
T1,native,cells_to_standards,F3.snv,hgb,L-arginine,0.0,1
T1,native,cells_to_standards,F3.snv,hgb,L-asparagine,0.0,1
T1,native,cells_to_standards,F3.snv,hgb,L-aspartic acid,0.0,1
T1,native,cells_to_standards,F3.snv,hgb,L-cysteine,1.0,1
T1,native,cells_to_standards,F3.snv,hgb,L-glutamic acid,0.0,1
T1,native,cells_to_standards,F3.snv,hgb,L-glutamine,0.0,1
T1,native,cells_to_standards,F3.snv,hgb,L-glycine,0.0,1
T1,native,cells_to_standards,F3.snv,hgb,L-histidine,1.0,1
T1,native,cells_to_standards,F3.snv,hgb,L-isoleucine,0.0,1
T1,native,cells_to_standards,F3.snv,hgb,L-leucine,0.0,1
T1,native,cells_to_standards,F3.snv,hgb,L-lysine,0.0,1
T1,native,cells_to_standards,F3.snv,hgb,L-methionine,1.0,1
T1,native,cells_to_standards,F3.snv,hgb,L-phenylalanine,0.0,1
T1,native,cells_to_standards,F3.snv,hgb,L-proline,0.0,1
T1,native,cells_to_standards,F3.snv,hgb,L-serine,0.0,1
T1,native,cells_to_standards,F3.snv,hgb,L-threonine,0.0,1
T1,native,cells_to_standards,F3.snv,hgb,L-tryptophan,0.0,1
T1,native,cells_to_standards,F3.snv,hgb,L-tyrosine,0.0,1
T1,native,cells_to_standards,F3.snv,hgb,L-valine,1.0,1
T1,native,cells_to_standards,F3.snv,knn,L-alanine,0.0,1
T1,native,cells_to_standards,F3.snv,knn,L-arginine,0.0,1
T1,native,cells_to_standards,F3.snv,knn,L-asparagine,0.0,1
T1,native,cells_to_standards,F3.snv,knn,L-aspartic acid,0.0,1
T1,native,cells_to_standards,F3.snv,knn,L-cysteine,1.0,1
T1,native,cells_to_standards,F3.snv,knn,L-glutamic acid,0.0,1
T1,native,cells_to_standards,F3.snv,knn,L-glutamine,0.0,1
T1,native,cells_to_standards,F3.snv,knn,L-glycine,0.0,1
T1,native,cells_to_standards,F3.snv,knn,L-histidine,1.0,1
T1,native,cells_to_standards,F3.snv,knn,L-isoleucine,0.0,1
T1,native,cells_to_standards,F3.snv,knn,L-leucine,0.0,1
T1,native,cells_to_standards,F3.snv,knn,L-lysine,0.0,1
T1,native,cells_to_standards,F3.snv,knn,L-methionine,0.0,1
T1,native,cells_to_standards,F3.snv,knn,L-phenylalanine,0.0,1
T1,native,cells_to_standards,F3.snv,knn,L-proline,1.0,1
T1,native,cells_to_standards,F3.snv,knn,L-serine,0.0,1
T1,native,cells_to_standards,F3.snv,knn,L-threonine,0.0,1
T1,native,cells_to_standards,F3.snv,knn,L-tryptophan,1.0,1
T1,native,cells_to_standards,F3.snv,knn,L-tyrosine,0.0,1
T1,native,cells_to_standards,F3.snv,knn,L-valine,0.0,1
T1,native,cells_to_standards,F3.bg.d1,majority,L-alanine,0.0,1
T1,native,cells_to_standards,F3.bg.d1,majority,L-arginine,0.0,1
T1,native,cells_to_standards,F3.bg.d1,majority,L-asparagine,0.0,1
T1,native,cells_to_standards,F3.bg.d1,majority,L-aspartic acid,0.0,1
T1,native,cells_to_standards,F3.bg.d1,majority,L-cysteine,0.0,1
T1,native,cells_to_standards,F3.bg.d1,majority,L-glutamic acid,0.0,1
T1,native,cells_to_standards,F3.bg.d1,majority,L-glutamine,0.0,1
T1,native,cells_to_standards,F3.bg.d1,majority,L-glycine,1.0,1
T1,native,cells_to_standards,F3.bg.d1,majority,L-histidine,0.0,1
T1,native,cells_to_standards,F3.bg.d1,majority,L-isoleucine,0.0,1
T1,native,cells_to_standards,F3.bg.d1,majority,L-leucine,0.0,1
T1,native,cells_to_standards,F3.bg.d1,majority,L-lysine,0.0,1
T1,native,cells_to_standards,F3.bg.d1,majority,L-methionine,0.0,1
T1,native,cells_to_standards,F3.bg.d1,majority,L-phenylalanine,0.0,1
T1,native,cells_to_standards,F3.bg.d1,majority,L-proline,0.0,1
T1,native,cells_to_standards,F3.bg.d1,majority,L-serine,0.0,1
T1,native,cells_to_standards,F3.bg.d1,majority,L-threonine,0.0,1
T1,native,cells_to_standards,F3.bg.d1,majority,L-tryptophan,0.0,1
T1,native,cells_to_standards,F3.bg.d1,majority,L-tyrosine,0.0,1
T1,native,cells_to_standards,F3.bg.d1,majority,L-valine,0.0,1
T1,native,cells_to_standards,F3.bg.d1,lr,L-alanine,0.0,1
T1,native,cells_to_standards,F3.bg.d1,lr,L-arginine,0.0,1
T1,native,cells_to_standards,F3.bg.d1,lr,L-asparagine,0.0,1
T1,native,cells_to_standards,F3.bg.d1,lr,L-aspartic acid,0.0,1
T1,native,cells_to_standards,F3.bg.d1,lr,L-cysteine,1.0,1
T1,native,cells_to_standards,F3.bg.d1,lr,L-glutamic acid,0.0,1
T1,native,cells_to_standards,F3.bg.d1,lr,L-glutamine,0.0,1
T1,native,cells_to_standards,F3.bg.d1,lr,L-glycine,0.0,1
T1,native,cells_to_standards,F3.bg.d1,lr,L-histidine,1.0,1
T1,native,cells_to_standards,F3.bg.d1,lr,L-isoleucine,1.0,1
T1,native,cells_to_standards,F3.bg.d1,lr,L-leucine,0.0,1
T1,native,cells_to_standards,F3.bg.d1,lr,L-lysine,0.0,1
T1,native,cells_to_standards,F3.bg.d1,lr,L-methionine,0.0,1
T1,native,cells_to_standards,F3.bg.d1,lr,L-phenylalanine,0.0,1
T1,native,cells_to_standards,F3.bg.d1,lr,L-proline,0.0,1
T1,native,cells_to_standards,F3.bg.d1,lr,L-serine,0.0,1
T1,native,cells_to_standards,F3.bg.d1,lr,L-threonine,0.0,1
T1,native,cells_to_standards,F3.bg.d1,lr,L-tryptophan,0.0,1
T1,native,cells_to_standards,F3.bg.d1,lr,L-tyrosine,1.0,1
T1,native,cells_to_standards,F3.bg.d1,lr,L-valine,0.0,1
T1,native,cells_to_standards,F3.bg.d1,pca_lr,L-alanine,0.0,1
T1,native,cells_to_standards,F3.bg.d1,pca_lr,L-arginine,0.0,1
T1,native,cells_to_standards,F3.bg.d1,pca_lr,L-asparagine,0.0,1
T1,native,cells_to_standards,F3.bg.d1,pca_lr,L-aspartic acid,0.0,1
T1,native,cells_to_standards,F3.bg.d1,pca_lr,L-cysteine,1.0,1
T1,native,cells_to_standards,F3.bg.d1,pca_lr,L-glutamic acid,0.0,1
T1,native,cells_to_standards,F3.bg.d1,pca_lr,L-glutamine,0.0,1
T1,native,cells_to_standards,F3.bg.d1,pca_lr,L-glycine,0.0,1
T1,native,cells_to_standards,F3.bg.d1,pca_lr,L-histidine,1.0,1
T1,native,cells_to_standards,F3.bg.d1,pca_lr,L-isoleucine,1.0,1
T1,native,cells_to_standards,F3.bg.d1,pca_lr,L-leucine,0.0,1
T1,native,cells_to_standards,F3.bg.d1,pca_lr,L-lysine,0.0,1
T1,native,cells_to_standards,F3.bg.d1,pca_lr,L-methionine,0.0,1
T1,native,cells_to_standards,F3.bg.d1,pca_lr,L-phenylalanine,0.0,1
T1,native,cells_to_standards,F3.bg.d1,pca_lr,L-proline,0.0,1
T1,native,cells_to_standards,F3.bg.d1,pca_lr,L-serine,0.0,1
T1,native,cells_to_standards,F3.bg.d1,pca_lr,L-threonine,0.0,1
T1,native,cells_to_standards,F3.bg.d1,pca_lr,L-tryptophan,1.0,1
T1,native,cells_to_standards,F3.bg.d1,pca_lr,L-tyrosine,1.0,1
T1,native,cells_to_standards,F3.bg.d1,pca_lr,L-valine,0.0,1
T1,native,cells_to_standards,F3.bg.d1,plsda,L-alanine,0.0,1
T1,native,cells_to_standards,F3.bg.d1,plsda,L-arginine,0.0,1
T1,native,cells_to_standards,F3.bg.d1,plsda,L-asparagine,0.0,1
T1,native,cells_to_standards,F3.bg.d1,plsda,L-aspartic acid,0.0,1
T1,native,cells_to_standards,F3.bg.d1,plsda,L-cysteine,1.0,1
T1,native,cells_to_standards,F3.bg.d1,plsda,L-glutamic acid,0.0,1
T1,native,cells_to_standards,F3.bg.d1,plsda,L-glutamine,0.0,1
T1,native,cells_to_standards,F3.bg.d1,plsda,L-glycine,0.0,1
T1,native,cells_to_standards,F3.bg.d1,plsda,L-histidine,0.0,1
T1,native,cells_to_standards,F3.bg.d1,plsda,L-isoleucine,0.0,1
T1,native,cells_to_standards,F3.bg.d1,plsda,L-leucine,0.0,1
T1,native,cells_to_standards,F3.bg.d1,plsda,L-lysine,0.0,1
T1,native,cells_to_standards,F3.bg.d1,plsda,L-methionine,1.0,1
T1,native,cells_to_standards,F3.bg.d1,plsda,L-phenylalanine,0.0,1
T1,native,cells_to_standards,F3.bg.d1,plsda,L-proline,0.0,1
T1,native,cells_to_standards,F3.bg.d1,plsda,L-serine,0.0,1
T1,native,cells_to_standards,F3.bg.d1,plsda,L-threonine,0.0,1
T1,native,cells_to_standards,F3.bg.d1,plsda,L-tryptophan,1.0,1
T1,native,cells_to_standards,F3.bg.d1,plsda,L-tyrosine,1.0,1
T1,native,cells_to_standards,F3.bg.d1,plsda,L-valine,0.0,1
T1,native,cells_to_standards,F3.bg.d1,ncm,L-alanine,0.0,1
T1,native,cells_to_standards,F3.bg.d1,ncm,L-arginine,0.0,1
T1,native,cells_to_standards,F3.bg.d1,ncm,L-asparagine,1.0,1
T1,native,cells_to_standards,F3.bg.d1,ncm,L-aspartic acid,0.0,1
T1,native,cells_to_standards,F3.bg.d1,ncm,L-cysteine,1.0,1
T1,native,cells_to_standards,F3.bg.d1,ncm,L-glutamic acid,0.0,1
T1,native,cells_to_standards,F3.bg.d1,ncm,L-glutamine,0.0,1
T1,native,cells_to_standards,F3.bg.d1,ncm,L-glycine,0.0,1
T1,native,cells_to_standards,F3.bg.d1,ncm,L-histidine,1.0,1
T1,native,cells_to_standards,F3.bg.d1,ncm,L-isoleucine,0.0,1
T1,native,cells_to_standards,F3.bg.d1,ncm,L-leucine,0.0,1
T1,native,cells_to_standards,F3.bg.d1,ncm,L-lysine,0.0,1
T1,native,cells_to_standards,F3.bg.d1,ncm,L-methionine,0.0,1
T1,native,cells_to_standards,F3.bg.d1,ncm,L-phenylalanine,0.0,1
T1,native,cells_to_standards,F3.bg.d1,ncm,L-proline,0.0,1
T1,native,cells_to_standards,F3.bg.d1,ncm,L-serine,1.0,1
T1,native,cells_to_standards,F3.bg.d1,ncm,L-threonine,0.0,1
T1,native,cells_to_standards,F3.bg.d1,ncm,L-tryptophan,1.0,1
T1,native,cells_to_standards,F3.bg.d1,ncm,L-tyrosine,0.0,1
T1,native,cells_to_standards,F3.bg.d1,ncm,L-valine,0.0,1
T1,native,cells_to_standards,F3.bg.d1,hgb,L-alanine,0.0,1
T1,native,cells_to_standards,F3.bg.d1,hgb,L-arginine,0.0,1
T1,native,cells_to_standards,F3.bg.d1,hgb,L-asparagine,0.0,1
T1,native,cells_to_standards,F3.bg.d1,hgb,L-aspartic acid,0.0,1
T1,native,cells_to_standards,F3.bg.d1,hgb,L-cysteine,1.0,1
T1,native,cells_to_standards,F3.bg.d1,hgb,L-glutamic acid,0.0,1
T1,native,cells_to_standards,F3.bg.d1,hgb,L-glutamine,0.0,1
T1,native,cells_to_standards,F3.bg.d1,hgb,L-glycine,0.0,1
T1,native,cells_to_standards,F3.bg.d1,hgb,L-histidine,0.0,1
T1,native,cells_to_standards,F3.bg.d1,hgb,L-isoleucine,0.0,1
T1,native,cells_to_standards,F3.bg.d1,hgb,L-leucine,0.0,1
T1,native,cells_to_standards,F3.bg.d1,hgb,L-lysine,0.0,1
T1,native,cells_to_standards,F3.bg.d1,hgb,L-methionine,0.0,1
T1,native,cells_to_standards,F3.bg.d1,hgb,L-phenylalanine,0.0,1
T1,native,cells_to_standards,F3.bg.d1,hgb,L-proline,0.0,1
T1,native,cells_to_standards,F3.bg.d1,hgb,L-serine,0.0,1
T1,native,cells_to_standards,F3.bg.d1,hgb,L-threonine,0.0,1
T1,native,cells_to_standards,F3.bg.d1,hgb,L-tryptophan,1.0,1
T1,native,cells_to_standards,F3.bg.d1,hgb,L-tyrosine,0.0,1
T1,native,cells_to_standards,F3.bg.d1,hgb,L-valine,0.0,1
T1,native,cells_to_standards,F3.bg.d1,knn,L-alanine,0.0,1
T1,native,cells_to_standards,F3.bg.d1,knn,L-arginine,0.0,1
T1,native,cells_to_standards,F3.bg.d1,knn,L-asparagine,1.0,1
T1,native,cells_to_standards,F3.bg.d1,knn,L-aspartic acid,0.0,1
T1,native,cells_to_standards,F3.bg.d1,knn,L-cysteine,1.0,1
T1,native,cells_to_standards,F3.bg.d1,knn,L-glutamic acid,0.0,1
T1,native,cells_to_standards,F3.bg.d1,knn,L-glutamine,0.0,1
T1,native,cells_to_standards,F3.bg.d1,knn,L-glycine,0.0,1
T1,native,cells_to_standards,F3.bg.d1,knn,L-histidine,0.0,1
T1,native,cells_to_standards,F3.bg.d1,knn,L-isoleucine,0.0,1
T1,native,cells_to_standards,F3.bg.d1,knn,L-leucine,0.0,1
T1,native,cells_to_standards,F3.bg.d1,knn,L-lysine,0.0,1
T1,native,cells_to_standards,F3.bg.d1,knn,L-methionine,1.0,1
T1,native,cells_to_standards,F3.bg.d1,knn,L-phenylalanine,0.0,1
T1,native,cells_to_standards,F3.bg.d1,knn,L-proline,0.0,1
T1,native,cells_to_standards,F3.bg.d1,knn,L-serine,0.0,1
T1,native,cells_to_standards,F3.bg.d1,knn,L-threonine,0.0,1
T1,native,cells_to_standards,F3.bg.d1,knn,L-tryptophan,1.0,1
T1,native,cells_to_standards,F3.bg.d1,knn,L-tyrosine,0.0,1
T1,native,cells_to_standards,F3.bg.d1,knn,L-valine,0.0,1
