# freq_cm-1_unscaled activity
59.9800 8.064080e-01
121.0300 9.550600e-02
185.7300 6.022140e-01
248.7100 2.382150e-01
284.5700 1.883660e-01
337.4300 1.103175e+00
405.4500 2.589709e+00
524.6700 6.867380e-01
551.2800 1.584557e+00
589.4800 1.649674e+00
655.7500 4.114252e+00
734.6100 7.204615e+00
844.2300 3.239193e+00
891.0100 6.453811e+00
942.0400 3.313628e+00
1018.7000 2.345084e+00
1080.8700 1.984881e+00
1122.5700 1.987672e+00
1161.3300 1.685036e+00
1184.5200 2.031767e+00
1257.6500 6.705495e+00
1288.4000 1.585013e+00
1328.8200 2.043076e+00
1372.4100 5.673501e+00
1423.7800 2.890108e+00
1431.8400 7.014011e+00
1511.5900 6.550032e+00
1669.9000 3.020408e+00
1804.4300 1.351994e+01
2968.4800 1.116360e+02
3069.5700 6.140177e+01
3105.6400 7.246509e+01
3501.4000 8.751281e+01
3581.4000 5.336160e+01
3722.8900 5.530560e+01
3746.3100 1.490074e+02
